0.810	0.810	0.810	0.810	0.810	0.810	0.810	0.810	0.810	0.810	0.810	0.810	0.810	0.810	0.810	0.810	0.810	0.810	0.810	0.810	0.810	0.773	0.736	0.736	0.736	0.736	0.736	0.736	
0.810	0.810	0.810	0.810	0.810	0.810	0.810	0.810	0.810	0.810	0.810	0.810	0.810	0.810	0.810	0.810	0.810	0.810	0.810	0.810	0.810	0.773	0.736	0.736	0.736	0.736	0.736	0.736	
0.810	0.810	0.810	0.810	0.810	0.810	0.810	0.810	0.810	0.810	0.810	0.810	0.810	0.810	0.810	0.810	0.810	0.810	0.810	0.810	0.749	0.773	0.736	0.736	0.736	0.736	0.736	0.736	
0.810	0.810	0.810	0.810	0.810	0.810	0.810	0.810	0.810	0.810	0.810	0.810	0.810	0.810	0.810	0.810	0.810	0.810	0.810	0.810	0.749	0.736	0.736	0.736	0.736	0.736	0.736	0.736	
0.810	0.810	0.810	0.810	0.810	0.810	0.810	0.810	0.810	0.810	0.810	0.810	0.810	0.810	0.810	0.810	0.810	0.810	0.810	0.755	0.749	0.736	0.736	0.736	0.736	0.736	0.736	0.736	
0.810	0.810	0.810	0.810	0.810	0.810	0.810	0.810	0.810	0.810	0.810	0.810	0.810	0.810	0.810	0.810	0.810	0.810	0.810	0.755	0.718	0.736	0.736	0.736	0.736	0.736	0.736	0.736	
0.810	0.810	0.810	0.810	0.810	0.810	0.810	0.810	0.810	0.810	0.810	0.810	0.810	0.810	0.810	0.810	0.810	0.810	0.755	0.755	0.718	0.736	0.736	0.736	0.736	0.736	0.736	0.736	
0.783	0.810	0.810	0.810	0.810	0.810	0.810	0.810	0.810	0.810	0.810	0.810	0.810	0.810	0.810	0.810	0.810	0.810	0.755	0.700	0.718	0.736	0.736	0.736	0.736	0.736	0.736	0.736	
0.783	0.810	0.810	0.810	0.810	0.810	0.810	0.810	0.810	0.810	0.810	0.810	0.810	0.810	0.810	0.810	0.810	0.810	0.755	0.718	0.718	0.736	0.736	0.736	0.736	0.736	0.736	0.736	
0.783	0.783	0.810	0.810	0.810	0.810	0.810	0.810	0.810	0.810	0.810	0.810	0.810	0.810	0.810	0.810	0.810	0.755	0.755	0.718	0.736	0.736	0.736	0.736	0.736	0.736	0.736	0.736	
0.757	0.783	0.783	0.810	0.810	0.810	0.810	0.810	0.810	0.810	0.810	0.810	0.810	0.810	0.810	0.810	0.810	0.755	0.700	0.718	0.736	0.736	0.736	0.736	0.736	0.736	0.736	0.736	
0.757	0.757	0.783	0.810	0.810	0.810	0.810	0.810	0.810	0.810	0.810	0.810	0.810	0.810	0.810	0.810	0.755	0.755	0.700	0.718	0.736	0.736	0.736	0.736	0.736	0.736	0.736	0.736	
0.757	0.757	0.783	0.783	0.810	0.810	0.810	0.810	0.810	0.810	0.810	0.810	0.810	0.810	0.810	0.810	0.755	0.700	0.700	0.718	0.736	0.736	0.736	0.736	0.736	0.736	0.736	0.736	
0.757	0.757	0.757	0.783	0.810	0.810	0.810	0.810	0.810	0.810	0.810	0.810	0.810	0.810	0.810	0.755	0.755	0.700	0.700	0.718	0.736	0.736	0.736	0.736	0.736	0.736	0.736	0.736	
0.757	0.757	0.757	0.783	0.783	0.810	0.810	0.810	0.810	0.810	0.810	0.810	0.810	0.810	0.810	0.755	0.700	0.700	0.718	0.718	0.736	0.736	0.736	0.736	0.736	0.736	0.736	0.736	
0.757	0.757	0.757	0.757	0.783	0.783	0.810	0.810	0.810	0.810	0.810	0.810	0.810	0.810	0.755	0.755	0.700	0.700	0.718	0.736	0.736	0.736	0.736	0.736	0.736	0.736	0.736	0.736	
0.757	0.757	0.757	0.757	0.757	0.783	0.810	0.810	0.810	0.810	0.810	0.810	0.810	0.810	0.755	0.700	0.700	0.700	0.718	0.736	0.736	0.736	0.736	0.736	0.736	0.736	0.736	0.736	
0.757	0.757	0.757	0.757	0.757	0.783	0.783	0.810	0.810	0.810	0.810	0.810	0.810	0.810	0.755	0.700	0.700	0.700	0.747	0.736	0.736	0.736	0.736	0.736	0.736	0.736	0.736	0.736	
0.757	0.757	0.757	0.757	0.757	0.757	0.731	0.718	0.810	0.810	0.810	0.810	0.810	0.755	0.755	0.700	0.700	0.753	0.747	0.736	0.736	0.736	0.736	0.736	0.736	0.736	0.736	0.736	
0.757	0.757	0.757	0.757	0.757	0.757	0.692	0.718	0.718	0.810	0.810	0.810	0.810	0.755	0.700	0.700	0.700	0.753	0.771	0.736	0.736	0.736	0.736	0.736	0.736	0.736	0.736	0.736	
0.757	0.757	0.757	0.757	0.757	0.757	0.692	0.627	0.718	0.718	0.810	0.810	0.755	0.755	0.700	0.700	0.753	0.753	0.771	0.736	0.736	0.736	0.736	0.736	0.736	0.736	0.736	0.736	
0.757	0.757	0.757	0.757	0.757	0.757	0.692	0.692	0.627	0.718	0.718	0.810	0.755	0.700	0.700	0.700	0.753	0.806	0.771	0.771	0.736	0.736	0.736	0.736	0.736	0.736	0.736	0.736	
0.757	0.757	0.757	0.757	0.757	0.757	0.757	0.692	0.627	0.627	0.718	0.729	0.755	0.700	0.700	0.753	0.753	0.806	0.806	0.771	0.736	0.736	0.736	0.736	0.736	0.736	0.736	0.736	
0.757	0.757	0.757	0.757	0.757	0.757	0.757	0.692	0.627	0.627	0.703	0.702	0.740	0.740	0.700	0.753	0.806	0.806	0.806	0.771	0.736	0.736	0.736	0.736	0.736	0.736	0.736	0.736	
0.757	0.757	0.757	0.757	0.757	0.757	0.757	0.661	0.614	0.669	0.703	0.779	0.779	0.712	0.712	0.721	0.732	0.806	0.806	0.771	0.736	0.736	0.736	0.736	0.736	0.736	0.736	0.736	
0.757	0.757	0.757	0.757	0.757	0.757	0.683	0.683	0.601	0.690	0.690	0.779	0.779	0.718	0.658	0.658	0.732	0.732	0.757	0.750	0.721	0.721	0.721	0.721	0.721	0.721	0.721	0.736	
0.724	0.724	0.724	0.724	0.724	0.724	0.724	0.646	0.601	0.601	0.690	0.690	0.779	0.718	0.658	0.658	0.680	0.722	0.738	0.707	0.707	0.707	0.707	0.707	0.707	0.707	0.721	0.721	
0.691	0.691	0.691	0.691	0.691	0.691	0.691	0.646	0.601	0.601	0.601	0.690	0.718	0.718	0.658	0.680	0.680	0.702	0.704	0.707	0.707	0.707	0.707	0.707	0.707	0.707	0.707	0.707	
0.691	0.691	0.691	0.691	0.691	0.691	0.691	0.646	0.646	0.601	0.539	0.619	0.644	0.682	0.682	0.689	0.702	0.702	0.704	0.704	0.707	0.707	0.707	0.707	0.707	0.707	0.707	0.707	
0.691	0.691	0.691	0.691	0.691	0.691	0.691	0.691	0.590	0.539	0.539	0.478	0.592	0.707	0.707	0.704	0.702	0.702	0.702	0.704	0.707	0.707	0.707	0.707	0.707	0.707	0.707	0.707	
0.691	0.691	0.691	0.691	0.691	0.691	0.691	0.638	0.584	0.478	0.478	0.478	0.592	0.707	0.707	0.704	0.704	0.702	0.667	0.681	0.670	0.670	0.670	0.670	0.670	0.670	0.670	0.670	
0.691	0.691	0.691	0.691	0.691	0.638	0.638	0.638	0.531	0.531	0.478	0.478	0.592	0.707	0.707	0.633	0.656	0.630	0.631	0.633	0.633	0.633	0.633	0.633	0.633	0.633	0.633	0.633	
0.636	0.636	0.636	0.636	0.618	0.618	0.584	0.584	0.584	0.531	0.531	0.489	0.562	0.604	0.707	0.633	0.559	0.559	0.596	0.633	0.633	0.633	0.633	0.633	0.633	0.633	0.633	0.633	
0.580	0.580	0.580	0.580	0.580	0.582	0.582	0.584	0.584	0.584	0.521	0.489	0.501	0.622	0.641	0.641	0.559	0.559	0.596	0.596	0.633	0.633	0.633	0.633	0.633	0.633	0.633	0.633	
0.580	0.580	0.580	0.580	0.580	0.580	0.582	0.582	0.582	0.542	0.542	0.501	0.501	0.579	0.658	0.608	0.608	0.559	0.559	0.596	0.633	0.633	0.633	0.633	0.633	0.633	0.633	0.633	
0.580	0.580	0.580	0.580	0.580	0.580	0.580	0.580	0.536	0.509	0.472	0.501	0.501	0.579	0.658	0.658	0.539	0.480	0.543	0.573	0.580	0.580	0.580	0.580	0.633	0.633	0.633	0.633	
0.580	0.580	0.580	0.580	0.580	0.580	0.580	0.511	0.511	0.443	0.454	0.454	0.526	0.526	0.658	0.529	0.529	0.495	0.543	0.527	0.527	0.527	0.527	0.580	0.580	0.580	0.580	0.580	
0.580	0.580	0.511	0.511	0.511	0.511	0.489	0.489	0.443	0.443	0.431	0.419	0.419	0.538	0.492	0.529	0.400	0.464	0.464	0.527	0.527	0.527	0.527	0.527	0.527	0.527	0.527	0.527	
0.511	0.511	0.511	0.443	0.443	0.443	0.443	0.443	0.443	0.443	0.431	0.419	0.419	0.413	0.471	0.403	0.400	0.400	0.464	0.527	0.527	0.527	0.527	0.527	0.527	0.527	0.527	0.527	
0.443	0.443	0.443	0.443	0.443	0.443	0.443	0.443	0.412	0.397	0.404	0.385	0.419	0.413	0.407	0.403	0.403	0.400	0.443	0.464	0.527	0.527	0.527	0.527	0.527	0.527	0.527	0.527	
0.443	0.443	0.443	0.443	0.443	0.443	0.443	0.443	0.397	0.351	0.351	0.357	0.376	0.376	0.407	0.407	0.404	0.401	0.401	0.464	0.464	0.484	0.526	0.526	0.526	0.526	0.526	0.526	
0.443	0.443	0.443	0.443	0.443	0.443	0.409	0.409	0.390	0.351	0.351	0.326	0.301	0.354	0.354	0.404	0.404	0.401	0.401	0.401	0.463	0.484	0.525	0.525	0.525	0.525	0.525	0.525	
0.443	0.443	0.443	0.409	0.409	0.409	0.409	0.375	0.363	0.342	0.325	0.317	0.301	0.301	0.303	0.336	0.300	0.401	0.313	0.384	0.463	0.525	0.525	0.525	0.525	0.525	0.525	0.525	
0.409	0.409	0.409	0.409	0.375	0.375	0.375	0.375	0.375	0.337	0.300	0.301	0.268	0.234	0.251	0.200	0.275	0.313	0.313	0.375	0.525	0.525	0.525	0.525	0.525	0.525	0.525	0.525	
0.409	0.375	0.375	0.375	0.375	0.375	0.375	0.375	0.317	0.317	0.300	0.251	0.251	0.201	0.201	0.200	0.213	0.225	0.225	0.375	0.525	0.525	0.525	0.525	0.525	0.525	0.525	0.525	
0.239	0.239	0.239	0.239	0.251	0.325	0.325	0.325	0.325	0.287	0.242	0.218	0.177	0.202	0.201	0.182	0.190	0.185	0.225	0.375	0.525	0.525	0.525	0.525	0.525	0.525	0.525	0.525	
0.103	0.103	0.103	0.103	0.251	0.189	0.189	0.275	0.275	0.275	0.214	0.152	0.185	0.201	0.201	0.173	0.146	0.185	0.185	0.255	0.325	0.525	0.525	0.525	0.525	0.525	0.525	0.525	
0.103	0.103	0.103	0.103	0.103	0.103	0.189	0.189	0.189	0.201	0.201	0.152	0.229	0.268	0.200	0.173	0.146	0.135	0.132	0.135	0.325	0.325	0.325	0.325	0.325	0.325	0.325	0.325	
0.103	0.103	0.103	0.103	0.103	0.103	0.103	0.103	0.185	0.226	0.164	0.222	0.244	0.287	0.263	0.224	0.199	0.135	0.125	0.125	0.125	0.125	0.125	0.125	0.125	0.125	0.125	0.125	
0.103	0.103	0.103	0.103	0.103	0.103	0.103	0.103	0.140	0.177	0.177	0.257	0.336	0.331	0.326	0.326	0.225	0.125	0.125	0.125	0.125	0.125	0.125	0.125	0.125	0.125	0.125	0.125	
0.103	0.103	0.103	0.103	0.103	0.103	0.103	0.103	0.103	0.000	0.000	0.000	0.336	0.546	0.326	0.326	0.225	0.000	0.000	0.000	0.000	0.000	0.000	0.000	0.000	0.000	0.000	0.000	
0.000	0.000	0.000	0.000	0.000	0.000	0.000	0.000	0.000	0.000	0.000	0.000	0.656	0.546	0.651	0.651	0.000	0.000	0.000	0.000	0.000	0.000	0.000	0.000	0.000	0.000	0.000	0.000	
0.000	0.000	0.000	0.000	0.000	0.000	0.000	0.000	0.000	0.000	0.000	0.000	0.976	0.976	0.976	0.976	0.000	0.000	0.000	0.000	0.000	0.000	0.000	0.000	0.000	0.000	0.000	0.000	
0.000	0.000	0.000	0.000	0.000	0.000	0.000	0.000	0.000	0.000	0.000	0.000	0.976	0.976	0.976	0.976	0.000	0.000	0.000	0.000	0.000	0.000	0.000	0.000	0.000	0.000	0.000	0.000	
0.000	0.000	0.000	0.000	0.000	0.000	0.000	0.000	0.000	0.000	0.000	0.000	0.976	0.976	0.976	0.976	0.000	0.000	0.000	0.000	0.000	0.000	0.000	0.000	0.000	0.000	0.000	0.000	
