0.195	0.195	0.195	0.195	0.195	0.195	0.195	0.195	0.195	0.195	0.195	0.195	0.195	0.195	0.195	0.195	0.195	0.195	0.174	0.152	0.152	0.152	0.152	0.152	0.152	0.152	0.152	0.152	
0.195	0.195	0.195	0.195	0.195	0.195	0.195	0.195	0.195	0.195	0.195	0.195	0.195	0.195	0.195	0.195	0.195	0.195	0.174	0.152	0.152	0.152	0.152	0.152	0.152	0.152	0.152	0.152	
0.195	0.195	0.195	0.195	0.195	0.195	0.195	0.195	0.195	0.195	0.195	0.195	0.195	0.195	0.195	0.195	0.195	0.195	0.174	0.152	0.152	0.152	0.152	0.152	0.152	0.152	0.152	0.152	
0.195	0.195	0.195	0.195	0.195	0.195	0.195	0.195	0.195	0.195	0.195	0.195	0.195	0.195	0.195	0.195	0.195	0.195	0.174	0.152	0.152	0.152	0.152	0.152	0.152	0.152	0.152	0.152	
0.195	0.195	0.195	0.195	0.195	0.195	0.195	0.195	0.195	0.195	0.195	0.195	0.195	0.195	0.195	0.195	0.195	0.195	0.174	0.152	0.152	0.152	0.152	0.152	0.152	0.152	0.152	0.152	
0.195	0.195	0.195	0.195	0.195	0.195	0.195	0.195	0.195	0.195	0.195	0.195	0.195	0.195	0.195	0.195	0.195	0.195	0.174	0.152	0.152	0.152	0.152	0.152	0.152	0.152	0.152	0.152	
0.195	0.195	0.195	0.195	0.195	0.195	0.195	0.195	0.195	0.195	0.195	0.195	0.195	0.195	0.195	0.195	0.195	0.195	0.174	0.152	0.152	0.152	0.152	0.152	0.152	0.152	0.152	0.152	
0.195	0.195	0.195	0.195	0.195	0.195	0.195	0.195	0.195	0.195	0.195	0.195	0.195	0.195	0.195	0.195	0.195	0.195	0.174	0.152	0.152	0.152	0.152	0.152	0.152	0.152	0.152	0.152	
0.195	0.195	0.195	0.195	0.195	0.195	0.195	0.195	0.195	0.195	0.195	0.195	0.195	0.195	0.195	0.195	0.195	0.195	0.174	0.152	0.152	0.152	0.152	0.152	0.152	0.152	0.152	0.152	
0.195	0.195	0.195	0.195	0.195	0.195	0.195	0.195	0.195	0.195	0.195	0.195	0.195	0.195	0.195	0.195	0.195	0.195	0.174	0.152	0.152	0.152	0.152	0.152	0.152	0.152	0.152	0.152	
0.195	0.195	0.195	0.195	0.195	0.195	0.195	0.195	0.195	0.195	0.195	0.195	0.195	0.195	0.195	0.195	0.195	0.195	0.174	0.152	0.152	0.152	0.152	0.152	0.152	0.152	0.152	0.152	
0.198	0.195	0.195	0.195	0.195	0.195	0.195	0.195	0.195	0.195	0.195	0.195	0.195	0.195	0.195	0.195	0.195	0.174	0.174	0.152	0.152	0.152	0.152	0.152	0.152	0.152	0.152	0.152	
0.198	0.195	0.195	0.195	0.195	0.195	0.195	0.195	0.195	0.195	0.195	0.195	0.195	0.195	0.195	0.195	0.195	0.174	0.152	0.152	0.152	0.152	0.152	0.152	0.152	0.152	0.152	0.152	
0.198	0.198	0.195	0.195	0.195	0.195	0.195	0.195	0.195	0.195	0.195	0.195	0.195	0.195	0.195	0.195	0.195	0.174	0.152	0.152	0.152	0.152	0.152	0.152	0.152	0.152	0.152	0.152	
0.202	0.198	0.195	0.195	0.195	0.195	0.195	0.195	0.195	0.195	0.195	0.195	0.195	0.195	0.195	0.195	0.195	0.174	0.152	0.152	0.152	0.152	0.152	0.152	0.152	0.152	0.152	0.152	
0.202	0.198	0.195	0.195	0.195	0.195	0.195	0.195	0.195	0.195	0.195	0.195	0.195	0.195	0.195	0.195	0.195	0.174	0.152	0.152	0.152	0.152	0.152	0.152	0.152	0.152	0.152	0.152	
0.202	0.198	0.198	0.195	0.195	0.195	0.195	0.195	0.195	0.195	0.195	0.195	0.195	0.195	0.195	0.195	0.195	0.174	0.152	0.152	0.152	0.152	0.152	0.152	0.152	0.152	0.152	0.152	
0.202	0.202	0.198	0.195	0.195	0.195	0.195	0.195	0.195	0.195	0.195	0.195	0.195	0.195	0.195	0.195	0.195	0.174	0.152	0.152	0.152	0.152	0.152	0.152	0.152	0.152	0.152	0.152	
0.202	0.202	0.198	0.195	0.195	0.195	0.195	0.195	0.195	0.195	0.195	0.195	0.195	0.195	0.195	0.195	0.195	0.174	0.152	0.152	0.152	0.152	0.152	0.152	0.152	0.152	0.152	0.152	
0.202	0.202	0.198	0.198	0.195	0.195	0.195	0.195	0.195	0.195	0.195	0.195	0.195	0.195	0.195	0.195	0.195	0.174	0.152	0.152	0.152	0.152	0.152	0.152	0.152	0.152	0.152	0.152	
0.202	0.202	0.202	0.198	0.195	0.195	0.195	0.195	0.195	0.195	0.195	0.195	0.195	0.195	0.195	0.195	0.195	0.174	0.152	0.152	0.152	0.152	0.152	0.152	0.152	0.152	0.152	0.152	
0.202	0.202	0.202	0.198	0.198	0.195	0.195	0.195	0.195	0.195	0.195	0.195	0.195	0.195	0.195	0.195	0.195	0.174	0.152	0.152	0.152	0.152	0.152	0.152	0.152	0.152	0.152	0.152	
0.202	0.202	0.202	0.202	0.198	0.195	0.195	0.195	0.195	0.195	0.195	0.195	0.195	0.195	0.195	0.195	0.195	0.174	0.152	0.152	0.152	0.152	0.152	0.152	0.152	0.152	0.152	0.152	
0.202	0.202	0.202	0.202	0.198	0.195	0.195	0.195	0.195	0.195	0.195	0.195	0.195	0.195	0.195	0.195	0.195	0.174	0.152	0.152	0.152	0.152	0.152	0.152	0.152	0.152	0.152	0.152	
0.101	0.202	0.202	0.202	0.198	0.198	0.195	0.195	0.195	0.195	0.195	0.195	0.195	0.195	0.195	0.195	0.195	0.174	0.152	0.152	0.152	0.152	0.152	0.152	0.152	0.152	0.152	0.152	
0.101	0.202	0.202	0.202	0.202	0.198	0.195	0.195	0.195	0.195	0.195	0.195	0.195	0.195	0.195	0.195	0.195	0.174	0.152	0.152	0.152	0.152	0.152	0.152	0.152	0.152	0.152	0.152	
0.101	0.101	0.202	0.202	0.202	0.198	0.198	0.195	0.195	0.195	0.195	0.195	0.195	0.195	0.195	0.195	0.174	0.174	0.152	0.152	0.152	0.152	0.152	0.152	0.152	0.152	0.152	0.152	
0.000	0.101	0.202	0.202	0.202	0.202	0.198	0.195	0.195	0.195	0.195	0.195	0.195	0.195	0.195	0.195	0.174	0.152	0.152	0.152	0.152	0.152	0.152	0.152	0.152	0.152	0.152	0.152	
0.000	0.101	0.101	0.202	0.202	0.202	0.198	0.195	0.195	0.195	0.195	0.195	0.195	0.195	0.195	0.195	0.174	0.152	0.152	0.152	0.152	0.152	0.152	0.152	0.152	0.152	0.152	0.152	
0.000	0.000	0.101	0.202	0.202	0.202	0.198	0.198	0.195	0.195	0.195	0.195	0.195	0.195	0.195	0.195	0.174	0.152	0.152	0.152	0.152	0.152	0.152	0.152	0.152	0.152	0.152	0.152	
0.000	0.000	0.101	0.101	0.202	0.202	0.202	0.198	0.195	0.195	0.195	0.195	0.195	0.195	0.195	0.195	0.174	0.152	0.152	0.152	0.152	0.152	0.152	0.152	0.152	0.152	0.152	0.152	
0.000	0.000	0.000	0.101	0.202	0.202	0.202	0.198	0.195	0.195	0.195	0.195	0.195	0.195	0.195	0.195	0.174	0.152	0.152	0.152	0.152	0.152	0.152	0.152	0.152	0.152	0.152	0.152	
0.000	0.000	0.000	0.101	0.101	0.202	0.202	0.198	0.198	0.195	0.195	0.195	0.195	0.195	0.195	0.195	0.174	0.152	0.152	0.152	0.152	0.152	0.152	0.152	0.152	0.152	0.152	0.152	
0.000	0.000	0.000	0.000	0.101	0.202	0.202	0.202	0.198	0.195	0.195	0.195	0.195	0.195	0.195	0.195	0.174	0.152	0.152	0.152	0.152	0.152	0.152	0.152	0.152	0.152	0.152	0.152	
0.000	0.000	0.000	0.000	0.101	0.202	0.202	0.202	0.198	0.198	0.195	0.195	0.195	0.195	0.195	0.195	0.174	0.152	0.152	0.152	0.152	0.152	0.152	0.152	0.152	0.152	0.152	0.164	
0.000	0.000	0.000	0.000	0.101	0.101	0.202	0.202	0.202	0.198	0.195	0.195	0.195	0.195	0.195	0.195	0.174	0.152	0.152	0.152	0.152	0.152	0.152	0.152	0.152	0.152	0.164	0.164	
0.013	0.000	0.000	0.000	0.000	0.101	0.202	0.202	0.202	0.198	0.195	0.195	0.195	0.195	0.195	0.195	0.174	0.152	0.152	0.152	0.152	0.152	0.152	0.152	0.152	0.152	0.164	0.177	
0.013	0.000	0.000	0.000	0.000	0.101	0.101	0.202	0.202	0.198	0.198	0.195	0.195	0.195	0.195	0.195	0.174	0.152	0.152	0.152	0.152	0.152	0.152	0.152	0.152	0.164	0.164	0.177	
0.013	0.013	0.000	0.000	0.000	0.000	0.101	0.202	0.202	0.202	0.198	0.195	0.195	0.195	0.195	0.195	0.174	0.152	0.152	0.152	0.152	0.152	0.152	0.152	0.164	0.164	0.177	0.177	
0.025	0.013	0.013	0.000	0.000	0.000	0.101	0.101	0.202	0.202	0.198	0.195	0.195	0.195	0.195	0.195	0.174	0.152	0.152	0.152	0.152	0.152	0.152	0.152	0.164	0.177	0.177	0.177	
0.025	0.025	0.013	0.000	0.000	0.000	0.000	0.101	0.202	0.202	0.198	0.198	0.195	0.195	0.195	0.195	0.174	0.152	0.152	0.152	0.152	0.152	0.152	0.128	0.164	0.177	0.177	0.177	
0.025	0.025	0.013	0.013	0.000	0.000	0.000	0.101	0.101	0.202	0.202	0.198	0.195	0.195	0.195	0.174	0.174	0.152	0.152	0.152	0.152	0.152	0.104	0.128	0.177	0.177	0.177	0.177	
0.025	0.025	0.025	0.013	0.013	0.000	0.000	0.000	0.101	0.202	0.202	0.198	0.198	0.195	0.195	0.174	0.152	0.152	0.152	0.152	0.152	0.104	0.128	0.116	0.177	0.177	0.177	0.177	
0.025	0.025	0.025	0.025	0.013	0.000	0.000	0.000	0.101	0.101	0.202	0.202	0.198	0.195	0.195	0.174	0.152	0.152	0.152	0.152	0.104	0.104	0.116	0.177	0.177	0.177	0.177	0.177	
0.025	0.025	0.025	0.025	0.013	0.013	0.000	0.000	0.000	0.101	0.202	0.202	0.198	0.195	0.195	0.174	0.152	0.152	0.152	0.104	0.104	0.116	0.116	0.177	0.177	0.177	0.177	0.177	
0.025	0.025	0.025	0.025	0.025	0.013	0.013	0.000	0.000	0.101	0.101	0.202	0.192	0.192	0.188	0.158	0.129	0.152	0.104	0.104	0.056	0.116	0.177	0.177	0.177	0.177	0.177	0.177	
0.025	0.025	0.025	0.025	0.025	0.025	0.013	0.000	0.000	0.000	0.101	0.236	0.217	0.180	0.180	0.143	0.129	0.105	0.104	0.056	0.056	0.116	0.177	0.177	0.177	0.177	0.177	0.177	
0.025	0.025	0.025	0.025	0.025	0.025	0.013	0.020	0.018	0.000	0.118	0.236	0.225	0.225	0.181	0.156	0.106	0.096	0.090	0.090	0.119	0.116	0.177	0.177	0.177	0.177	0.177	0.177	
0.025	0.025	0.025	0.025	0.025	0.025	0.025	0.030	0.018	0.012	0.135	0.135	0.270	0.323	0.181	0.144	0.138	0.116	0.102	0.090	0.151	0.151	0.177	0.177	0.177	0.177	0.177	0.177	
0.025	0.025	0.025	0.025	0.025	0.025	0.025	0.030	0.035	0.018	0.000	0.135	0.309	0.370	0.420	0.182	0.154	0.125	0.125	0.125	0.125	0.151	0.177	0.177	0.177	0.177	0.177	0.177	
0.000	0.000	0.000	0.000	0.000	0.000	0.000	0.035	0.000	0.000	0.000	0.000	0.329	0.658	0.420	0.420	0.000	0.000	0.000	0.000	0.000	0.000	0.000	0.000	0.000	0.000	0.000	0.000	
0.000	0.000	0.000	0.000	0.000	0.000	0.000	0.000	0.000	0.000	0.000	0.000	0.658	0.658	0.658	0.658	0.000	0.000	0.000	0.000	0.000	0.000	0.000	0.000	0.000	0.000	0.000	0.000	
0.000	0.000	0.000	0.000	0.000	0.000	0.000	0.000	0.000	0.000	0.000	0.000	0.829	0.829	0.829	0.829	0.000	0.000	0.000	0.000	0.000	0.000	0.000	0.000	0.000	0.000	0.000	0.000	
0.000	0.000	0.000	0.000	0.000	0.000	0.000	0.000	0.000	0.000	0.000	0.000	1.001	1.001	1.001	1.001	0.000	0.000	0.000	0.000	0.000	0.000	0.000	0.000	0.000	0.000	0.000	0.000	
0.000	0.000	0.000	0.000	0.000	0.000	0.000	0.000	0.000	0.000	0.000	0.000	1.001	1.001	1.001	1.001	0.000	0.000	0.000	0.000	0.000	0.000	0.000	0.000	0.000	0.000	0.000	0.000	
