0.200	0.200	0.200	0.200	0.200	0.200	0.200	0.215	0.230	0.230	0.230	0.230	0.230	0.230	0.230	0.230	0.230	0.230	0.230	0.230	0.230	0.216	0.202	0.202	0.202	0.202	0.202	0.202	
0.200	0.200	0.200	0.200	0.200	0.200	0.200	0.215	0.230	0.230	0.230	0.230	0.230	0.230	0.230	0.230	0.230	0.230	0.230	0.230	0.230	0.216	0.202	0.202	0.202	0.202	0.202	0.202	
0.200	0.200	0.200	0.200	0.200	0.200	0.200	0.215	0.230	0.230	0.230	0.230	0.230	0.230	0.230	0.230	0.230	0.230	0.230	0.230	0.230	0.216	0.202	0.202	0.202	0.202	0.202	0.202	
0.200	0.200	0.200	0.200	0.200	0.200	0.200	0.215	0.230	0.230	0.230	0.230	0.230	0.230	0.230	0.230	0.230	0.230	0.230	0.230	0.230	0.216	0.202	0.202	0.202	0.202	0.202	0.202	
0.200	0.200	0.200	0.200	0.200	0.200	0.200	0.215	0.230	0.230	0.230	0.230	0.230	0.230	0.230	0.230	0.230	0.230	0.230	0.230	0.216	0.216	0.202	0.202	0.202	0.202	0.202	0.202	
0.200	0.200	0.200	0.200	0.200	0.200	0.200	0.215	0.230	0.230	0.230	0.230	0.230	0.230	0.230	0.230	0.230	0.230	0.230	0.230	0.216	0.202	0.202	0.202	0.202	0.202	0.202	0.202	
0.200	0.200	0.200	0.200	0.200	0.200	0.200	0.215	0.215	0.230	0.230	0.230	0.230	0.230	0.230	0.230	0.230	0.230	0.230	0.230	0.216	0.202	0.202	0.202	0.202	0.202	0.202	0.202	
0.200	0.200	0.200	0.200	0.200	0.200	0.200	0.200	0.215	0.230	0.230	0.230	0.230	0.230	0.230	0.230	0.230	0.230	0.230	0.230	0.216	0.202	0.202	0.202	0.202	0.202	0.202	0.202	
0.200	0.200	0.200	0.200	0.200	0.200	0.200	0.200	0.215	0.230	0.230	0.230	0.230	0.230	0.230	0.230	0.230	0.230	0.230	0.230	0.216	0.202	0.202	0.202	0.202	0.202	0.202	0.202	
0.200	0.200	0.200	0.200	0.200	0.200	0.200	0.200	0.215	0.230	0.230	0.230	0.230	0.230	0.230	0.230	0.230	0.230	0.230	0.230	0.216	0.202	0.202	0.202	0.202	0.202	0.202	0.202	
0.200	0.200	0.200	0.200	0.200	0.200	0.200	0.200	0.215	0.230	0.230	0.230	0.230	0.230	0.230	0.230	0.230	0.230	0.230	0.230	0.216	0.202	0.202	0.202	0.202	0.202	0.202	0.202	
0.200	0.200	0.200	0.200	0.200	0.200	0.200	0.200	0.215	0.230	0.230	0.230	0.230	0.230	0.230	0.230	0.230	0.230	0.230	0.216	0.216	0.202	0.202	0.202	0.202	0.202	0.202	0.202	
0.200	0.200	0.200	0.200	0.200	0.200	0.200	0.200	0.215	0.230	0.230	0.230	0.230	0.230	0.230	0.230	0.230	0.230	0.230	0.216	0.202	0.202	0.202	0.202	0.202	0.202	0.202	0.202	
0.200	0.200	0.200	0.200	0.200	0.200	0.200	0.200	0.215	0.230	0.230	0.230	0.230	0.230	0.230	0.230	0.230	0.230	0.230	0.216	0.202	0.202	0.202	0.202	0.202	0.202	0.202	0.202	
0.200	0.200	0.200	0.200	0.200	0.200	0.200	0.200	0.215	0.215	0.230	0.230	0.230	0.230	0.230	0.230	0.230	0.230	0.230	0.216	0.202	0.202	0.202	0.202	0.202	0.202	0.202	0.202	
0.200	0.200	0.200	0.200	0.200	0.200	0.200	0.200	0.200	0.215	0.230	0.230	0.230	0.230	0.230	0.230	0.230	0.230	0.230	0.216	0.202	0.202	0.202	0.202	0.202	0.202	0.202	0.202	
0.200	0.200	0.200	0.200	0.200	0.200	0.200	0.200	0.200	0.215	0.230	0.230	0.230	0.230	0.230	0.230	0.230	0.230	0.230	0.216	0.202	0.202	0.202	0.202	0.202	0.202	0.202	0.202	
0.200	0.200	0.200	0.200	0.200	0.200	0.200	0.200	0.200	0.215	0.230	0.230	0.230	0.230	0.230	0.230	0.230	0.230	0.230	0.216	0.202	0.202	0.202	0.202	0.202	0.202	0.202	0.202	
0.200	0.200	0.200	0.200	0.200	0.200	0.200	0.200	0.200	0.215	0.230	0.230	0.230	0.230	0.230	0.230	0.230	0.230	0.230	0.216	0.202	0.202	0.202	0.202	0.202	0.202	0.202	0.202	
0.200	0.200	0.200	0.200	0.200	0.200	0.200	0.200	0.200	0.215	0.230	0.230	0.230	0.230	0.230	0.230	0.230	0.230	0.216	0.216	0.202	0.202	0.202	0.202	0.202	0.202	0.202	0.202	
0.200	0.200	0.200	0.200	0.200	0.200	0.200	0.200	0.200	0.215	0.230	0.230	0.230	0.230	0.230	0.230	0.230	0.230	0.216	0.202	0.202	0.202	0.202	0.202	0.202	0.202	0.202	0.202	
0.188	0.200	0.200	0.200	0.200	0.200	0.200	0.200	0.200	0.215	0.230	0.230	0.230	0.230	0.230	0.230	0.230	0.230	0.216	0.202	0.202	0.202	0.202	0.202	0.202	0.202	0.202	0.202	
0.188	0.200	0.200	0.200	0.200	0.200	0.200	0.200	0.200	0.215	0.215	0.230	0.230	0.230	0.230	0.230	0.230	0.230	0.216	0.202	0.202	0.202	0.202	0.202	0.202	0.202	0.202	0.202	
0.188	0.188	0.200	0.200	0.200	0.200	0.200	0.200	0.200	0.200	0.215	0.230	0.230	0.230	0.230	0.230	0.230	0.230	0.216	0.202	0.202	0.202	0.202	0.202	0.202	0.202	0.202	0.202	
0.177	0.188	0.200	0.200	0.200	0.200	0.200	0.200	0.200	0.200	0.215	0.230	0.230	0.230	0.230	0.230	0.230	0.230	0.216	0.202	0.202	0.202	0.202	0.202	0.202	0.202	0.202	0.202	
0.177	0.188	0.188	0.200	0.200	0.200	0.200	0.200	0.200	0.200	0.215	0.230	0.230	0.230	0.230	0.230	0.230	0.230	0.216	0.202	0.202	0.202	0.202	0.202	0.202	0.202	0.202	0.202	
0.177	0.177	0.188	0.200	0.200	0.200	0.200	0.200	0.200	0.200	0.215	0.230	0.230	0.230	0.230	0.230	0.230	0.216	0.216	0.202	0.202	0.202	0.202	0.202	0.202	0.202	0.202	0.202	
0.177	0.177	0.188	0.188	0.200	0.200	0.200	0.200	0.200	0.200	0.215	0.230	0.230	0.230	0.230	0.230	0.230	0.216	0.202	0.202	0.202	0.202	0.202	0.202	0.202	0.202	0.202	0.202	
0.177	0.177	0.177	0.188	0.200	0.200	0.200	0.200	0.200	0.200	0.215	0.230	0.230	0.230	0.230	0.230	0.230	0.216	0.202	0.202	0.202	0.202	0.202	0.202	0.202	0.202	0.202	0.202	
0.177	0.177	0.177	0.188	0.200	0.200	0.200	0.200	0.200	0.200	0.215	0.215	0.230	0.230	0.230	0.230	0.230	0.216	0.202	0.202	0.202	0.202	0.202	0.202	0.202	0.202	0.202	0.202	
0.177	0.177	0.177	0.188	0.188	0.200	0.200	0.200	0.200	0.200	0.200	0.215	0.230	0.230	0.230	0.230	0.230	0.216	0.202	0.202	0.202	0.202	0.202	0.202	0.202	0.202	0.202	0.202	
0.177	0.177	0.177	0.177	0.188	0.200	0.200	0.200	0.200	0.200	0.200	0.215	0.230	0.230	0.230	0.230	0.230	0.216	0.202	0.202	0.202	0.202	0.202	0.202	0.202	0.202	0.202	0.202	
0.126	0.177	0.177	0.177	0.188	0.188	0.200	0.200	0.200	0.200	0.200	0.215	0.230	0.230	0.230	0.230	0.230	0.216	0.202	0.202	0.202	0.202	0.202	0.202	0.202	0.202	0.202	0.177	
0.126	0.126	0.177	0.177	0.177	0.188	0.200	0.200	0.200	0.200	0.200	0.215	0.230	0.230	0.230	0.230	0.216	0.216	0.202	0.202	0.202	0.202	0.202	0.202	0.202	0.202	0.177	0.177	
0.075	0.126	0.177	0.177	0.177	0.188	0.188	0.200	0.200	0.200	0.200	0.215	0.230	0.230	0.230	0.230	0.216	0.202	0.202	0.202	0.202	0.202	0.202	0.202	0.202	0.177	0.177	0.152	
0.075	0.126	0.126	0.177	0.177	0.177	0.188	0.200	0.200	0.200	0.200	0.215	0.230	0.230	0.230	0.230	0.216	0.202	0.202	0.202	0.202	0.202	0.202	0.202	0.177	0.177	0.152	0.152	
0.075	0.075	0.126	0.177	0.177	0.177	0.188	0.188	0.200	0.200	0.200	0.215	0.230	0.230	0.230	0.230	0.216	0.202	0.202	0.202	0.202	0.202	0.202	0.177	0.177	0.152	0.152	0.152	
0.075	0.075	0.126	0.126	0.177	0.177	0.177	0.188	0.200	0.200	0.200	0.215	0.215	0.230	0.230	0.230	0.216	0.202	0.202	0.202	0.202	0.202	0.202	0.177	0.152	0.152	0.152	0.111	
0.075	0.075	0.075	0.126	0.126	0.177	0.177	0.188	0.188	0.200	0.200	0.200	0.215	0.230	0.230	0.230	0.216	0.202	0.202	0.202	0.202	0.202	0.177	0.177	0.152	0.152	0.111	0.111	
0.075	0.075	0.075	0.075	0.126	0.177	0.177	0.177	0.188	0.200	0.200	0.200	0.215	0.230	0.230	0.230	0.189	0.202	0.202	0.202	0.202	0.177	0.177	0.152	0.152	0.111	0.111	0.071	
0.075	0.075	0.075	0.075	0.126	0.126	0.177	0.177	0.188	0.188	0.200	0.200	0.215	0.230	0.230	0.183	0.189	0.202	0.202	0.202	0.177	0.177	0.152	0.152	0.111	0.111	0.071	0.071	
0.075	0.075	0.075	0.075	0.075	0.126	0.177	0.177	0.177	0.188	0.200	0.200	0.170	0.230	0.183	0.183	0.168	0.202	0.202	0.177	0.177	0.152	0.152	0.111	0.111	0.071	0.071	0.071	
0.075	0.075	0.075	0.075	0.075	0.126	0.126	0.177	0.177	0.152	0.140	0.119	0.170	0.155	0.148	0.135	0.131	0.131	0.137	0.177	0.152	0.152	0.111	0.111	0.071	0.071	0.071	0.071	
0.062	0.062	0.075	0.075	0.075	0.075	0.137	0.167	0.167	0.128	0.079	0.079	0.079	0.079	0.107	0.120	0.099	0.056	0.104	0.104	0.152	0.111	0.111	0.071	0.071	0.071	0.071	0.071	
0.050	0.062	0.062	0.062	0.075	0.075	0.117	0.158	0.138	0.123	0.079	0.090	0.090	0.099	0.093	0.106	0.089	0.056	0.056	0.088	0.093	0.111	0.071	0.071	0.071	0.071	0.071	0.071	
0.050	0.050	0.050	0.062	0.062	0.065	0.101	0.114	0.113	0.079	0.079	0.095	0.112	0.103	0.098	0.101	0.089	0.073	0.073	0.056	0.051	0.071	0.071	0.071	0.071	0.071	0.071	0.075	
0.038	0.038	0.050	0.050	0.050	0.065	0.071	0.111	0.113	0.094	0.090	0.097	0.189	0.186	0.090	0.125	0.143	0.053	0.054	0.027	0.051	0.048	0.055	0.071	0.071	0.075	0.075	0.075	
0.025	0.038	0.038	0.038	0.038	0.049	0.071	0.066	0.103	0.084	0.100	0.228	0.228	0.223	0.209	0.135	0.084	0.053	0.000	0.026	0.025	0.040	0.051	0.071	0.075	0.075	0.079	0.079	
0.025	0.025	0.025	0.038	0.033	0.048	0.040	0.066	0.059	0.084	0.075	0.139	0.203	0.302	0.345	0.115	0.077	0.025	0.025	0.017	0.035	0.040	0.063	0.069	0.075	0.079	0.079	0.079	
0.025	0.025	0.025	0.025	0.025	0.025	0.025	0.025	0.038	0.050	0.050	0.050	0.050	0.275	0.340	0.243	0.050	0.050	0.038	0.025	0.040	0.056	0.056	0.067	0.079	0.079	0.079	0.079	
0.000	0.000	0.000	0.000	0.025	0.025	0.025	0.000	0.050	0.050	0.050	0.050	0.275	0.275	0.500	0.275	0.000	0.000	0.025	0.025	0.025	0.000	0.000	0.000	0.000	0.000	0.000	0.000	
0.000	0.000	0.000	0.000	0.000	0.000	0.000	0.000	0.000	0.000	0.000	0.000	0.751	0.751	0.751	0.751	0.000	0.000	0.000	0.000	0.000	0.000	0.000	0.000	0.000	0.000	0.000	0.000	
0.000	0.000	0.000	0.000	0.000	0.000	0.000	0.000	0.000	0.000	0.000	0.000	1.001	1.001	1.001	1.001	0.000	0.000	0.000	0.000	0.000	0.000	0.000	0.000	0.000	0.000	0.000	0.000	
0.000	0.000	0.000	0.000	0.000	0.000	0.000	0.000	0.000	0.000	0.000	0.000	1.001	1.001	1.001	1.001	0.000	0.000	0.000	0.000	0.000	0.000	0.000	0.000	0.000	0.000	0.000	0.000	
0.000	0.000	0.000	0.000	0.000	0.000	0.000	0.000	0.000	0.000	0.000	0.000	1.001	1.001	1.001	1.001	0.000	0.000	0.000	0.000	0.000	0.000	0.000	0.000	0.000	0.000	0.000	0.000	
