0.150	0.150	0.150	0.150	0.150	0.150	0.150	0.150	0.150	0.150	0.150	0.148	0.146	0.146	0.146	0.146	0.146	0.146	0.148	0.150	0.150	0.150	0.150	0.150	0.150	0.150	0.150	0.150	
0.150	0.150	0.150	0.150	0.150	0.150	0.150	0.150	0.150	0.150	0.150	0.148	0.146	0.146	0.146	0.146	0.146	0.146	0.148	0.150	0.150	0.150	0.150	0.150	0.150	0.150	0.150	0.150	
0.150	0.150	0.150	0.150	0.150	0.150	0.150	0.150	0.150	0.150	0.150	0.148	0.146	0.146	0.146	0.146	0.146	0.146	0.148	0.150	0.150	0.150	0.150	0.150	0.150	0.150	0.150	0.150	
0.150	0.150	0.150	0.150	0.150	0.150	0.150	0.150	0.150	0.150	0.150	0.148	0.146	0.146	0.146	0.146	0.146	0.146	0.148	0.150	0.150	0.150	0.150	0.150	0.150	0.150	0.150	0.150	
0.150	0.150	0.150	0.150	0.150	0.150	0.150	0.150	0.150	0.150	0.150	0.148	0.146	0.146	0.146	0.146	0.146	0.146	0.148	0.150	0.150	0.150	0.150	0.150	0.150	0.150	0.150	0.150	
0.150	0.150	0.150	0.150	0.150	0.150	0.150	0.150	0.150	0.150	0.150	0.148	0.146	0.146	0.146	0.146	0.146	0.148	0.148	0.150	0.150	0.150	0.150	0.150	0.150	0.150	0.150	0.150	
0.150	0.150	0.150	0.150	0.150	0.150	0.150	0.150	0.150	0.150	0.150	0.148	0.146	0.146	0.146	0.146	0.146	0.148	0.150	0.150	0.150	0.150	0.150	0.150	0.150	0.150	0.150	0.150	
0.150	0.150	0.150	0.150	0.150	0.150	0.150	0.150	0.150	0.150	0.150	0.148	0.146	0.146	0.146	0.146	0.146	0.148	0.150	0.150	0.150	0.150	0.150	0.150	0.150	0.150	0.150	0.150	
0.150	0.150	0.150	0.150	0.150	0.150	0.150	0.150	0.150	0.150	0.150	0.148	0.146	0.146	0.146	0.146	0.146	0.148	0.150	0.150	0.150	0.150	0.150	0.150	0.150	0.150	0.150	0.150	
0.150	0.150	0.150	0.150	0.150	0.150	0.150	0.150	0.150	0.150	0.150	0.148	0.146	0.146	0.146	0.146	0.146	0.148	0.150	0.150	0.150	0.150	0.150	0.150	0.150	0.150	0.150	0.150	
0.150	0.150	0.150	0.150	0.150	0.150	0.150	0.150	0.150	0.150	0.150	0.148	0.146	0.146	0.146	0.146	0.146	0.148	0.150	0.150	0.150	0.150	0.150	0.150	0.150	0.150	0.150	0.150	
0.150	0.150	0.150	0.150	0.150	0.150	0.150	0.150	0.150	0.150	0.150	0.148	0.148	0.146	0.146	0.146	0.146	0.148	0.150	0.150	0.150	0.150	0.150	0.150	0.150	0.150	0.150	0.150	
0.150	0.150	0.150	0.150	0.150	0.150	0.150	0.150	0.150	0.150	0.150	0.150	0.148	0.146	0.146	0.146	0.146	0.148	0.150	0.150	0.150	0.150	0.150	0.150	0.150	0.150	0.150	0.150	
0.150	0.150	0.150	0.150	0.150	0.150	0.150	0.150	0.150	0.150	0.150	0.150	0.148	0.146	0.146	0.146	0.146	0.148	0.150	0.150	0.150	0.150	0.150	0.150	0.150	0.150	0.150	0.150	
0.150	0.150	0.150	0.150	0.150	0.150	0.150	0.150	0.150	0.150	0.150	0.150	0.148	0.146	0.146	0.146	0.146	0.148	0.150	0.150	0.150	0.150	0.150	0.150	0.150	0.150	0.150	0.150	
0.150	0.150	0.150	0.150	0.150	0.150	0.150	0.150	0.150	0.150	0.150	0.150	0.148	0.146	0.146	0.146	0.146	0.148	0.150	0.150	0.150	0.150	0.150	0.150	0.150	0.150	0.150	0.150	
0.150	0.150	0.150	0.150	0.150	0.150	0.150	0.150	0.150	0.150	0.150	0.150	0.148	0.146	0.146	0.146	0.146	0.148	0.150	0.150	0.150	0.150	0.150	0.150	0.150	0.150	0.150	0.150	
0.150	0.150	0.150	0.150	0.150	0.150	0.150	0.150	0.150	0.150	0.150	0.150	0.148	0.146	0.146	0.146	0.146	0.148	0.150	0.150	0.150	0.150	0.150	0.150	0.150	0.150	0.150	0.150	
0.150	0.150	0.150	0.150	0.150	0.150	0.150	0.150	0.150	0.150	0.150	0.150	0.148	0.146	0.146	0.146	0.146	0.148	0.150	0.150	0.150	0.150	0.150	0.150	0.150	0.150	0.150	0.150	
0.150	0.150	0.150	0.150	0.150	0.150	0.150	0.150	0.150	0.150	0.150	0.150	0.148	0.146	0.146	0.146	0.146	0.148	0.150	0.150	0.150	0.150	0.150	0.150	0.150	0.150	0.150	0.150	
0.150	0.150	0.150	0.150	0.150	0.150	0.150	0.150	0.150	0.150	0.150	0.150	0.148	0.146	0.146	0.146	0.146	0.148	0.150	0.150	0.150	0.150	0.150	0.150	0.150	0.150	0.150	0.150	
0.150	0.150	0.150	0.150	0.150	0.150	0.150	0.150	0.150	0.150	0.150	0.150	0.148	0.146	0.146	0.146	0.146	0.148	0.150	0.150	0.150	0.150	0.150	0.150	0.150	0.150	0.150	0.150	
0.150	0.150	0.150	0.150	0.150	0.150	0.150	0.150	0.150	0.150	0.150	0.150	0.148	0.146	0.146	0.146	0.146	0.148	0.150	0.150	0.150	0.150	0.150	0.150	0.150	0.150	0.150	0.150	
0.150	0.150	0.150	0.150	0.150	0.150	0.150	0.150	0.150	0.150	0.150	0.150	0.148	0.146	0.146	0.146	0.146	0.148	0.150	0.150	0.150	0.150	0.150	0.150	0.150	0.150	0.150	0.150	
0.150	0.150	0.150	0.150	0.150	0.150	0.150	0.150	0.150	0.150	0.150	0.150	0.148	0.146	0.146	0.146	0.146	0.148	0.150	0.150	0.150	0.150	0.150	0.150	0.150	0.150	0.150	0.150	
0.150	0.150	0.150	0.150	0.150	0.150	0.150	0.150	0.150	0.150	0.150	0.150	0.148	0.146	0.146	0.146	0.146	0.148	0.150	0.150	0.150	0.150	0.150	0.150	0.150	0.150	0.150	0.150	
0.150	0.150	0.150	0.150	0.150	0.150	0.150	0.150	0.150	0.150	0.150	0.150	0.148	0.146	0.146	0.146	0.146	0.148	0.150	0.150	0.150	0.150	0.150	0.150	0.150	0.150	0.150	0.150	
0.150	0.150	0.150	0.150	0.150	0.150	0.150	0.150	0.150	0.150	0.150	0.150	0.148	0.146	0.146	0.146	0.146	0.148	0.150	0.150	0.150	0.150	0.150	0.150	0.150	0.150	0.150	0.150	
0.150	0.150	0.150	0.150	0.150	0.150	0.150	0.150	0.150	0.150	0.150	0.150	0.148	0.146	0.146	0.146	0.146	0.148	0.150	0.150	0.150	0.150	0.150	0.150	0.150	0.150	0.150	0.115	
0.150	0.150	0.150	0.150	0.150	0.150	0.150	0.150	0.150	0.150	0.150	0.150	0.148	0.146	0.146	0.146	0.146	0.148	0.150	0.150	0.150	0.150	0.150	0.150	0.150	0.150	0.150	0.115	
0.183	0.150	0.150	0.150	0.150	0.150	0.150	0.150	0.150	0.150	0.150	0.150	0.148	0.146	0.146	0.146	0.146	0.148	0.150	0.150	0.150	0.150	0.150	0.150	0.150	0.150	0.115	0.115	
0.183	0.150	0.150	0.150	0.150	0.150	0.150	0.150	0.150	0.150	0.150	0.150	0.148	0.146	0.146	0.146	0.146	0.148	0.150	0.150	0.150	0.150	0.150	0.150	0.150	0.150	0.115	0.079	
0.183	0.183	0.150	0.150	0.150	0.150	0.150	0.150	0.150	0.150	0.150	0.150	0.148	0.146	0.146	0.146	0.148	0.148	0.150	0.150	0.150	0.150	0.150	0.150	0.150	0.115	0.115	0.079	
0.215	0.183	0.150	0.150	0.150	0.150	0.150	0.150	0.150	0.150	0.150	0.150	0.148	0.146	0.146	0.146	0.148	0.150	0.150	0.150	0.150	0.150	0.150	0.150	0.150	0.115	0.079	0.079	
0.215	0.183	0.183	0.150	0.150	0.150	0.150	0.150	0.150	0.150	0.150	0.150	0.148	0.146	0.146	0.146	0.148	0.150	0.150	0.150	0.150	0.150	0.150	0.150	0.115	0.115	0.079	0.079	
0.215	0.215	0.183	0.150	0.150	0.150	0.150	0.150	0.150	0.150	0.150	0.150	0.148	0.146	0.146	0.146	0.148	0.150	0.150	0.150	0.150	0.150	0.150	0.150	0.115	0.079	0.079	0.079	
0.215	0.215	0.183	0.183	0.150	0.150	0.150	0.150	0.150	0.150	0.150	0.150	0.148	0.146	0.146	0.146	0.148	0.150	0.150	0.150	0.150	0.150	0.150	0.115	0.115	0.079	0.079	0.079	
0.215	0.215	0.215	0.183	0.150	0.150	0.150	0.150	0.150	0.150	0.150	0.150	0.148	0.146	0.146	0.146	0.148	0.150	0.150	0.150	0.150	0.150	0.150	0.115	0.079	0.079	0.079	0.079	
0.215	0.215	0.215	0.183	0.183	0.150	0.150	0.150	0.150	0.150	0.150	0.150	0.148	0.146	0.146	0.146	0.148	0.150	0.150	0.150	0.150	0.150	0.150	0.115	0.079	0.079	0.079	0.079	
0.215	0.215	0.215	0.215	0.183	0.183	0.150	0.150	0.150	0.150	0.150	0.150	0.158	0.146	0.146	0.146	0.148	0.150	0.150	0.150	0.150	0.150	0.115	0.115	0.079	0.079	0.079	0.079	
0.215	0.215	0.215	0.215	0.215	0.183	0.150	0.150	0.150	0.150	0.150	0.150	0.158	0.146	0.146	0.146	0.148	0.150	0.150	0.150	0.150	0.150	0.115	0.079	0.079	0.079	0.079	0.079	
0.215	0.215	0.215	0.215	0.215	0.183	0.183	0.150	0.150	0.150	0.150	0.150	0.158	0.161	0.146	0.146	0.148	0.150	0.150	0.150	0.150	0.115	0.115	0.079	0.079	0.079	0.079	0.079	
0.215	0.215	0.215	0.215	0.215	0.215	0.183	0.150	0.150	0.150	0.150	0.163	0.163	0.161	0.146	0.146	0.148	0.150	0.150	0.150	0.150	0.115	0.079	0.079	0.079	0.079	0.079	0.079	
0.215	0.215	0.215	0.215	0.215	0.215	0.183	0.183	0.150	0.150	0.150	0.163	0.177	0.161	0.146	0.146	0.148	0.150	0.150	0.150	0.115	0.115	0.079	0.079	0.079	0.079	0.079	0.079	
0.215	0.215	0.215	0.215	0.215	0.215	0.215	0.133	0.093	0.150	0.150	0.163	0.177	0.161	0.161	0.146	0.148	0.150	0.150	0.146	0.123	0.079	0.079	0.079	0.079	0.079	0.079	0.079	
0.215	0.215	0.215	0.215	0.215	0.215	0.215	0.125	0.093	0.093	0.093	0.121	0.177	0.177	0.149	0.135	0.133	0.131	0.146	0.146	0.110	0.079	0.079	0.079	0.079	0.079	0.079	0.079	
0.215	0.215	0.215	0.215	0.215	0.215	0.215	0.125	0.035	0.093	0.074	0.106	0.116	0.145	0.151	0.125	0.118	0.131	0.134	0.141	0.110	0.079	0.079	0.079	0.079	0.079	0.115	0.115	
0.215	0.215	0.215	0.215	0.215	0.215	0.195	0.142	0.035	0.068	0.057	0.035	0.085	0.130	0.130	0.125	0.118	0.112	0.127	0.146	0.123	0.126	0.115	0.115	0.115	0.115	0.115	0.150	
0.215	0.215	0.215	0.195	0.195	0.195	0.195	0.105	0.103	0.068	0.045	0.018	0.057	0.135	0.350	0.405	0.179	0.206	0.176	0.146	0.150	0.126	0.150	0.150	0.150	0.150	0.150	0.150	
0.195	0.195	0.195	0.195	0.175	0.175	0.175	0.175	0.138	0.100	0.050	0.000	0.308	0.463	0.463	0.545	0.545	0.300	0.225	0.150	0.150	0.150	0.150	0.150	0.150	0.150	0.150	0.150	
0.000	0.000	0.000	0.000	0.000	0.000	0.000	0.000	0.000	0.000	0.000	0.000	0.395	0.791	0.791	0.791	0.545	0.300	0.225	0.150	0.150	0.150	0.150	0.150	0.150	0.150	0.150	0.000	
0.000	0.000	0.000	0.000	0.000	0.000	0.000	0.000	0.000	0.000	0.000	0.000	0.895	0.895	0.895	0.791	0.000	0.000	0.000	0.000	0.000	0.000	0.000	0.000	0.000	0.000	0.000	0.000	
0.000	0.000	0.000	0.000	0.000	0.000	0.000	0.000	0.000	0.000	0.000	0.000	1.000	1.000	0.895	0.895	0.000	0.000	0.000	0.000	0.000	0.000	0.000	0.000	0.000	0.000	0.000	0.000	
0.000	0.000	0.000	0.000	0.000	0.000	0.000	0.000	0.000	0.000	0.000	0.000	1.000	1.000	1.000	1.000	0.000	0.000	0.000	0.000	0.000	0.000	0.000	0.000	0.000	0.000	0.000	0.000	
0.000	0.000	0.000	0.000	0.000	0.000	0.000	0.000	0.000	0.000	0.000	0.000	1.000	1.000	1.000	1.000	0.000	0.000	0.000	0.000	0.000	0.000	0.000	0.000	0.000	0.000	0.000	0.000	
