0.160	0.160	0.160	0.160	0.160	0.160	0.160	0.160	0.160	0.160	0.187	0.214	0.214	0.214	0.214	0.214	0.214	0.214	0.214	0.214	0.214	0.214	0.214	0.214	0.214	0.214	0.214	0.214	
0.160	0.160	0.160	0.160	0.160	0.160	0.160	0.160	0.160	0.160	0.187	0.214	0.214	0.214	0.214	0.214	0.214	0.214	0.214	0.214	0.214	0.214	0.214	0.214	0.214	0.214	0.214	0.214	
0.160	0.160	0.160	0.160	0.160	0.160	0.160	0.160	0.160	0.160	0.187	0.214	0.214	0.214	0.214	0.214	0.214	0.214	0.214	0.214	0.214	0.214	0.214	0.214	0.214	0.214	0.214	0.214	
0.160	0.160	0.160	0.160	0.160	0.160	0.160	0.160	0.160	0.160	0.187	0.214	0.214	0.214	0.214	0.214	0.214	0.214	0.214	0.214	0.214	0.214	0.214	0.214	0.214	0.214	0.214	0.214	
0.160	0.160	0.160	0.160	0.160	0.160	0.160	0.160	0.160	0.160	0.187	0.214	0.214	0.214	0.214	0.214	0.214	0.214	0.214	0.214	0.214	0.214	0.214	0.214	0.214	0.214	0.214	0.214	
0.160	0.160	0.160	0.160	0.160	0.160	0.160	0.160	0.160	0.160	0.187	0.214	0.214	0.214	0.214	0.214	0.214	0.214	0.214	0.214	0.214	0.214	0.214	0.214	0.214	0.214	0.214	0.214	
0.160	0.160	0.160	0.160	0.160	0.160	0.160	0.160	0.160	0.160	0.187	0.214	0.214	0.214	0.214	0.214	0.214	0.214	0.214	0.214	0.214	0.214	0.214	0.214	0.214	0.214	0.214	0.214	
0.160	0.160	0.160	0.160	0.160	0.160	0.160	0.160	0.160	0.160	0.187	0.214	0.214	0.214	0.214	0.214	0.214	0.214	0.214	0.214	0.214	0.214	0.214	0.214	0.214	0.214	0.214	0.214	
0.160	0.160	0.160	0.160	0.160	0.160	0.160	0.160	0.160	0.160	0.187	0.214	0.214	0.214	0.214	0.214	0.214	0.214	0.214	0.214	0.214	0.214	0.214	0.214	0.214	0.214	0.214	0.214	
0.160	0.160	0.160	0.160	0.160	0.160	0.160	0.160	0.160	0.160	0.187	0.214	0.214	0.214	0.214	0.214	0.214	0.214	0.214	0.214	0.214	0.214	0.214	0.214	0.214	0.214	0.214	0.214	
0.160	0.160	0.160	0.160	0.160	0.160	0.160	0.160	0.160	0.160	0.187	0.187	0.214	0.214	0.214	0.214	0.214	0.214	0.214	0.214	0.214	0.214	0.214	0.214	0.214	0.214	0.214	0.214	
0.160	0.160	0.160	0.160	0.160	0.160	0.160	0.160	0.160	0.160	0.160	0.187	0.214	0.214	0.214	0.214	0.214	0.214	0.214	0.214	0.214	0.214	0.214	0.214	0.214	0.214	0.214	0.214	
0.160	0.160	0.160	0.160	0.160	0.160	0.160	0.160	0.160	0.160	0.160	0.187	0.214	0.214	0.214	0.214	0.214	0.214	0.214	0.214	0.214	0.214	0.214	0.214	0.214	0.214	0.214	0.214	
0.168	0.160	0.160	0.160	0.160	0.160	0.160	0.160	0.160	0.160	0.160	0.187	0.214	0.214	0.214	0.214	0.214	0.214	0.214	0.214	0.214	0.214	0.214	0.214	0.214	0.214	0.214	0.214	
0.168	0.160	0.160	0.160	0.160	0.160	0.160	0.160	0.160	0.160	0.160	0.187	0.214	0.214	0.214	0.214	0.214	0.214	0.214	0.214	0.214	0.214	0.214	0.214	0.214	0.214	0.214	0.214	
0.168	0.160	0.160	0.160	0.160	0.160	0.160	0.160	0.160	0.160	0.160	0.187	0.214	0.214	0.214	0.214	0.214	0.214	0.214	0.214	0.214	0.214	0.214	0.214	0.214	0.214	0.214	0.214	
0.168	0.168	0.160	0.160	0.160	0.160	0.160	0.160	0.160	0.160	0.160	0.187	0.214	0.214	0.214	0.214	0.214	0.214	0.214	0.214	0.214	0.214	0.214	0.214	0.214	0.214	0.214	0.214	
0.175	0.168	0.160	0.160	0.160	0.160	0.160	0.160	0.160	0.160	0.160	0.187	0.214	0.214	0.214	0.214	0.214	0.214	0.214	0.214	0.214	0.214	0.214	0.214	0.214	0.214	0.214	0.214	
0.175	0.168	0.160	0.160	0.160	0.160	0.160	0.160	0.160	0.160	0.160	0.187	0.214	0.214	0.214	0.214	0.214	0.214	0.214	0.214	0.214	0.214	0.214	0.214	0.214	0.214	0.214	0.214	
0.175	0.168	0.168	0.160	0.160	0.160	0.160	0.160	0.160	0.160	0.160	0.187	0.214	0.214	0.214	0.214	0.214	0.214	0.214	0.214	0.214	0.214	0.214	0.214	0.214	0.214	0.214	0.214	
0.175	0.175	0.168	0.160	0.160	0.160	0.160	0.160	0.160	0.160	0.160	0.187	0.214	0.214	0.214	0.214	0.214	0.214	0.214	0.214	0.214	0.214	0.214	0.214	0.214	0.214	0.214	0.158	
0.175	0.175	0.168	0.160	0.160	0.160	0.160	0.160	0.160	0.160	0.160	0.187	0.214	0.214	0.214	0.214	0.214	0.214	0.214	0.214	0.214	0.214	0.214	0.214	0.214	0.214	0.214	0.158	
0.175	0.175	0.168	0.168	0.160	0.160	0.160	0.160	0.160	0.160	0.160	0.187	0.187	0.214	0.214	0.214	0.214	0.214	0.214	0.214	0.214	0.214	0.214	0.214	0.214	0.214	0.158	0.158	
0.175	0.175	0.175	0.168	0.160	0.160	0.160	0.160	0.160	0.160	0.160	0.160	0.187	0.214	0.214	0.214	0.214	0.214	0.214	0.214	0.214	0.214	0.214	0.214	0.214	0.214	0.158	0.103	
0.175	0.175	0.175	0.168	0.160	0.160	0.160	0.160	0.160	0.160	0.160	0.160	0.187	0.214	0.214	0.214	0.214	0.214	0.214	0.214	0.214	0.214	0.214	0.214	0.214	0.214	0.158	0.103	
0.175	0.175	0.175	0.168	0.168	0.160	0.160	0.160	0.160	0.160	0.160	0.160	0.187	0.214	0.214	0.214	0.214	0.214	0.214	0.214	0.214	0.214	0.214	0.214	0.214	0.158	0.158	0.103	
0.175	0.175	0.175	0.175	0.168	0.160	0.160	0.160	0.160	0.160	0.160	0.160	0.187	0.214	0.214	0.214	0.214	0.214	0.214	0.214	0.214	0.214	0.214	0.214	0.214	0.158	0.103	0.103	
0.175	0.175	0.175	0.175	0.168	0.160	0.160	0.160	0.160	0.160	0.160	0.160	0.187	0.214	0.214	0.214	0.214	0.214	0.214	0.214	0.214	0.214	0.214	0.214	0.158	0.158	0.103	0.103	
0.175	0.175	0.175	0.175	0.168	0.168	0.160	0.160	0.160	0.160	0.160	0.160	0.187	0.214	0.214	0.214	0.214	0.214	0.214	0.214	0.214	0.214	0.214	0.214	0.158	0.103	0.103	0.103	
0.175	0.175	0.175	0.175	0.175	0.168	0.160	0.160	0.160	0.160	0.160	0.160	0.187	0.214	0.214	0.214	0.214	0.214	0.214	0.214	0.214	0.214	0.214	0.158	0.158	0.103	0.103	0.077	
0.175	0.175	0.175	0.175	0.175	0.168	0.168	0.160	0.160	0.160	0.160	0.160	0.187	0.214	0.214	0.214	0.214	0.214	0.214	0.214	0.214	0.214	0.214	0.158	0.103	0.103	0.103	0.077	
0.175	0.175	0.175	0.175	0.175	0.175	0.168	0.160	0.160	0.160	0.160	0.160	0.187	0.214	0.214	0.214	0.214	0.214	0.214	0.214	0.214	0.214	0.158	0.158	0.103	0.103	0.077	0.077	
0.175	0.175	0.175	0.175	0.175	0.175	0.168	0.160	0.160	0.160	0.160	0.160	0.187	0.214	0.214	0.214	0.214	0.214	0.214	0.214	0.214	0.214	0.158	0.103	0.103	0.103	0.077	0.050	
0.175	0.175	0.175	0.175	0.175	0.175	0.168	0.168	0.160	0.160	0.160	0.160	0.187	0.214	0.214	0.214	0.214	0.214	0.214	0.214	0.214	0.158	0.158	0.103	0.103	0.077	0.077	0.050	
0.175	0.175	0.175	0.175	0.175	0.175	0.175	0.168	0.160	0.160	0.160	0.160	0.187	0.187	0.214	0.214	0.214	0.214	0.214	0.214	0.214	0.158	0.103	0.103	0.103	0.077	0.050	0.050	
0.115	0.175	0.175	0.175	0.175	0.175	0.175	0.168	0.160	0.160	0.160	0.160	0.160	0.187	0.214	0.214	0.214	0.214	0.214	0.214	0.158	0.158	0.103	0.103	0.077	0.077	0.050	0.050	
0.115	0.175	0.175	0.175	0.175	0.175	0.175	0.168	0.168	0.160	0.160	0.160	0.160	0.187	0.214	0.214	0.214	0.214	0.214	0.214	0.158	0.103	0.103	0.103	0.077	0.050	0.050	0.050	
0.115	0.115	0.175	0.175	0.175	0.175	0.175	0.175	0.168	0.160	0.160	0.160	0.160	0.187	0.214	0.214	0.214	0.214	0.214	0.158	0.158	0.103	0.103	0.077	0.077	0.050	0.050	0.050	
0.056	0.115	0.115	0.175	0.175	0.175	0.175	0.175	0.168	0.160	0.160	0.160	0.160	0.187	0.214	0.214	0.214	0.214	0.214	0.158	0.103	0.103	0.103	0.077	0.050	0.050	0.050	0.050	
0.056	0.056	0.115	0.115	0.175	0.175	0.175	0.175	0.168	0.168	0.160	0.160	0.160	0.187	0.214	0.214	0.214	0.214	0.158	0.158	0.103	0.103	0.077	0.077	0.050	0.050	0.050	0.050	
0.056	0.056	0.056	0.115	0.115	0.175	0.175	0.175	0.175	0.168	0.160	0.160	0.160	0.187	0.214	0.214	0.214	0.214	0.158	0.103	0.103	0.103	0.077	0.050	0.050	0.050	0.050	0.050	
0.056	0.056	0.056	0.056	0.115	0.175	0.175	0.175	0.175	0.168	0.160	0.160	0.160	0.187	0.214	0.214	0.214	0.158	0.158	0.103	0.103	0.077	0.077	0.050	0.050	0.050	0.050	0.050	
0.056	0.056	0.056	0.056	0.115	0.115	0.175	0.175	0.175	0.168	0.168	0.160	0.160	0.187	0.214	0.214	0.214	0.158	0.103	0.103	0.103	0.077	0.050	0.050	0.050	0.050	0.050	0.050	
0.056	0.056	0.056	0.056	0.056	0.115	0.115	0.175	0.175	0.175	0.168	0.160	0.160	0.187	0.214	0.214	0.158	0.158	0.103	0.103	0.077	0.077	0.050	0.050	0.050	0.050	0.050	0.050	
0.056	0.056	0.056	0.056	0.056	0.056	0.115	0.115	0.175	0.175	0.159	0.151	0.147	0.169	0.161	0.174	0.150	0.103	0.103	0.103	0.077	0.050	0.050	0.050	0.050	0.050	0.050	0.050	
0.040	0.040	0.056	0.056	0.056	0.056	0.056	0.115	0.115	0.158	0.158	0.151	0.145	0.135	0.135	0.135	0.106	0.106	0.091	0.091	0.077	0.050	0.050	0.050	0.050	0.050	0.025	0.025	
0.025	0.040	0.040	0.040	0.040	0.056	0.056	0.053	0.094	0.122	0.096	0.141	0.209	0.135	0.127	0.135	0.107	0.091	0.087	0.079	0.065	0.050	0.050	0.050	0.025	0.025	0.025	0.000	
0.025	0.025	0.025	0.025	0.040	0.040	0.040	0.054	0.053	0.050	0.089	0.189	0.209	0.199	0.127	0.088	0.080	0.079	0.061	0.079	0.043	0.025	0.025	0.025	0.025	0.000	0.000	0.000	
0.025	0.025	0.025	0.025	0.025	0.025	0.046	0.056	0.053	0.060	0.063	0.213	0.351	0.231	0.112	0.068	0.052	0.043	0.061	0.035	0.040	0.017	0.025	0.000	0.000	0.000	0.000	0.000	
0.025	0.025	0.025	0.025	0.025	0.025	0.040	0.056	0.056	0.065	0.075	0.213	0.266	0.278	0.169	0.169	0.025	0.025	0.025	0.013	0.000	0.000	0.000	0.000	0.000	0.000	0.000	0.000	
0.000	0.000	0.000	0.000	0.000	0.000	0.056	0.056	0.056	0.056	0.000	0.000	0.223	0.372	0.372	0.198	0.025	0.025	0.025	0.013	0.000	0.000	0.000	0.000	0.000	0.000	0.000	0.000	
0.000	0.000	0.000	0.000	0.000	0.000	0.000	0.000	0.000	0.000	0.000	0.000	0.372	0.372	0.372	0.372	0.000	0.000	0.000	0.000	0.000	0.000	0.000	0.000	0.000	0.000	0.000	0.000	
0.000	0.000	0.000	0.000	0.000	0.000	0.000	0.000	0.000	0.000	0.000	0.000	0.687	0.687	0.687	0.687	0.000	0.000	0.000	0.000	0.000	0.000	0.000	0.000	0.000	0.000	0.000	0.000	
0.000	0.000	0.000	0.000	0.000	0.000	0.000	0.000	0.000	0.000	0.000	0.000	1.003	1.003	1.003	1.003	0.000	0.000	0.000	0.000	0.000	0.000	0.000	0.000	0.000	0.000	0.000	0.000	
0.000	0.000	0.000	0.000	0.000	0.000	0.000	0.000	0.000	0.000	0.000	0.000	1.003	1.003	1.003	1.003	0.000	0.000	0.000	0.000	0.000	0.000	0.000	0.000	0.000	0.000	0.000	0.000	
