0.190	0.190	0.190	0.190	0.190	0.190	0.190	0.190	0.190	0.151	0.112	0.112	0.112	0.112	0.112	0.112	0.112	0.112	0.112	0.112	0.112	0.112	0.112	0.112	0.112	0.112	0.112	0.112	
0.190	0.190	0.190	0.190	0.190	0.190	0.190	0.190	0.190	0.151	0.112	0.112	0.112	0.112	0.112	0.112	0.112	0.112	0.112	0.112	0.112	0.112	0.112	0.112	0.112	0.112	0.112	0.112	
0.190	0.190	0.190	0.190	0.190	0.190	0.190	0.190	0.190	0.151	0.151	0.112	0.112	0.112	0.112	0.112	0.112	0.112	0.112	0.112	0.112	0.112	0.112	0.112	0.112	0.112	0.112	0.112	
0.190	0.190	0.190	0.190	0.190	0.190	0.190	0.190	0.190	0.190	0.151	0.112	0.112	0.112	0.112	0.112	0.112	0.112	0.112	0.112	0.112	0.112	0.112	0.112	0.112	0.112	0.112	0.112	
0.190	0.190	0.190	0.190	0.190	0.190	0.190	0.190	0.190	0.190	0.151	0.112	0.112	0.112	0.112	0.112	0.112	0.112	0.112	0.112	0.112	0.112	0.112	0.112	0.112	0.112	0.112	0.112	
0.190	0.190	0.190	0.190	0.190	0.190	0.190	0.190	0.190	0.190	0.151	0.112	0.112	0.112	0.112	0.112	0.112	0.112	0.112	0.112	0.112	0.112	0.112	0.112	0.112	0.112	0.112	0.112	
0.190	0.190	0.190	0.190	0.190	0.190	0.190	0.190	0.190	0.190	0.151	0.112	0.112	0.112	0.112	0.112	0.112	0.112	0.112	0.112	0.112	0.112	0.112	0.112	0.112	0.112	0.112	0.112	
0.190	0.190	0.190	0.190	0.190	0.190	0.190	0.190	0.190	0.190	0.151	0.112	0.112	0.112	0.112	0.112	0.112	0.112	0.112	0.112	0.112	0.112	0.112	0.112	0.112	0.112	0.112	0.112	
0.190	0.190	0.190	0.190	0.190	0.190	0.190	0.190	0.190	0.190	0.151	0.112	0.112	0.112	0.112	0.112	0.112	0.112	0.112	0.112	0.112	0.112	0.112	0.112	0.112	0.112	0.112	0.112	
0.190	0.190	0.190	0.190	0.190	0.190	0.190	0.190	0.190	0.190	0.151	0.112	0.112	0.112	0.112	0.112	0.112	0.112	0.112	0.112	0.112	0.112	0.112	0.112	0.112	0.112	0.112	0.112	
0.190	0.190	0.190	0.190	0.190	0.190	0.190	0.190	0.190	0.190	0.151	0.112	0.112	0.112	0.112	0.112	0.112	0.112	0.112	0.112	0.112	0.112	0.112	0.112	0.112	0.112	0.112	0.112	
0.190	0.190	0.190	0.190	0.190	0.190	0.190	0.190	0.190	0.190	0.151	0.112	0.112	0.112	0.112	0.112	0.112	0.112	0.112	0.112	0.112	0.112	0.112	0.112	0.112	0.112	0.112	0.112	
0.190	0.190	0.190	0.190	0.190	0.190	0.190	0.190	0.190	0.190	0.151	0.112	0.112	0.112	0.112	0.112	0.112	0.112	0.112	0.112	0.112	0.112	0.112	0.112	0.112	0.112	0.112	0.112	
0.190	0.190	0.190	0.190	0.190	0.190	0.190	0.190	0.190	0.190	0.151	0.151	0.112	0.112	0.112	0.112	0.112	0.112	0.112	0.112	0.112	0.112	0.112	0.112	0.112	0.112	0.112	0.112	
0.190	0.190	0.190	0.190	0.190	0.190	0.190	0.190	0.190	0.190	0.190	0.151	0.112	0.112	0.112	0.112	0.112	0.112	0.112	0.112	0.112	0.112	0.112	0.112	0.112	0.112	0.112	0.112	
0.190	0.190	0.190	0.190	0.190	0.190	0.190	0.190	0.190	0.190	0.190	0.151	0.112	0.112	0.112	0.112	0.112	0.112	0.112	0.112	0.112	0.112	0.112	0.112	0.112	0.112	0.112	0.112	
0.190	0.190	0.190	0.190	0.190	0.190	0.190	0.190	0.190	0.190	0.190	0.151	0.112	0.112	0.112	0.112	0.112	0.112	0.112	0.112	0.112	0.112	0.112	0.112	0.112	0.112	0.112	0.112	
0.190	0.190	0.190	0.190	0.190	0.190	0.190	0.190	0.190	0.190	0.190	0.151	0.112	0.112	0.112	0.112	0.112	0.112	0.112	0.112	0.112	0.112	0.112	0.112	0.112	0.112	0.112	0.112	
0.190	0.190	0.190	0.190	0.190	0.190	0.190	0.190	0.190	0.190	0.190	0.151	0.112	0.112	0.112	0.112	0.112	0.112	0.112	0.112	0.112	0.112	0.112	0.112	0.112	0.112	0.112	0.112	
0.171	0.190	0.190	0.190	0.190	0.190	0.190	0.190	0.190	0.190	0.190	0.151	0.112	0.112	0.112	0.112	0.112	0.112	0.112	0.112	0.112	0.112	0.112	0.112	0.112	0.112	0.112	0.112	
0.171	0.190	0.190	0.190	0.190	0.190	0.190	0.190	0.190	0.190	0.190	0.151	0.112	0.112	0.112	0.112	0.112	0.112	0.112	0.112	0.112	0.112	0.112	0.112	0.112	0.112	0.112	0.112	
0.171	0.190	0.190	0.190	0.190	0.190	0.190	0.190	0.190	0.190	0.190	0.151	0.112	0.112	0.112	0.112	0.112	0.112	0.112	0.112	0.112	0.112	0.112	0.112	0.112	0.112	0.112	0.112	
0.171	0.171	0.190	0.190	0.190	0.190	0.190	0.190	0.190	0.190	0.190	0.151	0.112	0.112	0.112	0.112	0.112	0.112	0.112	0.112	0.112	0.112	0.112	0.112	0.112	0.112	0.112	0.112	
0.152	0.171	0.190	0.190	0.190	0.190	0.190	0.190	0.190	0.190	0.190	0.151	0.112	0.112	0.112	0.112	0.112	0.112	0.112	0.112	0.112	0.112	0.112	0.112	0.112	0.112	0.112	0.118	
0.152	0.171	0.171	0.190	0.190	0.190	0.190	0.190	0.190	0.190	0.190	0.151	0.151	0.112	0.112	0.112	0.112	0.112	0.112	0.112	0.112	0.112	0.112	0.112	0.112	0.112	0.112	0.118	
0.152	0.152	0.171	0.190	0.190	0.190	0.190	0.190	0.190	0.190	0.190	0.190	0.151	0.112	0.112	0.112	0.112	0.112	0.112	0.112	0.112	0.112	0.112	0.112	0.112	0.112	0.118	0.118	
0.152	0.152	0.171	0.190	0.190	0.190	0.190	0.190	0.190	0.190	0.190	0.190	0.151	0.112	0.112	0.112	0.112	0.112	0.112	0.112	0.112	0.112	0.112	0.112	0.112	0.112	0.118	0.125	
0.152	0.152	0.171	0.171	0.190	0.190	0.190	0.190	0.190	0.190	0.190	0.190	0.151	0.112	0.112	0.112	0.112	0.112	0.112	0.112	0.112	0.112	0.112	0.112	0.112	0.118	0.118	0.125	
0.152	0.152	0.152	0.171	0.190	0.190	0.190	0.190	0.190	0.190	0.190	0.190	0.151	0.112	0.112	0.112	0.112	0.112	0.112	0.112	0.112	0.112	0.112	0.112	0.112	0.118	0.125	0.125	
0.152	0.152	0.152	0.171	0.190	0.190	0.190	0.190	0.190	0.190	0.190	0.190	0.151	0.112	0.112	0.112	0.112	0.112	0.112	0.112	0.112	0.112	0.112	0.112	0.118	0.118	0.125	0.125	
0.152	0.152	0.152	0.171	0.171	0.190	0.190	0.190	0.190	0.190	0.190	0.190	0.151	0.112	0.112	0.112	0.112	0.112	0.112	0.112	0.112	0.112	0.112	0.112	0.118	0.125	0.125	0.125	
0.152	0.152	0.152	0.152	0.171	0.190	0.190	0.190	0.190	0.190	0.190	0.190	0.151	0.112	0.112	0.112	0.112	0.112	0.112	0.112	0.112	0.112	0.112	0.118	0.118	0.125	0.125	0.125	
0.152	0.152	0.152	0.152	0.171	0.171	0.190	0.190	0.190	0.190	0.190	0.190	0.151	0.112	0.112	0.112	0.112	0.112	0.112	0.112	0.112	0.112	0.112	0.118	0.125	0.125	0.125	0.125	
0.152	0.152	0.152	0.152	0.152	0.171	0.190	0.190	0.190	0.190	0.190	0.190	0.151	0.112	0.112	0.112	0.112	0.112	0.112	0.112	0.112	0.112	0.118	0.118	0.125	0.125	0.125	0.125	
0.152	0.152	0.152	0.152	0.152	0.171	0.190	0.190	0.190	0.190	0.190	0.190	0.151	0.112	0.112	0.112	0.112	0.112	0.112	0.112	0.112	0.112	0.118	0.125	0.125	0.125	0.125	0.125	
0.152	0.152	0.152	0.152	0.152	0.171	0.171	0.190	0.190	0.190	0.190	0.190	0.151	0.151	0.112	0.112	0.112	0.112	0.112	0.112	0.112	0.118	0.118	0.125	0.125	0.125	0.125	0.125	
0.152	0.152	0.152	0.152	0.152	0.152	0.171	0.190	0.190	0.190	0.190	0.190	0.190	0.151	0.112	0.112	0.112	0.112	0.112	0.112	0.112	0.118	0.125	0.125	0.125	0.125	0.125	0.080	
0.152	0.152	0.152	0.152	0.152	0.152	0.171	0.190	0.190	0.190	0.190	0.190	0.190	0.151	0.112	0.112	0.112	0.112	0.112	0.112	0.112	0.118	0.125	0.125	0.125	0.125	0.125	0.080	
0.152	0.152	0.152	0.152	0.152	0.152	0.171	0.171	0.190	0.190	0.190	0.190	0.190	0.151	0.112	0.112	0.112	0.112	0.112	0.112	0.118	0.118	0.125	0.125	0.125	0.125	0.080	0.080	
0.116	0.116	0.152	0.152	0.152	0.152	0.152	0.171	0.190	0.190	0.190	0.190	0.190	0.151	0.112	0.112	0.112	0.112	0.112	0.112	0.118	0.125	0.125	0.125	0.125	0.080	0.080	0.035	
0.079	0.116	0.116	0.152	0.152	0.152	0.152	0.171	0.171	0.190	0.190	0.190	0.190	0.151	0.112	0.112	0.112	0.112	0.112	0.118	0.118	0.125	0.125	0.125	0.080	0.080	0.035	0.035	
0.079	0.079	0.116	0.116	0.152	0.152	0.152	0.152	0.171	0.190	0.190	0.190	0.190	0.140	0.112	0.112	0.112	0.112	0.112	0.118	0.125	0.125	0.125	0.080	0.080	0.035	0.035	0.035	
0.079	0.079	0.079	0.116	0.116	0.152	0.152	0.152	0.171	0.190	0.190	0.190	0.158	0.140	0.123	0.112	0.112	0.112	0.118	0.118	0.125	0.125	0.080	0.080	0.035	0.035	0.035	0.035	
0.079	0.079	0.079	0.079	0.116	0.116	0.152	0.152	0.171	0.171	0.190	0.190	0.158	0.130	0.123	0.123	0.112	0.112	0.118	0.125	0.125	0.125	0.080	0.035	0.035	0.035	0.035	0.035	
0.079	0.079	0.079	0.079	0.079	0.116	0.116	0.152	0.152	0.171	0.190	0.158	0.158	0.130	0.135	0.123	0.133	0.130	0.118	0.125	0.125	0.080	0.080	0.035	0.035	0.035	0.035	0.046	
0.102	0.102	0.079	0.079	0.079	0.079	0.116	0.116	0.089	0.101	0.113	0.117	0.125	0.130	0.135	0.143	0.143	0.139	0.109	0.087	0.080	0.080	0.035	0.035	0.035	0.046	0.046	0.046	
0.125	0.102	0.102	0.102	0.079	0.079	0.079	0.085	0.089	0.030	0.035	0.080	0.087	0.116	0.119	0.130	0.152	0.101	0.101	0.087	0.070	0.035	0.035	0.035	0.046	0.046	0.056	0.056	
0.125	0.125	0.125	0.102	0.102	0.102	0.079	0.060	0.025	0.030	0.028	0.053	0.068	0.102	0.103	0.128	0.128	0.089	0.038	0.050	0.045	0.043	0.046	0.046	0.046	0.056	0.056	0.056	
0.125	0.125	0.125	0.125	0.125	0.102	0.093	0.060	0.050	0.042	0.025	0.053	0.058	0.081	0.081	0.100	0.127	0.076	0.038	0.042	0.050	0.047	0.046	0.056	0.056	0.056	0.056	0.056	
0.125	0.125	0.125	0.125	0.125	0.125	0.100	0.075	0.075	0.050	0.025	0.038	0.038	0.060	0.071	0.099	0.127	0.076	0.025	0.038	0.050	0.053	0.056	0.056	0.056	0.056	0.056	0.056	
0.000	0.000	0.000	0.000	0.000	0.000	0.000	0.000	0.000	0.000	0.025	0.038	0.050	0.060	0.071	0.099	0.000	0.025	0.025	0.025	0.000	0.000	0.000	0.000	0.000	0.000	0.000	0.000	
0.000	0.000	0.000	0.000	0.000	0.000	0.000	0.000	0.000	0.000	0.000	0.000	0.050	0.060	0.071	0.071	0.000	0.000	0.000	0.000	0.000	0.000	0.000	0.000	0.000	0.000	0.000	0.000	
0.000	0.000	0.000	0.000	0.000	0.000	0.000	0.000	0.000	0.000	0.000	0.000	0.050	0.060	0.071	0.071	0.000	0.000	0.000	0.000	0.000	0.000	0.000	0.000	0.000	0.000	0.000	0.000	
0.000	0.000	0.000	0.000	0.000	0.000	0.000	0.000	0.000	0.000	0.000	0.000	0.050	0.060	0.071	0.071	0.000	0.000	0.000	0.000	0.000	0.000	0.000	0.000	0.000	0.000	0.000	0.000	
0.000	0.000	0.000	0.000	0.000	0.000	0.000	0.000	0.000	0.000	0.000	0.000	0.050	0.060	0.071	0.071	0.000	0.000	0.000	0.000	0.000	0.000	0.000	0.000	0.000	0.000	0.000	0.000	
