0.704	0.704	0.704	0.704	0.704	0.704	0.704	0.704	0.704	0.704	0.704	0.704	0.704	0.704	0.704	0.704	0.704	0.704	0.704	0.704	0.668	0.668	0.633	0.658	0.682	0.682	0.682	0.682	
0.704	0.704	0.704	0.704	0.704	0.704	0.704	0.704	0.704	0.704	0.704	0.704	0.704	0.704	0.704	0.704	0.704	0.704	0.704	0.704	0.668	0.633	0.633	0.658	0.682	0.682	0.682	0.682	
0.704	0.704	0.704	0.704	0.704	0.704	0.704	0.704	0.704	0.704	0.704	0.704	0.704	0.704	0.704	0.704	0.704	0.704	0.704	0.704	0.668	0.633	0.658	0.658	0.682	0.682	0.682	0.682	
0.704	0.704	0.704	0.704	0.704	0.704	0.704	0.704	0.704	0.704	0.704	0.704	0.704	0.704	0.704	0.704	0.704	0.704	0.704	0.668	0.668	0.633	0.658	0.682	0.682	0.682	0.682	0.682	
0.704	0.704	0.704	0.704	0.704	0.704	0.704	0.704	0.704	0.704	0.704	0.704	0.704	0.704	0.704	0.704	0.704	0.704	0.704	0.668	0.633	0.633	0.658	0.682	0.682	0.682	0.682	0.682	
0.704	0.704	0.704	0.704	0.704	0.704	0.704	0.704	0.704	0.704	0.704	0.704	0.704	0.704	0.704	0.704	0.704	0.704	0.704	0.668	0.633	0.633	0.658	0.682	0.682	0.682	0.682	0.682	
0.627	0.704	0.704	0.704	0.704	0.704	0.704	0.704	0.704	0.704	0.704	0.704	0.704	0.704	0.704	0.704	0.704	0.704	0.668	0.668	0.633	0.658	0.658	0.682	0.682	0.682	0.682	0.682	
0.627	0.704	0.704	0.704	0.704	0.704	0.704	0.704	0.704	0.704	0.704	0.704	0.704	0.704	0.704	0.704	0.704	0.704	0.668	0.633	0.633	0.658	0.682	0.682	0.682	0.682	0.682	0.682	
0.627	0.627	0.704	0.704	0.704	0.704	0.704	0.704	0.704	0.704	0.704	0.704	0.704	0.704	0.704	0.704	0.704	0.704	0.668	0.633	0.633	0.658	0.682	0.682	0.682	0.682	0.682	0.682	
0.551	0.627	0.704	0.704	0.704	0.704	0.704	0.704	0.704	0.704	0.704	0.704	0.704	0.704	0.704	0.704	0.704	0.668	0.668	0.633	0.633	0.658	0.682	0.682	0.682	0.682	0.682	0.682	
0.551	0.627	0.627	0.704	0.704	0.704	0.704	0.704	0.704	0.704	0.704	0.704	0.704	0.704	0.704	0.704	0.704	0.668	0.633	0.633	0.633	0.658	0.682	0.682	0.682	0.682	0.682	0.682	
0.604	0.551	0.627	0.704	0.704	0.704	0.704	0.704	0.704	0.704	0.704	0.704	0.704	0.704	0.704	0.704	0.704	0.668	0.633	0.633	0.658	0.658	0.682	0.682	0.682	0.682	0.682	0.682	
0.604	0.551	0.627	0.627	0.704	0.704	0.704	0.704	0.704	0.704	0.704	0.704	0.704	0.704	0.704	0.704	0.668	0.668	0.633	0.633	0.658	0.682	0.682	0.682	0.682	0.682	0.682	0.682	
0.604	0.604	0.551	0.627	0.627	0.704	0.704	0.704	0.704	0.704	0.704	0.704	0.704	0.704	0.704	0.704	0.668	0.633	0.633	0.633	0.658	0.682	0.682	0.682	0.682	0.682	0.682	0.682	
0.658	0.604	0.551	0.551	0.627	0.704	0.704	0.704	0.704	0.704	0.704	0.704	0.704	0.704	0.704	0.704	0.668	0.633	0.633	0.633	0.658	0.682	0.682	0.682	0.682	0.682	0.682	0.682	
0.658	0.604	0.604	0.551	0.627	0.627	0.704	0.704	0.704	0.704	0.704	0.704	0.704	0.704	0.704	0.704	0.668	0.633	0.633	0.658	0.658	0.682	0.682	0.682	0.682	0.682	0.682	0.682	
0.658	0.658	0.604	0.551	0.551	0.627	0.704	0.704	0.704	0.704	0.704	0.704	0.704	0.704	0.704	0.668	0.668	0.633	0.633	0.658	0.682	0.682	0.682	0.682	0.682	0.682	0.682	0.682	
0.658	0.658	0.604	0.604	0.551	0.627	0.627	0.704	0.704	0.704	0.704	0.704	0.704	0.704	0.704	0.668	0.633	0.633	0.633	0.658	0.682	0.682	0.682	0.682	0.682	0.682	0.682	0.682	
0.658	0.658	0.658	0.604	0.551	0.551	0.627	0.704	0.704	0.704	0.704	0.704	0.704	0.704	0.704	0.668	0.633	0.633	0.633	0.658	0.682	0.682	0.682	0.682	0.682	0.682	0.682	0.682	
0.658	0.658	0.658	0.604	0.604	0.551	0.627	0.627	0.704	0.704	0.704	0.704	0.704	0.704	0.668	0.668	0.633	0.633	0.658	0.658	0.682	0.682	0.682	0.682	0.682	0.682	0.682	0.682	
0.658	0.658	0.658	0.658	0.604	0.551	0.551	0.627	0.627	0.704	0.704	0.704	0.704	0.704	0.668	0.633	0.633	0.633	0.658	0.682	0.682	0.682	0.682	0.682	0.682	0.682	0.682	0.682	
0.658	0.658	0.658	0.658	0.604	0.604	0.551	0.551	0.627	0.704	0.704	0.704	0.704	0.704	0.668	0.633	0.633	0.633	0.658	0.682	0.682	0.682	0.682	0.682	0.682	0.682	0.682	0.682	
0.658	0.658	0.658	0.658	0.658	0.604	0.551	0.551	0.627	0.627	0.704	0.704	0.704	0.668	0.668	0.633	0.633	0.633	0.658	0.682	0.682	0.682	0.682	0.682	0.682	0.682	0.682	0.682	
0.658	0.658	0.658	0.658	0.658	0.604	0.604	0.551	0.551	0.627	0.704	0.704	0.704	0.668	0.633	0.633	0.633	0.642	0.655	0.682	0.682	0.682	0.682	0.682	0.682	0.682	0.682	0.682	
0.658	0.658	0.658	0.658	0.658	0.658	0.604	0.551	0.551	0.627	0.627	0.704	0.704	0.668	0.633	0.633	0.633	0.642	0.666	0.682	0.682	0.682	0.682	0.682	0.682	0.682	0.682	0.682	
0.658	0.658	0.658	0.658	0.658	0.658	0.604	0.604	0.551	0.551	0.627	0.627	0.668	0.668	0.633	0.633	0.642	0.642	0.666	0.682	0.682	0.682	0.682	0.682	0.682	0.682	0.682	0.682	
0.658	0.658	0.658	0.658	0.658	0.658	0.658	0.604	0.604	0.551	0.551	0.602	0.629	0.633	0.633	0.642	0.642	0.650	0.666	0.682	0.682	0.682	0.682	0.682	0.682	0.682	0.682	0.682	
0.658	0.658	0.658	0.658	0.658	0.658	0.658	0.658	0.604	0.513	0.525	0.551	0.592	0.592	0.602	0.619	0.650	0.650	0.666	0.666	0.682	0.682	0.682	0.682	0.682	0.682	0.682	0.682	
0.658	0.658	0.658	0.658	0.658	0.658	0.658	0.566	0.561	0.513	0.513	0.551	0.551	0.563	0.563	0.613	0.613	0.650	0.650	0.666	0.682	0.682	0.682	0.682	0.682	0.682	0.682	0.682	
0.658	0.658	0.658	0.658	0.606	0.606	0.606	0.563	0.475	0.475	0.513	0.551	0.551	0.563	0.575	0.575	0.613	0.584	0.594	0.646	0.644	0.644	0.644	0.644	0.644	0.644	0.644	0.644	
0.606	0.606	0.606	0.606	0.606	0.555	0.555	0.515	0.515	0.475	0.513	0.513	0.551	0.563	0.575	0.575	0.550	0.550	0.565	0.605	0.605	0.605	0.605	0.605	0.605	0.605	0.605	0.605	
0.555	0.555	0.555	0.555	0.555	0.555	0.555	0.555	0.515	0.451	0.451	0.484	0.489	0.526	0.575	0.550	0.550	0.526	0.565	0.605	0.605	0.605	0.605	0.605	0.605	0.605	0.605	0.605	
0.555	0.555	0.555	0.555	0.555	0.555	0.555	0.555	0.486	0.486	0.428	0.428	0.489	0.518	0.550	0.550	0.526	0.526	0.565	0.605	0.605	0.605	0.605	0.605	0.605	0.605	0.605	0.605	
0.555	0.555	0.555	0.555	0.555	0.555	0.555	0.555	0.470	0.428	0.428	0.428	0.489	0.551	0.551	0.538	0.538	0.526	0.545	0.545	0.555	0.555	0.555	0.555	0.555	0.555	0.555	0.555	
0.555	0.555	0.555	0.555	0.555	0.555	0.492	0.492	0.492	0.428	0.428	0.428	0.489	0.551	0.551	0.489	0.501	0.477	0.486	0.506	0.506	0.506	0.506	0.506	0.506	0.506	0.506	0.506	
0.504	0.504	0.504	0.504	0.504	0.479	0.479	0.428	0.428	0.428	0.410	0.401	0.451	0.463	0.551	0.489	0.428	0.428	0.467	0.506	0.506	0.506	0.506	0.506	0.506	0.506	0.506	0.506	
0.453	0.453	0.453	0.453	0.453	0.453	0.440	0.440	0.428	0.428	0.401	0.375	0.375	0.425	0.443	0.443	0.428	0.428	0.467	0.506	0.506	0.506	0.506	0.506	0.506	0.506	0.506	0.506	
0.453	0.453	0.453	0.453	0.453	0.453	0.453	0.440	0.411	0.385	0.385	0.375	0.375	0.362	0.350	0.389	0.389	0.428	0.436	0.440	0.506	0.506	0.506	0.506	0.506	0.506	0.506	0.506	
0.453	0.453	0.453	0.453	0.453	0.453	0.453	0.453	0.403	0.354	0.364	0.335	0.334	0.362	0.350	0.312	0.351	0.351	0.359	0.440	0.440	0.440	0.440	0.440	0.440	0.440	0.440	0.506	
0.453	0.453	0.453	0.453	0.453	0.453	0.453	0.403	0.403	0.354	0.354	0.335	0.313	0.313	0.312	0.312	0.275	0.275	0.325	0.375	0.375	0.375	0.375	0.375	0.375	0.375	0.440	0.440	
0.391	0.391	0.391	0.391	0.391	0.391	0.391	0.378	0.341	0.354	0.315	0.315	0.276	0.313	0.294	0.276	0.275	0.275	0.325	0.375	0.375	0.375	0.375	0.375	0.375	0.375	0.375	0.375	
0.391	0.329	0.329	0.329	0.329	0.329	0.329	0.329	0.320	0.315	0.302	0.276	0.276	0.251	0.276	0.276	0.276	0.276	0.309	0.326	0.375	0.375	0.375	0.375	0.375	0.375	0.375	0.375	
0.329	0.329	0.329	0.329	0.329	0.329	0.329	0.329	0.302	0.276	0.276	0.251	0.239	0.251	0.276	0.276	0.276	0.276	0.276	0.326	0.326	0.326	0.294	0.294	0.294	0.294	0.294	0.294	
0.329	0.329	0.329	0.329	0.329	0.278	0.278	0.278	0.277	0.251	0.276	0.239	0.202	0.239	0.218	0.226	0.243	0.276	0.276	0.276	0.244	0.288	0.294	0.212	0.212	0.212	0.212	0.212	
0.329	0.278	0.278	0.278	0.278	0.278	0.226	0.226	0.226	0.234	0.238	0.226	0.184	0.176	0.176	0.177	0.222	0.222	0.245	0.234	0.244	0.212	0.212	0.212	0.212	0.212	0.212	0.212	
0.243	0.243	0.201	0.226	0.226	0.226	0.226	0.226	0.226	0.213	0.200	0.175	0.175	0.150	0.163	0.177	0.195	0.214	0.214	0.213	0.212	0.212	0.212	0.212	0.212	0.212	0.212	0.212	
0.175	0.175	0.201	0.201	0.201	0.201	0.171	0.169	0.169	0.179	0.146	0.159	0.139	0.110	0.125	0.117	0.164	0.158	0.213	0.213	0.212	0.212	0.212	0.212	0.212	0.212	0.212	0.212	
0.175	0.175	0.175	0.175	0.175	0.175	0.143	0.143	0.112	0.068	0.116	0.127	0.116	0.116	0.071	0.087	0.103	0.140	0.145	0.131	0.131	0.212	0.212	0.212	0.212	0.212	0.212	0.212	
0.175	0.175	0.175	0.175	0.175	0.175	0.175	0.143	0.104	0.068	0.076	0.076	0.066	0.035	0.071	0.077	0.103	0.103	0.077	0.050	0.131	0.131	0.131	0.131	0.131	0.131	0.131	0.212	
0.175	0.175	0.175	0.175	0.175	0.175	0.175	0.175	0.104	0.025	0.025	0.051	0.064	0.042	0.063	0.077	0.087	0.103	0.077	0.050	0.050	0.050	0.050	0.050	0.050	0.050	0.131	0.131	
0.000	0.000	0.000	0.000	0.000	0.000	0.000	0.000	0.000	0.000	0.000	0.000	0.000	0.028	0.056	0.056	0.000	0.000	0.000	0.000	0.000	0.000	0.000	0.000	0.000	0.000	0.000	0.000	
0.000	0.000	0.000	0.000	0.000	0.000	0.000	0.000	0.000	0.000	0.000	0.000	0.000	0.028	0.056	0.056	0.000	0.000	0.000	0.000	0.000	0.000	0.000	0.000	0.000	0.000	0.000	0.000	
0.000	0.000	0.000	0.000	0.000	0.000	0.000	0.000	0.000	0.000	0.000	0.000	0.000	0.028	0.056	0.056	0.000	0.000	0.000	0.000	0.000	0.000	0.000	0.000	0.000	0.000	0.000	0.000	
0.000	0.000	0.000	0.000	0.000	0.000	0.000	0.000	0.000	0.000	0.000	0.000	0.028	0.028	0.056	0.056	0.000	0.000	0.000	0.000	0.000	0.000	0.000	0.000	0.000	0.000	0.000	0.000	
0.000	0.000	0.000	0.000	0.000	0.000	0.000	0.000	0.000	0.000	0.000	0.000	0.028	0.056	0.056	0.056	0.000	0.000	0.000	0.000	0.000	0.000	0.000	0.000	0.000	0.000	0.000	0.000	
