0.225	0.225	0.225	0.225	0.225	0.225	0.225	0.225	0.225	0.225	0.225	0.225	0.225	0.225	0.225	0.225	0.225	0.225	0.225	0.225	0.225	0.225	0.225	0.225	0.225	0.225	0.225	0.225	
0.225	0.225	0.225	0.225	0.225	0.225	0.225	0.225	0.225	0.225	0.225	0.225	0.225	0.225	0.225	0.225	0.225	0.225	0.225	0.225	0.225	0.225	0.225	0.225	0.225	0.225	0.225	0.225	
0.225	0.225	0.225	0.225	0.225	0.225	0.225	0.225	0.225	0.225	0.225	0.225	0.225	0.225	0.225	0.225	0.225	0.225	0.225	0.225	0.225	0.225	0.225	0.225	0.225	0.225	0.225	0.226	
0.225	0.225	0.225	0.225	0.225	0.225	0.225	0.225	0.225	0.225	0.225	0.225	0.225	0.225	0.225	0.225	0.225	0.225	0.225	0.225	0.225	0.225	0.225	0.225	0.225	0.225	0.225	0.226	
0.225	0.225	0.225	0.225	0.225	0.225	0.225	0.225	0.225	0.225	0.225	0.225	0.225	0.225	0.225	0.225	0.225	0.225	0.225	0.225	0.225	0.225	0.225	0.225	0.225	0.225	0.225	0.226	
0.225	0.225	0.225	0.225	0.225	0.225	0.225	0.225	0.225	0.225	0.225	0.225	0.225	0.225	0.225	0.225	0.225	0.225	0.225	0.225	0.225	0.225	0.225	0.225	0.225	0.225	0.226	0.226	
0.225	0.225	0.225	0.225	0.225	0.225	0.225	0.225	0.225	0.225	0.225	0.225	0.225	0.225	0.225	0.225	0.225	0.225	0.225	0.225	0.225	0.225	0.225	0.225	0.225	0.225	0.226	0.226	
0.225	0.225	0.225	0.225	0.225	0.225	0.225	0.225	0.225	0.225	0.225	0.225	0.225	0.225	0.225	0.225	0.225	0.225	0.225	0.225	0.225	0.225	0.225	0.225	0.225	0.226	0.226	0.226	
0.225	0.225	0.225	0.225	0.225	0.225	0.225	0.225	0.225	0.225	0.225	0.225	0.225	0.225	0.225	0.225	0.225	0.225	0.225	0.225	0.225	0.225	0.225	0.225	0.225	0.226	0.226	0.226	
0.225	0.225	0.225	0.225	0.225	0.225	0.225	0.225	0.225	0.225	0.225	0.225	0.225	0.225	0.225	0.225	0.225	0.225	0.225	0.225	0.225	0.225	0.225	0.225	0.226	0.226	0.226	0.226	
0.225	0.225	0.225	0.225	0.225	0.225	0.225	0.225	0.225	0.225	0.225	0.225	0.225	0.225	0.225	0.225	0.225	0.225	0.225	0.225	0.225	0.225	0.225	0.225	0.226	0.226	0.226	0.220	
0.225	0.225	0.225	0.225	0.225	0.225	0.225	0.225	0.225	0.225	0.225	0.225	0.225	0.225	0.225	0.225	0.225	0.225	0.225	0.225	0.225	0.225	0.225	0.225	0.226	0.226	0.226	0.220	
0.225	0.225	0.225	0.225	0.225	0.225	0.225	0.225	0.225	0.225	0.225	0.225	0.225	0.225	0.225	0.225	0.225	0.225	0.225	0.225	0.225	0.225	0.225	0.226	0.226	0.226	0.220	0.220	
0.225	0.225	0.225	0.225	0.225	0.225	0.225	0.225	0.225	0.225	0.225	0.225	0.225	0.225	0.225	0.225	0.225	0.225	0.225	0.225	0.225	0.225	0.225	0.226	0.226	0.226	0.220	0.214	
0.225	0.225	0.225	0.225	0.225	0.225	0.225	0.225	0.225	0.225	0.225	0.225	0.225	0.225	0.225	0.225	0.225	0.225	0.225	0.225	0.225	0.225	0.226	0.226	0.226	0.220	0.220	0.214	
0.250	0.225	0.225	0.225	0.225	0.225	0.225	0.225	0.225	0.225	0.225	0.225	0.225	0.225	0.225	0.225	0.225	0.225	0.225	0.225	0.225	0.225	0.226	0.226	0.226	0.220	0.214	0.214	
0.250	0.225	0.225	0.225	0.225	0.225	0.225	0.225	0.225	0.225	0.225	0.225	0.225	0.225	0.225	0.225	0.225	0.225	0.225	0.225	0.225	0.225	0.226	0.226	0.226	0.220	0.214	0.214	
0.250	0.250	0.225	0.225	0.225	0.225	0.225	0.225	0.225	0.225	0.225	0.225	0.225	0.225	0.225	0.225	0.225	0.225	0.225	0.225	0.225	0.226	0.226	0.226	0.220	0.220	0.214	0.214	
0.275	0.250	0.225	0.225	0.225	0.225	0.225	0.225	0.225	0.225	0.225	0.225	0.225	0.225	0.225	0.225	0.225	0.225	0.225	0.225	0.225	0.226	0.226	0.226	0.220	0.214	0.214	0.214	
0.275	0.250	0.250	0.225	0.225	0.225	0.225	0.225	0.225	0.225	0.225	0.225	0.225	0.225	0.225	0.225	0.225	0.225	0.225	0.225	0.226	0.226	0.226	0.220	0.220	0.214	0.214	0.214	
0.275	0.275	0.250	0.225	0.225	0.225	0.225	0.225	0.225	0.225	0.225	0.225	0.225	0.225	0.225	0.225	0.225	0.225	0.225	0.225	0.226	0.226	0.226	0.220	0.214	0.214	0.214	0.214	
0.275	0.275	0.250	0.250	0.225	0.225	0.225	0.225	0.225	0.225	0.225	0.225	0.225	0.225	0.225	0.225	0.225	0.225	0.225	0.226	0.226	0.226	0.226	0.220	0.214	0.214	0.214	0.214	
0.275	0.275	0.275	0.250	0.225	0.225	0.225	0.225	0.225	0.225	0.225	0.225	0.225	0.225	0.225	0.225	0.225	0.225	0.225	0.226	0.226	0.226	0.220	0.220	0.214	0.214	0.214	0.214	
0.275	0.275	0.275	0.250	0.250	0.225	0.225	0.225	0.225	0.225	0.225	0.225	0.225	0.225	0.225	0.225	0.225	0.225	0.225	0.226	0.226	0.226	0.220	0.214	0.214	0.214	0.214	0.214	
0.275	0.275	0.275	0.275	0.250	0.225	0.225	0.225	0.225	0.225	0.225	0.225	0.225	0.225	0.225	0.225	0.225	0.225	0.226	0.226	0.226	0.220	0.220	0.214	0.214	0.214	0.214	0.214	
0.275	0.275	0.275	0.275	0.250	0.250	0.225	0.225	0.225	0.225	0.225	0.225	0.225	0.225	0.225	0.225	0.225	0.225	0.226	0.226	0.226	0.220	0.214	0.214	0.214	0.214	0.214	0.214	
0.275	0.275	0.275	0.275	0.275	0.250	0.225	0.225	0.225	0.225	0.225	0.225	0.225	0.225	0.225	0.225	0.225	0.226	0.226	0.226	0.220	0.220	0.214	0.214	0.214	0.214	0.214	0.214	
0.275	0.275	0.275	0.275	0.275	0.250	0.250	0.225	0.225	0.225	0.225	0.225	0.225	0.225	0.225	0.225	0.225	0.226	0.226	0.226	0.220	0.214	0.214	0.214	0.214	0.214	0.214	0.245	
0.275	0.275	0.275	0.275	0.275	0.275	0.250	0.225	0.225	0.225	0.225	0.225	0.225	0.225	0.225	0.225	0.225	0.226	0.226	0.226	0.220	0.214	0.214	0.214	0.214	0.214	0.245	0.245	
0.275	0.275	0.275	0.275	0.275	0.275	0.250	0.250	0.225	0.225	0.225	0.225	0.225	0.225	0.225	0.225	0.226	0.226	0.226	0.220	0.220	0.214	0.214	0.214	0.214	0.214	0.245	0.276	
0.275	0.275	0.275	0.275	0.275	0.275	0.275	0.250	0.225	0.225	0.225	0.225	0.225	0.225	0.225	0.225	0.226	0.226	0.226	0.220	0.214	0.214	0.214	0.214	0.214	0.245	0.245	0.276	
0.275	0.275	0.275	0.275	0.275	0.275	0.275	0.250	0.250	0.225	0.225	0.225	0.225	0.225	0.225	0.226	0.226	0.226	0.220	0.220	0.214	0.214	0.214	0.214	0.245	0.245	0.276	0.276	
0.275	0.275	0.275	0.275	0.275	0.275	0.275	0.275	0.250	0.225	0.225	0.225	0.225	0.225	0.225	0.226	0.226	0.226	0.220	0.214	0.214	0.214	0.214	0.245	0.245	0.276	0.276	0.276	
0.275	0.275	0.275	0.275	0.275	0.275	0.275	0.275	0.250	0.250	0.225	0.225	0.225	0.225	0.226	0.226	0.226	0.226	0.220	0.214	0.214	0.214	0.214	0.245	0.276	0.276	0.276	0.276	
0.275	0.275	0.275	0.275	0.275	0.275	0.275	0.275	0.275	0.250	0.225	0.225	0.225	0.225	0.226	0.226	0.226	0.220	0.220	0.214	0.214	0.214	0.245	0.245	0.276	0.276	0.276	0.276	
0.275	0.275	0.275	0.275	0.275	0.275	0.275	0.275	0.275	0.250	0.250	0.225	0.225	0.225	0.226	0.226	0.226	0.220	0.214	0.214	0.214	0.245	0.245	0.276	0.276	0.276	0.276	0.276	
0.275	0.275	0.275	0.275	0.275	0.275	0.275	0.275	0.275	0.275	0.250	0.225	0.225	0.226	0.226	0.226	0.220	0.220	0.214	0.214	0.245	0.245	0.276	0.276	0.276	0.276	0.276	0.276	
0.275	0.275	0.275	0.275	0.275	0.275	0.275	0.275	0.275	0.275	0.225	0.225	0.200	0.209	0.226	0.226	0.220	0.214	0.214	0.214	0.245	0.276	0.276	0.276	0.276	0.276	0.276	0.276	
0.275	0.275	0.275	0.275	0.275	0.275	0.275	0.275	0.275	0.275	0.217	0.175	0.175	0.193	0.202	0.202	0.206	0.214	0.214	0.245	0.245	0.276	0.276	0.276	0.276	0.276	0.276	0.276	
0.275	0.275	0.275	0.275	0.275	0.275	0.275	0.275	0.250	0.237	0.217	0.167	0.151	0.160	0.177	0.177	0.180	0.182	0.213	0.245	0.276	0.276	0.276	0.276	0.276	0.276	0.276	0.276	
0.275	0.275	0.275	0.275	0.275	0.275	0.275	0.275	0.238	0.200	0.164	0.164	0.127	0.152	0.177	0.163	0.163	0.150	0.213	0.276	0.276	0.276	0.276	0.276	0.276	0.276	0.276	0.276	
0.238	0.238	0.238	0.238	0.238	0.238	0.238	0.226	0.207	0.175	0.159	0.127	0.127	0.143	0.151	0.151	0.138	0.150	0.209	0.209	0.239	0.239	0.239	0.239	0.276	0.276	0.201	0.201	
0.168	0.202	0.202	0.202	0.202	0.202	0.202	0.202	0.176	0.150	0.126	0.126	0.114	0.117	0.125	0.139	0.142	0.151	0.168	0.202	0.202	0.202	0.202	0.239	0.201	0.201	0.201	0.125	
0.168	0.168	0.168	0.168	0.202	0.202	0.202	0.152	0.152	0.150	0.125	0.100	0.100	0.105	0.108	0.122	0.121	0.152	0.177	0.202	0.202	0.202	0.163	0.163	0.163	0.125	0.125	0.125	
0.135	0.135	0.135	0.168	0.146	0.146	0.152	0.152	0.126	0.138	0.125	0.109	0.102	0.098	0.090	0.121	0.131	0.152	0.160	0.168	0.168	0.154	0.163	0.125	0.125	0.125	0.087	0.087	
0.105	0.135	0.135	0.135	0.135	0.119	0.119	0.103	0.111	0.125	0.113	0.114	0.103	0.094	0.090	0.111	0.152	0.152	0.122	0.135	0.135	0.130	0.125	0.125	0.125	0.087	0.087	0.050	
0.105	0.105	0.105	0.135	0.135	0.135	0.115	0.105	0.111	0.114	0.113	0.102	0.097	0.094	0.090	0.093	0.094	0.089	0.122	0.107	0.130	0.130	0.125	0.125	0.087	0.087	0.050	0.050	
0.075	0.075	0.105	0.105	0.105	0.135	0.114	0.103	0.106	0.081	0.112	0.067	0.090	0.079	0.060	0.060	0.035	0.038	0.079	0.090	0.090	0.090	0.087	0.087	0.087	0.050	0.050	0.050	
0.075	0.075	0.075	0.075	0.105	0.103	0.117	0.103	0.077	0.081	0.046	0.067	0.118	0.157	0.046	0.032	0.018	0.038	0.045	0.067	0.056	0.090	0.077	0.050	0.050	0.050	0.050	0.050	
0.075	0.075	0.075	0.075	0.075	0.087	0.100	0.100	0.062	0.025	0.013	0.000	0.163	0.191	0.139	0.024	0.018	0.000	0.028	0.056	0.056	0.056	0.053	0.050	0.050	0.050	0.050	0.050	
0.000	0.000	0.000	0.000	0.000	0.000	0.000	0.000	0.025	0.025	0.025	0.000	0.163	0.326	0.181	0.035	0.018	0.000	0.000	0.000	0.000	0.000	0.000	0.000	0.000	0.000	0.000	0.000	
0.000	0.000	0.000	0.000	0.000	0.000	0.000	0.000	0.000	0.000	0.000	0.000	0.326	0.326	0.181	0.035	0.000	0.000	0.000	0.000	0.000	0.000	0.000	0.000	0.000	0.000	0.000	0.000	
0.000	0.000	0.000	0.000	0.000	0.000	0.000	0.000	0.000	0.000	0.000	0.000	0.326	0.326	0.181	0.035	0.000	0.000	0.000	0.000	0.000	0.000	0.000	0.000	0.000	0.000	0.000	0.000	
0.000	0.000	0.000	0.000	0.000	0.000	0.000	0.000	0.000	0.000	0.000	0.000	0.326	0.326	0.181	0.035	0.000	0.000	0.000	0.000	0.000	0.000	0.000	0.000	0.000	0.000	0.000	0.000	
0.000	0.000	0.000	0.000	0.000	0.000	0.000	0.000	0.000	0.000	0.000	0.000	0.326	0.326	0.181	0.035	0.000	0.000	0.000	0.000	0.000	0.000	0.000	0.000	0.000	0.000	0.000	0.000	
