0.127	0.127	0.127	0.127	0.127	0.127	0.127	0.127	0.127	0.127	0.127	0.114	0.100	0.100	0.100	0.100	0.100	0.100	0.095	0.090	0.090	0.090	0.090	0.090	0.090	0.090	0.090	0.090	
0.127	0.127	0.127	0.127	0.127	0.127	0.127	0.127	0.127	0.127	0.127	0.114	0.100	0.100	0.100	0.100	0.100	0.100	0.095	0.090	0.090	0.090	0.090	0.090	0.090	0.090	0.090	0.090	
0.127	0.127	0.127	0.127	0.127	0.127	0.127	0.127	0.127	0.127	0.127	0.114	0.100	0.100	0.100	0.100	0.100	0.100	0.095	0.090	0.090	0.090	0.090	0.090	0.090	0.090	0.090	0.090	
0.127	0.127	0.127	0.127	0.127	0.127	0.127	0.127	0.127	0.127	0.127	0.114	0.100	0.100	0.100	0.100	0.100	0.100	0.095	0.090	0.090	0.090	0.090	0.090	0.090	0.090	0.090	0.090	
0.127	0.127	0.127	0.127	0.127	0.127	0.127	0.127	0.127	0.127	0.127	0.114	0.100	0.100	0.100	0.100	0.100	0.100	0.095	0.090	0.090	0.090	0.090	0.090	0.090	0.090	0.090	0.090	
0.127	0.127	0.127	0.127	0.127	0.127	0.127	0.127	0.127	0.127	0.127	0.114	0.100	0.100	0.100	0.100	0.100	0.100	0.095	0.090	0.090	0.090	0.090	0.090	0.090	0.090	0.090	0.090	
0.127	0.127	0.127	0.127	0.127	0.127	0.127	0.127	0.127	0.127	0.127	0.114	0.100	0.100	0.100	0.100	0.100	0.100	0.095	0.090	0.090	0.090	0.090	0.090	0.090	0.090	0.090	0.090	
0.127	0.127	0.127	0.127	0.127	0.127	0.127	0.127	0.127	0.127	0.127	0.114	0.100	0.100	0.100	0.100	0.100	0.100	0.095	0.090	0.090	0.090	0.090	0.090	0.090	0.090	0.090	0.090	
0.127	0.127	0.127	0.127	0.127	0.127	0.127	0.127	0.127	0.127	0.127	0.114	0.100	0.100	0.100	0.100	0.100	0.100	0.095	0.090	0.090	0.090	0.090	0.090	0.090	0.090	0.090	0.090	
0.127	0.127	0.127	0.127	0.127	0.127	0.127	0.127	0.127	0.127	0.127	0.114	0.100	0.100	0.100	0.100	0.100	0.100	0.095	0.090	0.090	0.090	0.090	0.090	0.090	0.090	0.090	0.090	
0.127	0.127	0.127	0.127	0.127	0.127	0.127	0.127	0.127	0.127	0.127	0.114	0.100	0.100	0.100	0.100	0.100	0.100	0.095	0.090	0.090	0.090	0.090	0.090	0.090	0.090	0.090	0.090	
0.127	0.127	0.127	0.127	0.127	0.127	0.127	0.127	0.127	0.127	0.127	0.114	0.100	0.100	0.100	0.100	0.100	0.100	0.095	0.090	0.090	0.090	0.090	0.090	0.090	0.090	0.090	0.090	
0.127	0.127	0.127	0.127	0.127	0.127	0.127	0.127	0.127	0.127	0.127	0.114	0.100	0.100	0.100	0.100	0.100	0.100	0.095	0.090	0.090	0.090	0.090	0.090	0.090	0.090	0.090	0.090	
0.127	0.127	0.127	0.127	0.127	0.127	0.127	0.127	0.127	0.127	0.127	0.114	0.100	0.100	0.100	0.100	0.100	0.100	0.095	0.090	0.090	0.090	0.090	0.090	0.090	0.090	0.090	0.090	
0.127	0.127	0.127	0.127	0.127	0.127	0.127	0.127	0.127	0.127	0.127	0.114	0.100	0.100	0.100	0.100	0.100	0.100	0.095	0.090	0.090	0.090	0.090	0.090	0.090	0.090	0.090	0.090	
0.127	0.127	0.127	0.127	0.127	0.127	0.127	0.127	0.127	0.127	0.127	0.114	0.100	0.100	0.100	0.100	0.100	0.095	0.095	0.090	0.090	0.090	0.090	0.090	0.090	0.090	0.090	0.090	
0.127	0.127	0.127	0.127	0.127	0.127	0.127	0.127	0.127	0.127	0.127	0.114	0.100	0.100	0.100	0.100	0.100	0.095	0.090	0.090	0.090	0.090	0.090	0.090	0.090	0.090	0.090	0.090	
0.127	0.127	0.127	0.127	0.127	0.127	0.127	0.127	0.127	0.127	0.127	0.114	0.100	0.100	0.100	0.100	0.100	0.095	0.090	0.090	0.090	0.090	0.090	0.090	0.090	0.090	0.090	0.090	
0.127	0.127	0.127	0.127	0.127	0.127	0.127	0.127	0.127	0.127	0.127	0.114	0.100	0.100	0.100	0.100	0.100	0.095	0.090	0.090	0.090	0.090	0.090	0.090	0.090	0.090	0.090	0.090	
0.127	0.127	0.127	0.127	0.127	0.127	0.127	0.127	0.127	0.127	0.127	0.114	0.100	0.100	0.100	0.100	0.100	0.095	0.090	0.090	0.090	0.090	0.090	0.090	0.090	0.090	0.090	0.090	
0.127	0.127	0.127	0.127	0.127	0.127	0.127	0.127	0.127	0.127	0.127	0.114	0.100	0.100	0.100	0.100	0.100	0.095	0.090	0.090	0.090	0.090	0.090	0.090	0.090	0.090	0.090	0.090	
0.127	0.127	0.127	0.127	0.127	0.127	0.127	0.127	0.127	0.127	0.127	0.114	0.114	0.100	0.100	0.100	0.100	0.095	0.090	0.090	0.090	0.090	0.090	0.090	0.090	0.090	0.090	0.090	
0.127	0.127	0.127	0.127	0.127	0.127	0.127	0.127	0.127	0.127	0.127	0.127	0.114	0.100	0.100	0.100	0.100	0.095	0.090	0.090	0.090	0.090	0.090	0.090	0.090	0.090	0.090	0.090	
0.127	0.127	0.127	0.127	0.127	0.127	0.127	0.127	0.127	0.127	0.127	0.127	0.114	0.100	0.100	0.100	0.100	0.095	0.090	0.090	0.090	0.090	0.090	0.090	0.090	0.090	0.090	0.090	
0.127	0.127	0.127	0.127	0.127	0.127	0.127	0.127	0.127	0.127	0.127	0.127	0.114	0.100	0.100	0.100	0.100	0.095	0.090	0.090	0.090	0.090	0.090	0.090	0.090	0.090	0.090	0.090	
0.127	0.127	0.127	0.127	0.127	0.127	0.127	0.127	0.127	0.127	0.127	0.127	0.114	0.100	0.100	0.100	0.100	0.095	0.090	0.090	0.090	0.090	0.090	0.090	0.090	0.090	0.090	0.090	
0.127	0.127	0.127	0.127	0.127	0.127	0.127	0.127	0.127	0.127	0.127	0.127	0.114	0.100	0.100	0.100	0.100	0.095	0.090	0.090	0.090	0.090	0.090	0.090	0.090	0.090	0.090	0.090	
0.127	0.127	0.127	0.127	0.127	0.127	0.127	0.127	0.127	0.127	0.127	0.127	0.114	0.100	0.100	0.100	0.100	0.095	0.090	0.090	0.090	0.090	0.090	0.090	0.090	0.090	0.090	0.085	
0.127	0.127	0.127	0.127	0.127	0.127	0.127	0.127	0.127	0.127	0.127	0.127	0.114	0.100	0.100	0.100	0.100	0.095	0.090	0.090	0.090	0.090	0.090	0.090	0.090	0.090	0.090	0.085	
0.127	0.127	0.127	0.127	0.127	0.127	0.127	0.127	0.127	0.127	0.127	0.127	0.114	0.100	0.100	0.100	0.100	0.095	0.090	0.090	0.090	0.090	0.090	0.090	0.090	0.090	0.085	0.085	
0.127	0.127	0.127	0.127	0.127	0.127	0.127	0.127	0.127	0.127	0.127	0.127	0.114	0.100	0.100	0.100	0.100	0.095	0.090	0.090	0.090	0.090	0.090	0.090	0.090	0.090	0.085	0.079	
0.159	0.127	0.127	0.127	0.127	0.127	0.127	0.127	0.127	0.127	0.127	0.127	0.114	0.100	0.100	0.100	0.100	0.095	0.090	0.090	0.090	0.090	0.090	0.090	0.090	0.085	0.085	0.079	
0.159	0.159	0.127	0.127	0.127	0.127	0.127	0.127	0.127	0.127	0.127	0.127	0.114	0.100	0.100	0.100	0.100	0.095	0.090	0.090	0.090	0.090	0.090	0.090	0.090	0.085	0.079	0.079	
0.190	0.159	0.127	0.127	0.127	0.127	0.127	0.127	0.127	0.127	0.127	0.127	0.114	0.100	0.100	0.100	0.095	0.095	0.090	0.090	0.090	0.090	0.090	0.090	0.085	0.085	0.079	0.079	
0.190	0.159	0.159	0.127	0.127	0.127	0.127	0.127	0.127	0.127	0.127	0.127	0.114	0.100	0.100	0.100	0.095	0.090	0.090	0.090	0.090	0.090	0.090	0.090	0.085	0.079	0.079	0.079	
0.190	0.190	0.159	0.127	0.127	0.127	0.127	0.127	0.127	0.127	0.127	0.127	0.114	0.100	0.100	0.100	0.095	0.090	0.090	0.090	0.090	0.090	0.090	0.090	0.085	0.079	0.079	0.079	
0.190	0.190	0.159	0.159	0.127	0.127	0.127	0.127	0.127	0.127	0.127	0.127	0.114	0.100	0.100	0.100	0.095	0.090	0.090	0.090	0.090	0.090	0.090	0.085	0.085	0.079	0.079	0.079	
0.190	0.190	0.190	0.159	0.127	0.127	0.127	0.127	0.127	0.127	0.127	0.127	0.141	0.100	0.100	0.100	0.095	0.090	0.090	0.090	0.090	0.090	0.090	0.085	0.079	0.079	0.079	0.079	
0.190	0.190	0.190	0.159	0.159	0.127	0.127	0.127	0.127	0.127	0.127	0.127	0.141	0.100	0.100	0.100	0.095	0.090	0.090	0.090	0.090	0.090	0.085	0.085	0.079	0.079	0.079	0.079	
0.190	0.190	0.190	0.190	0.159	0.127	0.127	0.127	0.127	0.127	0.127	0.161	0.141	0.100	0.100	0.100	0.095	0.090	0.090	0.090	0.090	0.090	0.085	0.079	0.079	0.079	0.079	0.079	
0.190	0.190	0.190	0.190	0.159	0.159	0.127	0.127	0.127	0.127	0.127	0.161	0.148	0.148	0.100	0.100	0.095	0.090	0.090	0.090	0.090	0.085	0.085	0.079	0.079	0.079	0.079	0.079	
0.190	0.190	0.190	0.190	0.190	0.159	0.159	0.127	0.127	0.127	0.127	0.161	0.195	0.148	0.100	0.100	0.095	0.090	0.090	0.090	0.090	0.085	0.079	0.079	0.079	0.079	0.079	0.079	
0.190	0.190	0.190	0.190	0.190	0.190	0.159	0.127	0.127	0.127	0.127	0.161	0.195	0.148	0.100	0.100	0.095	0.090	0.090	0.090	0.090	0.085	0.079	0.079	0.079	0.079	0.079	0.079	
0.190	0.190	0.190	0.190	0.190	0.190	0.159	0.159	0.127	0.127	0.127	0.161	0.195	0.148	0.100	0.100	0.095	0.090	0.090	0.090	0.092	0.085	0.079	0.079	0.079	0.079	0.079	0.079	
0.190	0.190	0.190	0.190	0.190	0.190	0.190	0.159	0.127	0.127	0.127	0.161	0.195	0.148	0.100	0.100	0.095	0.090	0.090	0.098	0.092	0.079	0.079	0.079	0.079	0.079	0.079	0.079	
0.190	0.190	0.190	0.190	0.190	0.190	0.190	0.151	0.131	0.131	0.081	0.119	0.195	0.141	0.141	0.114	0.104	0.095	0.099	0.098	0.093	0.079	0.079	0.079	0.079	0.079	0.079	0.079	
0.190	0.190	0.190	0.190	0.190	0.190	0.190	0.163	0.135	0.131	0.099	0.115	0.210	0.241	0.264	0.127	0.114	0.100	0.099	0.106	0.093	0.079	0.079	0.079	0.079	0.079	0.102	0.102	
0.190	0.190	0.190	0.190	0.190	0.196	0.196	0.176	0.135	0.107	0.107	0.035	0.218	0.401	0.264	0.127	0.114	0.100	0.110	0.116	0.103	0.110	0.102	0.102	0.102	0.102	0.102	0.125	
0.196	0.196	0.196	0.196	0.196	0.196	0.202	0.163	0.143	0.143	0.081	0.046	0.164	0.401	0.306	0.258	0.185	0.112	0.114	0.116	0.125	0.110	0.125	0.125	0.125	0.125	0.125	0.125	
0.202	0.202	0.202	0.202	0.202	0.202	0.202	0.177	0.152	0.152	0.104	0.056	0.228	0.282	0.395	0.389	0.257	0.125	0.125	0.125	0.125	0.125	0.125	0.125	0.125	0.125	0.125	0.125	
0.202	0.202	0.202	0.202	0.202	0.202	0.202	0.177	0.152	0.152	0.152	0.000	0.528	0.461	0.695	0.695	0.125	0.125	0.125	0.125	0.125	0.125	0.000	0.000	0.000	0.000	0.000	0.000	
0.000	0.000	0.000	0.000	0.000	0.000	0.000	0.000	0.000	0.000	0.000	0.000	1.000	1.000	1.000	0.695	0.000	0.000	0.000	0.000	0.000	0.000	0.000	0.000	0.000	0.000	0.000	0.000	
0.000	0.000	0.000	0.000	0.000	0.000	0.000	0.000	0.000	0.000	0.000	0.000	1.000	1.000	1.000	1.000	0.000	0.000	0.000	0.000	0.000	0.000	0.000	0.000	0.000	0.000	0.000	0.000	
0.000	0.000	0.000	0.000	0.000	0.000	0.000	0.000	0.000	0.000	0.000	0.000	1.000	1.000	1.000	1.000	0.000	0.000	0.000	0.000	0.000	0.000	0.000	0.000	0.000	0.000	0.000	0.000	
0.000	0.000	0.000	0.000	0.000	0.000	0.000	0.000	0.000	0.000	0.000	0.000	1.000	1.000	1.000	1.000	0.000	0.000	0.000	0.000	0.000	0.000	0.000	0.000	0.000	0.000	0.000	0.000	
