0.401	0.401	0.401	0.401	0.401	0.388	0.388	0.376	0.376	0.376	0.376	0.376	0.376	0.376	0.376	0.376	0.376	0.376	0.376	0.376	0.376	0.376	0.376	0.376	0.401	0.401	0.426	0.426	
0.401	0.401	0.401	0.401	0.401	0.401	0.388	0.376	0.376	0.376	0.376	0.376	0.376	0.376	0.376	0.376	0.376	0.376	0.376	0.376	0.376	0.376	0.376	0.376	0.401	0.426	0.426	0.426	
0.401	0.401	0.401	0.401	0.401	0.401	0.388	0.376	0.376	0.376	0.376	0.376	0.376	0.376	0.376	0.376	0.376	0.376	0.376	0.376	0.376	0.376	0.376	0.376	0.401	0.426	0.426	0.426	
0.401	0.401	0.401	0.401	0.401	0.401	0.388	0.376	0.376	0.376	0.376	0.376	0.376	0.376	0.376	0.376	0.376	0.376	0.376	0.376	0.376	0.376	0.376	0.401	0.401	0.426	0.426	0.426	
0.401	0.401	0.401	0.401	0.401	0.401	0.388	0.376	0.376	0.376	0.376	0.376	0.376	0.376	0.376	0.376	0.376	0.376	0.376	0.376	0.376	0.376	0.376	0.401	0.426	0.426	0.426	0.426	
0.401	0.401	0.401	0.401	0.401	0.401	0.388	0.376	0.376	0.376	0.376	0.376	0.376	0.376	0.376	0.376	0.376	0.376	0.376	0.376	0.376	0.376	0.376	0.401	0.426	0.426	0.426	0.426	
0.401	0.401	0.401	0.401	0.401	0.401	0.388	0.388	0.376	0.376	0.376	0.376	0.376	0.376	0.376	0.376	0.376	0.376	0.376	0.376	0.376	0.376	0.401	0.401	0.426	0.426	0.426	0.426	
0.401	0.401	0.401	0.401	0.401	0.401	0.401	0.388	0.376	0.376	0.376	0.376	0.376	0.376	0.376	0.376	0.376	0.376	0.376	0.376	0.376	0.376	0.401	0.426	0.426	0.426	0.426	0.426	
0.401	0.401	0.401	0.401	0.401	0.401	0.401	0.388	0.376	0.376	0.376	0.376	0.376	0.376	0.376	0.376	0.376	0.376	0.376	0.376	0.376	0.376	0.401	0.426	0.426	0.426	0.426	0.451	
0.401	0.401	0.401	0.401	0.401	0.401	0.401	0.388	0.376	0.376	0.376	0.376	0.376	0.376	0.376	0.376	0.376	0.376	0.376	0.376	0.376	0.401	0.401	0.426	0.426	0.426	0.426	0.451	
0.401	0.401	0.401	0.401	0.401	0.401	0.401	0.388	0.376	0.376	0.376	0.376	0.376	0.376	0.376	0.376	0.376	0.376	0.376	0.376	0.376	0.401	0.426	0.426	0.426	0.426	0.426	0.451	
0.401	0.401	0.401	0.401	0.401	0.401	0.401	0.388	0.376	0.376	0.376	0.376	0.376	0.376	0.376	0.376	0.376	0.376	0.376	0.376	0.376	0.401	0.426	0.426	0.426	0.426	0.451	0.451	
0.401	0.401	0.401	0.401	0.401	0.401	0.401	0.388	0.376	0.376	0.376	0.376	0.376	0.376	0.376	0.376	0.376	0.376	0.376	0.376	0.401	0.401	0.426	0.426	0.426	0.426	0.451	0.476	
0.401	0.401	0.401	0.401	0.401	0.401	0.401	0.388	0.388	0.376	0.376	0.376	0.376	0.376	0.376	0.376	0.376	0.376	0.376	0.376	0.401	0.426	0.426	0.426	0.426	0.451	0.451	0.476	
0.401	0.401	0.401	0.401	0.401	0.401	0.401	0.401	0.388	0.376	0.376	0.376	0.376	0.376	0.376	0.376	0.376	0.376	0.376	0.376	0.401	0.426	0.426	0.426	0.426	0.451	0.476	0.476	
0.401	0.401	0.401	0.401	0.401	0.401	0.401	0.401	0.388	0.376	0.376	0.376	0.376	0.376	0.376	0.376	0.376	0.376	0.376	0.401	0.401	0.426	0.426	0.426	0.426	0.451	0.476	0.476	
0.401	0.401	0.401	0.401	0.401	0.401	0.401	0.401	0.388	0.376	0.376	0.376	0.376	0.376	0.376	0.376	0.376	0.376	0.376	0.401	0.426	0.426	0.426	0.426	0.451	0.451	0.476	0.476	
0.401	0.401	0.401	0.401	0.401	0.401	0.401	0.401	0.388	0.376	0.376	0.376	0.376	0.376	0.376	0.376	0.376	0.376	0.376	0.401	0.426	0.426	0.426	0.426	0.451	0.476	0.476	0.476	
0.401	0.401	0.401	0.401	0.401	0.401	0.401	0.401	0.388	0.376	0.376	0.376	0.376	0.376	0.376	0.376	0.376	0.376	0.401	0.401	0.426	0.426	0.426	0.451	0.451	0.476	0.476	0.476	
0.401	0.401	0.401	0.401	0.401	0.401	0.401	0.401	0.388	0.376	0.376	0.376	0.376	0.376	0.376	0.376	0.376	0.376	0.401	0.426	0.426	0.426	0.426	0.451	0.476	0.476	0.476	0.476	
0.401	0.401	0.401	0.401	0.401	0.401	0.401	0.401	0.388	0.388	0.376	0.376	0.376	0.376	0.376	0.376	0.376	0.401	0.401	0.426	0.426	0.426	0.426	0.451	0.476	0.476	0.476	0.476	
0.401	0.401	0.401	0.401	0.401	0.401	0.401	0.401	0.401	0.388	0.376	0.376	0.376	0.376	0.376	0.376	0.376	0.401	0.426	0.426	0.426	0.426	0.451	0.451	0.476	0.476	0.476	0.476	
0.401	0.401	0.401	0.401	0.401	0.401	0.401	0.401	0.401	0.388	0.376	0.376	0.376	0.376	0.376	0.376	0.376	0.401	0.426	0.426	0.426	0.426	0.451	0.476	0.476	0.476	0.476	0.476	
0.401	0.401	0.401	0.401	0.401	0.401	0.401	0.401	0.401	0.388	0.376	0.376	0.376	0.376	0.376	0.376	0.401	0.401	0.426	0.426	0.426	0.451	0.451	0.476	0.476	0.476	0.476	0.476	
0.401	0.401	0.401	0.401	0.401	0.401	0.401	0.401	0.401	0.388	0.376	0.376	0.376	0.376	0.376	0.376	0.401	0.426	0.426	0.426	0.426	0.451	0.476	0.476	0.476	0.476	0.476	0.476	
0.401	0.401	0.401	0.401	0.401	0.401	0.401	0.401	0.401	0.388	0.376	0.376	0.376	0.376	0.376	0.376	0.401	0.426	0.426	0.426	0.426	0.451	0.476	0.476	0.476	0.476	0.476	0.476	
0.401	0.401	0.401	0.401	0.401	0.401	0.401	0.401	0.401	0.388	0.388	0.376	0.376	0.376	0.376	0.401	0.401	0.426	0.426	0.426	0.451	0.451	0.476	0.476	0.476	0.476	0.476	0.476	
0.401	0.401	0.401	0.401	0.401	0.401	0.401	0.401	0.401	0.401	0.388	0.376	0.376	0.376	0.376	0.401	0.426	0.426	0.426	0.426	0.451	0.476	0.476	0.476	0.476	0.476	0.476	0.476	
0.401	0.401	0.401	0.401	0.401	0.401	0.401	0.401	0.401	0.401	0.388	0.376	0.376	0.376	0.376	0.401	0.426	0.426	0.426	0.451	0.451	0.476	0.476	0.476	0.476	0.476	0.476	0.476	
0.401	0.401	0.401	0.401	0.401	0.401	0.401	0.401	0.401	0.401	0.388	0.376	0.376	0.376	0.401	0.401	0.426	0.426	0.426	0.417	0.476	0.476	0.476	0.476	0.476	0.476	0.476	0.476	
0.401	0.401	0.401	0.401	0.401	0.401	0.401	0.401	0.401	0.401	0.388	0.376	0.376	0.376	0.401	0.426	0.426	0.426	0.388	0.417	0.476	0.476	0.476	0.476	0.476	0.476	0.476	0.476	
0.401	0.401	0.401	0.401	0.401	0.401	0.401	0.401	0.401	0.401	0.388	0.376	0.376	0.376	0.401	0.426	0.426	0.388	0.388	0.413	0.476	0.476	0.476	0.476	0.476	0.476	0.476	0.476	
0.401	0.401	0.401	0.401	0.401	0.401	0.401	0.401	0.401	0.401	0.388	0.376	0.376	0.401	0.401	0.426	0.426	0.388	0.351	0.413	0.476	0.476	0.476	0.476	0.476	0.476	0.476	0.476	
0.401	0.401	0.401	0.401	0.401	0.401	0.401	0.401	0.401	0.401	0.388	0.388	0.376	0.401	0.426	0.426	0.388	0.388	0.413	0.413	0.476	0.476	0.476	0.476	0.476	0.476	0.476	0.476	
0.401	0.401	0.401	0.401	0.401	0.401	0.401	0.401	0.434	0.450	0.392	0.351	0.325	0.359	0.350	0.388	0.388	0.351	0.413	0.476	0.476	0.476	0.476	0.476	0.476	0.476	0.476	0.476	
0.401	0.401	0.401	0.401	0.401	0.401	0.401	0.401	0.450	0.500	0.388	0.388	0.275	0.300	0.342	0.368	0.338	0.351	0.413	0.476	0.476	0.476	0.476	0.476	0.476	0.476	0.476	0.476	
0.401	0.401	0.401	0.401	0.401	0.401	0.451	0.467	0.467	0.500	0.500	0.388	0.275	0.300	0.326	0.326	0.319	0.315	0.369	0.476	0.476	0.476	0.476	0.476	0.476	0.476	0.476	0.476	
0.401	0.451	0.451	0.451	0.451	0.451	0.451	0.501	0.500	0.500	0.377	0.343	0.265	0.285	0.326	0.303	0.303	0.280	0.393	0.393	0.450	0.450	0.450	0.450	0.450	0.450	0.450	0.450	
0.451	0.451	0.501	0.501	0.501	0.501	0.501	0.501	0.501	0.364	0.377	0.255	0.255	0.269	0.276	0.277	0.280	0.280	0.352	0.425	0.425	0.425	0.425	0.425	0.425	0.425	0.425	0.425	
0.338	0.338	0.338	0.338	0.501	0.501	0.501	0.351	0.351	0.319	0.228	0.255	0.227	0.241	0.226	0.236	0.236	0.241	0.302	0.425	0.425	0.425	0.425	0.425	0.425	0.425	0.425	0.425	
0.175	0.175	0.175	0.338	0.338	0.338	0.292	0.292	0.202	0.202	0.219	0.227	0.227	0.213	0.226	0.214	0.202	0.202	0.313	0.425	0.425	0.425	0.425	0.425	0.425	0.425	0.425	0.425	
0.175	0.175	0.175	0.175	0.175	0.175	0.175	0.188	0.188	0.176	0.184	0.200	0.200	0.209	0.213	0.209	0.202	0.202	0.309	0.309	0.363	0.363	0.363	0.363	0.363	0.363	0.309	0.309	
0.175	0.175	0.175	0.175	0.175	0.175	0.175	0.175	0.176	0.176	0.175	0.175	0.188	0.192	0.200	0.201	0.193	0.189	0.226	0.300	0.300	0.300	0.300	0.251	0.251	0.251	0.251	0.202	
0.175	0.175	0.175	0.175	0.175	0.175	0.175	0.183	0.172	0.150	0.150	0.163	0.175	0.176	0.176	0.176	0.188	0.177	0.238	0.300	0.300	0.251	0.251	0.251	0.202	0.202	0.202	0.126	
0.140	0.140	0.183	0.183	0.183	0.183	0.183	0.183	0.158	0.142	0.153	0.153	0.155	0.154	0.152	0.164	0.152	0.152	0.201	0.210	0.251	0.251	0.202	0.202	0.202	0.126	0.126	0.126	
0.056	0.123	0.123	0.123	0.190	0.190	0.190	0.190	0.146	0.135	0.135	0.148	0.155	0.143	0.152	0.132	0.142	0.127	0.127	0.136	0.202	0.202	0.202	0.202	0.126	0.126	0.050	0.050	
0.056	0.056	0.056	0.123	0.123	0.123	0.151	0.151	0.146	0.124	0.130	0.131	0.135	0.133	0.128	0.132	0.120	0.120	0.103	0.136	0.140	0.202	0.126	0.126	0.126	0.050	0.050	0.050	
0.056	0.056	0.056	0.056	0.056	0.123	0.104	0.084	0.112	0.079	0.125	0.130	0.124	0.123	0.112	0.112	0.112	0.108	0.094	0.079	0.110	0.101	0.126	0.050	0.050	0.050	0.050	0.050	
0.056	0.056	0.056	0.056	0.056	0.056	0.056	0.084	0.056	0.079	0.062	0.083	0.121	0.118	0.129	0.123	0.129	0.111	0.077	0.068	0.065	0.050	0.050	0.050	0.050	0.050	0.050	0.050	
0.056	0.056	0.056	0.056	0.056	0.056	0.056	0.056	0.028	0.000	0.000	0.062	0.125	0.198	0.205	0.252	0.110	0.110	0.075	0.063	0.050	0.050	0.050	0.050	0.050	0.050	0.050	0.050	
0.056	0.056	0.056	0.056	0.056	0.056	0.056	0.000	0.000	0.000	0.000	0.000	0.241	0.241	0.358	0.252	0.110	0.075	0.075	0.000	0.050	0.050	0.000	0.000	0.000	0.000	0.000	0.000	
0.000	0.000	0.000	0.000	0.000	0.000	0.000	0.000	0.000	0.000	0.000	0.000	0.358	0.358	0.358	0.358	0.000	0.000	0.000	0.000	0.000	0.000	0.000	0.000	0.000	0.000	0.000	0.000	
0.000	0.000	0.000	0.000	0.000	0.000	0.000	0.000	0.000	0.000	0.000	0.000	0.668	0.668	0.668	0.668	0.000	0.000	0.000	0.000	0.000	0.000	0.000	0.000	0.000	0.000	0.000	0.000	
0.000	0.000	0.000	0.000	0.000	0.000	0.000	0.000	0.000	0.000	0.000	0.000	0.978	0.978	0.978	0.978	0.000	0.000	0.000	0.000	0.000	0.000	0.000	0.000	0.000	0.000	0.000	0.000	
0.000	0.000	0.000	0.000	0.000	0.000	0.000	0.000	0.000	0.000	0.000	0.000	0.978	0.978	0.978	0.978	0.000	0.000	0.000	0.000	0.000	0.000	0.000	0.000	0.000	0.000	0.000	0.000	
