0.050	0.050	0.050	0.050	0.050	0.077	0.103	0.103	0.103	0.107	0.112	0.112	0.112	0.112	0.112	0.112	0.112	0.112	0.112	0.112	0.112	0.112	0.093	0.075	0.075	0.075	0.075	0.075	
0.050	0.050	0.050	0.050	0.050	0.077	0.103	0.103	0.103	0.107	0.112	0.112	0.112	0.112	0.112	0.112	0.112	0.112	0.112	0.112	0.112	0.112	0.093	0.075	0.075	0.075	0.075	0.075	
0.050	0.050	0.050	0.050	0.050	0.077	0.077	0.103	0.103	0.107	0.112	0.112	0.112	0.112	0.112	0.112	0.112	0.112	0.112	0.112	0.112	0.112	0.093	0.075	0.075	0.075	0.075	0.075	
0.050	0.050	0.050	0.050	0.050	0.050	0.077	0.103	0.103	0.107	0.112	0.112	0.112	0.112	0.112	0.112	0.112	0.112	0.112	0.112	0.112	0.093	0.093	0.075	0.075	0.075	0.075	0.075	
0.050	0.050	0.050	0.050	0.050	0.050	0.077	0.103	0.103	0.107	0.112	0.112	0.112	0.112	0.112	0.112	0.112	0.112	0.112	0.112	0.112	0.093	0.075	0.075	0.075	0.075	0.075	0.075	
0.050	0.050	0.050	0.050	0.050	0.050	0.077	0.103	0.103	0.107	0.112	0.112	0.112	0.112	0.112	0.112	0.112	0.112	0.112	0.112	0.112	0.093	0.075	0.075	0.075	0.075	0.075	0.075	
0.050	0.050	0.050	0.050	0.050	0.050	0.077	0.103	0.103	0.107	0.107	0.112	0.112	0.112	0.112	0.112	0.112	0.112	0.112	0.112	0.112	0.093	0.075	0.075	0.075	0.075	0.075	0.075	
0.050	0.050	0.050	0.050	0.050	0.050	0.077	0.103	0.103	0.103	0.107	0.112	0.112	0.112	0.112	0.112	0.112	0.112	0.112	0.112	0.112	0.093	0.075	0.075	0.075	0.075	0.075	0.075	
0.050	0.050	0.050	0.050	0.050	0.050	0.077	0.103	0.103	0.103	0.107	0.112	0.112	0.112	0.112	0.112	0.112	0.112	0.112	0.112	0.112	0.093	0.075	0.075	0.075	0.075	0.075	0.075	
0.050	0.050	0.050	0.050	0.050	0.050	0.077	0.103	0.103	0.103	0.107	0.112	0.112	0.112	0.112	0.112	0.112	0.112	0.112	0.112	0.112	0.093	0.075	0.075	0.075	0.075	0.075	0.075	
0.050	0.050	0.050	0.050	0.050	0.050	0.077	0.103	0.103	0.103	0.107	0.112	0.112	0.112	0.112	0.112	0.112	0.112	0.112	0.112	0.093	0.093	0.075	0.075	0.075	0.075	0.075	0.075	
0.050	0.050	0.050	0.050	0.050	0.050	0.077	0.077	0.103	0.103	0.107	0.112	0.112	0.112	0.112	0.112	0.112	0.112	0.112	0.112	0.093	0.075	0.075	0.075	0.075	0.075	0.075	0.075	
0.050	0.050	0.050	0.050	0.050	0.050	0.050	0.077	0.103	0.103	0.107	0.112	0.112	0.112	0.112	0.112	0.112	0.112	0.112	0.112	0.093	0.075	0.075	0.075	0.075	0.075	0.075	0.075	
0.050	0.050	0.050	0.050	0.050	0.050	0.050	0.077	0.103	0.103	0.107	0.112	0.112	0.112	0.112	0.112	0.112	0.112	0.112	0.112	0.093	0.075	0.075	0.075	0.075	0.075	0.075	0.075	
0.050	0.050	0.050	0.050	0.050	0.050	0.050	0.077	0.103	0.103	0.107	0.112	0.112	0.112	0.112	0.112	0.112	0.112	0.112	0.112	0.093	0.075	0.075	0.075	0.075	0.075	0.075	0.075	
0.050	0.050	0.050	0.050	0.050	0.050	0.050	0.077	0.103	0.103	0.107	0.112	0.112	0.112	0.112	0.112	0.112	0.112	0.112	0.112	0.093	0.075	0.075	0.075	0.075	0.075	0.075	0.075	
0.050	0.050	0.050	0.050	0.050	0.050	0.050	0.077	0.103	0.103	0.107	0.112	0.112	0.112	0.112	0.112	0.112	0.112	0.112	0.112	0.093	0.075	0.075	0.075	0.075	0.075	0.075	0.075	
0.050	0.050	0.050	0.050	0.050	0.050	0.050	0.077	0.103	0.103	0.107	0.107	0.112	0.112	0.112	0.112	0.112	0.112	0.112	0.093	0.093	0.075	0.075	0.075	0.075	0.075	0.075	0.075	
0.050	0.050	0.050	0.050	0.050	0.050	0.050	0.077	0.103	0.103	0.103	0.107	0.112	0.112	0.112	0.112	0.112	0.112	0.112	0.093	0.075	0.075	0.075	0.075	0.075	0.075	0.075	0.075	
0.050	0.050	0.050	0.050	0.050	0.050	0.050	0.077	0.103	0.103	0.103	0.107	0.112	0.112	0.112	0.112	0.112	0.112	0.112	0.093	0.075	0.075	0.075	0.075	0.075	0.075	0.075	0.075	
0.050	0.050	0.050	0.050	0.050	0.050	0.050	0.077	0.077	0.103	0.103	0.107	0.112	0.112	0.112	0.112	0.112	0.112	0.112	0.093	0.075	0.075	0.075	0.075	0.075	0.075	0.075	0.075	
0.050	0.050	0.050	0.050	0.050	0.050	0.050	0.050	0.077	0.103	0.103	0.107	0.112	0.112	0.112	0.112	0.112	0.112	0.112	0.093	0.075	0.075	0.075	0.075	0.075	0.075	0.075	0.075	
0.050	0.050	0.050	0.050	0.050	0.050	0.050	0.050	0.077	0.103	0.103	0.107	0.112	0.112	0.112	0.112	0.112	0.112	0.112	0.093	0.075	0.075	0.075	0.075	0.075	0.075	0.075	0.075	
0.050	0.050	0.050	0.050	0.050	0.050	0.050	0.050	0.077	0.103	0.103	0.107	0.112	0.112	0.112	0.112	0.112	0.112	0.112	0.093	0.075	0.075	0.075	0.075	0.075	0.075	0.075	0.075	
0.050	0.050	0.050	0.050	0.050	0.050	0.050	0.050	0.077	0.103	0.103	0.107	0.112	0.112	0.112	0.112	0.112	0.112	0.093	0.093	0.075	0.075	0.075	0.075	0.075	0.075	0.075	0.075	
0.050	0.050	0.050	0.050	0.050	0.050	0.050	0.050	0.077	0.103	0.103	0.107	0.112	0.112	0.112	0.112	0.112	0.112	0.093	0.075	0.075	0.075	0.075	0.075	0.075	0.075	0.075	0.075	
0.050	0.050	0.050	0.050	0.050	0.050	0.050	0.050	0.077	0.103	0.103	0.107	0.112	0.112	0.112	0.112	0.112	0.112	0.093	0.075	0.075	0.075	0.075	0.075	0.075	0.075	0.075	0.075	
0.050	0.050	0.050	0.050	0.050	0.050	0.050	0.050	0.077	0.103	0.103	0.107	0.112	0.112	0.112	0.112	0.112	0.112	0.093	0.075	0.075	0.075	0.075	0.075	0.075	0.075	0.075	0.037	
0.050	0.050	0.050	0.050	0.050	0.050	0.050	0.050	0.077	0.103	0.103	0.107	0.107	0.112	0.112	0.112	0.112	0.112	0.093	0.075	0.075	0.075	0.075	0.075	0.075	0.075	0.075	0.037	
0.050	0.050	0.050	0.050	0.050	0.050	0.050	0.050	0.077	0.077	0.103	0.103	0.107	0.112	0.112	0.112	0.112	0.112	0.093	0.075	0.075	0.075	0.075	0.075	0.075	0.075	0.037	0.037	
0.050	0.050	0.050	0.050	0.050	0.050	0.050	0.050	0.050	0.077	0.103	0.103	0.107	0.112	0.112	0.112	0.112	0.112	0.093	0.075	0.075	0.075	0.075	0.075	0.075	0.075	0.037	0.000	
0.050	0.050	0.050	0.050	0.050	0.050	0.050	0.050	0.050	0.077	0.103	0.103	0.107	0.112	0.112	0.112	0.112	0.093	0.093	0.075	0.075	0.075	0.075	0.075	0.075	0.037	0.037	0.000	
0.050	0.050	0.050	0.050	0.050	0.050	0.050	0.050	0.050	0.077	0.103	0.103	0.107	0.112	0.112	0.112	0.112	0.093	0.075	0.075	0.075	0.075	0.075	0.075	0.075	0.037	0.000	0.000	
0.050	0.050	0.050	0.050	0.050	0.050	0.050	0.050	0.050	0.077	0.103	0.103	0.107	0.112	0.112	0.112	0.112	0.093	0.075	0.075	0.075	0.075	0.075	0.075	0.037	0.037	0.000	0.000	
0.050	0.050	0.050	0.050	0.050	0.050	0.050	0.050	0.050	0.077	0.103	0.103	0.107	0.112	0.112	0.112	0.112	0.093	0.075	0.075	0.075	0.075	0.075	0.075	0.037	0.000	0.000	0.000	
0.038	0.050	0.050	0.050	0.050	0.050	0.050	0.050	0.050	0.077	0.103	0.103	0.107	0.112	0.112	0.112	0.112	0.093	0.075	0.075	0.075	0.075	0.075	0.075	0.037	0.000	0.000	0.000	
0.038	0.038	0.050	0.050	0.050	0.050	0.050	0.050	0.050	0.077	0.103	0.103	0.107	0.112	0.112	0.112	0.112	0.093	0.075	0.075	0.075	0.075	0.075	0.037	0.037	0.000	0.000	0.000	
0.025	0.038	0.038	0.050	0.050	0.050	0.050	0.050	0.050	0.077	0.103	0.103	0.107	0.112	0.112	0.112	0.112	0.093	0.075	0.075	0.075	0.075	0.075	0.037	0.000	0.000	0.000	0.000	
0.025	0.025	0.038	0.050	0.050	0.050	0.050	0.050	0.050	0.077	0.077	0.103	0.107	0.112	0.112	0.112	0.093	0.093	0.075	0.075	0.075	0.075	0.037	0.037	0.000	0.000	0.000	0.000	
0.025	0.025	0.038	0.038	0.050	0.050	0.050	0.050	0.050	0.050	0.077	0.103	0.107	0.107	0.112	0.112	0.093	0.075	0.075	0.075	0.075	0.075	0.037	0.000	0.000	0.000	0.000	0.000	
0.025	0.025	0.025	0.038	0.038	0.050	0.050	0.050	0.050	0.050	0.077	0.103	0.103	0.107	0.112	0.112	0.093	0.075	0.075	0.075	0.075	0.037	0.037	0.000	0.000	0.000	0.000	0.000	
0.025	0.025	0.025	0.025	0.038	0.038	0.050	0.050	0.050	0.050	0.077	0.103	0.103	0.107	0.112	0.112	0.093	0.075	0.075	0.075	0.075	0.037	0.000	0.000	0.000	0.000	0.000	0.000	
0.025	0.025	0.025	0.025	0.025	0.038	0.038	0.050	0.050	0.050	0.077	0.103	0.103	0.107	0.112	0.112	0.093	0.075	0.075	0.075	0.062	0.042	0.000	0.000	0.000	0.000	0.000	0.000	
0.025	0.025	0.025	0.025	0.025	0.025	0.038	0.050	0.050	0.050	0.077	0.103	0.103	0.107	0.112	0.112	0.093	0.075	0.075	0.075	0.062	0.025	0.000	0.000	0.000	0.000	0.000	0.000	
0.025	0.025	0.025	0.025	0.025	0.025	0.038	0.038	0.050	0.050	0.077	0.103	0.103	0.107	0.112	0.112	0.093	0.075	0.075	0.062	0.062	0.025	0.000	0.000	0.000	0.000	0.000	0.000	
0.062	0.062	0.025	0.025	0.025	0.025	0.025	0.038	0.038	0.050	0.070	0.079	0.095	0.114	0.114	0.107	0.079	0.050	0.050	0.062	0.025	0.025	0.000	0.000	0.000	0.000	0.000	0.050	
0.100	0.062	0.062	0.062	0.062	0.025	0.025	0.025	0.044	0.053	0.054	0.056	0.092	0.127	0.115	0.103	0.064	0.025	0.037	0.050	0.025	0.000	0.000	0.000	0.050	0.050	0.050	0.050	
0.100	0.100	0.100	0.100	0.062	0.062	0.062	0.069	0.069	0.056	0.056	0.056	0.092	0.282	0.222	0.128	0.093	0.025	0.058	0.083	0.050	0.050	0.050	0.050	0.050	0.100	0.100	0.100	
0.100	0.100	0.100	0.100	0.100	0.100	0.062	0.083	0.090	0.102	0.079	0.090	0.186	0.282	0.231	0.231	0.089	0.092	0.063	0.083	0.100	0.067	0.050	0.100	0.100	0.100	0.100	0.100	
0.100	0.100	0.100	0.100	0.100	0.100	0.100	0.113	0.125	0.125	0.125	0.125	0.281	0.437	0.437	0.294	0.152	0.126	0.100	0.100	0.100	0.100	0.100	0.100	0.100	0.100	0.100	0.100	
0.000	0.000	0.000	0.000	0.000	0.000	0.000	0.125	0.125	0.125	0.000	0.000	0.521	0.719	0.719	0.530	0.000	0.000	0.000	0.000	0.000	0.000	0.000	0.000	0.000	0.000	0.000	0.000	
0.000	0.000	0.000	0.000	0.000	0.000	0.000	0.000	0.000	0.000	0.000	0.000	1.001	1.001	1.001	1.001	0.000	0.000	0.000	0.000	0.000	0.000	0.000	0.000	0.000	0.000	0.000	0.000	
0.000	0.000	0.000	0.000	0.000	0.000	0.000	0.000	0.000	0.000	0.000	0.000	1.001	1.001	1.001	1.001	0.000	0.000	0.000	0.000	0.000	0.000	0.000	0.000	0.000	0.000	0.000	0.000	
0.000	0.000	0.000	0.000	0.000	0.000	0.000	0.000	0.000	0.000	0.000	0.000	1.001	1.001	1.001	1.001	0.000	0.000	0.000	0.000	0.000	0.000	0.000	0.000	0.000	0.000	0.000	0.000	
0.000	0.000	0.000	0.000	0.000	0.000	0.000	0.000	0.000	0.000	0.000	0.000	1.001	1.001	1.001	1.001	0.000	0.000	0.000	0.000	0.000	0.000	0.000	0.000	0.000	0.000	0.000	0.000	
