0.071	0.071	0.071	0.071	0.071	0.071	0.071	0.071	0.071	0.071	0.071	0.071	0.071	0.071	0.114	0.158	0.158	0.158	0.158	0.158	0.158	0.158	0.158	0.158	0.158	0.158	0.158	0.158	
0.071	0.071	0.071	0.071	0.071	0.071	0.071	0.071	0.071	0.071	0.071	0.071	0.071	0.071	0.114	0.158	0.158	0.158	0.158	0.158	0.158	0.158	0.158	0.158	0.158	0.158	0.158	0.158	
0.071	0.071	0.071	0.071	0.071	0.071	0.071	0.071	0.071	0.071	0.071	0.071	0.071	0.071	0.114	0.158	0.158	0.158	0.158	0.158	0.158	0.158	0.158	0.158	0.158	0.158	0.158	0.158	
0.071	0.071	0.071	0.071	0.071	0.071	0.071	0.071	0.071	0.071	0.071	0.071	0.071	0.071	0.114	0.158	0.158	0.158	0.158	0.158	0.158	0.158	0.158	0.158	0.158	0.158	0.158	0.158	
0.071	0.071	0.071	0.071	0.071	0.071	0.071	0.071	0.071	0.071	0.071	0.071	0.071	0.071	0.114	0.158	0.158	0.158	0.158	0.158	0.158	0.158	0.158	0.158	0.158	0.158	0.158	0.158	
0.071	0.071	0.071	0.071	0.071	0.071	0.071	0.071	0.071	0.071	0.071	0.071	0.071	0.071	0.114	0.158	0.158	0.158	0.158	0.158	0.158	0.158	0.158	0.158	0.158	0.158	0.158	0.158	
0.071	0.071	0.071	0.071	0.071	0.071	0.071	0.071	0.071	0.071	0.071	0.071	0.071	0.071	0.114	0.158	0.158	0.158	0.158	0.158	0.158	0.158	0.158	0.158	0.158	0.158	0.158	0.158	
0.071	0.071	0.071	0.071	0.071	0.071	0.071	0.071	0.071	0.071	0.071	0.071	0.071	0.071	0.114	0.158	0.158	0.158	0.158	0.158	0.158	0.158	0.158	0.158	0.158	0.158	0.158	0.158	
0.071	0.071	0.071	0.071	0.071	0.071	0.071	0.071	0.071	0.071	0.071	0.071	0.071	0.071	0.114	0.158	0.158	0.158	0.158	0.158	0.158	0.158	0.158	0.158	0.158	0.158	0.158	0.158	
0.071	0.071	0.071	0.071	0.071	0.071	0.071	0.071	0.071	0.071	0.071	0.071	0.071	0.071	0.114	0.158	0.158	0.158	0.158	0.158	0.158	0.158	0.158	0.158	0.158	0.158	0.158	0.158	
0.071	0.071	0.071	0.071	0.071	0.071	0.071	0.071	0.071	0.071	0.071	0.071	0.071	0.071	0.114	0.158	0.158	0.158	0.158	0.158	0.158	0.158	0.158	0.158	0.158	0.158	0.158	0.158	
0.071	0.071	0.071	0.071	0.071	0.071	0.071	0.071	0.071	0.071	0.071	0.071	0.071	0.071	0.114	0.158	0.158	0.158	0.158	0.158	0.158	0.158	0.158	0.158	0.158	0.158	0.158	0.158	
0.071	0.071	0.071	0.071	0.071	0.071	0.071	0.071	0.071	0.071	0.071	0.071	0.071	0.071	0.114	0.158	0.158	0.158	0.158	0.158	0.158	0.158	0.158	0.158	0.158	0.158	0.158	0.158	
0.071	0.071	0.071	0.071	0.071	0.071	0.071	0.071	0.071	0.071	0.071	0.071	0.071	0.071	0.114	0.158	0.158	0.158	0.158	0.158	0.158	0.158	0.158	0.158	0.158	0.158	0.158	0.158	
0.071	0.071	0.071	0.071	0.071	0.071	0.071	0.071	0.071	0.071	0.071	0.071	0.071	0.071	0.114	0.158	0.158	0.158	0.158	0.158	0.158	0.158	0.158	0.158	0.158	0.158	0.158	0.158	
0.071	0.071	0.071	0.071	0.071	0.071	0.071	0.071	0.071	0.071	0.071	0.071	0.071	0.071	0.114	0.158	0.158	0.158	0.158	0.158	0.158	0.158	0.158	0.158	0.158	0.158	0.158	0.158	
0.071	0.071	0.071	0.071	0.071	0.071	0.071	0.071	0.071	0.071	0.071	0.071	0.071	0.071	0.114	0.158	0.158	0.158	0.158	0.158	0.158	0.158	0.158	0.158	0.158	0.158	0.158	0.158	
0.071	0.071	0.071	0.071	0.071	0.071	0.071	0.071	0.071	0.071	0.071	0.071	0.071	0.071	0.114	0.158	0.158	0.158	0.158	0.158	0.158	0.158	0.158	0.158	0.158	0.158	0.158	0.158	
0.071	0.071	0.071	0.071	0.071	0.071	0.071	0.071	0.071	0.071	0.071	0.071	0.071	0.071	0.114	0.158	0.158	0.158	0.158	0.158	0.158	0.158	0.158	0.158	0.158	0.158	0.158	0.158	
0.071	0.071	0.071	0.071	0.071	0.071	0.071	0.071	0.071	0.071	0.071	0.071	0.071	0.071	0.114	0.158	0.158	0.158	0.158	0.158	0.158	0.158	0.158	0.158	0.158	0.158	0.158	0.158	
0.071	0.071	0.071	0.071	0.071	0.071	0.071	0.071	0.071	0.071	0.071	0.071	0.071	0.071	0.114	0.158	0.158	0.158	0.158	0.158	0.158	0.158	0.158	0.158	0.158	0.158	0.158	0.158	
0.071	0.071	0.071	0.071	0.071	0.071	0.071	0.071	0.071	0.071	0.071	0.071	0.071	0.071	0.114	0.158	0.158	0.158	0.158	0.158	0.158	0.158	0.158	0.158	0.158	0.158	0.158	0.158	
0.071	0.071	0.071	0.071	0.071	0.071	0.071	0.071	0.071	0.071	0.071	0.071	0.071	0.071	0.114	0.158	0.158	0.158	0.158	0.158	0.158	0.158	0.158	0.158	0.158	0.158	0.158	0.158	
0.071	0.071	0.071	0.071	0.071	0.071	0.071	0.071	0.071	0.071	0.071	0.071	0.071	0.071	0.114	0.158	0.158	0.158	0.158	0.158	0.158	0.158	0.158	0.158	0.158	0.158	0.158	0.158	
0.071	0.071	0.071	0.071	0.071	0.071	0.071	0.071	0.071	0.071	0.071	0.071	0.071	0.071	0.114	0.158	0.158	0.158	0.158	0.158	0.158	0.158	0.158	0.158	0.158	0.158	0.158	0.117	
0.071	0.071	0.071	0.071	0.071	0.071	0.071	0.071	0.071	0.071	0.071	0.071	0.071	0.071	0.114	0.158	0.158	0.158	0.158	0.158	0.158	0.158	0.158	0.158	0.158	0.158	0.158	0.117	
0.071	0.071	0.071	0.071	0.071	0.071	0.071	0.071	0.071	0.071	0.071	0.071	0.071	0.071	0.114	0.158	0.158	0.158	0.158	0.158	0.158	0.158	0.158	0.158	0.158	0.158	0.117	0.117	
0.071	0.071	0.071	0.071	0.071	0.071	0.071	0.071	0.071	0.071	0.071	0.071	0.071	0.071	0.114	0.158	0.158	0.158	0.158	0.158	0.158	0.158	0.158	0.158	0.158	0.158	0.117	0.075	
0.071	0.071	0.071	0.071	0.071	0.071	0.071	0.071	0.071	0.071	0.071	0.071	0.071	0.071	0.114	0.158	0.158	0.158	0.158	0.158	0.158	0.158	0.158	0.158	0.158	0.117	0.117	0.075	
0.071	0.071	0.071	0.071	0.071	0.071	0.071	0.071	0.071	0.071	0.071	0.071	0.071	0.071	0.114	0.158	0.158	0.158	0.158	0.158	0.158	0.158	0.158	0.158	0.158	0.117	0.075	0.075	
0.060	0.071	0.071	0.071	0.071	0.071	0.071	0.071	0.071	0.071	0.071	0.071	0.071	0.071	0.114	0.158	0.158	0.158	0.158	0.158	0.158	0.158	0.158	0.158	0.158	0.117	0.075	0.075	
0.060	0.060	0.071	0.071	0.071	0.071	0.071	0.071	0.071	0.071	0.071	0.071	0.071	0.071	0.114	0.158	0.158	0.158	0.158	0.158	0.158	0.158	0.158	0.158	0.117	0.117	0.075	0.075	
0.050	0.060	0.071	0.071	0.071	0.071	0.071	0.071	0.071	0.071	0.071	0.071	0.071	0.071	0.114	0.158	0.158	0.158	0.158	0.158	0.158	0.158	0.158	0.158	0.117	0.075	0.075	0.075	
0.050	0.060	0.060	0.071	0.071	0.071	0.071	0.071	0.071	0.071	0.071	0.071	0.071	0.071	0.114	0.158	0.158	0.158	0.158	0.158	0.158	0.158	0.158	0.117	0.117	0.075	0.075	0.075	
0.050	0.050	0.060	0.060	0.071	0.071	0.071	0.071	0.071	0.071	0.071	0.071	0.071	0.125	0.136	0.158	0.158	0.158	0.158	0.158	0.158	0.158	0.158	0.117	0.075	0.075	0.075	0.075	
0.050	0.050	0.050	0.060	0.071	0.071	0.071	0.071	0.071	0.071	0.071	0.071	0.071	0.125	0.169	0.158	0.158	0.158	0.158	0.158	0.158	0.158	0.117	0.117	0.075	0.075	0.075	0.075	
0.050	0.050	0.050	0.060	0.060	0.071	0.071	0.071	0.071	0.071	0.071	0.071	0.071	0.125	0.169	0.158	0.158	0.158	0.158	0.158	0.158	0.158	0.117	0.075	0.075	0.075	0.075	0.075	
0.050	0.050	0.050	0.050	0.060	0.060	0.071	0.071	0.071	0.071	0.071	0.071	0.071	0.125	0.169	0.158	0.158	0.158	0.158	0.158	0.158	0.117	0.117	0.075	0.075	0.075	0.075	0.075	
0.050	0.050	0.050	0.050	0.050	0.060	0.071	0.071	0.071	0.071	0.071	0.071	0.071	0.121	0.169	0.169	0.158	0.158	0.158	0.158	0.158	0.117	0.075	0.075	0.075	0.075	0.075	0.075	
0.050	0.050	0.050	0.050	0.050	0.060	0.060	0.071	0.071	0.071	0.071	0.071	0.091	0.121	0.180	0.169	0.158	0.158	0.158	0.158	0.158	0.117	0.075	0.075	0.075	0.075	0.075	0.075	
0.038	0.050	0.050	0.050	0.050	0.050	0.060	0.071	0.071	0.071	0.071	0.071	0.091	0.146	0.180	0.169	0.158	0.158	0.158	0.158	0.117	0.117	0.075	0.075	0.075	0.075	0.075	0.075	
0.038	0.038	0.050	0.050	0.050	0.050	0.060	0.060	0.071	0.071	0.071	0.091	0.091	0.146	0.180	0.169	0.158	0.158	0.158	0.158	0.117	0.075	0.075	0.075	0.075	0.075	0.075	0.077	
0.025	0.038	0.038	0.050	0.050	0.050	0.050	0.060	0.060	0.071	0.071	0.091	0.112	0.146	0.180	0.169	0.169	0.158	0.158	0.117	0.117	0.075	0.075	0.075	0.075	0.077	0.077	0.077	
0.025	0.025	0.038	0.038	0.038	0.050	0.050	0.050	0.067	0.075	0.071	0.091	0.112	0.146	0.180	0.180	0.169	0.158	0.119	0.104	0.075	0.075	0.075	0.075	0.077	0.077	0.079	0.079	
0.025	0.025	0.025	0.025	0.038	0.038	0.050	0.050	0.065	0.075	0.075	0.093	0.112	0.139	0.153	0.157	0.158	0.124	0.119	0.077	0.075	0.075	0.077	0.077	0.077	0.079	0.079	0.079	
0.025	0.025	0.025	0.025	0.025	0.038	0.038	0.043	0.055	0.079	0.095	0.095	0.112	0.116	0.147	0.147	0.135	0.107	0.079	0.076	0.076	0.076	0.077	0.079	0.079	0.079	0.079	0.065	
0.025	0.025	0.025	0.025	0.025	0.025	0.037	0.043	0.057	0.046	0.072	0.068	0.112	0.118	0.125	0.147	0.119	0.106	0.086	0.077	0.075	0.076	0.079	0.079	0.079	0.065	0.065	0.065	
0.025	0.025	0.025	0.025	0.025	0.025	0.020	0.018	0.035	0.028	0.025	0.054	0.136	0.206	0.229	0.147	0.113	0.103	0.076	0.076	0.075	0.076	0.077	0.065	0.065	0.065	0.050	0.050	
0.025	0.025	0.025	0.025	0.025	0.017	0.013	0.018	0.020	0.028	0.025	0.025	0.204	0.382	0.281	0.108	0.106	0.063	0.077	0.062	0.067	0.075	0.068	0.065	0.050	0.050	0.050	0.050	
0.025	0.025	0.025	0.025	0.025	0.013	0.000	0.000	0.013	0.025	0.025	0.025	0.204	0.382	0.281	0.108	0.035	0.043	0.050	0.050	0.062	0.075	0.062	0.050	0.050	0.050	0.050	0.050	
0.000	0.000	0.000	0.000	0.000	0.000	0.000	0.000	0.013	0.025	0.025	0.025	0.461	0.679	0.513	0.397	0.035	0.043	0.050	0.050	0.062	0.075	0.075	0.000	0.000	0.000	0.000	0.000	
0.000	0.000	0.000	0.000	0.000	0.000	0.000	0.000	0.000	0.000	0.000	0.000	0.976	0.976	0.976	0.976	0.000	0.000	0.000	0.000	0.000	0.000	0.000	0.000	0.000	0.000	0.000	0.000	
0.000	0.000	0.000	0.000	0.000	0.000	0.000	0.000	0.000	0.000	0.000	0.000	0.976	0.976	0.976	0.976	0.000	0.000	0.000	0.000	0.000	0.000	0.000	0.000	0.000	0.000	0.000	0.000	
0.000	0.000	0.000	0.000	0.000	0.000	0.000	0.000	0.000	0.000	0.000	0.000	0.976	0.976	0.976	0.976	0.000	0.000	0.000	0.000	0.000	0.000	0.000	0.000	0.000	0.000	0.000	0.000	
0.000	0.000	0.000	0.000	0.000	0.000	0.000	0.000	0.000	0.000	0.000	0.000	0.976	0.976	0.976	0.976	0.000	0.000	0.000	0.000	0.000	0.000	0.000	0.000	0.000	0.000	0.000	0.000	
