0.195	0.195	0.195	0.195	0.195	0.195	0.195	0.195	0.195	0.195	0.195	0.195	0.195	0.195	0.195	0.195	0.195	0.195	0.195	0.195	0.195	0.195	0.195	0.195	0.195	0.195	0.195	0.195	
0.195	0.195	0.195	0.195	0.195	0.195	0.195	0.195	0.195	0.195	0.195	0.195	0.195	0.195	0.195	0.195	0.195	0.195	0.195	0.195	0.195	0.195	0.195	0.195	0.195	0.195	0.195	0.195	
0.195	0.195	0.195	0.195	0.195	0.195	0.195	0.195	0.195	0.195	0.195	0.195	0.195	0.195	0.195	0.195	0.195	0.195	0.195	0.195	0.195	0.195	0.195	0.195	0.195	0.195	0.195	0.195	
0.195	0.195	0.195	0.195	0.195	0.195	0.195	0.195	0.195	0.195	0.195	0.195	0.195	0.195	0.195	0.195	0.195	0.195	0.195	0.195	0.195	0.195	0.195	0.195	0.195	0.195	0.195	0.195	
0.195	0.195	0.195	0.195	0.195	0.195	0.195	0.195	0.195	0.195	0.195	0.195	0.195	0.195	0.195	0.195	0.195	0.195	0.195	0.195	0.195	0.195	0.195	0.195	0.195	0.195	0.195	0.195	
0.195	0.195	0.195	0.195	0.195	0.195	0.195	0.195	0.195	0.195	0.195	0.195	0.195	0.195	0.195	0.195	0.195	0.195	0.195	0.195	0.195	0.195	0.195	0.195	0.195	0.195	0.195	0.195	
0.195	0.195	0.195	0.195	0.195	0.195	0.195	0.195	0.195	0.195	0.195	0.195	0.195	0.195	0.195	0.195	0.195	0.195	0.195	0.195	0.195	0.195	0.195	0.195	0.195	0.195	0.195	0.195	
0.195	0.195	0.195	0.195	0.195	0.195	0.195	0.195	0.195	0.195	0.195	0.195	0.195	0.195	0.195	0.195	0.195	0.195	0.195	0.195	0.195	0.195	0.195	0.195	0.195	0.195	0.195	0.195	
0.195	0.195	0.195	0.195	0.195	0.195	0.195	0.195	0.195	0.195	0.195	0.195	0.195	0.195	0.195	0.195	0.195	0.195	0.195	0.195	0.195	0.195	0.195	0.195	0.195	0.195	0.195	0.195	
0.195	0.195	0.195	0.195	0.195	0.195	0.195	0.195	0.195	0.195	0.195	0.195	0.195	0.195	0.195	0.195	0.195	0.195	0.195	0.195	0.195	0.195	0.195	0.195	0.195	0.195	0.195	0.195	
0.195	0.195	0.195	0.195	0.195	0.195	0.195	0.195	0.195	0.195	0.195	0.195	0.195	0.195	0.195	0.195	0.195	0.195	0.195	0.195	0.195	0.195	0.195	0.195	0.195	0.195	0.195	0.195	
0.195	0.195	0.195	0.195	0.195	0.195	0.195	0.195	0.195	0.195	0.195	0.195	0.195	0.195	0.195	0.195	0.195	0.195	0.195	0.195	0.195	0.195	0.195	0.195	0.195	0.195	0.195	0.195	
0.195	0.195	0.195	0.195	0.195	0.195	0.195	0.195	0.195	0.195	0.195	0.195	0.195	0.195	0.195	0.195	0.195	0.195	0.195	0.195	0.195	0.195	0.195	0.195	0.195	0.195	0.195	0.195	
0.195	0.195	0.195	0.195	0.195	0.195	0.195	0.195	0.195	0.195	0.195	0.195	0.195	0.195	0.195	0.195	0.195	0.195	0.195	0.195	0.195	0.195	0.195	0.195	0.195	0.195	0.195	0.195	
0.195	0.195	0.195	0.195	0.195	0.195	0.195	0.195	0.195	0.195	0.195	0.195	0.195	0.195	0.195	0.195	0.195	0.195	0.195	0.195	0.195	0.195	0.195	0.195	0.195	0.195	0.195	0.195	
0.195	0.195	0.195	0.195	0.195	0.195	0.195	0.195	0.195	0.195	0.195	0.195	0.195	0.195	0.195	0.195	0.195	0.195	0.195	0.195	0.195	0.195	0.195	0.195	0.195	0.195	0.195	0.193	
0.195	0.195	0.195	0.195	0.195	0.195	0.195	0.195	0.195	0.195	0.195	0.195	0.195	0.195	0.195	0.195	0.195	0.195	0.195	0.195	0.195	0.195	0.195	0.195	0.195	0.195	0.195	0.193	
0.195	0.195	0.195	0.195	0.195	0.195	0.195	0.195	0.195	0.195	0.195	0.195	0.195	0.195	0.195	0.195	0.195	0.195	0.195	0.195	0.195	0.195	0.195	0.195	0.195	0.195	0.193	0.193	
0.195	0.195	0.195	0.195	0.195	0.195	0.195	0.195	0.195	0.195	0.195	0.195	0.195	0.195	0.195	0.195	0.195	0.195	0.195	0.195	0.195	0.195	0.195	0.195	0.195	0.195	0.193	0.190	
0.195	0.195	0.195	0.195	0.195	0.195	0.195	0.195	0.195	0.195	0.195	0.195	0.195	0.195	0.195	0.195	0.195	0.195	0.195	0.195	0.195	0.195	0.195	0.195	0.195	0.193	0.193	0.190	
0.195	0.195	0.195	0.195	0.195	0.195	0.195	0.195	0.195	0.195	0.195	0.195	0.195	0.195	0.195	0.195	0.195	0.195	0.195	0.195	0.195	0.195	0.195	0.195	0.195	0.193	0.190	0.190	
0.195	0.195	0.195	0.195	0.195	0.195	0.195	0.195	0.195	0.195	0.195	0.195	0.195	0.195	0.195	0.195	0.195	0.195	0.195	0.195	0.195	0.195	0.195	0.195	0.195	0.193	0.190	0.190	
0.195	0.195	0.195	0.195	0.195	0.195	0.195	0.195	0.195	0.195	0.195	0.195	0.195	0.195	0.195	0.195	0.195	0.195	0.195	0.195	0.195	0.195	0.195	0.195	0.193	0.193	0.190	0.190	
0.195	0.195	0.195	0.195	0.195	0.195	0.195	0.195	0.195	0.195	0.195	0.195	0.195	0.195	0.195	0.195	0.195	0.195	0.195	0.195	0.195	0.195	0.195	0.195	0.193	0.190	0.190	0.190	
0.195	0.195	0.195	0.195	0.195	0.195	0.195	0.195	0.195	0.195	0.195	0.195	0.195	0.195	0.195	0.195	0.195	0.195	0.195	0.195	0.195	0.195	0.195	0.193	0.193	0.190	0.190	0.190	
0.195	0.195	0.195	0.195	0.195	0.195	0.195	0.195	0.195	0.195	0.195	0.195	0.195	0.195	0.195	0.195	0.195	0.195	0.195	0.195	0.195	0.195	0.195	0.193	0.190	0.190	0.190	0.190	
0.195	0.195	0.195	0.195	0.195	0.195	0.195	0.195	0.195	0.195	0.195	0.195	0.195	0.195	0.195	0.195	0.195	0.195	0.195	0.195	0.195	0.195	0.193	0.193	0.190	0.190	0.190	0.190	
0.195	0.195	0.195	0.195	0.195	0.195	0.195	0.195	0.195	0.195	0.195	0.195	0.195	0.195	0.195	0.195	0.195	0.195	0.195	0.195	0.195	0.195	0.193	0.190	0.190	0.190	0.190	0.190	
0.195	0.195	0.195	0.195	0.195	0.195	0.195	0.195	0.195	0.195	0.195	0.195	0.195	0.195	0.195	0.195	0.195	0.195	0.195	0.195	0.195	0.193	0.193	0.190	0.190	0.190	0.190	0.190	
0.195	0.195	0.195	0.195	0.195	0.195	0.195	0.195	0.195	0.195	0.195	0.195	0.195	0.195	0.195	0.195	0.195	0.195	0.195	0.195	0.195	0.193	0.190	0.190	0.190	0.190	0.190	0.190	
0.195	0.195	0.195	0.195	0.195	0.195	0.195	0.195	0.195	0.195	0.195	0.195	0.195	0.195	0.195	0.195	0.195	0.195	0.195	0.195	0.195	0.193	0.190	0.190	0.190	0.190	0.190	0.190	
0.195	0.195	0.195	0.195	0.195	0.195	0.195	0.195	0.195	0.195	0.195	0.195	0.195	0.195	0.195	0.195	0.195	0.195	0.195	0.195	0.193	0.193	0.190	0.190	0.190	0.190	0.190	0.190	
0.195	0.195	0.195	0.195	0.195	0.195	0.195	0.195	0.195	0.195	0.195	0.195	0.195	0.195	0.195	0.195	0.195	0.195	0.195	0.195	0.193	0.190	0.190	0.190	0.190	0.190	0.190	0.190	
0.195	0.195	0.195	0.195	0.195	0.195	0.195	0.195	0.195	0.195	0.195	0.195	0.195	0.195	0.195	0.195	0.195	0.195	0.195	0.193	0.193	0.190	0.190	0.190	0.190	0.190	0.190	0.198	
0.193	0.195	0.195	0.195	0.195	0.195	0.195	0.195	0.195	0.195	0.195	0.195	0.195	0.195	0.195	0.195	0.195	0.195	0.195	0.193	0.190	0.190	0.190	0.190	0.190	0.190	0.198	0.198	
0.193	0.193	0.193	0.195	0.195	0.195	0.195	0.195	0.195	0.195	0.195	0.195	0.195	0.195	0.195	0.195	0.195	0.195	0.193	0.193	0.190	0.190	0.190	0.190	0.190	0.198	0.198	0.206	
0.190	0.190	0.193	0.193	0.195	0.195	0.195	0.195	0.195	0.195	0.195	0.195	0.195	0.195	0.195	0.195	0.195	0.195	0.193	0.190	0.190	0.190	0.190	0.190	0.198	0.198	0.206	0.206	
0.190	0.190	0.190	0.193	0.193	0.195	0.195	0.195	0.195	0.195	0.195	0.195	0.195	0.195	0.195	0.195	0.195	0.193	0.193	0.190	0.190	0.190	0.190	0.198	0.198	0.206	0.206	0.206	
0.190	0.190	0.190	0.190	0.193	0.193	0.195	0.195	0.195	0.195	0.184	0.178	0.178	0.195	0.195	0.195	0.195	0.193	0.190	0.190	0.190	0.190	0.198	0.198	0.206	0.206	0.206	0.206	
0.190	0.190	0.190	0.190	0.190	0.193	0.193	0.193	0.195	0.195	0.178	0.160	0.178	0.148	0.160	0.143	0.195	0.193	0.190	0.190	0.190	0.198	0.198	0.206	0.206	0.206	0.206	0.206	
0.158	0.190	0.190	0.190	0.190	0.190	0.190	0.193	0.173	0.165	0.163	0.160	0.160	0.125	0.090	0.143	0.150	0.170	0.190	0.198	0.198	0.198	0.206	0.206	0.206	0.206	0.206	0.166	
0.139	0.158	0.158	0.158	0.190	0.190	0.190	0.190	0.173	0.135	0.147	0.136	0.136	0.121	0.090	0.108	0.108	0.158	0.174	0.198	0.206	0.206	0.206	0.206	0.206	0.166	0.166	0.166	
0.114	0.114	0.114	0.158	0.158	0.158	0.158	0.190	0.143	0.135	0.123	0.123	0.112	0.109	0.108	0.113	0.125	0.125	0.166	0.206	0.206	0.206	0.206	0.206	0.166	0.166	0.125	0.125	
0.103	0.103	0.114	0.114	0.125	0.125	0.158	0.139	0.138	0.119	0.117	0.105	0.106	0.112	0.125	0.125	0.126	0.126	0.153	0.179	0.179	0.179	0.166	0.166	0.166	0.125	0.125	0.125	
0.103	0.103	0.103	0.114	0.114	0.125	0.125	0.133	0.132	0.135	0.102	0.102	0.100	0.099	0.098	0.108	0.100	0.127	0.140	0.152	0.152	0.161	0.161	0.125	0.125	0.125	0.125	0.125	
0.103	0.103	0.103	0.103	0.114	0.111	0.116	0.133	0.137	0.135	0.100	0.102	0.102	0.091	0.071	0.073	0.091	0.084	0.110	0.101	0.156	0.146	0.125	0.125	0.125	0.125	0.125	0.087	
0.091	0.091	0.103	0.103	0.103	0.105	0.106	0.093	0.118	0.096	0.099	0.064	0.103	0.083	0.073	0.074	0.075	0.084	0.050	0.121	0.156	0.143	0.125	0.125	0.125	0.087	0.087	0.087	
0.079	0.091	0.091	0.091	0.091	0.095	0.087	0.093	0.123	0.074	0.025	0.068	0.089	0.084	0.077	0.076	0.068	0.064	0.050	0.089	0.160	0.121	0.121	0.087	0.087	0.087	0.050	0.050	
0.079	0.079	0.079	0.079	0.086	0.089	0.077	0.077	0.052	0.043	0.028	0.045	0.055	0.050	0.057	0.079	0.065	0.050	0.052	0.089	0.098	0.120	0.085	0.087	0.050	0.050	0.050	0.050	
0.079	0.079	0.079	0.079	0.077	0.075	0.075	0.060	0.052	0.025	0.030	0.035	0.049	0.037	0.038	0.040	0.043	0.050	0.053	0.056	0.067	0.079	0.065	0.065	0.050	0.050	0.050	0.050	
0.000	0.000	0.000	0.000	0.000	0.000	0.000	0.000	0.025	0.025	0.025	0.000	0.035	0.035	0.018	0.000	0.000	0.000	0.053	0.056	0.056	0.000	0.000	0.000	0.000	0.000	0.000	0.000	
0.000	0.000	0.000	0.000	0.000	0.000	0.000	0.000	0.000	0.000	0.000	0.000	0.035	0.035	0.018	0.000	0.000	0.000	0.000	0.000	0.000	0.000	0.000	0.000	0.000	0.000	0.000	0.000	
0.000	0.000	0.000	0.000	0.000	0.000	0.000	0.000	0.000	0.000	0.000	0.000	0.035	0.035	0.018	0.000	0.000	0.000	0.000	0.000	0.000	0.000	0.000	0.000	0.000	0.000	0.000	0.000	
0.000	0.000	0.000	0.000	0.000	0.000	0.000	0.000	0.000	0.000	0.000	0.000	0.035	0.035	0.018	0.000	0.000	0.000	0.000	0.000	0.000	0.000	0.000	0.000	0.000	0.000	0.000	0.000	
0.000	0.000	0.000	0.000	0.000	0.000	0.000	0.000	0.000	0.000	0.000	0.000	0.035	0.035	0.018	0.000	0.000	0.000	0.000	0.000	0.000	0.000	0.000	0.000	0.000	0.000	0.000	0.000	
