0.224	0.224	0.224	0.224	0.224	0.224	0.224	0.224	0.224	0.224	0.224	0.224	0.224	0.224	0.224	0.224	0.224	0.224	0.224	0.224	0.224	0.224	0.224	0.224	0.224	0.224	0.224	0.224	
0.224	0.224	0.224	0.224	0.224	0.224	0.224	0.224	0.224	0.224	0.224	0.224	0.224	0.224	0.224	0.224	0.224	0.224	0.224	0.224	0.224	0.224	0.224	0.224	0.224	0.224	0.224	0.224	
0.224	0.224	0.224	0.224	0.224	0.224	0.224	0.224	0.224	0.224	0.224	0.224	0.224	0.224	0.224	0.224	0.224	0.224	0.224	0.224	0.224	0.224	0.224	0.224	0.224	0.224	0.224	0.224	
0.224	0.224	0.224	0.224	0.224	0.224	0.224	0.224	0.224	0.224	0.224	0.224	0.224	0.224	0.224	0.224	0.224	0.224	0.224	0.224	0.224	0.224	0.224	0.224	0.224	0.224	0.224	0.224	
0.224	0.224	0.224	0.224	0.224	0.224	0.224	0.224	0.224	0.224	0.224	0.224	0.224	0.224	0.224	0.224	0.224	0.224	0.224	0.224	0.224	0.224	0.224	0.224	0.224	0.224	0.224	0.224	
0.224	0.224	0.224	0.224	0.224	0.224	0.224	0.224	0.224	0.224	0.224	0.224	0.224	0.224	0.224	0.224	0.224	0.224	0.224	0.224	0.224	0.224	0.224	0.224	0.224	0.224	0.224	0.224	
0.224	0.224	0.224	0.224	0.224	0.224	0.224	0.224	0.224	0.224	0.224	0.224	0.224	0.224	0.224	0.224	0.224	0.224	0.224	0.224	0.224	0.224	0.224	0.224	0.224	0.224	0.224	0.224	
0.224	0.224	0.224	0.224	0.224	0.224	0.224	0.224	0.224	0.224	0.224	0.224	0.224	0.224	0.224	0.224	0.224	0.224	0.224	0.224	0.224	0.224	0.224	0.224	0.224	0.224	0.224	0.209	
0.224	0.224	0.224	0.224	0.224	0.224	0.224	0.224	0.224	0.224	0.224	0.224	0.224	0.224	0.224	0.224	0.224	0.224	0.224	0.224	0.224	0.224	0.224	0.224	0.224	0.224	0.224	0.209	
0.224	0.224	0.224	0.224	0.224	0.224	0.224	0.224	0.224	0.224	0.224	0.224	0.224	0.224	0.224	0.224	0.224	0.224	0.224	0.224	0.224	0.224	0.224	0.224	0.224	0.224	0.209	0.209	
0.224	0.224	0.224	0.224	0.224	0.224	0.224	0.224	0.224	0.224	0.224	0.224	0.224	0.224	0.224	0.224	0.224	0.224	0.224	0.224	0.224	0.224	0.224	0.224	0.224	0.224	0.209	0.195	
0.209	0.224	0.224	0.224	0.224	0.224	0.224	0.224	0.224	0.224	0.224	0.224	0.224	0.224	0.224	0.224	0.224	0.224	0.224	0.224	0.224	0.224	0.224	0.224	0.224	0.224	0.209	0.195	
0.209	0.224	0.224	0.224	0.224	0.224	0.224	0.224	0.224	0.224	0.224	0.224	0.224	0.224	0.224	0.224	0.224	0.224	0.224	0.224	0.224	0.224	0.224	0.224	0.224	0.209	0.209	0.195	
0.209	0.209	0.224	0.224	0.224	0.224	0.224	0.224	0.224	0.224	0.224	0.224	0.224	0.224	0.224	0.224	0.224	0.224	0.224	0.224	0.224	0.224	0.224	0.224	0.224	0.209	0.195	0.195	
0.195	0.209	0.224	0.224	0.224	0.224	0.224	0.224	0.224	0.224	0.224	0.224	0.224	0.224	0.224	0.224	0.224	0.224	0.224	0.224	0.224	0.224	0.224	0.224	0.209	0.209	0.195	0.195	
0.195	0.209	0.224	0.224	0.224	0.224	0.224	0.224	0.224	0.224	0.224	0.224	0.224	0.224	0.224	0.224	0.224	0.224	0.224	0.224	0.224	0.224	0.224	0.224	0.209	0.195	0.195	0.195	
0.195	0.209	0.209	0.224	0.224	0.224	0.224	0.224	0.224	0.224	0.224	0.224	0.224	0.224	0.224	0.224	0.224	0.224	0.224	0.224	0.224	0.224	0.224	0.209	0.209	0.195	0.195	0.195	
0.195	0.195	0.209	0.224	0.224	0.224	0.224	0.224	0.224	0.224	0.224	0.224	0.224	0.224	0.224	0.224	0.224	0.224	0.224	0.224	0.224	0.224	0.224	0.209	0.195	0.195	0.195	0.209	
0.195	0.195	0.209	0.209	0.224	0.224	0.224	0.224	0.224	0.224	0.224	0.224	0.224	0.224	0.224	0.224	0.224	0.224	0.224	0.224	0.224	0.224	0.224	0.209	0.195	0.195	0.195	0.209	
0.195	0.195	0.195	0.209	0.224	0.224	0.224	0.224	0.224	0.224	0.224	0.224	0.224	0.224	0.224	0.224	0.224	0.224	0.224	0.224	0.224	0.224	0.209	0.209	0.195	0.195	0.209	0.209	
0.195	0.195	0.195	0.209	0.224	0.224	0.224	0.224	0.224	0.224	0.224	0.224	0.224	0.224	0.224	0.224	0.224	0.224	0.224	0.224	0.224	0.224	0.209	0.195	0.195	0.195	0.209	0.224	
0.195	0.195	0.195	0.209	0.209	0.224	0.224	0.224	0.224	0.224	0.224	0.224	0.224	0.224	0.224	0.224	0.224	0.224	0.224	0.224	0.224	0.209	0.209	0.195	0.195	0.209	0.209	0.224	
0.195	0.195	0.195	0.195	0.209	0.224	0.224	0.224	0.224	0.224	0.224	0.224	0.224	0.224	0.224	0.224	0.224	0.224	0.224	0.224	0.224	0.209	0.195	0.195	0.195	0.209	0.224	0.224	
0.195	0.195	0.195	0.195	0.209	0.209	0.224	0.224	0.224	0.224	0.224	0.224	0.224	0.224	0.224	0.224	0.224	0.224	0.224	0.224	0.209	0.209	0.195	0.195	0.195	0.209	0.224	0.224	
0.195	0.195	0.195	0.195	0.195	0.209	0.224	0.224	0.224	0.224	0.224	0.224	0.224	0.224	0.224	0.224	0.224	0.224	0.224	0.224	0.209	0.195	0.195	0.195	0.209	0.209	0.224	0.224	
0.195	0.195	0.195	0.195	0.195	0.209	0.224	0.224	0.224	0.224	0.224	0.224	0.224	0.224	0.224	0.224	0.224	0.224	0.224	0.224	0.209	0.195	0.195	0.195	0.209	0.224	0.224	0.224	
0.195	0.195	0.195	0.195	0.195	0.209	0.209	0.224	0.224	0.224	0.224	0.224	0.224	0.224	0.224	0.224	0.224	0.224	0.224	0.209	0.209	0.195	0.195	0.209	0.209	0.224	0.224	0.224	
0.195	0.195	0.195	0.195	0.195	0.195	0.209	0.224	0.224	0.224	0.224	0.224	0.224	0.224	0.224	0.224	0.224	0.224	0.224	0.209	0.195	0.195	0.195	0.209	0.224	0.224	0.224	0.224	
0.195	0.195	0.195	0.195	0.195	0.195	0.209	0.209	0.224	0.224	0.224	0.224	0.224	0.224	0.224	0.224	0.224	0.224	0.209	0.209	0.195	0.195	0.209	0.209	0.224	0.224	0.224	0.224	
0.195	0.195	0.195	0.195	0.195	0.195	0.195	0.209	0.224	0.224	0.224	0.224	0.224	0.224	0.224	0.224	0.224	0.224	0.209	0.195	0.195	0.195	0.209	0.224	0.224	0.224	0.224	0.224	
0.195	0.195	0.195	0.195	0.195	0.195	0.195	0.209	0.224	0.224	0.224	0.224	0.224	0.224	0.224	0.224	0.224	0.224	0.209	0.195	0.195	0.209	0.209	0.224	0.224	0.224	0.224	0.224	
0.195	0.195	0.195	0.195	0.195	0.195	0.195	0.209	0.209	0.224	0.224	0.224	0.224	0.224	0.224	0.224	0.224	0.209	0.209	0.195	0.195	0.209	0.224	0.224	0.224	0.224	0.224	0.224	
0.195	0.195	0.195	0.195	0.195	0.195	0.195	0.195	0.209	0.224	0.224	0.224	0.224	0.224	0.224	0.224	0.224	0.209	0.195	0.195	0.209	0.209	0.224	0.224	0.224	0.224	0.224	0.224	
0.195	0.195	0.195	0.195	0.195	0.195	0.195	0.195	0.209	0.209	0.224	0.224	0.224	0.224	0.224	0.224	0.209	0.209	0.195	0.195	0.209	0.224	0.224	0.224	0.224	0.224	0.224	0.224	
0.195	0.195	0.195	0.195	0.195	0.195	0.195	0.195	0.195	0.209	0.224	0.224	0.224	0.224	0.224	0.224	0.209	0.195	0.195	0.209	0.209	0.224	0.224	0.224	0.224	0.224	0.224	0.207	
0.195	0.195	0.195	0.195	0.195	0.195	0.195	0.195	0.195	0.209	0.224	0.224	0.224	0.224	0.224	0.209	0.209	0.195	0.195	0.209	0.224	0.224	0.224	0.224	0.224	0.224	0.207	0.207	
0.189	0.189	0.195	0.195	0.195	0.195	0.195	0.195	0.195	0.209	0.209	0.224	0.224	0.224	0.224	0.209	0.195	0.195	0.209	0.209	0.224	0.224	0.224	0.224	0.207	0.207	0.207	0.190	
0.182	0.189	0.189	0.189	0.195	0.195	0.195	0.195	0.195	0.195	0.193	0.224	0.224	0.224	0.224	0.209	0.195	0.195	0.209	0.224	0.224	0.224	0.224	0.207	0.207	0.190	0.190	0.190	
0.182	0.182	0.182	0.189	0.189	0.195	0.195	0.195	0.195	0.195	0.193	0.192	0.192	0.224	0.209	0.209	0.195	0.209	0.209	0.224	0.224	0.224	0.207	0.207	0.190	0.190	0.190	0.190	
0.170	0.170	0.182	0.182	0.189	0.189	0.189	0.195	0.195	0.195	0.178	0.160	0.192	0.154	0.166	0.195	0.195	0.209	0.224	0.224	0.224	0.207	0.207	0.190	0.190	0.190	0.190	0.190	
0.158	0.170	0.170	0.182	0.182	0.182	0.189	0.189	0.195	0.165	0.163	0.160	0.160	0.120	0.137	0.137	0.136	0.184	0.224	0.224	0.207	0.207	0.190	0.190	0.190	0.190	0.190	0.113	
0.129	0.158	0.170	0.170	0.170	0.182	0.182	0.189	0.171	0.165	0.147	0.140	0.143	0.121	0.079	0.079	0.136	0.179	0.179	0.207	0.207	0.190	0.190	0.190	0.190	0.113	0.113	0.113	
0.129	0.129	0.158	0.158	0.170	0.170	0.170	0.182	0.158	0.135	0.135	0.130	0.125	0.098	0.085	0.101	0.101	0.135	0.179	0.183	0.190	0.190	0.190	0.190	0.113	0.113	0.035	0.035	
0.100	0.129	0.129	0.129	0.158	0.158	0.170	0.170	0.140	0.119	0.119	0.116	0.114	0.106	0.090	0.090	0.109	0.119	0.130	0.159	0.171	0.190	0.113	0.113	0.113	0.035	0.035	0.035	
0.100	0.100	0.100	0.129	0.129	0.158	0.158	0.150	0.148	0.103	0.103	0.103	0.103	0.088	0.080	0.088	0.097	0.103	0.128	0.152	0.171	0.126	0.126	0.035	0.035	0.035	0.035	0.035	
0.100	0.100	0.100	0.100	0.129	0.121	0.132	0.141	0.131	0.131	0.105	0.103	0.103	0.092	0.071	0.077	0.079	0.079	0.102	0.152	0.121	0.093	0.035	0.035	0.035	0.035	0.035	0.068	
0.075	0.100	0.100	0.100	0.100	0.103	0.106	0.131	0.143	0.107	0.106	0.079	0.103	0.083	0.073	0.067	0.056	0.070	0.102	0.097	0.121	0.063	0.063	0.035	0.035	0.068	0.068	0.068	
0.075	0.075	0.075	0.075	0.075	0.094	0.103	0.117	0.143	0.099	0.056	0.099	0.143	0.120	0.075	0.078	0.079	0.065	0.050	0.063	0.090	0.083	0.067	0.070	0.068	0.068	0.100	0.100	
0.050	0.050	0.050	0.050	0.075	0.088	0.101	0.101	0.092	0.080	0.056	0.098	0.119	0.129	0.110	0.089	0.077	0.050	0.050	0.063	0.072	0.083	0.075	0.070	0.100	0.100	0.100	0.100	
0.050	0.050	0.050	0.050	0.063	0.075	0.075	0.086	0.092	0.056	0.056	0.056	0.377	0.384	0.121	0.091	0.077	0.050	0.050	0.050	0.062	0.075	0.075	0.087	0.100	0.100	0.100	0.100	
0.000	0.000	0.000	0.000	0.000	0.075	0.075	0.075	0.000	0.000	0.000	0.000	0.474	0.486	0.486	0.079	0.079	0.000	0.050	0.050	0.050	0.000	0.000	0.000	0.000	0.000	0.000	0.000	
0.000	0.000	0.000	0.000	0.000	0.000	0.000	0.000	0.000	0.000	0.000	0.000	0.892	0.892	0.486	0.486	0.000	0.000	0.000	0.000	0.000	0.000	0.000	0.000	0.000	0.000	0.000	0.000	
0.000	0.000	0.000	0.000	0.000	0.000	0.000	0.000	0.000	0.000	0.000	0.000	0.892	0.892	0.892	0.892	0.000	0.000	0.000	0.000	0.000	0.000	0.000	0.000	0.000	0.000	0.000	0.000	
0.000	0.000	0.000	0.000	0.000	0.000	0.000	0.000	0.000	0.000	0.000	0.000	0.892	0.892	0.892	0.892	0.000	0.000	0.000	0.000	0.000	0.000	0.000	0.000	0.000	0.000	0.000	0.000	
0.000	0.000	0.000	0.000	0.000	0.000	0.000	0.000	0.000	0.000	0.000	0.000	0.892	0.892	0.892	0.892	0.000	0.000	0.000	0.000	0.000	0.000	0.000	0.000	0.000	0.000	0.000	0.000	
