0.158	0.158	0.158	0.158	0.158	0.143	0.127	0.127	0.127	0.127	0.127	0.127	0.127	0.127	0.127	0.164	0.200	0.200	0.200	0.200	0.200	0.200	0.200	0.200	0.200	0.200	0.200	0.200	
0.158	0.158	0.158	0.158	0.158	0.143	0.143	0.127	0.127	0.127	0.127	0.127	0.127	0.127	0.127	0.164	0.200	0.200	0.200	0.200	0.200	0.200	0.200	0.200	0.200	0.200	0.200	0.200	
0.158	0.158	0.158	0.158	0.158	0.158	0.143	0.127	0.127	0.127	0.127	0.127	0.127	0.127	0.127	0.164	0.200	0.200	0.200	0.200	0.200	0.200	0.200	0.200	0.200	0.200	0.200	0.200	
0.158	0.158	0.158	0.158	0.158	0.158	0.143	0.127	0.127	0.127	0.127	0.127	0.127	0.127	0.127	0.164	0.200	0.200	0.200	0.200	0.200	0.200	0.200	0.200	0.200	0.200	0.200	0.200	
0.158	0.158	0.158	0.158	0.158	0.158	0.143	0.127	0.127	0.127	0.127	0.127	0.127	0.127	0.127	0.164	0.200	0.200	0.200	0.200	0.200	0.200	0.200	0.200	0.200	0.200	0.200	0.200	
0.158	0.158	0.158	0.158	0.158	0.158	0.143	0.127	0.127	0.127	0.127	0.127	0.127	0.127	0.127	0.164	0.200	0.200	0.200	0.200	0.200	0.200	0.200	0.200	0.200	0.200	0.200	0.200	
0.158	0.158	0.158	0.158	0.158	0.158	0.143	0.127	0.127	0.127	0.127	0.127	0.127	0.127	0.127	0.164	0.200	0.200	0.200	0.200	0.200	0.200	0.200	0.200	0.200	0.200	0.200	0.200	
0.158	0.158	0.158	0.158	0.158	0.158	0.143	0.127	0.127	0.127	0.127	0.127	0.127	0.127	0.127	0.164	0.200	0.200	0.200	0.200	0.200	0.200	0.200	0.200	0.200	0.200	0.200	0.200	
0.158	0.158	0.158	0.158	0.158	0.158	0.143	0.127	0.127	0.127	0.127	0.127	0.127	0.127	0.127	0.164	0.200	0.200	0.200	0.200	0.200	0.200	0.200	0.200	0.200	0.200	0.200	0.200	
0.158	0.158	0.158	0.158	0.158	0.158	0.143	0.143	0.127	0.127	0.127	0.127	0.127	0.127	0.127	0.164	0.200	0.200	0.200	0.200	0.200	0.200	0.200	0.200	0.200	0.200	0.200	0.200	
0.158	0.158	0.158	0.158	0.158	0.158	0.158	0.143	0.127	0.127	0.127	0.127	0.127	0.127	0.127	0.164	0.200	0.200	0.200	0.200	0.200	0.200	0.200	0.200	0.200	0.200	0.200	0.200	
0.158	0.158	0.158	0.158	0.158	0.158	0.158	0.143	0.127	0.127	0.127	0.127	0.127	0.127	0.127	0.164	0.200	0.200	0.200	0.200	0.200	0.200	0.200	0.200	0.200	0.200	0.200	0.200	
0.158	0.158	0.158	0.158	0.158	0.158	0.158	0.143	0.127	0.127	0.127	0.127	0.127	0.127	0.127	0.164	0.200	0.200	0.200	0.200	0.200	0.200	0.200	0.200	0.200	0.200	0.200	0.200	
0.158	0.158	0.158	0.158	0.158	0.158	0.158	0.143	0.127	0.127	0.127	0.127	0.127	0.127	0.127	0.164	0.200	0.200	0.200	0.200	0.200	0.200	0.200	0.200	0.200	0.200	0.200	0.200	
0.158	0.158	0.158	0.158	0.158	0.158	0.158	0.143	0.127	0.127	0.127	0.127	0.127	0.127	0.127	0.164	0.200	0.200	0.200	0.200	0.200	0.200	0.200	0.200	0.200	0.200	0.200	0.200	
0.158	0.158	0.158	0.158	0.158	0.158	0.158	0.143	0.127	0.127	0.127	0.127	0.127	0.127	0.127	0.164	0.200	0.200	0.200	0.200	0.200	0.200	0.200	0.200	0.200	0.200	0.200	0.200	
0.158	0.158	0.158	0.158	0.158	0.158	0.158	0.143	0.127	0.127	0.127	0.127	0.127	0.127	0.127	0.164	0.200	0.200	0.200	0.200	0.200	0.200	0.200	0.200	0.200	0.200	0.200	0.200	
0.158	0.158	0.158	0.158	0.158	0.158	0.158	0.143	0.143	0.127	0.127	0.127	0.127	0.127	0.127	0.164	0.200	0.200	0.200	0.200	0.200	0.200	0.200	0.200	0.200	0.200	0.200	0.200	
0.158	0.158	0.158	0.158	0.158	0.158	0.158	0.158	0.143	0.127	0.127	0.127	0.127	0.127	0.127	0.164	0.200	0.200	0.200	0.200	0.200	0.200	0.200	0.200	0.200	0.200	0.200	0.200	
0.158	0.158	0.158	0.158	0.158	0.158	0.158	0.158	0.143	0.127	0.127	0.127	0.127	0.127	0.127	0.164	0.200	0.200	0.200	0.200	0.200	0.200	0.200	0.200	0.200	0.200	0.200	0.200	
0.158	0.158	0.158	0.158	0.158	0.158	0.158	0.158	0.143	0.127	0.127	0.127	0.127	0.127	0.127	0.164	0.200	0.200	0.200	0.200	0.200	0.200	0.200	0.200	0.200	0.200	0.200	0.200	
0.158	0.158	0.158	0.158	0.158	0.158	0.158	0.158	0.143	0.127	0.127	0.127	0.127	0.127	0.127	0.164	0.200	0.200	0.200	0.200	0.200	0.200	0.200	0.200	0.200	0.200	0.200	0.200	
0.158	0.158	0.158	0.158	0.158	0.158	0.158	0.158	0.143	0.127	0.127	0.127	0.127	0.127	0.127	0.164	0.200	0.200	0.200	0.200	0.200	0.200	0.200	0.200	0.200	0.200	0.200	0.200	
0.158	0.158	0.158	0.158	0.158	0.158	0.158	0.158	0.143	0.127	0.127	0.127	0.127	0.127	0.127	0.164	0.200	0.200	0.200	0.200	0.200	0.200	0.200	0.200	0.200	0.200	0.200	0.200	
0.158	0.158	0.158	0.158	0.158	0.158	0.158	0.158	0.143	0.127	0.127	0.127	0.127	0.127	0.127	0.164	0.200	0.200	0.200	0.200	0.200	0.200	0.200	0.200	0.200	0.200	0.200	0.200	
0.158	0.158	0.158	0.158	0.158	0.158	0.158	0.158	0.143	0.143	0.127	0.127	0.127	0.127	0.127	0.164	0.200	0.200	0.200	0.200	0.200	0.200	0.200	0.200	0.200	0.200	0.200	0.200	
0.158	0.158	0.158	0.158	0.158	0.158	0.158	0.158	0.158	0.143	0.127	0.127	0.127	0.127	0.127	0.164	0.200	0.200	0.200	0.200	0.200	0.200	0.200	0.200	0.200	0.200	0.200	0.200	
0.158	0.158	0.158	0.158	0.158	0.158	0.158	0.158	0.158	0.143	0.127	0.127	0.127	0.127	0.127	0.164	0.200	0.200	0.200	0.200	0.200	0.200	0.200	0.200	0.200	0.200	0.200	0.200	
0.158	0.158	0.158	0.158	0.158	0.158	0.158	0.158	0.158	0.143	0.127	0.127	0.127	0.127	0.127	0.164	0.200	0.200	0.200	0.200	0.200	0.200	0.200	0.200	0.200	0.200	0.200	0.200	
0.158	0.158	0.158	0.158	0.158	0.158	0.158	0.158	0.158	0.143	0.127	0.127	0.127	0.127	0.127	0.164	0.200	0.200	0.200	0.200	0.200	0.200	0.200	0.200	0.200	0.200	0.200	0.200	
0.158	0.158	0.158	0.158	0.158	0.158	0.158	0.158	0.158	0.143	0.127	0.127	0.127	0.127	0.127	0.164	0.200	0.200	0.200	0.200	0.200	0.200	0.200	0.200	0.200	0.200	0.200	0.200	
0.158	0.158	0.158	0.158	0.158	0.158	0.158	0.158	0.158	0.143	0.127	0.127	0.127	0.127	0.127	0.164	0.200	0.200	0.200	0.200	0.200	0.200	0.200	0.200	0.200	0.200	0.200	0.200	
0.158	0.158	0.158	0.158	0.158	0.158	0.158	0.158	0.158	0.143	0.127	0.127	0.127	0.127	0.127	0.164	0.200	0.200	0.200	0.200	0.200	0.200	0.200	0.200	0.200	0.200	0.200	0.200	
0.158	0.158	0.158	0.158	0.158	0.158	0.158	0.158	0.158	0.143	0.143	0.127	0.127	0.127	0.127	0.164	0.200	0.200	0.200	0.200	0.200	0.200	0.200	0.200	0.200	0.200	0.200	0.200	
0.158	0.158	0.158	0.158	0.158	0.158	0.158	0.158	0.158	0.158	0.143	0.127	0.127	0.127	0.127	0.164	0.200	0.200	0.200	0.200	0.200	0.200	0.200	0.200	0.200	0.200	0.200	0.200	
0.158	0.158	0.158	0.158	0.158	0.158	0.158	0.158	0.158	0.158	0.143	0.127	0.127	0.127	0.127	0.164	0.200	0.200	0.200	0.200	0.200	0.200	0.200	0.200	0.200	0.200	0.200	0.200	
0.158	0.158	0.158	0.158	0.158	0.158	0.158	0.158	0.158	0.158	0.143	0.127	0.127	0.127	0.127	0.164	0.200	0.200	0.200	0.200	0.200	0.200	0.200	0.200	0.200	0.200	0.200	0.200	
0.158	0.158	0.158	0.158	0.158	0.158	0.158	0.158	0.158	0.158	0.143	0.127	0.127	0.127	0.127	0.164	0.200	0.200	0.200	0.200	0.200	0.200	0.200	0.200	0.200	0.200	0.200	0.200	
0.158	0.158	0.158	0.158	0.158	0.158	0.158	0.158	0.158	0.158	0.143	0.127	0.127	0.127	0.127	0.164	0.200	0.200	0.200	0.200	0.200	0.200	0.200	0.200	0.200	0.200	0.200	0.200	
0.158	0.158	0.158	0.158	0.158	0.158	0.158	0.158	0.158	0.158	0.143	0.127	0.127	0.127	0.127	0.164	0.200	0.200	0.200	0.200	0.200	0.200	0.200	0.200	0.200	0.200	0.200	0.118	
0.158	0.158	0.158	0.158	0.158	0.158	0.158	0.158	0.158	0.158	0.143	0.127	0.127	0.127	0.127	0.164	0.200	0.200	0.200	0.200	0.200	0.200	0.200	0.200	0.200	0.200	0.118	0.118	
0.167	0.158	0.158	0.158	0.158	0.158	0.158	0.158	0.158	0.158	0.143	0.143	0.127	0.127	0.127	0.164	0.200	0.200	0.200	0.200	0.200	0.200	0.200	0.200	0.200	0.118	0.118	0.035	
0.167	0.167	0.167	0.158	0.158	0.158	0.158	0.158	0.158	0.158	0.158	0.143	0.127	0.127	0.127	0.164	0.200	0.200	0.200	0.200	0.200	0.200	0.200	0.118	0.118	0.118	0.035	0.035	
0.175	0.175	0.167	0.167	0.158	0.158	0.158	0.158	0.158	0.158	0.158	0.143	0.127	0.127	0.127	0.164	0.200	0.200	0.200	0.200	0.200	0.200	0.118	0.118	0.035	0.035	0.035	0.035	
0.175	0.175	0.175	0.167	0.167	0.167	0.158	0.158	0.158	0.158	0.158	0.143	0.127	0.127	0.127	0.164	0.200	0.200	0.200	0.200	0.200	0.118	0.118	0.035	0.035	0.035	0.035	0.035	
0.175	0.175	0.175	0.175	0.175	0.167	0.167	0.158	0.158	0.158	0.158	0.143	0.127	0.127	0.127	0.164	0.200	0.200	0.200	0.200	0.118	0.118	0.035	0.035	0.035	0.035	0.035	0.035	
0.175	0.175	0.175	0.175	0.175	0.175	0.167	0.167	0.167	0.158	0.158	0.143	0.127	0.127	0.294	0.262	0.200	0.200	0.200	0.118	0.118	0.035	0.035	0.035	0.035	0.035	0.035	0.035	
0.175	0.175	0.175	0.175	0.175	0.175	0.175	0.175	0.167	0.167	0.158	0.170	0.176	0.294	0.294	0.330	0.220	0.100	0.118	0.118	0.035	0.035	0.035	0.035	0.035	0.035	0.035	0.035	
0.175	0.175	0.175	0.175	0.175	0.175	0.175	0.175	0.175	0.167	0.186	0.192	0.176	0.271	0.460	0.230	0.230	0.100	0.078	0.035	0.035	0.035	0.035	0.035	0.035	0.035	0.035	0.035	
0.175	0.175	0.175	0.175	0.175	0.175	0.175	0.175	0.175	0.175	0.200	0.225	0.225	0.342	0.460	0.230	0.000	0.000	0.018	0.035	0.035	0.035	0.035	0.035	0.035	0.035	0.035	0.035	
0.175	0.175	0.175	0.175	0.175	0.175	0.175	0.175	0.175	0.175	0.175	0.000	0.613	0.562	0.730	0.487	0.000	0.000	0.000	0.000	0.000	0.000	0.000	0.000	0.000	0.000	0.000	0.000	
0.000	0.000	0.000	0.000	0.000	0.000	0.000	0.000	0.000	0.000	0.000	0.000	1.000	1.000	1.000	1.000	0.000	0.000	0.000	0.000	0.000	0.000	0.000	0.000	0.000	0.000	0.000	0.000	
0.000	0.000	0.000	0.000	0.000	0.000	0.000	0.000	0.000	0.000	0.000	0.000	1.000	1.000	1.000	1.000	0.000	0.000	0.000	0.000	0.000	0.000	0.000	0.000	0.000	0.000	0.000	0.000	
0.000	0.000	0.000	0.000	0.000	0.000	0.000	0.000	0.000	0.000	0.000	0.000	1.000	1.000	1.000	1.000	0.000	0.000	0.000	0.000	0.000	0.000	0.000	0.000	0.000	0.000	0.000	0.000	
0.000	0.000	0.000	0.000	0.000	0.000	0.000	0.000	0.000	0.000	0.000	0.000	1.000	1.000	1.000	1.000	0.000	0.000	0.000	0.000	0.000	0.000	0.000	0.000	0.000	0.000	0.000	0.000	
