0.071	0.071	0.071	0.071	0.071	0.071	0.071	0.071	0.071	0.071	0.071	0.071	0.071	0.071	0.103	0.135	0.135	0.135	0.135	0.135	0.135	0.135	0.135	0.135	0.135	0.135	0.135	0.135	
0.071	0.071	0.071	0.071	0.071	0.071	0.071	0.071	0.071	0.071	0.071	0.071	0.071	0.071	0.103	0.135	0.135	0.135	0.135	0.135	0.135	0.135	0.135	0.135	0.135	0.135	0.135	0.135	
0.071	0.071	0.071	0.071	0.071	0.071	0.071	0.071	0.071	0.071	0.071	0.071	0.071	0.071	0.103	0.135	0.135	0.135	0.135	0.135	0.135	0.135	0.135	0.135	0.135	0.135	0.135	0.135	
0.071	0.071	0.071	0.071	0.071	0.071	0.071	0.071	0.071	0.071	0.071	0.071	0.071	0.071	0.103	0.135	0.135	0.135	0.135	0.135	0.135	0.135	0.135	0.135	0.135	0.135	0.135	0.135	
0.071	0.071	0.071	0.071	0.071	0.071	0.071	0.071	0.071	0.071	0.071	0.071	0.071	0.071	0.103	0.135	0.135	0.135	0.135	0.135	0.135	0.135	0.135	0.135	0.135	0.135	0.135	0.135	
0.071	0.071	0.071	0.071	0.071	0.071	0.071	0.071	0.071	0.071	0.071	0.071	0.071	0.071	0.103	0.135	0.135	0.135	0.135	0.135	0.135	0.135	0.135	0.135	0.135	0.135	0.135	0.135	
0.071	0.071	0.071	0.071	0.071	0.071	0.071	0.071	0.071	0.071	0.071	0.071	0.071	0.071	0.103	0.135	0.135	0.135	0.135	0.135	0.135	0.135	0.135	0.135	0.135	0.135	0.135	0.135	
0.071	0.071	0.071	0.071	0.071	0.071	0.071	0.071	0.071	0.071	0.071	0.071	0.071	0.071	0.103	0.135	0.135	0.135	0.135	0.135	0.135	0.135	0.135	0.135	0.135	0.135	0.135	0.135	
0.071	0.071	0.071	0.071	0.071	0.071	0.071	0.071	0.071	0.071	0.071	0.071	0.071	0.071	0.103	0.135	0.135	0.135	0.135	0.135	0.135	0.135	0.135	0.135	0.135	0.135	0.135	0.135	
0.071	0.071	0.071	0.071	0.071	0.071	0.071	0.071	0.071	0.071	0.071	0.071	0.071	0.071	0.103	0.135	0.135	0.135	0.135	0.135	0.135	0.135	0.135	0.135	0.135	0.135	0.135	0.135	
0.071	0.071	0.071	0.071	0.071	0.071	0.071	0.071	0.071	0.071	0.071	0.071	0.071	0.071	0.103	0.135	0.135	0.135	0.135	0.135	0.135	0.135	0.135	0.135	0.135	0.135	0.135	0.135	
0.071	0.071	0.071	0.071	0.071	0.071	0.071	0.071	0.071	0.071	0.071	0.071	0.071	0.071	0.103	0.135	0.135	0.135	0.135	0.135	0.135	0.135	0.135	0.135	0.135	0.135	0.135	0.135	
0.071	0.071	0.071	0.071	0.071	0.071	0.071	0.071	0.071	0.071	0.071	0.071	0.071	0.071	0.103	0.135	0.135	0.135	0.135	0.135	0.135	0.135	0.135	0.135	0.135	0.135	0.135	0.135	
0.071	0.071	0.071	0.071	0.071	0.071	0.071	0.071	0.071	0.071	0.071	0.071	0.071	0.071	0.103	0.135	0.135	0.135	0.135	0.135	0.135	0.135	0.135	0.135	0.135	0.135	0.135	0.135	
0.071	0.071	0.071	0.071	0.071	0.071	0.071	0.071	0.071	0.071	0.071	0.071	0.071	0.071	0.103	0.135	0.135	0.135	0.135	0.135	0.135	0.135	0.135	0.135	0.135	0.135	0.135	0.135	
0.071	0.071	0.071	0.071	0.071	0.071	0.071	0.071	0.071	0.071	0.071	0.071	0.071	0.071	0.103	0.135	0.135	0.135	0.135	0.135	0.135	0.135	0.135	0.135	0.135	0.135	0.135	0.135	
0.071	0.071	0.071	0.071	0.071	0.071	0.071	0.071	0.071	0.071	0.071	0.071	0.071	0.071	0.103	0.135	0.135	0.135	0.135	0.135	0.135	0.135	0.135	0.135	0.135	0.135	0.135	0.135	
0.071	0.071	0.071	0.071	0.071	0.071	0.071	0.071	0.071	0.071	0.071	0.071	0.071	0.071	0.103	0.135	0.135	0.135	0.135	0.135	0.135	0.135	0.135	0.135	0.135	0.135	0.135	0.135	
0.071	0.071	0.071	0.071	0.071	0.071	0.071	0.071	0.071	0.071	0.071	0.071	0.071	0.071	0.103	0.135	0.135	0.135	0.135	0.135	0.135	0.135	0.135	0.135	0.135	0.135	0.135	0.135	
0.071	0.071	0.071	0.071	0.071	0.071	0.071	0.071	0.071	0.071	0.071	0.071	0.071	0.071	0.103	0.135	0.135	0.135	0.135	0.135	0.135	0.135	0.135	0.135	0.135	0.135	0.135	0.135	
0.071	0.071	0.071	0.071	0.071	0.071	0.071	0.071	0.071	0.071	0.071	0.071	0.071	0.071	0.103	0.135	0.135	0.135	0.135	0.135	0.135	0.135	0.135	0.135	0.135	0.135	0.135	0.135	
0.071	0.071	0.071	0.071	0.071	0.071	0.071	0.071	0.071	0.071	0.071	0.071	0.071	0.071	0.103	0.135	0.135	0.135	0.135	0.135	0.135	0.135	0.135	0.135	0.135	0.135	0.135	0.135	
0.071	0.071	0.071	0.071	0.071	0.071	0.071	0.071	0.071	0.071	0.071	0.071	0.071	0.071	0.103	0.135	0.135	0.135	0.135	0.135	0.135	0.135	0.135	0.135	0.135	0.135	0.135	0.135	
0.071	0.071	0.071	0.071	0.071	0.071	0.071	0.071	0.071	0.071	0.071	0.071	0.071	0.071	0.103	0.135	0.135	0.135	0.135	0.135	0.135	0.135	0.135	0.135	0.135	0.135	0.135	0.135	
0.071	0.071	0.071	0.071	0.071	0.071	0.071	0.071	0.071	0.071	0.071	0.071	0.071	0.071	0.103	0.135	0.135	0.135	0.135	0.135	0.135	0.135	0.135	0.135	0.135	0.135	0.135	0.107	
0.071	0.071	0.071	0.071	0.071	0.071	0.071	0.071	0.071	0.071	0.071	0.071	0.071	0.071	0.103	0.135	0.135	0.135	0.135	0.135	0.135	0.135	0.135	0.135	0.135	0.135	0.135	0.107	
0.071	0.071	0.071	0.071	0.071	0.071	0.071	0.071	0.071	0.071	0.071	0.071	0.071	0.071	0.103	0.135	0.135	0.135	0.135	0.135	0.135	0.135	0.135	0.135	0.135	0.135	0.107	0.107	
0.071	0.071	0.071	0.071	0.071	0.071	0.071	0.071	0.071	0.071	0.071	0.071	0.071	0.071	0.103	0.135	0.135	0.135	0.135	0.135	0.135	0.135	0.135	0.135	0.135	0.135	0.107	0.079	
0.071	0.071	0.071	0.071	0.071	0.071	0.071	0.071	0.071	0.071	0.071	0.071	0.071	0.071	0.103	0.135	0.135	0.135	0.135	0.135	0.135	0.135	0.135	0.135	0.135	0.107	0.107	0.079	
0.071	0.071	0.071	0.071	0.071	0.071	0.071	0.071	0.071	0.071	0.071	0.071	0.071	0.071	0.103	0.135	0.135	0.135	0.135	0.135	0.135	0.135	0.135	0.135	0.135	0.107	0.079	0.079	
0.060	0.071	0.071	0.071	0.071	0.071	0.071	0.071	0.071	0.071	0.071	0.071	0.071	0.071	0.103	0.135	0.135	0.135	0.135	0.135	0.135	0.135	0.135	0.135	0.135	0.107	0.079	0.079	
0.060	0.060	0.071	0.071	0.071	0.071	0.071	0.071	0.071	0.071	0.071	0.071	0.071	0.071	0.103	0.135	0.135	0.135	0.135	0.135	0.135	0.135	0.135	0.135	0.107	0.107	0.079	0.079	
0.050	0.060	0.071	0.071	0.071	0.071	0.071	0.071	0.071	0.071	0.071	0.071	0.071	0.071	0.103	0.135	0.135	0.135	0.135	0.135	0.135	0.135	0.135	0.135	0.107	0.079	0.079	0.079	
0.050	0.060	0.060	0.071	0.071	0.071	0.071	0.071	0.071	0.071	0.071	0.071	0.071	0.071	0.103	0.135	0.135	0.135	0.135	0.135	0.135	0.135	0.135	0.107	0.107	0.079	0.079	0.079	
0.050	0.050	0.060	0.060	0.071	0.071	0.071	0.071	0.071	0.071	0.071	0.071	0.071	0.136	0.103	0.135	0.135	0.135	0.135	0.135	0.135	0.135	0.135	0.107	0.079	0.079	0.079	0.079	
0.050	0.050	0.050	0.060	0.071	0.071	0.071	0.071	0.071	0.071	0.071	0.071	0.071	0.136	0.168	0.135	0.135	0.135	0.135	0.135	0.135	0.135	0.107	0.107	0.079	0.079	0.079	0.079	
0.050	0.050	0.050	0.060	0.060	0.071	0.071	0.071	0.071	0.071	0.071	0.071	0.071	0.136	0.168	0.135	0.135	0.135	0.135	0.135	0.135	0.135	0.107	0.079	0.079	0.079	0.079	0.079	
0.050	0.050	0.050	0.050	0.060	0.071	0.071	0.071	0.071	0.071	0.071	0.071	0.071	0.136	0.168	0.135	0.135	0.135	0.135	0.135	0.135	0.107	0.107	0.079	0.079	0.079	0.079	0.079	
0.050	0.050	0.050	0.050	0.060	0.060	0.071	0.071	0.071	0.071	0.071	0.071	0.071	0.121	0.168	0.168	0.135	0.135	0.135	0.135	0.135	0.107	0.079	0.079	0.079	0.079	0.079	0.079	
0.050	0.050	0.050	0.050	0.050	0.060	0.060	0.071	0.071	0.071	0.071	0.071	0.080	0.121	0.202	0.168	0.135	0.135	0.135	0.135	0.135	0.107	0.079	0.079	0.079	0.079	0.079	0.079	
0.038	0.050	0.050	0.050	0.050	0.050	0.060	0.071	0.071	0.071	0.071	0.071	0.080	0.146	0.202	0.168	0.135	0.135	0.135	0.135	0.107	0.107	0.079	0.079	0.079	0.079	0.079	0.079	
0.038	0.038	0.050	0.050	0.050	0.050	0.060	0.060	0.071	0.071	0.071	0.080	0.080	0.146	0.202	0.168	0.135	0.135	0.135	0.135	0.107	0.079	0.079	0.079	0.079	0.079	0.079	0.091	
0.025	0.038	0.038	0.050	0.050	0.050	0.050	0.060	0.060	0.071	0.071	0.080	0.090	0.146	0.202	0.168	0.168	0.135	0.135	0.107	0.107	0.079	0.079	0.079	0.079	0.091	0.091	0.091	
0.025	0.025	0.038	0.038	0.038	0.050	0.050	0.050	0.074	0.085	0.071	0.080	0.090	0.146	0.202	0.202	0.168	0.135	0.107	0.098	0.079	0.079	0.079	0.079	0.091	0.091	0.103	0.103	
0.025	0.025	0.025	0.025	0.038	0.038	0.050	0.050	0.075	0.085	0.087	0.093	0.101	0.140	0.165	0.174	0.161	0.120	0.107	0.079	0.079	0.079	0.091	0.091	0.091	0.103	0.103	0.103	
0.025	0.025	0.025	0.025	0.025	0.038	0.038	0.043	0.062	0.100	0.106	0.106	0.101	0.110	0.158	0.158	0.146	0.112	0.079	0.086	0.086	0.094	0.091	0.103	0.103	0.103	0.103	0.089	
0.025	0.025	0.025	0.025	0.025	0.025	0.037	0.043	0.068	0.053	0.079	0.068	0.112	0.120	0.127	0.147	0.137	0.117	0.102	0.090	0.100	0.094	0.103	0.103	0.103	0.089	0.089	0.089	
0.025	0.025	0.025	0.025	0.025	0.025	0.020	0.018	0.035	0.028	0.025	0.054	0.139	0.215	0.234	0.147	0.119	0.127	0.092	0.092	0.087	0.093	0.089	0.089	0.089	0.089	0.075	0.075	
0.025	0.025	0.025	0.025	0.025	0.017	0.013	0.018	0.020	0.028	0.025	0.025	0.216	0.407	0.287	0.102	0.110	0.071	0.089	0.075	0.075	0.075	0.084	0.089	0.075	0.075	0.075	0.075	
0.025	0.025	0.025	0.025	0.025	0.012	0.000	0.000	0.013	0.025	0.025	0.025	0.216	0.407	0.287	0.102	0.035	0.043	0.050	0.050	0.062	0.075	0.075	0.075	0.075	0.075	0.075	0.075	
0.000	0.000	0.000	0.000	0.000	0.000	0.000	0.000	0.000	0.000	0.025	0.025	0.478	0.704	0.525	0.401	0.000	0.000	0.000	0.000	0.075	0.075	0.075	0.000	0.000	0.000	0.000	0.000	
0.000	0.000	0.000	0.000	0.000	0.000	0.000	0.000	0.000	0.000	0.000	0.000	1.001	1.001	1.001	1.001	0.000	0.000	0.000	0.000	0.000	0.000	0.000	0.000	0.000	0.000	0.000	0.000	
0.000	0.000	0.000	0.000	0.000	0.000	0.000	0.000	0.000	0.000	0.000	0.000	1.001	1.001	1.001	1.001	0.000	0.000	0.000	0.000	0.000	0.000	0.000	0.000	0.000	0.000	0.000	0.000	
0.000	0.000	0.000	0.000	0.000	0.000	0.000	0.000	0.000	0.000	0.000	0.000	1.001	1.001	1.001	1.001	0.000	0.000	0.000	0.000	0.000	0.000	0.000	0.000	0.000	0.000	0.000	0.000	
0.000	0.000	0.000	0.000	0.000	0.000	0.000	0.000	0.000	0.000	0.000	0.000	1.001	1.001	1.001	1.001	0.000	0.000	0.000	0.000	0.000	0.000	0.000	0.000	0.000	0.000	0.000	0.000	
