0.127	0.127	0.127	0.127	0.127	0.127	0.127	0.127	0.127	0.127	0.127	0.127	0.127	0.127	0.127	0.127	0.127	0.127	0.127	0.127	0.127	0.127	0.127	0.127	0.127	0.127	0.154	0.180	
0.164	0.127	0.127	0.127	0.127	0.127	0.127	0.127	0.127	0.127	0.127	0.127	0.127	0.127	0.127	0.127	0.127	0.127	0.127	0.127	0.127	0.127	0.127	0.127	0.127	0.154	0.154	0.180	
0.164	0.127	0.127	0.127	0.127	0.127	0.127	0.127	0.127	0.127	0.127	0.127	0.127	0.127	0.127	0.127	0.127	0.127	0.127	0.127	0.127	0.127	0.127	0.127	0.127	0.154	0.180	0.180	
0.164	0.127	0.127	0.127	0.127	0.127	0.127	0.127	0.127	0.127	0.127	0.127	0.127	0.127	0.127	0.127	0.127	0.127	0.127	0.127	0.127	0.127	0.127	0.127	0.127	0.154	0.180	0.180	
0.164	0.164	0.127	0.127	0.127	0.127	0.127	0.127	0.127	0.127	0.127	0.127	0.127	0.127	0.127	0.127	0.127	0.127	0.127	0.127	0.127	0.127	0.127	0.127	0.154	0.154	0.180	0.180	
0.200	0.164	0.127	0.127	0.127	0.127	0.127	0.127	0.127	0.127	0.127	0.127	0.127	0.127	0.127	0.127	0.127	0.127	0.127	0.127	0.127	0.127	0.127	0.127	0.154	0.180	0.180	0.180	
0.200	0.164	0.127	0.127	0.127	0.127	0.127	0.127	0.127	0.127	0.127	0.127	0.127	0.127	0.127	0.127	0.127	0.127	0.127	0.127	0.127	0.127	0.127	0.127	0.154	0.180	0.180	0.180	
0.200	0.164	0.127	0.127	0.127	0.127	0.127	0.127	0.127	0.127	0.127	0.127	0.127	0.127	0.127	0.127	0.127	0.127	0.127	0.127	0.127	0.127	0.127	0.127	0.154	0.180	0.180	0.180	
0.200	0.164	0.164	0.127	0.127	0.127	0.127	0.127	0.127	0.127	0.127	0.127	0.127	0.127	0.127	0.127	0.127	0.127	0.127	0.127	0.127	0.127	0.127	0.154	0.154	0.180	0.180	0.180	
0.200	0.200	0.164	0.127	0.127	0.127	0.127	0.127	0.127	0.127	0.127	0.127	0.127	0.127	0.127	0.127	0.127	0.127	0.127	0.127	0.127	0.127	0.127	0.154	0.180	0.180	0.180	0.180	
0.200	0.200	0.164	0.127	0.127	0.127	0.127	0.127	0.127	0.127	0.127	0.127	0.127	0.127	0.127	0.127	0.127	0.127	0.127	0.127	0.127	0.127	0.127	0.154	0.180	0.180	0.180	0.180	
0.200	0.200	0.164	0.164	0.127	0.127	0.127	0.127	0.127	0.127	0.127	0.127	0.127	0.127	0.127	0.127	0.127	0.127	0.127	0.127	0.127	0.127	0.127	0.154	0.180	0.180	0.180	0.180	
0.200	0.200	0.200	0.164	0.127	0.127	0.127	0.127	0.127	0.127	0.127	0.127	0.127	0.127	0.127	0.127	0.127	0.127	0.127	0.127	0.127	0.127	0.154	0.154	0.180	0.180	0.180	0.180	
0.200	0.200	0.200	0.164	0.127	0.127	0.127	0.127	0.127	0.127	0.127	0.127	0.127	0.127	0.127	0.127	0.127	0.127	0.127	0.127	0.127	0.127	0.154	0.180	0.180	0.180	0.180	0.180	
0.200	0.200	0.200	0.164	0.127	0.127	0.127	0.127	0.127	0.127	0.127	0.127	0.127	0.127	0.127	0.127	0.127	0.127	0.127	0.127	0.127	0.127	0.154	0.180	0.180	0.180	0.180	0.180	
0.200	0.200	0.200	0.164	0.164	0.127	0.127	0.127	0.127	0.127	0.127	0.127	0.127	0.127	0.127	0.127	0.127	0.127	0.127	0.127	0.127	0.127	0.154	0.180	0.180	0.180	0.180	0.180	
0.200	0.200	0.200	0.200	0.164	0.127	0.127	0.127	0.127	0.127	0.127	0.127	0.127	0.127	0.127	0.127	0.127	0.127	0.127	0.127	0.127	0.154	0.154	0.180	0.180	0.180	0.180	0.180	
0.200	0.200	0.200	0.200	0.164	0.127	0.127	0.127	0.127	0.127	0.127	0.127	0.127	0.127	0.127	0.127	0.127	0.127	0.127	0.127	0.127	0.154	0.180	0.180	0.180	0.180	0.180	0.180	
0.200	0.200	0.200	0.200	0.164	0.164	0.127	0.127	0.127	0.127	0.127	0.127	0.127	0.127	0.127	0.127	0.127	0.127	0.127	0.127	0.127	0.154	0.180	0.180	0.180	0.180	0.180	0.180	
0.200	0.200	0.200	0.200	0.200	0.164	0.127	0.127	0.127	0.127	0.127	0.127	0.127	0.127	0.127	0.127	0.127	0.127	0.127	0.127	0.127	0.154	0.180	0.180	0.180	0.180	0.180	0.180	
0.200	0.200	0.200	0.200	0.200	0.164	0.127	0.127	0.127	0.127	0.127	0.127	0.127	0.127	0.127	0.127	0.127	0.127	0.127	0.127	0.154	0.154	0.180	0.180	0.180	0.180	0.180	0.180	
0.200	0.200	0.200	0.200	0.200	0.164	0.127	0.127	0.127	0.127	0.127	0.127	0.127	0.127	0.127	0.127	0.127	0.127	0.127	0.127	0.154	0.180	0.180	0.180	0.180	0.180	0.180	0.180	
0.200	0.200	0.200	0.200	0.200	0.164	0.164	0.127	0.127	0.127	0.127	0.127	0.127	0.127	0.127	0.127	0.127	0.127	0.127	0.127	0.154	0.180	0.180	0.180	0.180	0.180	0.180	0.180	
0.200	0.200	0.200	0.200	0.200	0.200	0.164	0.127	0.127	0.127	0.127	0.127	0.127	0.127	0.127	0.127	0.127	0.127	0.127	0.127	0.154	0.180	0.180	0.180	0.180	0.180	0.180	0.180	
0.200	0.200	0.200	0.200	0.200	0.200	0.164	0.127	0.127	0.127	0.127	0.127	0.127	0.127	0.127	0.127	0.127	0.127	0.127	0.154	0.154	0.180	0.180	0.180	0.180	0.180	0.180	0.202	
0.200	0.200	0.200	0.200	0.200	0.200	0.164	0.164	0.127	0.127	0.127	0.127	0.127	0.127	0.127	0.127	0.127	0.127	0.127	0.154	0.180	0.180	0.180	0.180	0.180	0.180	0.180	0.202	
0.200	0.200	0.200	0.200	0.200	0.200	0.200	0.164	0.127	0.127	0.127	0.127	0.127	0.127	0.127	0.127	0.127	0.127	0.127	0.154	0.180	0.180	0.180	0.180	0.180	0.180	0.202	0.202	
0.200	0.200	0.200	0.200	0.200	0.200	0.200	0.164	0.127	0.127	0.127	0.127	0.127	0.127	0.127	0.127	0.127	0.127	0.127	0.154	0.180	0.180	0.180	0.180	0.180	0.180	0.202	0.224	
0.200	0.200	0.200	0.200	0.200	0.200	0.200	0.164	0.127	0.127	0.127	0.127	0.127	0.127	0.127	0.127	0.127	0.127	0.154	0.154	0.180	0.180	0.180	0.180	0.180	0.202	0.202	0.224	
0.200	0.200	0.200	0.200	0.200	0.200	0.200	0.164	0.164	0.127	0.127	0.127	0.127	0.127	0.127	0.127	0.127	0.127	0.154	0.180	0.180	0.180	0.180	0.180	0.180	0.202	0.224	0.224	
0.200	0.200	0.200	0.200	0.200	0.200	0.200	0.200	0.164	0.127	0.127	0.127	0.127	0.127	0.127	0.127	0.127	0.127	0.154	0.180	0.180	0.180	0.180	0.180	0.202	0.202	0.224	0.224	
0.200	0.200	0.200	0.200	0.200	0.200	0.200	0.200	0.164	0.127	0.127	0.127	0.127	0.127	0.127	0.127	0.127	0.127	0.154	0.180	0.180	0.180	0.180	0.202	0.202	0.224	0.224	0.224	
0.200	0.200	0.200	0.200	0.200	0.200	0.200	0.200	0.139	0.139	0.127	0.127	0.127	0.127	0.127	0.127	0.127	0.154	0.154	0.180	0.180	0.180	0.180	0.202	0.224	0.224	0.224	0.224	
0.200	0.200	0.200	0.200	0.200	0.200	0.200	0.200	0.200	0.139	0.127	0.127	0.127	0.127	0.127	0.127	0.127	0.154	0.180	0.180	0.180	0.180	0.202	0.202	0.224	0.224	0.224	0.224	
0.135	0.200	0.200	0.200	0.200	0.200	0.200	0.200	0.200	0.139	0.109	0.127	0.127	0.127	0.127	0.127	0.127	0.154	0.180	0.180	0.180	0.180	0.202	0.224	0.224	0.224	0.224	0.224	
0.135	0.135	0.200	0.200	0.200	0.200	0.200	0.200	0.200	0.145	0.109	0.127	0.127	0.127	0.127	0.127	0.127	0.154	0.180	0.180	0.180	0.202	0.202	0.224	0.224	0.224	0.224	0.224	
0.071	0.135	0.200	0.200	0.200	0.200	0.200	0.200	0.200	0.145	0.109	0.109	0.127	0.127	0.127	0.127	0.154	0.154	0.180	0.180	0.180	0.202	0.224	0.224	0.224	0.224	0.224	0.224	
0.071	0.135	0.135	0.200	0.200	0.200	0.200	0.200	0.200	0.145	0.090	0.109	0.127	0.127	0.127	0.127	0.154	0.180	0.180	0.180	0.202	0.202	0.224	0.224	0.224	0.224	0.224	0.219	
0.071	0.071	0.135	0.135	0.200	0.200	0.200	0.200	0.200	0.145	0.090	0.109	0.109	0.127	0.127	0.127	0.154	0.180	0.180	0.180	0.202	0.224	0.224	0.224	0.224	0.224	0.219	0.219	
0.071	0.071	0.071	0.135	0.135	0.200	0.200	0.200	0.200	0.145	0.090	0.090	0.109	0.127	0.127	0.154	0.154	0.180	0.180	0.202	0.202	0.224	0.224	0.224	0.219	0.219	0.219	0.214	
0.071	0.071	0.071	0.071	0.135	0.135	0.200	0.200	0.200	0.145	0.145	0.090	0.109	0.127	0.127	0.151	0.180	0.180	0.180	0.202	0.224	0.224	0.224	0.219	0.219	0.214	0.214	0.214	
0.071	0.071	0.071	0.071	0.071	0.135	0.200	0.200	0.200	0.200	0.145	0.090	0.109	0.117	0.137	0.151	0.163	0.180	0.202	0.202	0.224	0.224	0.219	0.219	0.214	0.214	0.214	0.214	
0.063	0.071	0.071	0.071	0.071	0.135	0.149	0.188	0.200	0.173	0.145	0.113	0.097	0.113	0.124	0.146	0.142	0.140	0.168	0.224	0.224	0.219	0.219	0.214	0.214	0.214	0.146	0.146	
0.063	0.063	0.071	0.071	0.071	0.071	0.124	0.188	0.174	0.174	0.146	0.124	0.103	0.103	0.125	0.135	0.124	0.100	0.162	0.133	0.171	0.219	0.214	0.214	0.214	0.146	0.146	0.079	
0.056	0.063	0.063	0.063	0.071	0.071	0.124	0.177	0.113	0.124	0.077	0.095	0.069	0.085	0.114	0.125	0.109	0.102	0.087	0.087	0.171	0.214	0.214	0.146	0.146	0.146	0.079	0.079	
0.056	0.056	0.056	0.063	0.054	0.053	0.094	0.108	0.113	0.050	0.043	0.035	0.035	0.085	0.100	0.101	0.114	0.102	0.093	0.075	0.115	0.135	0.146	0.146	0.079	0.079	0.079	0.079	
0.040	0.056	0.056	0.056	0.054	0.035	0.035	0.074	0.081	0.079	0.053	0.063	0.057	0.063	0.075	0.089	0.097	0.079	0.078	0.062	0.065	0.116	0.146	0.079	0.079	0.079	0.079	0.079	
0.040	0.040	0.040	0.040	0.047	0.043	0.035	0.061	0.112	0.087	0.075	0.077	0.079	0.089	0.092	0.083	0.097	0.083	0.056	0.046	0.056	0.045	0.045	0.079	0.079	0.079	0.079	0.079	
0.025	0.025	0.025	0.040	0.044	0.043	0.040	0.061	0.074	0.087	0.076	0.078	0.090	0.090	0.101	0.094	0.085	0.075	0.053	0.046	0.027	0.028	0.040	0.053	0.079	0.079	0.079	0.079	
0.025	0.025	0.025	0.025	0.037	0.050	0.043	0.035	0.055	0.075	0.077	0.079	0.079	0.217	0.286	0.185	0.079	0.079	0.052	0.025	0.013	0.000	0.000	0.040	0.079	0.079	0.079	0.079	
0.000	0.000	0.000	0.000	0.000	0.000	0.000	0.000	0.035	0.000	0.000	0.000	0.269	0.269	0.460	0.269	0.000	0.000	0.000	0.000	0.000	0.000	0.000	0.000	0.000	0.000	0.000	0.000	
0.000	0.000	0.000	0.000	0.000	0.000	0.000	0.000	0.000	0.000	0.000	0.000	0.730	0.460	0.460	0.460	0.000	0.000	0.000	0.000	0.000	0.000	0.000	0.000	0.000	0.000	0.000	0.000	
0.000	0.000	0.000	0.000	0.000	0.000	0.000	0.000	0.000	0.000	0.000	0.000	0.730	0.730	0.730	0.730	0.000	0.000	0.000	0.000	0.000	0.000	0.000	0.000	0.000	0.000	0.000	0.000	
0.000	0.000	0.000	0.000	0.000	0.000	0.000	0.000	0.000	0.000	0.000	0.000	1.001	1.001	1.001	1.001	0.000	0.000	0.000	0.000	0.000	0.000	0.000	0.000	0.000	0.000	0.000	0.000	
0.000	0.000	0.000	0.000	0.000	0.000	0.000	0.000	0.000	0.000	0.000	0.000	1.001	1.001	1.001	1.001	0.000	0.000	0.000	0.000	0.000	0.000	0.000	0.000	0.000	0.000	0.000	0.000	
