0.194	0.237	0.237	0.237	0.237	0.237	0.237	0.237	0.237	0.237	0.237	0.237	0.237	0.237	0.237	0.237	0.237	0.237	0.237	0.237	0.237	0.237	0.237	0.237	0.237	0.237	0.219	0.219	
0.194	0.237	0.237	0.237	0.237	0.237	0.237	0.237	0.237	0.237	0.237	0.237	0.237	0.237	0.237	0.237	0.237	0.237	0.237	0.237	0.237	0.237	0.237	0.237	0.237	0.237	0.219	0.202	
0.194	0.237	0.237	0.237	0.237	0.237	0.237	0.237	0.237	0.237	0.237	0.237	0.237	0.237	0.237	0.237	0.237	0.237	0.237	0.237	0.237	0.237	0.237	0.237	0.237	0.237	0.219	0.202	
0.194	0.194	0.237	0.237	0.237	0.237	0.237	0.237	0.237	0.237	0.237	0.237	0.237	0.237	0.237	0.237	0.237	0.237	0.237	0.237	0.237	0.237	0.237	0.237	0.237	0.237	0.219	0.202	
0.150	0.194	0.237	0.237	0.237	0.237	0.237	0.237	0.237	0.237	0.237	0.237	0.237	0.237	0.237	0.237	0.237	0.237	0.237	0.237	0.237	0.237	0.237	0.237	0.237	0.219	0.219	0.202	
0.150	0.194	0.237	0.237	0.237	0.237	0.237	0.237	0.237	0.237	0.237	0.237	0.237	0.237	0.237	0.237	0.237	0.237	0.237	0.237	0.237	0.237	0.237	0.237	0.237	0.219	0.202	0.202	
0.150	0.194	0.237	0.237	0.237	0.237	0.237	0.237	0.237	0.237	0.237	0.237	0.237	0.237	0.237	0.237	0.237	0.237	0.237	0.237	0.237	0.237	0.237	0.237	0.237	0.219	0.202	0.202	
0.150	0.194	0.194	0.237	0.237	0.237	0.237	0.237	0.237	0.237	0.237	0.237	0.237	0.237	0.237	0.237	0.237	0.237	0.237	0.237	0.237	0.237	0.237	0.237	0.219	0.219	0.202	0.202	
0.150	0.150	0.194	0.237	0.237	0.237	0.237	0.237	0.237	0.237	0.237	0.237	0.237	0.237	0.237	0.237	0.237	0.237	0.237	0.237	0.237	0.237	0.237	0.237	0.219	0.202	0.202	0.202	
0.150	0.150	0.194	0.237	0.237	0.237	0.237	0.237	0.237	0.237	0.237	0.237	0.237	0.237	0.237	0.237	0.237	0.237	0.237	0.237	0.237	0.237	0.237	0.237	0.219	0.202	0.202	0.202	
0.150	0.150	0.194	0.194	0.237	0.237	0.237	0.237	0.237	0.237	0.237	0.237	0.237	0.237	0.237	0.237	0.237	0.237	0.237	0.237	0.237	0.237	0.237	0.219	0.219	0.202	0.202	0.202	
0.150	0.150	0.150	0.194	0.237	0.237	0.237	0.237	0.237	0.237	0.237	0.237	0.237	0.237	0.237	0.237	0.237	0.237	0.237	0.237	0.237	0.237	0.237	0.219	0.202	0.202	0.202	0.202	
0.150	0.150	0.150	0.194	0.237	0.237	0.237	0.237	0.237	0.237	0.237	0.237	0.237	0.237	0.237	0.237	0.237	0.237	0.237	0.237	0.237	0.237	0.237	0.219	0.202	0.202	0.202	0.202	
0.150	0.150	0.150	0.194	0.237	0.237	0.237	0.237	0.237	0.237	0.237	0.237	0.237	0.237	0.237	0.237	0.237	0.237	0.237	0.237	0.237	0.237	0.237	0.219	0.202	0.202	0.202	0.202	
0.150	0.150	0.150	0.194	0.194	0.237	0.237	0.237	0.237	0.237	0.237	0.237	0.237	0.237	0.237	0.237	0.237	0.237	0.237	0.237	0.237	0.237	0.219	0.219	0.202	0.202	0.202	0.202	
0.150	0.150	0.150	0.150	0.194	0.237	0.237	0.237	0.237	0.237	0.237	0.237	0.237	0.237	0.237	0.237	0.237	0.237	0.237	0.237	0.237	0.237	0.219	0.202	0.202	0.202	0.202	0.202	
0.150	0.150	0.150	0.150	0.194	0.237	0.237	0.237	0.237	0.237	0.237	0.237	0.237	0.237	0.237	0.237	0.237	0.237	0.237	0.237	0.237	0.237	0.219	0.202	0.202	0.202	0.202	0.202	
0.150	0.150	0.150	0.150	0.194	0.237	0.237	0.237	0.237	0.237	0.237	0.237	0.237	0.237	0.237	0.237	0.237	0.237	0.237	0.237	0.237	0.219	0.219	0.202	0.202	0.202	0.202	0.202	
0.150	0.150	0.150	0.150	0.194	0.194	0.237	0.237	0.237	0.237	0.237	0.237	0.237	0.237	0.237	0.237	0.237	0.237	0.237	0.237	0.237	0.219	0.202	0.202	0.202	0.202	0.202	0.202	
0.150	0.150	0.150	0.150	0.150	0.194	0.237	0.237	0.237	0.237	0.237	0.237	0.237	0.237	0.237	0.237	0.237	0.237	0.237	0.237	0.237	0.219	0.202	0.202	0.202	0.202	0.202	0.208	
0.150	0.150	0.150	0.150	0.150	0.194	0.237	0.237	0.237	0.237	0.237	0.237	0.237	0.237	0.237	0.237	0.237	0.237	0.237	0.237	0.237	0.219	0.202	0.202	0.202	0.202	0.202	0.208	
0.150	0.150	0.150	0.150	0.150	0.194	0.194	0.237	0.237	0.237	0.237	0.237	0.237	0.237	0.237	0.237	0.237	0.237	0.237	0.237	0.219	0.219	0.202	0.202	0.202	0.202	0.208	0.208	
0.150	0.150	0.150	0.150	0.150	0.150	0.194	0.237	0.237	0.237	0.237	0.237	0.237	0.237	0.237	0.237	0.237	0.237	0.237	0.237	0.219	0.202	0.202	0.202	0.202	0.202	0.208	0.215	
0.150	0.150	0.150	0.150	0.150	0.150	0.194	0.237	0.237	0.237	0.237	0.237	0.237	0.237	0.237	0.237	0.237	0.237	0.237	0.237	0.219	0.202	0.202	0.202	0.202	0.202	0.208	0.215	
0.150	0.150	0.150	0.150	0.150	0.150	0.194	0.237	0.237	0.237	0.237	0.237	0.237	0.237	0.237	0.237	0.237	0.237	0.237	0.219	0.219	0.202	0.202	0.202	0.202	0.208	0.208	0.215	
0.150	0.150	0.150	0.150	0.150	0.150	0.194	0.194	0.237	0.237	0.237	0.237	0.237	0.237	0.237	0.237	0.237	0.237	0.237	0.219	0.202	0.202	0.202	0.202	0.202	0.208	0.215	0.215	
0.150	0.150	0.150	0.150	0.150	0.150	0.150	0.194	0.237	0.237	0.237	0.237	0.237	0.237	0.237	0.237	0.237	0.237	0.237	0.219	0.202	0.202	0.202	0.202	0.208	0.208	0.215	0.215	
0.150	0.150	0.150	0.150	0.150	0.150	0.150	0.194	0.237	0.237	0.237	0.237	0.237	0.237	0.237	0.237	0.237	0.237	0.219	0.219	0.202	0.202	0.202	0.202	0.208	0.215	0.215	0.215	
0.150	0.150	0.150	0.150	0.150	0.150	0.150	0.194	0.194	0.237	0.237	0.237	0.237	0.237	0.237	0.237	0.237	0.237	0.219	0.202	0.202	0.202	0.202	0.208	0.208	0.215	0.215	0.215	
0.150	0.150	0.150	0.150	0.150	0.150	0.150	0.150	0.194	0.237	0.237	0.237	0.237	0.237	0.237	0.237	0.237	0.237	0.219	0.202	0.202	0.202	0.202	0.208	0.215	0.215	0.215	0.215	
0.150	0.150	0.150	0.150	0.150	0.150	0.150	0.150	0.194	0.237	0.237	0.237	0.237	0.237	0.237	0.237	0.237	0.237	0.219	0.202	0.202	0.202	0.208	0.208	0.215	0.215	0.215	0.215	
0.150	0.150	0.150	0.150	0.150	0.150	0.150	0.150	0.194	0.237	0.237	0.237	0.237	0.237	0.237	0.237	0.237	0.219	0.219	0.202	0.202	0.202	0.208	0.215	0.215	0.215	0.215	0.215	
0.150	0.150	0.150	0.150	0.150	0.150	0.150	0.150	0.194	0.194	0.237	0.237	0.237	0.237	0.237	0.237	0.237	0.219	0.202	0.202	0.202	0.208	0.208	0.215	0.215	0.215	0.215	0.215	
0.150	0.150	0.150	0.150	0.150	0.150	0.150	0.150	0.150	0.194	0.237	0.237	0.237	0.237	0.237	0.237	0.237	0.219	0.202	0.202	0.202	0.208	0.215	0.215	0.215	0.215	0.215	0.215	
0.150	0.150	0.150	0.150	0.150	0.150	0.150	0.150	0.150	0.194	0.237	0.237	0.237	0.237	0.237	0.237	0.219	0.219	0.202	0.202	0.202	0.208	0.215	0.215	0.215	0.215	0.215	0.215	
0.150	0.150	0.150	0.150	0.150	0.150	0.150	0.150	0.150	0.163	0.170	0.237	0.237	0.237	0.237	0.237	0.219	0.202	0.202	0.202	0.208	0.208	0.215	0.215	0.215	0.215	0.215	0.215	
0.150	0.150	0.150	0.150	0.150	0.150	0.150	0.150	0.150	0.127	0.170	0.237	0.237	0.237	0.237	0.237	0.219	0.202	0.202	0.202	0.208	0.215	0.215	0.215	0.215	0.215	0.215	0.198	
0.165	0.150	0.150	0.150	0.150	0.150	0.150	0.150	0.150	0.127	0.170	0.170	0.237	0.237	0.237	0.237	0.219	0.202	0.202	0.208	0.208	0.215	0.215	0.215	0.215	0.215	0.198	0.198	
0.165	0.165	0.150	0.150	0.150	0.150	0.150	0.150	0.150	0.127	0.127	0.170	0.237	0.237	0.237	0.219	0.219	0.202	0.202	0.208	0.215	0.215	0.215	0.215	0.198	0.198	0.198	0.180	
0.180	0.165	0.165	0.165	0.150	0.150	0.150	0.150	0.150	0.150	0.127	0.170	0.170	0.237	0.237	0.219	0.202	0.202	0.208	0.208	0.215	0.215	0.215	0.198	0.198	0.180	0.180	0.180	
0.180	0.180	0.180	0.165	0.171	0.150	0.150	0.150	0.150	0.150	0.127	0.103	0.170	0.170	0.186	0.191	0.202	0.202	0.208	0.215	0.215	0.215	0.198	0.198	0.180	0.180	0.180	0.180	
0.128	0.180	0.180	0.180	0.171	0.166	0.166	0.166	0.150	0.142	0.129	0.103	0.131	0.158	0.186	0.168	0.168	0.172	0.172	0.215	0.215	0.198	0.198	0.180	0.180	0.180	0.180	0.118	
0.128	0.128	0.180	0.180	0.181	0.181	0.182	0.166	0.156	0.142	0.119	0.132	0.131	0.146	0.146	0.130	0.140	0.151	0.158	0.158	0.198	0.198	0.180	0.180	0.180	0.118	0.118	0.118	
0.075	0.128	0.128	0.180	0.180	0.181	0.181	0.182	0.148	0.148	0.135	0.131	0.158	0.142	0.139	0.130	0.113	0.100	0.088	0.143	0.157	0.180	0.180	0.180	0.118	0.118	0.056	0.056	
0.075	0.075	0.128	0.128	0.180	0.180	0.181	0.181	0.155	0.131	0.121	0.131	0.129	0.121	0.113	0.125	0.112	0.106	0.096	0.075	0.128	0.180	0.118	0.118	0.118	0.056	0.056	0.056	
0.075	0.075	0.075	0.128	0.128	0.180	0.135	0.141	0.140	0.120	0.114	0.100	0.100	0.100	0.113	0.112	0.118	0.112	0.093	0.075	0.102	0.090	0.118	0.056	0.056	0.056	0.056	0.053	
0.062	0.075	0.075	0.075	0.115	0.115	0.135	0.101	0.112	0.088	0.084	0.068	0.090	0.108	0.126	0.119	0.112	0.086	0.074	0.053	0.062	0.053	0.053	0.056	0.056	0.053	0.053	0.053	
0.062	0.062	0.062	0.062	0.063	0.058	0.090	0.084	0.079	0.071	0.025	0.076	0.079	0.116	0.152	0.132	0.112	0.091	0.035	0.053	0.050	0.062	0.060	0.053	0.053	0.053	0.050	0.050	
0.050	0.050	0.050	0.050	0.050	0.058	0.055	0.070	0.079	0.050	0.075	0.076	0.226	0.226	0.129	0.124	0.114	0.091	0.078	0.053	0.067	0.062	0.065	0.060	0.050	0.050	0.050	0.050	
0.050	0.050	0.050	0.038	0.025	0.025	0.038	0.050	0.062	0.075	0.100	0.125	0.337	0.269	0.269	0.106	0.116	0.125	0.100	0.075	0.075	0.075	0.075	0.062	0.050	0.050	0.050	0.050	
0.000	0.000	0.000	0.000	0.025	0.025	0.038	0.050	0.050	0.000	0.000	0.000	0.337	0.548	0.327	0.106	0.000	0.000	0.100	0.075	0.075	0.000	0.000	0.000	0.000	0.000	0.000	0.000	
0.000	0.000	0.000	0.000	0.000	0.000	0.000	0.000	0.000	0.000	0.000	0.000	0.548	0.775	0.552	0.554	0.000	0.000	0.000	0.000	0.000	0.000	0.000	0.000	0.000	0.000	0.000	0.000	
0.000	0.000	0.000	0.000	0.000	0.000	0.000	0.000	0.000	0.000	0.000	0.000	0.775	0.775	1.001	1.001	0.000	0.000	0.000	0.000	0.000	0.000	0.000	0.000	0.000	0.000	0.000	0.000	
0.000	0.000	0.000	0.000	0.000	0.000	0.000	0.000	0.000	0.000	0.000	0.000	1.001	1.001	1.001	1.001	0.000	0.000	0.000	0.000	0.000	0.000	0.000	0.000	0.000	0.000	0.000	0.000	
0.000	0.000	0.000	0.000	0.000	0.000	0.000	0.000	0.000	0.000	0.000	0.000	1.001	1.001	1.001	1.001	0.000	0.000	0.000	0.000	0.000	0.000	0.000	0.000	0.000	0.000	0.000	0.000	
