0.177	0.177	0.177	0.177	0.177	0.177	0.177	0.177	0.177	0.177	0.177	0.177	0.140	0.103	0.103	0.103	0.103	0.103	0.103	0.103	0.103	0.103	0.103	0.103	0.103	0.103	0.064	0.025	
0.177	0.177	0.177	0.177	0.177	0.177	0.177	0.177	0.177	0.177	0.177	0.177	0.140	0.103	0.103	0.103	0.103	0.103	0.103	0.103	0.103	0.103	0.103	0.103	0.103	0.064	0.064	0.025	
0.177	0.177	0.177	0.177	0.177	0.177	0.177	0.177	0.177	0.177	0.177	0.177	0.140	0.103	0.103	0.103	0.103	0.103	0.103	0.103	0.103	0.103	0.103	0.103	0.103	0.064	0.025	0.025	
0.177	0.177	0.177	0.177	0.177	0.177	0.177	0.177	0.177	0.177	0.177	0.177	0.140	0.103	0.103	0.103	0.103	0.103	0.103	0.103	0.103	0.103	0.103	0.103	0.103	0.064	0.025	0.025	
0.177	0.177	0.177	0.177	0.177	0.177	0.177	0.177	0.177	0.177	0.177	0.177	0.140	0.103	0.103	0.103	0.103	0.103	0.103	0.103	0.103	0.103	0.103	0.103	0.103	0.064	0.025	0.025	
0.177	0.177	0.177	0.177	0.177	0.177	0.177	0.177	0.177	0.177	0.177	0.177	0.140	0.103	0.103	0.103	0.103	0.103	0.103	0.103	0.103	0.103	0.103	0.103	0.103	0.064	0.025	0.025	
0.177	0.177	0.177	0.177	0.177	0.177	0.177	0.177	0.177	0.177	0.177	0.177	0.140	0.103	0.103	0.103	0.103	0.103	0.103	0.103	0.103	0.103	0.103	0.103	0.064	0.064	0.025	0.025	
0.177	0.177	0.177	0.177	0.177	0.177	0.177	0.177	0.177	0.177	0.177	0.177	0.140	0.103	0.103	0.103	0.103	0.103	0.103	0.103	0.103	0.103	0.103	0.103	0.064	0.025	0.025	0.025	
0.177	0.177	0.177	0.177	0.177	0.177	0.177	0.177	0.177	0.177	0.177	0.177	0.140	0.103	0.103	0.103	0.103	0.103	0.103	0.103	0.103	0.103	0.103	0.103	0.064	0.025	0.025	0.025	
0.177	0.177	0.177	0.177	0.177	0.177	0.177	0.177	0.177	0.177	0.177	0.177	0.140	0.103	0.103	0.103	0.103	0.103	0.103	0.103	0.103	0.103	0.103	0.103	0.064	0.025	0.025	0.025	
0.177	0.177	0.177	0.177	0.177	0.177	0.177	0.177	0.177	0.177	0.177	0.177	0.140	0.103	0.103	0.103	0.103	0.103	0.103	0.103	0.103	0.103	0.103	0.103	0.064	0.025	0.025	0.025	
0.177	0.177	0.177	0.177	0.177	0.177	0.177	0.177	0.177	0.177	0.177	0.177	0.140	0.103	0.103	0.103	0.103	0.103	0.103	0.103	0.103	0.103	0.103	0.064	0.064	0.025	0.025	0.025	
0.177	0.177	0.177	0.177	0.177	0.177	0.177	0.177	0.177	0.177	0.177	0.177	0.140	0.103	0.103	0.103	0.103	0.103	0.103	0.103	0.103	0.103	0.103	0.064	0.025	0.025	0.025	0.025	
0.177	0.177	0.177	0.177	0.177	0.177	0.177	0.177	0.177	0.177	0.177	0.177	0.140	0.103	0.103	0.103	0.103	0.103	0.103	0.103	0.103	0.103	0.103	0.064	0.025	0.025	0.025	0.025	
0.177	0.177	0.177	0.177	0.177	0.177	0.177	0.177	0.177	0.177	0.177	0.177	0.140	0.103	0.103	0.103	0.103	0.103	0.103	0.103	0.103	0.103	0.103	0.064	0.025	0.025	0.025	0.025	
0.177	0.177	0.177	0.177	0.177	0.177	0.177	0.177	0.177	0.177	0.177	0.177	0.140	0.103	0.103	0.103	0.103	0.103	0.103	0.103	0.103	0.103	0.064	0.064	0.025	0.025	0.025	0.025	
0.177	0.177	0.177	0.177	0.177	0.177	0.177	0.177	0.177	0.177	0.177	0.177	0.140	0.103	0.103	0.103	0.103	0.103	0.103	0.103	0.103	0.103	0.064	0.025	0.025	0.025	0.025	0.025	
0.177	0.177	0.177	0.177	0.177	0.177	0.177	0.177	0.177	0.177	0.177	0.177	0.140	0.103	0.103	0.103	0.103	0.103	0.103	0.103	0.103	0.103	0.064	0.025	0.025	0.025	0.025	0.025	
0.177	0.177	0.177	0.177	0.177	0.177	0.177	0.177	0.177	0.177	0.177	0.177	0.140	0.103	0.103	0.103	0.103	0.103	0.103	0.103	0.103	0.103	0.064	0.025	0.025	0.025	0.025	0.025	
0.113	0.177	0.177	0.177	0.177	0.177	0.177	0.177	0.177	0.177	0.177	0.177	0.140	0.103	0.103	0.103	0.103	0.103	0.103	0.103	0.103	0.103	0.064	0.025	0.025	0.025	0.025	0.025	
0.113	0.177	0.177	0.177	0.177	0.177	0.177	0.177	0.177	0.177	0.177	0.177	0.140	0.103	0.103	0.103	0.103	0.103	0.103	0.103	0.103	0.064	0.064	0.025	0.025	0.025	0.025	0.025	
0.113	0.113	0.177	0.177	0.177	0.177	0.177	0.177	0.177	0.177	0.177	0.177	0.140	0.103	0.103	0.103	0.103	0.103	0.103	0.103	0.103	0.043	0.025	0.025	0.025	0.025	0.025	0.025	
0.050	0.113	0.177	0.177	0.177	0.177	0.177	0.177	0.177	0.177	0.177	0.177	0.140	0.103	0.103	0.103	0.103	0.103	0.103	0.103	0.103	0.043	0.025	0.025	0.025	0.025	0.025	0.025	
0.050	0.113	0.113	0.177	0.177	0.177	0.177	0.177	0.177	0.177	0.177	0.177	0.140	0.103	0.103	0.103	0.103	0.103	0.103	0.103	0.103	0.043	0.025	0.025	0.025	0.025	0.025	0.025	
0.050	0.050	0.113	0.177	0.177	0.177	0.177	0.177	0.177	0.177	0.177	0.177	0.140	0.103	0.103	0.103	0.103	0.103	0.103	0.103	0.052	0.043	0.025	0.025	0.025	0.025	0.025	0.025	
0.050	0.050	0.113	0.177	0.177	0.177	0.177	0.177	0.177	0.177	0.177	0.177	0.140	0.103	0.103	0.103	0.103	0.103	0.103	0.103	0.052	0.013	0.025	0.025	0.025	0.025	0.025	0.025	
0.050	0.050	0.113	0.113	0.177	0.177	0.177	0.177	0.177	0.177	0.177	0.177	0.140	0.103	0.103	0.103	0.103	0.103	0.103	0.103	0.052	0.013	0.025	0.025	0.025	0.025	0.025	0.025	
0.050	0.050	0.050	0.113	0.177	0.177	0.177	0.177	0.177	0.177	0.177	0.177	0.140	0.103	0.103	0.103	0.103	0.103	0.103	0.052	0.052	0.013	0.025	0.025	0.025	0.025	0.025	0.025	
0.050	0.050	0.050	0.113	0.113	0.177	0.177	0.177	0.177	0.177	0.177	0.177	0.140	0.103	0.103	0.103	0.103	0.103	0.103	0.052	0.013	0.013	0.025	0.025	0.025	0.025	0.025	0.025	
0.050	0.050	0.050	0.050	0.113	0.177	0.177	0.177	0.177	0.177	0.177	0.177	0.140	0.103	0.103	0.103	0.103	0.103	0.103	0.052	0.013	0.025	0.025	0.025	0.025	0.025	0.025	0.025	
0.050	0.050	0.050	0.050	0.113	0.177	0.177	0.177	0.177	0.177	0.177	0.177	0.140	0.103	0.103	0.103	0.103	0.103	0.103	0.052	0.013	0.025	0.025	0.025	0.025	0.025	0.025	0.025	
0.050	0.050	0.050	0.050	0.113	0.113	0.177	0.177	0.177	0.177	0.177	0.177	0.140	0.103	0.103	0.103	0.103	0.103	0.052	0.052	0.013	0.025	0.025	0.025	0.025	0.025	0.025	0.025	
0.050	0.050	0.050	0.050	0.050	0.113	0.177	0.177	0.177	0.177	0.177	0.177	0.140	0.103	0.103	0.103	0.103	0.103	0.052	0.000	0.013	0.025	0.025	0.025	0.025	0.025	0.025	0.025	
0.050	0.050	0.050	0.050	0.050	0.113	0.113	0.177	0.177	0.177	0.177	0.177	0.140	0.103	0.103	0.103	0.103	0.103	0.052	0.000	0.013	0.025	0.025	0.025	0.025	0.025	0.025	0.025	
0.050	0.050	0.050	0.050	0.050	0.050	0.113	0.177	0.177	0.177	0.177	0.177	0.140	0.103	0.103	0.103	0.103	0.052	0.052	0.000	0.013	0.025	0.025	0.025	0.025	0.025	0.025	0.025	
0.053	0.050	0.050	0.050	0.050	0.050	0.113	0.113	0.177	0.177	0.177	0.177	0.140	0.103	0.103	0.103	0.103	0.052	0.000	0.000	0.013	0.025	0.025	0.025	0.025	0.025	0.025	0.025	
0.053	0.053	0.050	0.050	0.050	0.050	0.050	0.113	0.177	0.177	0.177	0.177	0.140	0.103	0.103	0.103	0.103	0.052	0.000	0.013	0.013	0.025	0.025	0.025	0.025	0.025	0.025	0.025	
0.056	0.053	0.050	0.050	0.050	0.050	0.050	0.113	0.177	0.177	0.177	0.177	0.140	0.103	0.103	0.103	0.103	0.052	0.000	0.013	0.025	0.025	0.025	0.025	0.025	0.025	0.025	0.025	
0.056	0.053	0.053	0.050	0.050	0.050	0.050	0.113	0.113	0.177	0.177	0.177	0.140	0.103	0.103	0.103	0.052	0.052	0.000	0.013	0.025	0.025	0.025	0.025	0.025	0.025	0.025	0.025	
0.056	0.056	0.053	0.053	0.050	0.050	0.050	0.050	0.113	0.177	0.177	0.177	0.140	0.103	0.103	0.103	0.052	0.000	0.000	0.013	0.025	0.025	0.025	0.025	0.025	0.025	0.025	0.040	
0.056	0.056	0.056	0.053	0.053	0.050	0.050	0.050	0.113	0.113	0.177	0.177	0.140	0.103	0.103	0.103	0.052	0.000	0.000	0.013	0.025	0.025	0.025	0.025	0.025	0.025	0.040	0.040	
0.056	0.056	0.056	0.056	0.053	0.053	0.050	0.050	0.050	0.113	0.177	0.177	0.140	0.103	0.103	0.089	0.059	0.000	0.000	0.013	0.025	0.025	0.025	0.025	0.040	0.040	0.040	0.056	
0.053	0.053	0.056	0.056	0.056	0.053	0.053	0.050	0.050	0.102	0.128	0.112	0.120	0.091	0.089	0.089	0.037	0.000	0.000	0.013	0.025	0.025	0.025	0.040	0.040	0.056	0.056	0.056	
0.050	0.053	0.053	0.056	0.056	0.056	0.053	0.053	0.050	0.062	0.079	0.112	0.079	0.091	0.086	0.075	0.044	0.028	0.018	0.020	0.025	0.040	0.040	0.040	0.056	0.056	0.056	0.056	
0.050	0.050	0.053	0.053	0.053	0.056	0.056	0.054	0.053	0.062	0.102	0.094	0.079	0.067	0.070	0.062	0.062	0.028	0.030	0.030	0.039	0.040	0.056	0.056	0.056	0.101	0.101	0.086	
0.050	0.050	0.050	0.050	0.053	0.053	0.067	0.064	0.056	0.087	0.102	0.102	0.117	0.094	0.101	0.056	0.056	0.056	0.046	0.035	0.046	0.056	0.056	0.101	0.101	0.101	0.101	0.101	
0.050	0.050	0.050	0.050	0.050	0.062	0.067	0.067	0.071	0.087	0.102	0.160	0.155	0.146	0.104	0.084	0.075	0.075	0.049	0.054	0.054	0.091	0.101	0.101	0.146	0.101	0.101	0.056	
0.050	0.050	0.050	0.050	0.050	0.060	0.065	0.079	0.069	0.079	0.112	0.160	0.171	0.189	0.161	0.169	0.084	0.084	0.056	0.051	0.071	0.114	0.146	0.146	0.101	0.101	0.056	0.056	
0.050	0.050	0.050	0.050	0.050	0.050	0.065	0.060	0.069	0.060	0.108	0.123	0.393	0.337	0.226	0.129	0.073	0.044	0.040	0.051	0.074	0.114	0.135	0.101	0.101	0.056	0.056	0.056	
0.050	0.050	0.050	0.050	0.050	0.050	0.050	0.050	0.050	0.050	0.050	0.278	0.393	0.408	0.408	0.138	0.050	0.038	0.025	0.025	0.075	0.125	0.135	0.109	0.056	0.056	0.056	0.056	
0.000	0.000	0.000	0.000	0.050	0.050	0.050	0.050	0.000	0.000	0.000	0.000	0.590	0.590	0.408	0.289	0.050	0.038	0.025	0.000	0.000	0.000	0.000	0.000	0.000	0.000	0.000	0.000	
0.000	0.000	0.000	0.000	0.000	0.000	0.000	0.000	0.000	0.000	0.000	0.000	0.784	0.784	0.784	0.784	0.000	0.000	0.000	0.000	0.000	0.000	0.000	0.000	0.000	0.000	0.000	0.000	
0.000	0.000	0.000	0.000	0.000	0.000	0.000	0.000	0.000	0.000	0.000	0.000	0.978	0.978	0.978	0.978	0.000	0.000	0.000	0.000	0.000	0.000	0.000	0.000	0.000	0.000	0.000	0.000	
0.000	0.000	0.000	0.000	0.000	0.000	0.000	0.000	0.000	0.000	0.000	0.000	0.978	0.978	0.978	0.978	0.000	0.000	0.000	0.000	0.000	0.000	0.000	0.000	0.000	0.000	0.000	0.000	
0.000	0.000	0.000	0.000	0.000	0.000	0.000	0.000	0.000	0.000	0.000	0.000	0.978	0.978	0.978	0.978	0.000	0.000	0.000	0.000	0.000	0.000	0.000	0.000	0.000	0.000	0.000	0.000	
