0.158	0.158	0.158	0.158	0.158	0.158	0.158	0.158	0.158	0.158	0.158	0.129	0.100	0.100	0.100	0.100	0.100	0.100	0.090	0.079	0.079	0.079	0.079	0.079	0.079	0.079	0.079	0.079	
0.158	0.158	0.158	0.158	0.158	0.158	0.158	0.158	0.158	0.158	0.158	0.129	0.100	0.100	0.100	0.100	0.100	0.100	0.090	0.079	0.079	0.079	0.079	0.079	0.079	0.079	0.079	0.079	
0.158	0.158	0.158	0.158	0.158	0.158	0.158	0.158	0.158	0.158	0.158	0.129	0.100	0.100	0.100	0.100	0.100	0.100	0.090	0.079	0.079	0.079	0.079	0.079	0.079	0.079	0.079	0.079	
0.158	0.158	0.158	0.158	0.158	0.158	0.158	0.158	0.158	0.158	0.158	0.129	0.100	0.100	0.100	0.100	0.100	0.100	0.090	0.079	0.079	0.079	0.079	0.079	0.079	0.079	0.079	0.079	
0.158	0.158	0.158	0.158	0.158	0.158	0.158	0.158	0.158	0.158	0.158	0.129	0.100	0.100	0.100	0.100	0.100	0.100	0.090	0.079	0.079	0.079	0.079	0.079	0.079	0.079	0.079	0.079	
0.158	0.158	0.158	0.158	0.158	0.158	0.158	0.158	0.158	0.158	0.158	0.129	0.100	0.100	0.100	0.100	0.100	0.100	0.090	0.079	0.079	0.079	0.079	0.079	0.079	0.079	0.079	0.079	
0.158	0.158	0.158	0.158	0.158	0.158	0.158	0.158	0.158	0.158	0.158	0.129	0.100	0.100	0.100	0.100	0.100	0.100	0.090	0.079	0.079	0.079	0.079	0.079	0.079	0.079	0.079	0.079	
0.158	0.158	0.158	0.158	0.158	0.158	0.158	0.158	0.158	0.158	0.158	0.129	0.100	0.100	0.100	0.100	0.100	0.100	0.090	0.079	0.079	0.079	0.079	0.079	0.079	0.079	0.079	0.079	
0.158	0.158	0.158	0.158	0.158	0.158	0.158	0.158	0.158	0.158	0.158	0.129	0.100	0.100	0.100	0.100	0.100	0.100	0.090	0.079	0.079	0.079	0.079	0.079	0.079	0.079	0.079	0.079	
0.158	0.158	0.158	0.158	0.158	0.158	0.158	0.158	0.158	0.158	0.158	0.129	0.100	0.100	0.100	0.100	0.100	0.100	0.090	0.079	0.079	0.079	0.079	0.079	0.079	0.079	0.079	0.079	
0.158	0.158	0.158	0.158	0.158	0.158	0.158	0.158	0.158	0.158	0.158	0.129	0.100	0.100	0.100	0.100	0.100	0.100	0.090	0.079	0.079	0.079	0.079	0.079	0.079	0.079	0.079	0.079	
0.158	0.158	0.158	0.158	0.158	0.158	0.158	0.158	0.158	0.158	0.158	0.129	0.100	0.100	0.100	0.100	0.100	0.100	0.090	0.079	0.079	0.079	0.079	0.079	0.079	0.079	0.079	0.079	
0.158	0.158	0.158	0.158	0.158	0.158	0.158	0.158	0.158	0.158	0.158	0.129	0.100	0.100	0.100	0.100	0.100	0.100	0.090	0.079	0.079	0.079	0.079	0.079	0.079	0.079	0.079	0.079	
0.158	0.158	0.158	0.158	0.158	0.158	0.158	0.158	0.158	0.158	0.158	0.129	0.100	0.100	0.100	0.100	0.100	0.100	0.090	0.079	0.079	0.079	0.079	0.079	0.079	0.079	0.079	0.079	
0.158	0.158	0.158	0.158	0.158	0.158	0.158	0.158	0.158	0.158	0.158	0.129	0.100	0.100	0.100	0.100	0.100	0.100	0.090	0.079	0.079	0.079	0.079	0.079	0.079	0.079	0.079	0.079	
0.158	0.158	0.158	0.158	0.158	0.158	0.158	0.158	0.158	0.158	0.158	0.129	0.100	0.100	0.100	0.100	0.100	0.090	0.090	0.079	0.079	0.079	0.079	0.079	0.079	0.079	0.079	0.079	
0.158	0.158	0.158	0.158	0.158	0.158	0.158	0.158	0.158	0.158	0.158	0.129	0.100	0.100	0.100	0.100	0.100	0.090	0.079	0.079	0.079	0.079	0.079	0.079	0.079	0.079	0.079	0.079	
0.158	0.158	0.158	0.158	0.158	0.158	0.158	0.158	0.158	0.158	0.158	0.129	0.100	0.100	0.100	0.100	0.100	0.090	0.079	0.079	0.079	0.079	0.079	0.079	0.079	0.079	0.079	0.079	
0.158	0.158	0.158	0.158	0.158	0.158	0.158	0.158	0.158	0.158	0.158	0.129	0.100	0.100	0.100	0.100	0.100	0.090	0.079	0.079	0.079	0.079	0.079	0.079	0.079	0.079	0.079	0.079	
0.158	0.158	0.158	0.158	0.158	0.158	0.158	0.158	0.158	0.158	0.158	0.129	0.100	0.100	0.100	0.100	0.100	0.090	0.079	0.079	0.079	0.079	0.079	0.079	0.079	0.079	0.079	0.079	
0.158	0.158	0.158	0.158	0.158	0.158	0.158	0.158	0.158	0.158	0.158	0.129	0.100	0.100	0.100	0.100	0.100	0.090	0.079	0.079	0.079	0.079	0.079	0.079	0.079	0.079	0.079	0.079	
0.158	0.158	0.158	0.158	0.158	0.158	0.158	0.158	0.158	0.158	0.158	0.129	0.100	0.100	0.100	0.100	0.100	0.090	0.079	0.079	0.079	0.079	0.079	0.079	0.079	0.079	0.079	0.079	
0.158	0.158	0.158	0.158	0.158	0.158	0.158	0.158	0.158	0.158	0.158	0.129	0.100	0.100	0.100	0.100	0.100	0.090	0.079	0.079	0.079	0.079	0.079	0.079	0.079	0.079	0.079	0.079	
0.158	0.158	0.158	0.158	0.158	0.158	0.158	0.158	0.158	0.158	0.158	0.129	0.100	0.100	0.100	0.100	0.100	0.090	0.079	0.079	0.079	0.079	0.079	0.079	0.079	0.079	0.079	0.079	
0.158	0.158	0.158	0.158	0.158	0.158	0.158	0.158	0.158	0.158	0.158	0.129	0.100	0.100	0.100	0.100	0.100	0.090	0.079	0.079	0.079	0.079	0.079	0.079	0.079	0.079	0.079	0.079	
0.158	0.158	0.158	0.158	0.158	0.158	0.158	0.158	0.158	0.158	0.158	0.129	0.100	0.100	0.100	0.100	0.100	0.090	0.079	0.079	0.079	0.079	0.079	0.079	0.079	0.079	0.079	0.079	
0.158	0.158	0.158	0.158	0.158	0.158	0.158	0.158	0.158	0.158	0.158	0.129	0.100	0.100	0.100	0.100	0.100	0.090	0.079	0.079	0.079	0.079	0.079	0.079	0.079	0.079	0.079	0.079	
0.158	0.158	0.158	0.158	0.158	0.158	0.158	0.158	0.158	0.158	0.158	0.129	0.100	0.100	0.100	0.100	0.100	0.090	0.079	0.079	0.079	0.079	0.079	0.079	0.079	0.079	0.079	0.077	
0.158	0.158	0.158	0.158	0.158	0.158	0.158	0.158	0.158	0.158	0.158	0.129	0.129	0.100	0.100	0.100	0.100	0.090	0.079	0.079	0.079	0.079	0.079	0.079	0.079	0.079	0.079	0.077	
0.158	0.158	0.158	0.158	0.158	0.158	0.158	0.158	0.158	0.158	0.158	0.158	0.129	0.100	0.100	0.100	0.100	0.090	0.079	0.079	0.079	0.079	0.079	0.079	0.079	0.079	0.077	0.077	
0.169	0.158	0.158	0.158	0.158	0.158	0.158	0.158	0.158	0.158	0.158	0.158	0.129	0.100	0.100	0.100	0.100	0.090	0.079	0.079	0.079	0.079	0.079	0.079	0.079	0.079	0.077	0.075	
0.169	0.158	0.158	0.158	0.158	0.158	0.158	0.158	0.158	0.158	0.158	0.158	0.129	0.100	0.100	0.100	0.100	0.090	0.079	0.079	0.079	0.079	0.079	0.079	0.079	0.079	0.077	0.075	
0.169	0.169	0.158	0.158	0.158	0.158	0.158	0.158	0.158	0.158	0.158	0.158	0.129	0.100	0.100	0.100	0.100	0.090	0.079	0.079	0.079	0.079	0.079	0.079	0.079	0.077	0.077	0.075	
0.180	0.169	0.158	0.158	0.158	0.158	0.158	0.158	0.158	0.158	0.158	0.158	0.129	0.100	0.100	0.100	0.100	0.090	0.079	0.079	0.079	0.079	0.079	0.079	0.079	0.077	0.075	0.075	
0.180	0.169	0.169	0.158	0.158	0.158	0.158	0.158	0.158	0.158	0.158	0.158	0.129	0.100	0.100	0.100	0.090	0.090	0.079	0.079	0.079	0.079	0.079	0.079	0.077	0.077	0.075	0.075	
0.180	0.180	0.169	0.158	0.158	0.158	0.158	0.158	0.158	0.158	0.158	0.158	0.129	0.100	0.100	0.100	0.090	0.079	0.079	0.079	0.079	0.079	0.079	0.079	0.077	0.075	0.075	0.075	
0.180	0.180	0.169	0.169	0.158	0.158	0.158	0.158	0.158	0.158	0.158	0.158	0.129	0.100	0.100	0.100	0.090	0.079	0.079	0.079	0.079	0.079	0.079	0.077	0.077	0.075	0.075	0.075	
0.180	0.180	0.180	0.169	0.169	0.158	0.158	0.158	0.158	0.158	0.158	0.158	0.146	0.100	0.100	0.100	0.090	0.079	0.079	0.079	0.079	0.079	0.079	0.077	0.075	0.075	0.075	0.075	
0.180	0.180	0.180	0.180	0.169	0.158	0.158	0.158	0.158	0.158	0.158	0.158	0.146	0.100	0.100	0.100	0.090	0.079	0.079	0.079	0.079	0.079	0.077	0.077	0.075	0.075	0.075	0.075	
0.180	0.180	0.180	0.180	0.169	0.169	0.158	0.158	0.158	0.158	0.158	0.169	0.146	0.100	0.100	0.100	0.090	0.079	0.079	0.079	0.079	0.079	0.077	0.075	0.075	0.075	0.075	0.075	
0.180	0.180	0.180	0.180	0.180	0.169	0.158	0.158	0.158	0.158	0.158	0.169	0.140	0.100	0.100	0.100	0.090	0.079	0.079	0.079	0.079	0.077	0.077	0.075	0.075	0.075	0.075	0.075	
0.180	0.180	0.180	0.180	0.180	0.169	0.169	0.158	0.158	0.158	0.158	0.169	0.140	0.140	0.100	0.100	0.090	0.079	0.079	0.079	0.079	0.077	0.075	0.075	0.075	0.075	0.075	0.075	
0.180	0.180	0.180	0.180	0.180	0.180	0.169	0.158	0.158	0.158	0.158	0.169	0.180	0.140	0.100	0.100	0.090	0.079	0.079	0.079	0.079	0.077	0.075	0.075	0.075	0.075	0.075	0.075	
0.180	0.180	0.180	0.180	0.180	0.180	0.169	0.169	0.158	0.158	0.158	0.169	0.180	0.140	0.100	0.100	0.090	0.079	0.079	0.079	0.077	0.077	0.075	0.075	0.075	0.075	0.075	0.075	
0.180	0.180	0.180	0.180	0.180	0.180	0.180	0.150	0.158	0.158	0.158	0.169	0.180	0.140	0.100	0.100	0.090	0.079	0.079	0.093	0.087	0.075	0.075	0.075	0.075	0.075	0.075	0.075	
0.180	0.180	0.180	0.180	0.180	0.180	0.180	0.150	0.135	0.135	0.097	0.125	0.180	0.131	0.131	0.106	0.104	0.102	0.093	0.093	0.091	0.075	0.075	0.075	0.075	0.075	0.075	0.075	
0.180	0.180	0.180	0.180	0.180	0.180	0.180	0.146	0.112	0.135	0.102	0.108	0.197	0.223	0.112	0.112	0.118	0.102	0.103	0.106	0.091	0.075	0.075	0.075	0.075	0.075	0.087	0.087	
0.180	0.180	0.180	0.180	0.180	0.191	0.191	0.165	0.112	0.108	0.106	0.035	0.206	0.244	0.244	0.112	0.118	0.125	0.127	0.103	0.094	0.092	0.087	0.087	0.087	0.087	0.087	0.100	
0.191	0.191	0.191	0.191	0.191	0.191	0.202	0.163	0.144	0.144	0.089	0.046	0.156	0.376	0.316	0.286	0.212	0.137	0.120	0.103	0.100	0.092	0.100	0.100	0.100	0.100	0.100	0.100	
0.202	0.202	0.202	0.202	0.202	0.202	0.202	0.189	0.177	0.177	0.116	0.056	0.216	0.297	0.418	0.460	0.305	0.150	0.125	0.100	0.100	0.100	0.100	0.100	0.100	0.100	0.100	0.100	
0.000	0.000	0.000	0.000	0.000	0.000	0.000	0.177	0.177	0.177	0.116	0.056	0.528	0.473	0.730	0.460	0.000	0.000	0.000	0.100	0.100	0.100	0.100	0.100	0.100	0.000	0.000	0.000	
0.000	0.000	0.000	0.000	0.000	0.000	0.000	0.000	0.000	0.000	0.000	0.000	1.000	1.000	0.730	0.730	0.000	0.000	0.000	0.000	0.000	0.000	0.000	0.000	0.000	0.000	0.000	0.000	
0.000	0.000	0.000	0.000	0.000	0.000	0.000	0.000	0.000	0.000	0.000	0.000	1.000	1.000	1.000	1.000	0.000	0.000	0.000	0.000	0.000	0.000	0.000	0.000	0.000	0.000	0.000	0.000	
0.000	0.000	0.000	0.000	0.000	0.000	0.000	0.000	0.000	0.000	0.000	0.000	1.000	1.000	1.000	1.000	0.000	0.000	0.000	0.000	0.000	0.000	0.000	0.000	0.000	0.000	0.000	0.000	
0.000	0.000	0.000	0.000	0.000	0.000	0.000	0.000	0.000	0.000	0.000	0.000	1.000	1.000	1.000	1.000	0.000	0.000	0.000	0.000	0.000	0.000	0.000	0.000	0.000	0.000	0.000	0.000	
