0.995	0.995	0.885	0.885	0.775	0.775	0.775	0.775	0.775	0.775	0.775	0.775	0.775	0.775	0.838	0.901	0.901	0.901	0.901	0.941	0.980	0.980	0.980	0.980	0.980	0.980	0.980	0.980	
0.995	0.995	0.995	0.885	0.775	0.775	0.775	0.775	0.775	0.775	0.775	0.775	0.775	0.838	0.838	0.901	0.901	0.901	0.901	0.941	0.980	0.980	0.980	0.980	0.980	0.980	0.980	0.980	
0.995	0.995	0.995	0.885	0.885	0.775	0.775	0.775	0.775	0.775	0.775	0.775	0.775	0.838	0.901	0.901	0.901	0.901	0.901	0.941	0.980	0.980	0.980	0.980	0.980	0.980	0.980	0.980	
0.995	0.995	0.995	0.995	0.885	0.775	0.775	0.775	0.775	0.775	0.775	0.775	0.775	0.838	0.901	0.901	0.901	0.901	0.901	0.941	0.980	0.980	0.980	0.980	0.980	0.980	0.980	0.980	
0.995	0.995	0.995	0.995	0.885	0.775	0.775	0.775	0.775	0.775	0.775	0.775	0.775	0.838	0.901	0.901	0.901	0.901	0.941	0.941	0.980	0.980	0.980	0.980	0.980	0.980	0.980	0.980	
0.995	0.995	0.995	0.995	0.885	0.885	0.775	0.775	0.775	0.775	0.775	0.775	0.838	0.838	0.901	0.901	0.901	0.901	0.941	0.980	0.980	0.980	0.980	0.980	0.980	0.980	0.980	0.980	
0.995	0.995	0.995	0.995	0.995	0.885	0.775	0.775	0.775	0.775	0.775	0.775	0.838	0.901	0.901	0.901	0.901	0.901	0.876	0.980	0.980	0.980	0.980	0.980	0.980	0.980	0.980	0.980	
0.995	0.995	0.995	0.995	0.995	0.885	0.885	0.775	0.775	0.775	0.775	0.775	0.838	0.901	0.901	0.901	0.901	0.901	0.876	0.863	0.980	0.980	0.980	0.980	0.980	0.980	0.980	0.980	
0.995	0.995	0.995	0.995	0.995	0.995	0.868	0.805	0.775	0.775	0.775	0.775	0.838	0.901	0.901	0.901	0.901	0.824	0.824	0.863	0.980	0.980	0.980	0.980	0.980	0.980	0.980	0.980	
0.995	0.995	0.995	0.995	0.995	0.915	0.915	0.805	0.805	0.775	0.775	0.838	0.838	0.901	0.901	0.901	0.901	0.824	0.746	0.863	0.863	0.980	0.980	0.980	0.980	0.980	0.980	0.980	
0.995	0.995	0.995	0.995	0.995	0.915	0.834	0.834	0.805	0.805	0.775	0.838	0.901	0.901	0.901	0.901	0.824	0.824	0.746	0.746	0.863	0.980	0.980	0.980	0.980	0.980	0.980	0.980	
0.995	0.995	0.995	0.995	0.995	0.915	0.834	0.834	0.834	0.837	0.837	0.859	0.901	0.901	0.901	0.901	0.824	0.746	0.746	0.746	0.863	0.863	0.980	0.980	0.980	0.980	0.980	0.980	
0.995	0.995	0.995	0.995	0.995	0.915	0.834	0.834	0.834	0.868	0.901	0.901	0.901	0.901	0.934	0.951	0.882	0.746	0.746	0.746	0.746	0.863	0.980	0.980	0.980	0.980	0.980	0.980	
0.995	0.995	0.995	0.995	0.995	0.915	0.834	0.834	0.868	0.868	0.901	0.901	0.901	0.951	0.951	1.000	0.873	0.873	0.746	0.746	0.746	0.863	0.863	0.980	0.980	0.980	0.980	0.980	
0.995	0.995	0.995	0.995	0.995	0.915	0.834	0.833	0.856	0.866	0.901	0.901	0.951	0.951	1.000	1.000	1.000	0.852	0.778	0.778	0.854	0.854	0.896	0.971	0.971	0.971	0.971	0.971	
0.949	0.949	0.949	0.949	0.949	0.891	0.833	0.833	0.831	0.866	0.866	0.901	0.951	1.000	1.000	1.000	0.905	0.905	0.810	0.778	0.839	0.962	0.962	0.962	0.962	0.962	0.962	0.962	
0.903	0.903	0.903	0.903	0.903	0.867	0.831	0.831	0.831	0.831	0.866	0.927	0.959	1.000	1.000	1.000	0.905	0.810	0.810	0.810	0.886	0.962	0.962	0.962	0.962	0.962	0.962	0.962	
0.903	0.903	0.903	0.903	0.903	0.867	0.867	0.831	0.831	0.831	0.831	0.904	0.988	0.988	0.988	0.905	0.905	0.810	0.810	0.810	0.886	0.962	0.962	0.962	0.962	0.962	0.962	0.962	
0.903	0.903	0.903	0.903	0.903	0.903	0.867	0.831	0.831	0.831	0.904	0.904	0.976	0.976	0.988	0.929	0.810	0.810	0.810	0.810	0.886	0.962	0.962	0.962	0.962	0.962	0.962	0.962	
0.903	0.903	0.903	0.903	0.903	0.957	0.915	0.921	0.921	0.904	0.904	0.976	0.976	0.976	0.976	0.893	0.893	0.810	0.810	0.810	0.886	0.962	0.962	0.962	0.962	0.962	0.962	0.962	
0.903	0.903	0.903	0.903	0.957	0.957	1.011	1.011	0.915	0.904	0.940	0.976	0.976	0.976	0.976	0.951	0.904	0.868	0.868	0.868	0.835	0.802	0.802	0.802	0.802	0.802	0.802	0.802	
0.903	0.943	0.943	0.966	0.957	1.011	1.011	0.957	0.957	0.903	0.940	0.940	0.976	0.926	0.926	0.926	0.925	0.925	0.925	0.925	0.784	0.643	0.643	0.643	0.643	0.643	0.643	0.643	
0.943	0.943	0.982	0.997	0.997	1.011	1.011	0.957	0.903	0.903	0.903	0.940	0.919	0.926	0.876	0.901	0.901	0.925	0.925	0.925	0.784	0.643	0.643	0.643	0.643	0.643	0.643	0.643	
0.982	0.982	0.982	0.982	0.997	0.997	0.997	0.957	0.903	0.903	0.903	0.952	0.927	0.876	0.876	0.876	0.901	0.925	0.925	0.925	0.784	0.643	0.643	0.643	0.643	0.643	0.643	0.643	
0.982	0.982	0.982	0.982	0.982	0.982	0.966	0.957	0.903	0.903	0.952	0.952	0.938	0.938	0.876	0.876	0.901	0.901	0.925	0.784	0.784	0.643	0.643	0.643	0.643	0.643	0.643	0.643	
0.982	0.982	0.982	0.982	0.982	0.982	0.943	0.943	0.903	0.952	0.952	1.000	1.000	0.938	0.938	0.876	0.876	0.928	0.883	0.769	0.692	0.692	0.692	0.643	0.643	0.643	0.643	0.643	
0.982	0.982	0.982	0.982	0.982	0.840	0.840	0.861	0.902	0.970	1.003	1.000	1.000	1.000	0.938	0.930	0.930	0.930	0.862	0.862	0.740	0.740	0.692	0.692	0.692	0.692	0.692	0.643	
0.982	0.982	0.982	0.982	0.887	0.840	0.697	0.697	0.852	1.007	1.003	1.003	1.000	0.965	0.936	0.930	0.983	0.983	0.983	0.862	0.740	0.740	0.740	0.740	0.740	0.740	0.692	0.788	
0.982	0.982	0.982	0.982	0.840	0.697	0.697	0.697	0.852	1.007	1.007	1.003	0.979	0.965	0.930	0.957	0.957	0.983	0.983	0.862	0.740	0.740	0.740	0.740	0.861	0.861	0.861	0.861	
0.982	0.982	0.982	0.982	0.840	0.840	0.697	0.697	0.852	1.007	1.007	1.007	0.968	0.930	0.930	0.930	0.957	0.983	0.983	0.862	0.740	0.740	0.861	0.861	0.861	0.982	0.982	0.982	
0.982	0.982	0.982	0.982	0.982	0.840	0.697	0.697	0.852	1.007	1.007	1.007	0.968	0.930	0.930	0.930	0.957	0.983	0.983	0.841	0.841	0.861	0.861	0.982	0.982	0.982	0.982	0.982	
0.982	0.982	0.982	0.982	0.982	0.840	0.840	0.670	0.782	0.825	0.825	0.968	0.968	0.930	0.930	0.930	0.957	0.891	0.891	0.891	0.891	0.891	0.982	0.982	0.982	0.982	0.982	0.982	
0.982	0.982	0.982	0.982	0.982	0.982	0.774	0.670	0.643	0.643	0.825	0.840	0.855	0.855	0.930	0.966	0.928	0.891	0.799	0.799	0.799	0.891	0.982	0.982	0.982	0.982	0.982	0.982	
0.982	0.982	0.982	0.982	0.891	0.808	0.808	0.643	0.643	0.643	0.711	0.711	0.779	0.903	0.966	0.966	0.900	0.900	0.799	0.799	0.799	0.891	0.982	0.982	0.982	0.982	0.982	0.982	
0.982	0.982	0.891	0.891	0.891	0.800	0.722	0.722	0.643	0.643	0.711	0.779	0.779	0.890	1.001	1.001	1.001	0.900	0.799	0.799	0.799	0.891	0.891	0.982	0.982	0.982	0.982	0.982	
0.891	0.891	0.891	0.800	0.800	0.800	0.800	0.722	0.722	0.711	0.711	0.779	0.779	0.890	1.001	1.001	1.001	0.853	0.780	0.780	0.799	0.799	0.891	0.982	0.982	0.982	0.982	0.982	
0.891	0.800	0.800	0.800	0.800	0.800	0.800	0.800	0.666	0.658	0.666	0.779	0.779	0.890	1.001	1.001	0.881	0.881	0.760	0.780	0.780	0.780	0.891	0.982	0.982	0.982	0.982	0.982	
0.800	0.800	0.800	0.800	0.800	0.800	0.800	0.677	0.677	0.553	0.666	0.666	0.779	0.890	1.001	0.881	0.881	0.760	0.760	0.760	0.760	0.780	0.847	0.847	0.982	0.982	0.982	0.982	
0.800	0.800	0.800	0.800	0.800	0.800	0.800	0.677	0.553	0.553	0.553	0.594	0.594	0.744	0.726	0.881	0.760	0.760	0.760	0.760	0.760	0.760	0.760	0.871	0.871	0.982	0.982	0.982	
0.800	0.800	0.800	0.800	0.800	0.604	0.587	0.587	0.480	0.553	0.502	0.502	0.451	0.451	0.737	0.737	0.760	0.760	0.760	0.760	0.760	0.760	0.760	0.760	0.871	0.871	0.871	0.982	
0.800	0.800	0.604	0.604	0.604	0.604	0.407	0.407	0.480	0.480	0.470	0.451	0.451	0.451	0.451	0.572	0.633	0.633	0.760	0.760	0.760	0.760	0.760	0.760	0.760	0.760	0.681	0.641	
0.604	0.604	0.604	0.407	0.407	0.407	0.407	0.407	0.407	0.407	0.429	0.451	0.451	0.451	0.410	0.478	0.506	0.633	0.633	0.633	0.633	0.633	0.633	0.760	0.530	0.530	0.530	0.300	
0.437	0.437	0.437	0.407	0.407	0.407	0.407	0.407	0.407	0.370	0.397	0.392	0.353	0.363	0.410	0.390	0.506	0.506	0.506	0.506	0.506	0.506	0.522	0.522	0.530	0.300	0.300	0.300	
0.467	0.467	0.437	0.437	0.437	0.437	0.437	0.437	0.437	0.403	0.334	0.334	0.353	0.275	0.275	0.390	0.506	0.506	0.506	0.506	0.506	0.403	0.403	0.300	0.300	0.300	0.300	0.300	
0.467	0.467	0.467	0.467	0.467	0.467	0.467	0.467	0.467	0.400	0.334	0.334	0.304	0.275	0.275	0.390	0.506	0.506	0.506	0.506	0.351	0.403	0.300	0.300	0.300	0.300	0.300	0.300	
0.467	0.467	0.467	0.467	0.467	0.467	0.467	0.467	0.467	0.327	0.257	0.266	0.298	0.280	0.280	0.342	0.342	0.376	0.376	0.376	0.313	0.300	0.300	0.300	0.300	0.300	0.300	0.300	
0.467	0.467	0.467	0.467	0.467	0.467	0.467	0.467	0.324	0.324	0.180	0.233	0.285	0.285	0.280	0.269	0.246	0.246	0.246	0.223	0.249	0.300	0.300	0.300	0.300	0.300	0.300	0.300	
0.467	0.467	0.467	0.467	0.467	0.309	0.309	0.309	0.266	0.165	0.180	0.230	0.255	0.285	0.311	0.289	0.291	0.246	0.223	0.223	0.250	0.300	0.300	0.300	0.300	0.300	0.300	0.300	
0.467	0.309	0.309	0.309	0.309	0.309	0.150	0.150	0.150	0.165	0.185	0.203	0.255	0.282	0.311	0.336	0.291	0.223	0.223	0.200	0.250	0.300	0.300	0.300	0.300	0.300	0.300	0.300	
0.309	0.309	0.150	0.150	0.150	0.150	0.150	0.150	0.150	0.150	0.188	0.225	0.225	0.281	0.336	0.336	0.291	0.261	0.200	0.200	0.250	0.300	0.300	0.300	0.300	0.300	0.300	0.300	
0.000	0.000	0.000	0.000	0.000	0.000	0.000	0.000	0.000	0.000	0.000	0.000	0.613	0.521	0.669	0.669	0.000	0.000	0.000	0.000	0.000	0.000	0.000	0.000	0.000	0.000	0.000	0.000	
0.000	0.000	0.000	0.000	0.000	0.000	0.000	0.000	0.000	0.000	0.000	0.000	1.001	1.001	1.001	0.669	0.000	0.000	0.000	0.000	0.000	0.000	0.000	0.000	0.000	0.000	0.000	0.000	
0.000	0.000	0.000	0.000	0.000	0.000	0.000	0.000	0.000	0.000	0.000	0.000	1.001	1.001	1.001	1.001	0.000	0.000	0.000	0.000	0.000	0.000	0.000	0.000	0.000	0.000	0.000	0.000	
0.000	0.000	0.000	0.000	0.000	0.000	0.000	0.000	0.000	0.000	0.000	0.000	1.001	1.001	1.001	1.001	0.000	0.000	0.000	0.000	0.000	0.000	0.000	0.000	0.000	0.000	0.000	0.000	
0.000	0.000	0.000	0.000	0.000	0.000	0.000	0.000	0.000	0.000	0.000	0.000	1.001	1.001	1.001	1.001	0.000	0.000	0.000	0.000	0.000	0.000	0.000	0.000	0.000	0.000	0.000	0.000	
