0.180	0.180	0.180	0.180	0.180	0.180	0.180	0.180	0.180	0.180	0.180	0.180	0.180	0.180	0.180	0.180	0.180	0.174	0.168	0.168	0.168	0.168	0.168	0.168	0.168	0.168	0.168	0.168	
0.180	0.180	0.180	0.180	0.180	0.180	0.180	0.180	0.180	0.180	0.180	0.180	0.180	0.180	0.180	0.180	0.180	0.174	0.168	0.168	0.168	0.168	0.168	0.168	0.168	0.168	0.168	0.168	
0.180	0.180	0.180	0.180	0.180	0.180	0.180	0.180	0.180	0.180	0.180	0.180	0.180	0.180	0.180	0.180	0.174	0.174	0.168	0.168	0.168	0.168	0.168	0.168	0.168	0.168	0.168	0.168	
0.180	0.180	0.180	0.180	0.180	0.180	0.180	0.180	0.180	0.180	0.180	0.180	0.180	0.180	0.180	0.180	0.174	0.168	0.168	0.168	0.168	0.168	0.168	0.168	0.168	0.168	0.168	0.168	
0.180	0.180	0.180	0.180	0.180	0.180	0.180	0.180	0.180	0.180	0.180	0.180	0.180	0.180	0.180	0.180	0.174	0.168	0.168	0.168	0.168	0.168	0.168	0.168	0.168	0.168	0.168	0.168	
0.180	0.180	0.180	0.180	0.180	0.180	0.180	0.180	0.180	0.180	0.180	0.180	0.180	0.180	0.180	0.180	0.174	0.168	0.168	0.168	0.168	0.168	0.168	0.168	0.168	0.168	0.168	0.168	
0.180	0.180	0.180	0.180	0.180	0.180	0.180	0.180	0.180	0.180	0.180	0.180	0.180	0.180	0.180	0.180	0.174	0.168	0.168	0.168	0.168	0.168	0.168	0.168	0.168	0.168	0.168	0.168	
0.180	0.180	0.180	0.180	0.180	0.180	0.180	0.180	0.180	0.180	0.180	0.180	0.180	0.180	0.180	0.180	0.174	0.168	0.168	0.168	0.168	0.168	0.168	0.168	0.168	0.168	0.168	0.168	
0.180	0.180	0.180	0.180	0.180	0.180	0.180	0.180	0.180	0.180	0.180	0.180	0.180	0.180	0.180	0.180	0.174	0.168	0.168	0.168	0.168	0.168	0.168	0.168	0.168	0.168	0.168	0.168	
0.180	0.180	0.180	0.180	0.180	0.180	0.180	0.180	0.180	0.180	0.180	0.180	0.180	0.180	0.180	0.180	0.174	0.168	0.168	0.168	0.168	0.168	0.168	0.168	0.168	0.168	0.168	0.168	
0.180	0.180	0.180	0.180	0.180	0.180	0.180	0.180	0.180	0.180	0.180	0.180	0.180	0.180	0.180	0.180	0.174	0.168	0.168	0.168	0.168	0.168	0.168	0.168	0.168	0.168	0.168	0.168	
0.180	0.180	0.180	0.180	0.180	0.180	0.180	0.180	0.180	0.180	0.180	0.180	0.180	0.180	0.180	0.180	0.174	0.168	0.168	0.168	0.168	0.168	0.168	0.168	0.168	0.168	0.168	0.168	
0.180	0.180	0.180	0.180	0.180	0.180	0.180	0.180	0.180	0.180	0.180	0.180	0.180	0.180	0.180	0.180	0.174	0.168	0.168	0.168	0.168	0.168	0.168	0.168	0.168	0.168	0.168	0.168	
0.180	0.180	0.180	0.180	0.180	0.180	0.180	0.180	0.180	0.180	0.180	0.180	0.180	0.180	0.180	0.180	0.174	0.168	0.168	0.168	0.168	0.168	0.168	0.168	0.168	0.168	0.168	0.168	
0.180	0.180	0.180	0.180	0.180	0.180	0.180	0.180	0.180	0.180	0.180	0.180	0.180	0.180	0.180	0.180	0.174	0.168	0.168	0.168	0.168	0.168	0.168	0.168	0.168	0.168	0.168	0.168	
0.180	0.180	0.180	0.180	0.180	0.180	0.180	0.180	0.180	0.180	0.180	0.180	0.180	0.180	0.180	0.180	0.174	0.168	0.168	0.168	0.168	0.168	0.168	0.168	0.168	0.168	0.168	0.168	
0.118	0.180	0.180	0.180	0.180	0.180	0.180	0.180	0.180	0.180	0.180	0.180	0.180	0.180	0.180	0.180	0.174	0.168	0.168	0.168	0.168	0.168	0.168	0.168	0.168	0.168	0.168	0.168	
0.118	0.180	0.180	0.180	0.180	0.180	0.180	0.180	0.180	0.180	0.180	0.180	0.180	0.180	0.180	0.180	0.174	0.168	0.168	0.168	0.168	0.168	0.168	0.168	0.168	0.168	0.168	0.168	
0.118	0.180	0.180	0.180	0.180	0.180	0.180	0.180	0.180	0.180	0.180	0.180	0.180	0.180	0.180	0.180	0.174	0.168	0.168	0.168	0.168	0.168	0.168	0.168	0.168	0.168	0.168	0.168	
0.118	0.118	0.180	0.180	0.180	0.180	0.180	0.180	0.180	0.180	0.180	0.180	0.180	0.180	0.180	0.180	0.174	0.168	0.168	0.168	0.168	0.168	0.168	0.168	0.168	0.168	0.168	0.168	
0.056	0.118	0.180	0.180	0.180	0.180	0.180	0.180	0.180	0.180	0.180	0.180	0.180	0.180	0.180	0.180	0.174	0.168	0.168	0.168	0.168	0.168	0.168	0.168	0.168	0.168	0.168	0.168	
0.056	0.118	0.118	0.180	0.180	0.180	0.180	0.180	0.180	0.180	0.180	0.180	0.180	0.180	0.180	0.180	0.174	0.168	0.168	0.168	0.168	0.168	0.168	0.168	0.168	0.168	0.168	0.168	
0.056	0.056	0.118	0.180	0.180	0.180	0.180	0.180	0.180	0.180	0.180	0.180	0.180	0.180	0.180	0.180	0.174	0.168	0.168	0.168	0.168	0.168	0.168	0.168	0.168	0.168	0.168	0.168	
0.056	0.056	0.118	0.180	0.180	0.180	0.180	0.180	0.180	0.180	0.180	0.180	0.180	0.180	0.180	0.180	0.174	0.168	0.168	0.168	0.168	0.168	0.168	0.168	0.168	0.168	0.168	0.168	
0.056	0.056	0.118	0.118	0.180	0.180	0.180	0.180	0.180	0.180	0.180	0.180	0.180	0.180	0.180	0.180	0.174	0.168	0.168	0.168	0.168	0.168	0.168	0.168	0.168	0.168	0.168	0.168	
0.056	0.056	0.056	0.118	0.180	0.180	0.180	0.180	0.180	0.180	0.180	0.180	0.180	0.180	0.180	0.180	0.174	0.168	0.168	0.168	0.168	0.168	0.168	0.168	0.168	0.168	0.168	0.168	
0.056	0.056	0.056	0.118	0.118	0.180	0.180	0.180	0.180	0.180	0.180	0.180	0.180	0.180	0.180	0.180	0.174	0.168	0.168	0.168	0.168	0.168	0.168	0.168	0.168	0.168	0.168	0.168	
0.056	0.056	0.056	0.056	0.154	0.180	0.180	0.180	0.180	0.180	0.180	0.180	0.180	0.180	0.180	0.180	0.174	0.168	0.168	0.168	0.168	0.168	0.168	0.168	0.168	0.168	0.168	0.168	
0.056	0.056	0.056	0.056	0.154	0.203	0.180	0.180	0.180	0.180	0.180	0.180	0.180	0.180	0.180	0.180	0.174	0.168	0.168	0.168	0.168	0.168	0.168	0.168	0.168	0.168	0.168	0.168	
0.056	0.056	0.056	0.056	0.141	0.154	0.180	0.180	0.180	0.180	0.180	0.180	0.180	0.180	0.180	0.180	0.174	0.168	0.168	0.168	0.168	0.168	0.168	0.168	0.168	0.168	0.168	0.168	
0.056	0.056	0.056	0.056	0.056	0.154	0.180	0.180	0.180	0.180	0.180	0.180	0.180	0.180	0.180	0.180	0.174	0.168	0.168	0.168	0.168	0.168	0.168	0.168	0.168	0.168	0.168	0.168	
0.056	0.056	0.056	0.056	0.056	0.154	0.203	0.180	0.180	0.180	0.180	0.180	0.180	0.180	0.180	0.180	0.174	0.168	0.168	0.168	0.168	0.168	0.168	0.168	0.168	0.168	0.168	0.168	
0.056	0.056	0.056	0.056	0.056	0.141	0.154	0.180	0.180	0.180	0.180	0.180	0.180	0.180	0.180	0.174	0.174	0.168	0.168	0.168	0.168	0.168	0.168	0.168	0.168	0.168	0.168	0.168	
0.056	0.056	0.056	0.056	0.056	0.056	0.154	0.203	0.180	0.180	0.180	0.180	0.180	0.180	0.180	0.174	0.168	0.168	0.168	0.168	0.168	0.168	0.168	0.168	0.168	0.168	0.168	0.168	
0.056	0.056	0.056	0.056	0.056	0.056	0.141	0.203	0.180	0.180	0.180	0.180	0.180	0.180	0.180	0.174	0.168	0.168	0.168	0.168	0.168	0.168	0.168	0.168	0.168	0.168	0.168	0.143	
0.056	0.056	0.056	0.056	0.056	0.056	0.141	0.154	0.203	0.180	0.180	0.180	0.180	0.180	0.180	0.174	0.168	0.168	0.168	0.168	0.168	0.168	0.168	0.168	0.168	0.168	0.112	0.143	
0.056	0.056	0.056	0.056	0.056	0.056	0.056	0.141	0.203	0.180	0.180	0.180	0.180	0.180	0.180	0.174	0.168	0.168	0.168	0.168	0.168	0.168	0.168	0.168	0.168	0.168	0.143	0.131	
0.040	0.056	0.056	0.056	0.056	0.056	0.056	0.141	0.203	0.203	0.180	0.180	0.180	0.180	0.180	0.174	0.168	0.168	0.168	0.168	0.168	0.168	0.168	0.168	0.168	0.112	0.143	0.206	
0.040	0.040	0.056	0.056	0.056	0.056	0.056	0.141	0.226	0.203	0.180	0.180	0.180	0.180	0.180	0.174	0.168	0.168	0.168	0.168	0.168	0.168	0.168	0.168	0.112	0.143	0.131	0.206	
0.025	0.040	0.040	0.056	0.056	0.056	0.056	0.141	0.141	0.203	0.203	0.180	0.180	0.180	0.180	0.174	0.168	0.168	0.168	0.168	0.168	0.168	0.168	0.112	0.112	0.131	0.206	0.206	
0.025	0.025	0.040	0.056	0.056	0.056	0.056	0.056	0.141	0.226	0.203	0.180	0.180	0.180	0.180	0.174	0.168	0.168	0.168	0.168	0.168	0.168	0.112	0.112	0.131	0.131	0.206	0.206	
0.025	0.025	0.040	0.040	0.056	0.056	0.056	0.056	0.141	0.226	0.203	0.203	0.180	0.180	0.180	0.174	0.168	0.168	0.168	0.168	0.168	0.112	0.112	0.056	0.131	0.206	0.206	0.206	
0.025	0.025	0.025	0.040	0.040	0.056	0.056	0.056	0.141	0.141	0.226	0.203	0.180	0.180	0.180	0.174	0.168	0.168	0.168	0.168	0.112	0.112	0.056	0.131	0.131	0.206	0.206	0.206	
0.025	0.025	0.025	0.025	0.040	0.056	0.056	0.056	0.056	0.141	0.226	0.203	0.203	0.180	0.180	0.174	0.168	0.168	0.168	0.112	0.112	0.056	0.131	0.131	0.206	0.206	0.206	0.206	
0.025	0.025	0.025	0.025	0.040	0.040	0.056	0.056	0.056	0.141	0.226	0.226	0.203	0.180	0.180	0.174	0.168	0.168	0.112	0.112	0.056	0.056	0.131	0.206	0.206	0.206	0.206	0.206	
0.025	0.025	0.025	0.025	0.025	0.040	0.040	0.056	0.056	0.141	0.141	0.226	0.203	0.170	0.142	0.153	0.140	0.112	0.112	0.056	0.056	0.131	0.131	0.206	0.206	0.206	0.206	0.206	
0.025	0.025	0.025	0.025	0.025	0.025	0.040	0.056	0.056	0.056	0.141	0.226	0.165	0.165	0.142	0.132	0.140	0.112	0.056	0.056	0.056	0.131	0.206	0.206	0.206	0.206	0.206	0.206	
0.025	0.025	0.025	0.025	0.025	0.025	0.040	0.035	0.040	0.040	0.102	0.214	0.240	0.247	0.103	0.107	0.112	0.098	0.090	0.090	0.129	0.131	0.206	0.206	0.206	0.206	0.206	0.206	
0.025	0.025	0.025	0.025	0.025	0.025	0.025	0.025	0.040	0.035	0.025	0.208	0.391	0.283	0.228	0.189	0.197	0.118	0.102	0.090	0.166	0.166	0.206	0.206	0.206	0.206	0.206	0.206	
0.025	0.025	0.025	0.025	0.025	0.025	0.025	0.025	0.025	0.025	0.025	0.208	0.391	0.574	0.354	0.354	0.239	0.125	0.125	0.125	0.125	0.166	0.206	0.206	0.206	0.206	0.206	0.206	
0.000	0.000	0.000	0.000	0.000	0.000	0.000	0.025	0.025	0.025	0.000	0.208	0.684	0.574	0.665	0.665	0.239	0.125	0.125	0.000	0.000	0.000	0.000	0.000	0.000	0.000	0.000	0.000	
0.000	0.000	0.000	0.000	0.000	0.000	0.000	0.000	0.000	0.000	0.000	0.000	0.976	0.976	0.976	0.665	0.000	0.000	0.000	0.000	0.000	0.000	0.000	0.000	0.000	0.000	0.000	0.000	
0.000	0.000	0.000	0.000	0.000	0.000	0.000	0.000	0.000	0.000	0.000	0.000	0.976	0.976	0.976	0.976	0.000	0.000	0.000	0.000	0.000	0.000	0.000	0.000	0.000	0.000	0.000	0.000	
0.000	0.000	0.000	0.000	0.000	0.000	0.000	0.000	0.000	0.000	0.000	0.000	0.976	0.976	0.976	0.976	0.000	0.000	0.000	0.000	0.000	0.000	0.000	0.000	0.000	0.000	0.000	0.000	
0.000	0.000	0.000	0.000	0.000	0.000	0.000	0.000	0.000	0.000	0.000	0.000	0.976	0.976	0.976	0.976	0.000	0.000	0.000	0.000	0.000	0.000	0.000	0.000	0.000	0.000	0.000	0.000	
