0.401	0.401	0.401	0.401	0.401	0.401	0.413	0.425	0.425	0.425	0.425	0.425	0.425	0.425	0.425	0.425	0.425	0.425	0.425	0.425	0.425	0.425	0.425	0.450	0.476	0.476	0.476	0.476	
0.401	0.401	0.401	0.401	0.401	0.401	0.413	0.425	0.425	0.425	0.425	0.425	0.425	0.425	0.425	0.425	0.425	0.425	0.425	0.425	0.425	0.425	0.450	0.450	0.476	0.476	0.476	0.476	
0.401	0.401	0.401	0.401	0.401	0.401	0.413	0.425	0.425	0.425	0.425	0.425	0.425	0.425	0.425	0.425	0.425	0.425	0.425	0.425	0.425	0.425	0.450	0.476	0.476	0.476	0.476	0.476	
0.401	0.401	0.401	0.401	0.401	0.401	0.413	0.425	0.425	0.425	0.425	0.425	0.425	0.425	0.425	0.425	0.425	0.425	0.425	0.425	0.425	0.425	0.450	0.476	0.476	0.476	0.476	0.500	
0.401	0.401	0.401	0.401	0.401	0.401	0.413	0.425	0.425	0.425	0.425	0.425	0.425	0.425	0.425	0.425	0.425	0.425	0.425	0.425	0.425	0.450	0.450	0.476	0.476	0.476	0.476	0.500	
0.401	0.401	0.401	0.401	0.401	0.401	0.413	0.413	0.425	0.425	0.425	0.425	0.425	0.425	0.425	0.425	0.425	0.425	0.425	0.425	0.425	0.450	0.476	0.476	0.476	0.476	0.476	0.500	
0.401	0.401	0.401	0.401	0.401	0.401	0.401	0.413	0.425	0.425	0.425	0.425	0.425	0.425	0.425	0.425	0.425	0.425	0.425	0.425	0.425	0.450	0.476	0.476	0.476	0.476	0.500	0.500	
0.401	0.401	0.401	0.401	0.401	0.401	0.401	0.413	0.425	0.425	0.425	0.425	0.425	0.425	0.425	0.425	0.425	0.425	0.425	0.425	0.425	0.450	0.476	0.476	0.476	0.476	0.500	0.525	
0.401	0.401	0.401	0.401	0.401	0.401	0.401	0.413	0.425	0.425	0.425	0.425	0.425	0.425	0.425	0.425	0.425	0.425	0.425	0.425	0.450	0.450	0.476	0.476	0.476	0.476	0.500	0.525	
0.401	0.401	0.401	0.401	0.401	0.401	0.401	0.413	0.425	0.425	0.425	0.425	0.425	0.425	0.425	0.425	0.425	0.425	0.425	0.425	0.450	0.476	0.476	0.476	0.476	0.500	0.500	0.525	
0.401	0.401	0.401	0.401	0.401	0.401	0.401	0.413	0.425	0.425	0.425	0.425	0.425	0.425	0.425	0.425	0.425	0.425	0.425	0.425	0.450	0.476	0.476	0.476	0.476	0.500	0.525	0.525	
0.401	0.401	0.401	0.401	0.401	0.401	0.401	0.413	0.425	0.425	0.425	0.425	0.425	0.425	0.425	0.425	0.425	0.425	0.425	0.450	0.450	0.476	0.476	0.476	0.476	0.500	0.525	0.525	
0.401	0.401	0.401	0.401	0.401	0.401	0.401	0.413	0.413	0.425	0.425	0.425	0.425	0.425	0.425	0.425	0.425	0.425	0.425	0.450	0.476	0.476	0.476	0.476	0.500	0.500	0.525	0.525	
0.401	0.401	0.401	0.401	0.401	0.401	0.401	0.401	0.413	0.425	0.425	0.425	0.425	0.425	0.425	0.425	0.425	0.425	0.425	0.450	0.476	0.476	0.476	0.476	0.500	0.525	0.525	0.525	
0.401	0.401	0.401	0.401	0.401	0.401	0.401	0.401	0.413	0.425	0.425	0.425	0.425	0.425	0.425	0.425	0.425	0.425	0.450	0.450	0.476	0.476	0.476	0.476	0.500	0.525	0.525	0.525	
0.401	0.401	0.401	0.401	0.401	0.401	0.401	0.401	0.413	0.425	0.425	0.425	0.425	0.425	0.425	0.425	0.425	0.425	0.450	0.476	0.476	0.476	0.476	0.500	0.500	0.525	0.525	0.525	
0.401	0.401	0.401	0.401	0.401	0.401	0.401	0.401	0.413	0.425	0.425	0.425	0.425	0.425	0.425	0.425	0.425	0.425	0.450	0.476	0.476	0.476	0.476	0.500	0.525	0.525	0.525	0.525	
0.401	0.401	0.401	0.401	0.401	0.401	0.401	0.401	0.413	0.425	0.425	0.425	0.425	0.425	0.425	0.425	0.425	0.450	0.450	0.476	0.476	0.476	0.500	0.500	0.525	0.525	0.525	0.525	
0.401	0.401	0.401	0.401	0.401	0.401	0.401	0.401	0.413	0.425	0.425	0.425	0.425	0.425	0.425	0.425	0.425	0.450	0.476	0.476	0.476	0.476	0.500	0.525	0.525	0.525	0.525	0.525	
0.401	0.401	0.401	0.401	0.401	0.401	0.401	0.401	0.413	0.413	0.425	0.425	0.425	0.425	0.425	0.425	0.425	0.450	0.476	0.476	0.476	0.476	0.500	0.525	0.525	0.525	0.525	0.525	
0.401	0.401	0.401	0.401	0.401	0.401	0.401	0.401	0.401	0.413	0.425	0.425	0.425	0.425	0.425	0.425	0.450	0.450	0.476	0.476	0.476	0.500	0.500	0.525	0.525	0.525	0.525	0.525	
0.401	0.401	0.401	0.401	0.401	0.401	0.401	0.401	0.401	0.413	0.425	0.425	0.425	0.425	0.425	0.425	0.450	0.476	0.476	0.476	0.476	0.500	0.525	0.525	0.525	0.525	0.525	0.525	
0.401	0.401	0.401	0.401	0.401	0.401	0.401	0.401	0.401	0.413	0.425	0.425	0.425	0.425	0.425	0.425	0.450	0.476	0.476	0.476	0.476	0.500	0.525	0.525	0.525	0.525	0.525	0.525	
0.413	0.401	0.401	0.401	0.401	0.401	0.401	0.401	0.401	0.413	0.425	0.425	0.425	0.425	0.425	0.425	0.450	0.476	0.476	0.476	0.500	0.500	0.525	0.525	0.525	0.525	0.525	0.525	
0.413	0.413	0.401	0.401	0.401	0.401	0.401	0.401	0.401	0.413	0.425	0.425	0.425	0.425	0.425	0.450	0.450	0.476	0.476	0.476	0.500	0.525	0.525	0.525	0.525	0.525	0.525	0.525	
0.426	0.413	0.413	0.401	0.401	0.401	0.401	0.401	0.401	0.413	0.413	0.425	0.425	0.425	0.425	0.450	0.476	0.476	0.476	0.476	0.500	0.525	0.525	0.525	0.525	0.525	0.525	0.525	
0.426	0.426	0.413	0.413	0.401	0.401	0.401	0.401	0.401	0.401	0.413	0.425	0.425	0.425	0.425	0.450	0.476	0.476	0.476	0.500	0.500	0.525	0.525	0.525	0.525	0.525	0.525	0.525	
0.426	0.426	0.426	0.413	0.413	0.401	0.401	0.401	0.401	0.401	0.413	0.425	0.425	0.425	0.450	0.450	0.476	0.476	0.476	0.500	0.525	0.525	0.525	0.525	0.525	0.525	0.525	0.525	
0.426	0.426	0.426	0.426	0.413	0.401	0.401	0.401	0.401	0.401	0.413	0.425	0.425	0.425	0.450	0.476	0.476	0.476	0.476	0.500	0.525	0.525	0.525	0.525	0.525	0.525	0.525	0.525	
0.426	0.426	0.426	0.426	0.413	0.413	0.401	0.401	0.401	0.401	0.413	0.425	0.425	0.425	0.450	0.476	0.476	0.476	0.467	0.500	0.525	0.525	0.525	0.525	0.525	0.525	0.525	0.525	
0.426	0.426	0.426	0.426	0.426	0.413	0.413	0.401	0.401	0.401	0.413	0.425	0.425	0.450	0.450	0.476	0.476	0.438	0.467	0.525	0.525	0.525	0.525	0.525	0.525	0.525	0.525	0.525	
0.426	0.426	0.426	0.426	0.426	0.426	0.413	0.413	0.401	0.401	0.413	0.425	0.425	0.450	0.476	0.476	0.438	0.438	0.463	0.525	0.525	0.525	0.525	0.525	0.525	0.525	0.525	0.525	
0.426	0.426	0.426	0.426	0.426	0.426	0.426	0.413	0.413	0.401	0.413	0.392	0.387	0.417	0.476	0.476	0.438	0.401	0.463	0.525	0.525	0.525	0.525	0.525	0.525	0.525	0.525	0.525	
0.426	0.426	0.426	0.426	0.426	0.426	0.426	0.426	0.392	0.376	0.367	0.375	0.350	0.413	0.400	0.417	0.438	0.401	0.463	0.525	0.525	0.525	0.525	0.525	0.525	0.525	0.525	0.525	
0.426	0.426	0.426	0.426	0.426	0.426	0.426	0.426	0.388	0.351	0.350	0.350	0.350	0.363	0.363	0.388	0.388	0.401	0.463	0.525	0.525	0.525	0.525	0.525	0.525	0.525	0.525	0.525	
0.426	0.426	0.426	0.426	0.388	0.388	0.388	0.376	0.376	0.351	0.351	0.350	0.350	0.363	0.376	0.376	0.359	0.351	0.425	0.500	0.500	0.500	0.500	0.525	0.525	0.525	0.525	0.525	
0.388	0.388	0.388	0.388	0.388	0.351	0.351	0.351	0.351	0.326	0.314	0.326	0.313	0.334	0.376	0.338	0.338	0.301	0.388	0.475	0.475	0.475	0.500	0.500	0.500	0.500	0.500	0.500	
0.351	0.351	0.351	0.351	0.351	0.351	0.351	0.351	0.351	0.326	0.276	0.276	0.276	0.309	0.326	0.318	0.301	0.301	0.388	0.475	0.475	0.475	0.475	0.475	0.475	0.475	0.475	0.475	
0.288	0.351	0.351	0.351	0.351	0.351	0.351	0.301	0.301	0.293	0.264	0.276	0.276	0.276	0.276	0.269	0.269	0.266	0.336	0.475	0.475	0.475	0.475	0.475	0.475	0.475	0.475	0.475	
0.288	0.288	0.288	0.288	0.288	0.288	0.276	0.301	0.251	0.251	0.251	0.251	0.259	0.251	0.276	0.253	0.230	0.230	0.360	0.425	0.425	0.425	0.425	0.425	0.475	0.475	0.475	0.475	
0.225	0.225	0.225	0.225	0.225	0.225	0.225	0.238	0.251	0.251	0.238	0.225	0.225	0.234	0.239	0.236	0.230	0.230	0.303	0.376	0.376	0.376	0.376	0.425	0.425	0.425	0.425	0.425	
0.225	0.225	0.225	0.225	0.225	0.225	0.225	0.238	0.217	0.213	0.217	0.200	0.200	0.201	0.202	0.216	0.211	0.215	0.269	0.376	0.376	0.376	0.376	0.376	0.376	0.295	0.295	0.295	
0.225	0.225	0.225	0.225	0.225	0.225	0.225	0.225	0.200	0.175	0.175	0.192	0.200	0.188	0.202	0.201	0.201	0.200	0.288	0.376	0.376	0.295	0.295	0.295	0.295	0.295	0.214	0.214	
0.225	0.225	0.225	0.204	0.204	0.204	0.204	0.204	0.194	0.150	0.158	0.158	0.175	0.168	0.165	0.176	0.164	0.200	0.234	0.229	0.295	0.295	0.214	0.214	0.214	0.214	0.214	0.158	
0.161	0.161	0.161	0.204	0.182	0.182	0.182	0.182	0.161	0.150	0.125	0.158	0.175	0.159	0.127	0.127	0.151	0.163	0.163	0.169	0.214	0.214	0.214	0.214	0.214	0.158	0.158	0.158	
0.075	0.075	0.129	0.129	0.129	0.182	0.182	0.147	0.140	0.125	0.125	0.135	0.175	0.151	0.127	0.103	0.111	0.125	0.125	0.148	0.214	0.214	0.214	0.158	0.158	0.158	0.103	0.103	
0.075	0.075	0.075	0.075	0.129	0.123	0.147	0.147	0.118	0.114	0.116	0.135	0.135	0.150	0.127	0.079	0.102	0.103	0.116	0.148	0.160	0.141	0.158	0.158	0.103	0.103	0.103	0.103	
0.075	0.075	0.075	0.075	0.075	0.093	0.097	0.112	0.112	0.081	0.106	0.160	0.155	0.125	0.105	0.105	0.095	0.099	0.091	0.106	0.103	0.131	0.103	0.103	0.103	0.103	0.103	0.103	
0.075	0.075	0.075	0.075	0.075	0.075	0.097	0.107	0.080	0.081	0.115	0.115	0.169	0.138	0.104	0.093	0.093	0.093	0.091	0.094	0.103	0.102	0.103	0.103	0.103	0.103	0.103	0.103	
0.075	0.075	0.075	0.075	0.075	0.075	0.089	0.103	0.064	0.025	0.025	0.119	0.528	0.314	0.459	0.093	0.087	0.075	0.075	0.088	0.100	0.102	0.103	0.103	0.103	0.103	0.103	0.103	
0.000	0.000	0.000	0.000	0.000	0.000	0.000	0.000	0.000	0.000	0.025	0.025	0.528	0.843	0.459	0.075	0.000	0.000	0.000	0.100	0.100	0.100	0.000	0.000	0.000	0.000	0.000	0.000	
0.000	0.000	0.000	0.000	0.000	0.000	0.000	0.000	0.000	0.000	0.000	0.000	0.843	0.843	0.459	0.459	0.000	0.000	0.000	0.000	0.000	0.000	0.000	0.000	0.000	0.000	0.000	0.000	
0.000	0.000	0.000	0.000	0.000	0.000	0.000	0.000	0.000	0.000	0.000	0.000	0.843	0.843	0.843	0.843	0.000	0.000	0.000	0.000	0.000	0.000	0.000	0.000	0.000	0.000	0.000	0.000	
0.000	0.000	0.000	0.000	0.000	0.000	0.000	0.000	0.000	0.000	0.000	0.000	0.843	0.843	0.843	0.843	0.000	0.000	0.000	0.000	0.000	0.000	0.000	0.000	0.000	0.000	0.000	0.000	
0.000	0.000	0.000	0.000	0.000	0.000	0.000	0.000	0.000	0.000	0.000	0.000	0.843	0.843	0.843	0.843	0.000	0.000	0.000	0.000	0.000	0.000	0.000	0.000	0.000	0.000	0.000	0.000	
