0.226	0.226	0.226	0.226	0.226	0.203	0.180	0.180	0.180	0.180	0.180	0.180	0.180	0.180	0.180	0.180	0.180	0.180	0.180	0.180	0.180	0.180	0.180	0.180	0.180	0.180	0.180	0.180	
0.226	0.226	0.226	0.226	0.226	0.203	0.180	0.180	0.180	0.180	0.180	0.180	0.180	0.180	0.180	0.180	0.180	0.180	0.180	0.180	0.180	0.180	0.180	0.180	0.180	0.180	0.180	0.180	
0.226	0.226	0.226	0.226	0.226	0.203	0.180	0.180	0.180	0.180	0.180	0.180	0.180	0.180	0.180	0.180	0.180	0.180	0.180	0.180	0.180	0.180	0.180	0.180	0.180	0.180	0.180	0.180	
0.226	0.226	0.226	0.226	0.226	0.203	0.203	0.180	0.180	0.180	0.180	0.180	0.180	0.180	0.180	0.180	0.180	0.180	0.180	0.180	0.180	0.180	0.180	0.180	0.180	0.180	0.180	0.180	
0.226	0.226	0.226	0.226	0.226	0.226	0.203	0.180	0.180	0.180	0.180	0.180	0.180	0.180	0.180	0.180	0.180	0.180	0.180	0.180	0.180	0.180	0.180	0.180	0.180	0.180	0.180	0.180	
0.226	0.226	0.226	0.226	0.226	0.226	0.203	0.180	0.180	0.180	0.180	0.180	0.180	0.180	0.180	0.180	0.180	0.180	0.180	0.180	0.180	0.180	0.180	0.180	0.180	0.180	0.180	0.180	
0.226	0.226	0.226	0.226	0.226	0.226	0.203	0.180	0.180	0.180	0.180	0.180	0.180	0.180	0.180	0.180	0.180	0.180	0.180	0.180	0.180	0.180	0.180	0.180	0.180	0.180	0.180	0.180	
0.226	0.226	0.226	0.226	0.226	0.226	0.203	0.180	0.180	0.180	0.180	0.180	0.180	0.180	0.180	0.180	0.180	0.180	0.180	0.180	0.180	0.180	0.180	0.180	0.180	0.180	0.180	0.180	
0.226	0.226	0.226	0.226	0.226	0.226	0.203	0.180	0.180	0.180	0.180	0.180	0.180	0.180	0.180	0.180	0.180	0.180	0.180	0.180	0.180	0.180	0.180	0.180	0.180	0.180	0.180	0.180	
0.226	0.226	0.226	0.226	0.226	0.226	0.203	0.203	0.180	0.180	0.180	0.180	0.180	0.180	0.180	0.180	0.180	0.180	0.180	0.180	0.180	0.180	0.180	0.180	0.180	0.180	0.180	0.180	
0.226	0.226	0.226	0.226	0.226	0.226	0.226	0.203	0.180	0.180	0.180	0.180	0.180	0.180	0.180	0.180	0.180	0.180	0.180	0.180	0.180	0.180	0.180	0.180	0.180	0.180	0.180	0.180	
0.226	0.226	0.226	0.226	0.226	0.226	0.226	0.203	0.180	0.180	0.180	0.180	0.180	0.180	0.180	0.180	0.180	0.180	0.180	0.180	0.180	0.180	0.180	0.180	0.180	0.180	0.180	0.180	
0.226	0.226	0.226	0.226	0.226	0.226	0.226	0.203	0.180	0.180	0.180	0.180	0.180	0.180	0.180	0.180	0.180	0.180	0.180	0.180	0.180	0.180	0.180	0.180	0.180	0.180	0.180	0.180	
0.226	0.226	0.226	0.226	0.226	0.226	0.226	0.203	0.180	0.180	0.180	0.180	0.180	0.180	0.180	0.180	0.180	0.180	0.180	0.180	0.180	0.180	0.180	0.180	0.180	0.180	0.180	0.180	
0.226	0.226	0.226	0.226	0.226	0.226	0.226	0.203	0.203	0.180	0.180	0.180	0.180	0.180	0.180	0.180	0.180	0.180	0.180	0.180	0.180	0.180	0.180	0.180	0.180	0.180	0.180	0.180	
0.226	0.226	0.226	0.226	0.226	0.226	0.226	0.226	0.203	0.180	0.180	0.180	0.180	0.180	0.180	0.180	0.180	0.180	0.180	0.180	0.180	0.180	0.180	0.180	0.180	0.180	0.180	0.180	
0.226	0.226	0.226	0.226	0.226	0.226	0.226	0.226	0.203	0.180	0.180	0.180	0.180	0.180	0.180	0.180	0.180	0.180	0.180	0.180	0.180	0.180	0.180	0.180	0.180	0.180	0.180	0.180	
0.226	0.226	0.226	0.226	0.226	0.226	0.226	0.226	0.203	0.180	0.180	0.180	0.180	0.180	0.180	0.180	0.180	0.180	0.180	0.180	0.180	0.180	0.180	0.180	0.180	0.180	0.180	0.180	
0.226	0.226	0.226	0.226	0.226	0.226	0.226	0.226	0.203	0.180	0.180	0.180	0.180	0.180	0.180	0.180	0.180	0.180	0.180	0.180	0.180	0.180	0.180	0.180	0.180	0.180	0.180	0.180	
0.226	0.226	0.226	0.226	0.226	0.226	0.226	0.226	0.203	0.203	0.180	0.180	0.180	0.180	0.180	0.180	0.180	0.180	0.180	0.180	0.180	0.180	0.180	0.180	0.180	0.180	0.180	0.180	
0.226	0.226	0.226	0.226	0.226	0.226	0.226	0.226	0.226	0.203	0.180	0.180	0.180	0.180	0.180	0.180	0.180	0.180	0.180	0.180	0.180	0.180	0.180	0.180	0.180	0.180	0.180	0.180	
0.226	0.226	0.226	0.226	0.226	0.226	0.226	0.226	0.226	0.203	0.180	0.180	0.180	0.180	0.180	0.180	0.180	0.180	0.180	0.180	0.180	0.180	0.180	0.180	0.180	0.180	0.180	0.180	
0.226	0.226	0.226	0.226	0.226	0.226	0.226	0.226	0.226	0.203	0.180	0.180	0.180	0.180	0.180	0.180	0.180	0.180	0.180	0.180	0.180	0.180	0.180	0.180	0.180	0.180	0.180	0.180	
0.226	0.226	0.226	0.226	0.226	0.226	0.226	0.226	0.226	0.203	0.180	0.180	0.180	0.180	0.180	0.180	0.180	0.180	0.180	0.180	0.180	0.180	0.180	0.180	0.180	0.180	0.180	0.180	
0.226	0.226	0.226	0.226	0.226	0.226	0.226	0.226	0.226	0.203	0.180	0.180	0.180	0.180	0.180	0.180	0.180	0.180	0.180	0.180	0.180	0.180	0.180	0.180	0.180	0.180	0.180	0.180	
0.226	0.226	0.226	0.226	0.226	0.226	0.226	0.226	0.226	0.203	0.203	0.180	0.180	0.180	0.180	0.180	0.180	0.180	0.180	0.180	0.180	0.180	0.180	0.180	0.180	0.180	0.180	0.180	
0.226	0.226	0.226	0.226	0.226	0.226	0.226	0.226	0.226	0.226	0.203	0.180	0.180	0.180	0.180	0.180	0.180	0.180	0.180	0.180	0.180	0.180	0.180	0.180	0.180	0.180	0.180	0.180	
0.226	0.226	0.226	0.226	0.226	0.226	0.226	0.226	0.226	0.226	0.203	0.180	0.180	0.180	0.180	0.180	0.180	0.180	0.180	0.180	0.180	0.180	0.180	0.180	0.180	0.180	0.180	0.180	
0.226	0.226	0.226	0.226	0.226	0.226	0.226	0.226	0.226	0.226	0.203	0.180	0.180	0.180	0.180	0.180	0.180	0.180	0.180	0.180	0.180	0.180	0.180	0.180	0.180	0.180	0.180	0.180	
0.189	0.226	0.226	0.226	0.226	0.226	0.226	0.226	0.226	0.226	0.203	0.180	0.180	0.180	0.180	0.180	0.180	0.180	0.180	0.180	0.180	0.180	0.180	0.180	0.180	0.180	0.180	0.180	
0.189	0.226	0.226	0.226	0.226	0.226	0.226	0.226	0.226	0.226	0.203	0.203	0.180	0.180	0.180	0.180	0.180	0.180	0.180	0.180	0.180	0.180	0.180	0.180	0.180	0.180	0.180	0.180	
0.189	0.189	0.226	0.226	0.226	0.226	0.226	0.226	0.226	0.226	0.226	0.203	0.180	0.180	0.180	0.180	0.180	0.180	0.180	0.180	0.180	0.180	0.180	0.180	0.180	0.180	0.180	0.180	
0.152	0.189	0.226	0.226	0.226	0.226	0.226	0.226	0.226	0.226	0.226	0.203	0.180	0.180	0.180	0.180	0.180	0.180	0.180	0.180	0.180	0.180	0.180	0.180	0.180	0.180	0.180	0.180	
0.152	0.189	0.189	0.226	0.226	0.226	0.226	0.226	0.226	0.226	0.226	0.203	0.180	0.180	0.180	0.180	0.180	0.180	0.180	0.180	0.180	0.180	0.180	0.180	0.180	0.180	0.180	0.180	
0.152	0.152	0.189	0.226	0.226	0.226	0.226	0.226	0.226	0.226	0.226	0.203	0.180	0.180	0.180	0.180	0.180	0.180	0.180	0.180	0.180	0.180	0.180	0.180	0.180	0.180	0.180	0.180	
0.152	0.152	0.189	0.189	0.226	0.226	0.226	0.226	0.226	0.226	0.226	0.184	0.163	0.180	0.180	0.180	0.180	0.180	0.180	0.180	0.180	0.180	0.180	0.180	0.180	0.180	0.180	0.180	
0.152	0.152	0.152	0.189	0.189	0.226	0.226	0.226	0.226	0.226	0.226	0.186	0.163	0.180	0.180	0.180	0.180	0.180	0.180	0.180	0.180	0.180	0.180	0.180	0.180	0.180	0.180	0.180	
0.152	0.152	0.152	0.152	0.189	0.226	0.226	0.226	0.226	0.226	0.226	0.186	0.184	0.180	0.180	0.180	0.180	0.180	0.180	0.180	0.180	0.180	0.180	0.180	0.180	0.180	0.180	0.180	
0.152	0.152	0.152	0.152	0.189	0.189	0.226	0.226	0.226	0.226	0.226	0.226	0.184	0.180	0.180	0.180	0.180	0.180	0.180	0.180	0.180	0.180	0.180	0.180	0.180	0.180	0.180	0.180	
0.152	0.152	0.152	0.152	0.152	0.189	0.226	0.226	0.226	0.226	0.226	0.226	0.184	0.163	0.180	0.180	0.180	0.180	0.180	0.180	0.180	0.180	0.180	0.180	0.180	0.180	0.180	0.153	
0.152	0.152	0.152	0.152	0.152	0.189	0.189	0.226	0.226	0.226	0.226	0.226	0.186	0.163	0.180	0.180	0.180	0.180	0.180	0.180	0.180	0.180	0.180	0.180	0.180	0.180	0.153	0.153	
0.152	0.152	0.152	0.152	0.152	0.152	0.189	0.226	0.226	0.226	0.226	0.226	0.186	0.163	0.180	0.180	0.180	0.180	0.180	0.180	0.180	0.180	0.180	0.180	0.153	0.153	0.153	0.125	
0.152	0.152	0.152	0.152	0.152	0.152	0.189	0.189	0.226	0.226	0.226	0.226	0.186	0.163	0.163	0.180	0.180	0.180	0.180	0.180	0.180	0.180	0.180	0.153	0.153	0.125	0.125	0.125	
0.152	0.152	0.152	0.152	0.152	0.152	0.152	0.189	0.226	0.226	0.226	0.226	0.186	0.146	0.163	0.180	0.180	0.180	0.180	0.180	0.180	0.180	0.153	0.153	0.125	0.125	0.125	0.125	
0.152	0.152	0.152	0.152	0.152	0.152	0.152	0.189	0.189	0.226	0.226	0.226	0.186	0.146	0.163	0.180	0.180	0.180	0.180	0.180	0.180	0.153	0.153	0.125	0.125	0.125	0.125	0.125	
0.152	0.152	0.152	0.152	0.152	0.152	0.152	0.152	0.189	0.189	0.226	0.226	0.186	0.146	0.163	0.180	0.180	0.180	0.180	0.180	0.153	0.153	0.125	0.125	0.125	0.125	0.125	0.125	
0.152	0.152	0.152	0.152	0.152	0.152	0.152	0.152	0.152	0.189	0.226	0.226	0.186	0.146	0.163	0.163	0.180	0.180	0.153	0.153	0.153	0.125	0.125	0.125	0.125	0.125	0.125	0.125	
0.152	0.152	0.152	0.152	0.152	0.152	0.152	0.152	0.152	0.189	0.189	0.226	0.186	0.146	0.146	0.204	0.180	0.153	0.153	0.125	0.125	0.125	0.125	0.125	0.125	0.125	0.125	0.125	
0.152	0.152	0.152	0.152	0.152	0.152	0.152	0.152	0.152	0.152	0.189	0.226	0.186	0.146	0.215	0.204	0.197	0.153	0.125	0.125	0.125	0.125	0.125	0.125	0.125	0.125	0.125	0.125	
0.152	0.152	0.152	0.152	0.152	0.152	0.152	0.152	0.152	0.152	0.189	0.189	0.433	0.452	0.452	0.285	0.205	0.125	0.125	0.125	0.125	0.125	0.125	0.125	0.125	0.125	0.125	0.125	
0.000	0.000	0.000	0.000	0.000	0.000	0.000	0.000	0.000	0.000	0.000	0.226	0.576	0.926	0.606	0.606	0.000	0.000	0.000	0.000	0.000	0.000	0.000	0.000	0.000	0.000	0.000	0.000	
0.000	0.000	0.000	0.000	0.000	0.000	0.000	0.000	0.000	0.000	0.000	0.000	0.926	0.926	0.926	0.926	0.000	0.000	0.000	0.000	0.000	0.000	0.000	0.000	0.000	0.000	0.000	0.000	
0.000	0.000	0.000	0.000	0.000	0.000	0.000	0.000	0.000	0.000	0.000	0.000	0.926	0.926	0.926	0.926	0.000	0.000	0.000	0.000	0.000	0.000	0.000	0.000	0.000	0.000	0.000	0.000	
0.000	0.000	0.000	0.000	0.000	0.000	0.000	0.000	0.000	0.000	0.000	0.000	0.926	0.926	0.926	0.926	0.000	0.000	0.000	0.000	0.000	0.000	0.000	0.000	0.000	0.000	0.000	0.000	
0.000	0.000	0.000	0.000	0.000	0.000	0.000	0.000	0.000	0.000	0.000	0.000	0.926	0.926	0.926	0.926	0.000	0.000	0.000	0.000	0.000	0.000	0.000	0.000	0.000	0.000	0.000	0.000	
