0.146	0.146	0.146	0.146	0.146	0.146	0.146	0.112	0.079	0.079	0.079	0.079	0.079	0.079	0.079	0.079	0.079	0.079	0.079	0.079	0.079	0.079	0.079	0.079	0.079	0.079	0.079	0.079	
0.146	0.146	0.146	0.146	0.146	0.146	0.146	0.112	0.079	0.079	0.079	0.079	0.079	0.079	0.079	0.079	0.079	0.079	0.079	0.079	0.079	0.079	0.079	0.079	0.079	0.079	0.079	0.079	
0.146	0.146	0.146	0.146	0.146	0.146	0.146	0.112	0.079	0.079	0.079	0.079	0.079	0.079	0.079	0.079	0.079	0.079	0.079	0.079	0.079	0.079	0.079	0.079	0.079	0.079	0.079	0.079	
0.146	0.146	0.146	0.146	0.146	0.146	0.146	0.112	0.079	0.079	0.079	0.079	0.079	0.079	0.079	0.079	0.079	0.079	0.079	0.079	0.079	0.079	0.079	0.079	0.079	0.079	0.079	0.079	
0.146	0.146	0.146	0.146	0.146	0.146	0.146	0.112	0.112	0.079	0.079	0.079	0.079	0.079	0.079	0.079	0.079	0.079	0.079	0.079	0.079	0.079	0.079	0.079	0.079	0.079	0.079	0.079	
0.146	0.146	0.146	0.146	0.146	0.146	0.146	0.146	0.112	0.079	0.079	0.079	0.079	0.079	0.079	0.079	0.079	0.079	0.079	0.079	0.079	0.079	0.079	0.079	0.079	0.079	0.079	0.079	
0.146	0.146	0.146	0.146	0.146	0.146	0.146	0.146	0.112	0.079	0.079	0.079	0.079	0.079	0.079	0.079	0.079	0.079	0.079	0.079	0.079	0.079	0.079	0.079	0.079	0.079	0.079	0.079	
0.146	0.146	0.146	0.146	0.146	0.146	0.146	0.146	0.112	0.079	0.079	0.079	0.079	0.079	0.079	0.079	0.079	0.079	0.079	0.079	0.079	0.079	0.079	0.079	0.079	0.079	0.079	0.079	
0.146	0.146	0.146	0.146	0.146	0.146	0.146	0.146	0.112	0.079	0.079	0.079	0.079	0.079	0.079	0.079	0.079	0.079	0.079	0.079	0.079	0.079	0.079	0.079	0.079	0.079	0.079	0.079	
0.146	0.146	0.146	0.146	0.146	0.146	0.146	0.146	0.112	0.079	0.079	0.079	0.079	0.079	0.079	0.079	0.079	0.079	0.079	0.079	0.079	0.079	0.079	0.079	0.079	0.079	0.079	0.079	
0.146	0.146	0.146	0.146	0.146	0.146	0.146	0.146	0.112	0.079	0.079	0.079	0.079	0.079	0.079	0.079	0.079	0.079	0.079	0.079	0.079	0.079	0.079	0.079	0.079	0.079	0.079	0.079	
0.146	0.146	0.146	0.146	0.146	0.146	0.146	0.146	0.112	0.112	0.079	0.079	0.079	0.079	0.079	0.079	0.079	0.079	0.079	0.079	0.079	0.079	0.079	0.079	0.079	0.079	0.079	0.079	
0.146	0.146	0.146	0.146	0.146	0.146	0.146	0.146	0.146	0.112	0.079	0.079	0.079	0.079	0.079	0.079	0.079	0.079	0.079	0.079	0.079	0.079	0.079	0.079	0.079	0.079	0.079	0.079	
0.146	0.146	0.146	0.146	0.146	0.146	0.146	0.146	0.146	0.112	0.079	0.079	0.079	0.079	0.079	0.079	0.079	0.079	0.079	0.079	0.079	0.079	0.079	0.079	0.079	0.079	0.079	0.079	
0.146	0.146	0.146	0.146	0.146	0.146	0.146	0.146	0.146	0.112	0.079	0.079	0.079	0.079	0.079	0.079	0.079	0.079	0.079	0.079	0.079	0.079	0.079	0.079	0.079	0.079	0.079	0.079	
0.146	0.146	0.146	0.146	0.146	0.146	0.146	0.146	0.146	0.112	0.079	0.079	0.079	0.079	0.079	0.079	0.079	0.079	0.079	0.079	0.079	0.079	0.079	0.079	0.079	0.079	0.079	0.079	
0.146	0.146	0.146	0.146	0.146	0.146	0.146	0.146	0.146	0.112	0.079	0.079	0.079	0.079	0.079	0.079	0.079	0.079	0.079	0.079	0.079	0.079	0.079	0.079	0.079	0.079	0.079	0.079	
0.146	0.146	0.146	0.146	0.146	0.146	0.146	0.146	0.146	0.112	0.079	0.079	0.079	0.079	0.079	0.079	0.079	0.079	0.079	0.079	0.079	0.079	0.079	0.079	0.079	0.079	0.079	0.079	
0.146	0.146	0.146	0.146	0.146	0.146	0.146	0.146	0.146	0.112	0.112	0.079	0.079	0.079	0.079	0.079	0.079	0.079	0.079	0.079	0.079	0.079	0.079	0.079	0.079	0.079	0.079	0.079	
0.146	0.146	0.146	0.146	0.146	0.146	0.146	0.146	0.146	0.146	0.112	0.079	0.079	0.079	0.079	0.079	0.079	0.079	0.079	0.079	0.079	0.079	0.079	0.079	0.079	0.079	0.079	0.079	
0.146	0.146	0.146	0.146	0.146	0.146	0.146	0.146	0.146	0.146	0.112	0.079	0.079	0.079	0.079	0.079	0.079	0.079	0.079	0.079	0.079	0.079	0.079	0.079	0.079	0.079	0.079	0.079	
0.085	0.146	0.146	0.146	0.146	0.146	0.146	0.146	0.146	0.146	0.112	0.079	0.079	0.079	0.079	0.079	0.079	0.079	0.079	0.079	0.079	0.079	0.079	0.079	0.079	0.079	0.079	0.079	
0.085	0.146	0.146	0.146	0.146	0.146	0.146	0.146	0.146	0.146	0.112	0.079	0.079	0.079	0.079	0.079	0.079	0.079	0.079	0.079	0.079	0.079	0.079	0.079	0.079	0.079	0.079	0.079	
0.085	0.146	0.146	0.146	0.146	0.146	0.146	0.146	0.146	0.146	0.112	0.079	0.079	0.079	0.079	0.079	0.079	0.079	0.079	0.079	0.079	0.079	0.079	0.079	0.079	0.079	0.079	0.079	
0.085	0.085	0.146	0.146	0.146	0.146	0.146	0.146	0.146	0.146	0.112	0.079	0.079	0.079	0.079	0.079	0.079	0.079	0.079	0.079	0.079	0.079	0.079	0.079	0.079	0.079	0.079	0.079	
0.025	0.085	0.146	0.146	0.146	0.146	0.146	0.146	0.146	0.146	0.112	0.112	0.079	0.079	0.079	0.079	0.079	0.079	0.079	0.079	0.079	0.079	0.079	0.079	0.079	0.079	0.079	0.079	
0.025	0.085	0.085	0.146	0.146	0.146	0.146	0.146	0.146	0.146	0.146	0.112	0.079	0.079	0.079	0.079	0.079	0.079	0.079	0.079	0.079	0.079	0.079	0.079	0.079	0.079	0.079	0.065	
0.025	0.025	0.085	0.146	0.146	0.146	0.146	0.146	0.146	0.146	0.146	0.112	0.079	0.079	0.079	0.079	0.079	0.079	0.079	0.079	0.079	0.079	0.079	0.079	0.079	0.079	0.079	0.065	
0.025	0.025	0.085	0.146	0.146	0.146	0.146	0.146	0.146	0.146	0.146	0.112	0.079	0.079	0.079	0.079	0.079	0.079	0.079	0.079	0.079	0.079	0.079	0.079	0.079	0.079	0.065	0.065	
0.025	0.025	0.085	0.085	0.146	0.146	0.146	0.146	0.146	0.146	0.146	0.112	0.079	0.079	0.079	0.079	0.079	0.079	0.079	0.079	0.079	0.079	0.079	0.079	0.079	0.079	0.065	0.050	
0.025	0.025	0.025	0.085	0.146	0.146	0.146	0.146	0.146	0.146	0.146	0.112	0.079	0.079	0.079	0.079	0.079	0.079	0.079	0.079	0.079	0.079	0.079	0.079	0.079	0.065	0.065	0.050	
0.025	0.025	0.025	0.085	0.085	0.146	0.146	0.146	0.146	0.146	0.146	0.112	0.079	0.079	0.079	0.079	0.079	0.079	0.079	0.079	0.079	0.079	0.079	0.079	0.065	0.065	0.050	0.050	
0.025	0.025	0.025	0.025	0.085	0.146	0.146	0.146	0.146	0.146	0.146	0.112	0.112	0.079	0.079	0.079	0.079	0.079	0.079	0.079	0.079	0.079	0.079	0.079	0.065	0.050	0.050	0.050	
0.025	0.025	0.025	0.025	0.085	0.146	0.146	0.146	0.146	0.146	0.146	0.146	0.112	0.079	0.079	0.079	0.079	0.079	0.079	0.079	0.079	0.079	0.079	0.065	0.065	0.050	0.050	0.050	
0.025	0.025	0.025	0.025	0.085	0.085	0.146	0.146	0.146	0.146	0.146	0.146	0.112	0.079	0.079	0.079	0.079	0.079	0.079	0.079	0.079	0.079	0.079	0.065	0.050	0.050	0.050	0.050	
0.025	0.025	0.025	0.025	0.025	0.085	0.146	0.146	0.146	0.146	0.146	0.146	0.112	0.079	0.079	0.079	0.079	0.079	0.079	0.079	0.079	0.079	0.065	0.065	0.050	0.050	0.050	0.050	
0.025	0.025	0.025	0.025	0.025	0.085	0.146	0.146	0.146	0.146	0.146	0.146	0.112	0.079	0.079	0.079	0.079	0.079	0.079	0.079	0.079	0.079	0.065	0.050	0.050	0.050	0.050	0.050	
0.025	0.025	0.025	0.025	0.025	0.085	0.085	0.146	0.146	0.146	0.146	0.146	0.134	0.079	0.079	0.079	0.079	0.079	0.079	0.079	0.079	0.065	0.065	0.050	0.050	0.050	0.050	0.050	
0.025	0.025	0.025	0.025	0.025	0.025	0.085	0.146	0.146	0.146	0.146	0.146	0.134	0.128	0.079	0.079	0.079	0.079	0.079	0.079	0.079	0.065	0.050	0.050	0.050	0.050	0.050	0.038	
0.025	0.025	0.025	0.025	0.025	0.025	0.085	0.085	0.146	0.146	0.146	0.146	0.161	0.128	0.079	0.079	0.079	0.079	0.079	0.079	0.065	0.065	0.050	0.050	0.050	0.050	0.038	0.038	
0.025	0.025	0.025	0.025	0.025	0.025	0.025	0.085	0.146	0.146	0.146	0.146	0.161	0.128	0.079	0.079	0.079	0.079	0.079	0.065	0.065	0.050	0.050	0.050	0.050	0.038	0.038	0.025	
0.025	0.025	0.025	0.025	0.025	0.025	0.025	0.085	0.146	0.146	0.146	0.161	0.161	0.112	0.079	0.079	0.079	0.079	0.079	0.065	0.050	0.050	0.050	0.050	0.038	0.038	0.025	0.025	
0.025	0.025	0.025	0.025	0.025	0.025	0.025	0.085	0.085	0.146	0.146	0.161	0.177	0.128	0.079	0.079	0.079	0.079	0.065	0.065	0.050	0.050	0.050	0.038	0.038	0.025	0.025	0.025	
0.025	0.025	0.025	0.025	0.025	0.025	0.025	0.025	0.085	0.146	0.146	0.161	0.177	0.128	0.079	0.079	0.079	0.079	0.065	0.050	0.050	0.050	0.038	0.038	0.025	0.025	0.025	0.025	
0.050	0.025	0.025	0.025	0.025	0.025	0.025	0.025	0.085	0.085	0.146	0.161	0.177	0.128	0.079	0.079	0.079	0.079	0.069	0.050	0.050	0.038	0.038	0.025	0.025	0.025	0.025	0.025	
0.050	0.050	0.025	0.025	0.025	0.025	0.025	0.025	0.013	0.075	0.137	0.150	0.135	0.117	0.095	0.090	0.079	0.079	0.051	0.038	0.038	0.038	0.025	0.025	0.025	0.025	0.025	0.025	
0.075	0.050	0.050	0.050	0.025	0.025	0.025	0.017	0.013	0.064	0.127	0.114	0.114	0.106	0.112	0.095	0.094	0.065	0.052	0.038	0.033	0.025	0.025	0.025	0.025	0.025	0.025	0.025	
0.075	0.075	0.075	0.050	0.050	0.050	0.038	0.025	0.000	0.077	0.077	0.145	0.153	0.106	0.112	0.101	0.101	0.058	0.038	0.025	0.017	0.013	0.025	0.025	0.025	0.025	0.025	0.025	
0.075	0.075	0.075	0.075	0.075	0.050	0.050	0.025	0.051	0.052	0.146	0.206	0.153	0.141	0.119	0.116	0.118	0.045	0.038	0.008	0.013	0.017	0.025	0.025	0.025	0.025	0.025	0.025	
0.075	0.075	0.075	0.075	0.075	0.075	0.062	0.050	0.077	0.103	0.155	0.206	0.531	0.403	0.501	0.146	0.079	0.045	0.000	0.000	0.000	0.013	0.025	0.025	0.025	0.025	0.025	0.025	
0.000	0.000	0.000	0.000	0.000	0.000	0.050	0.050	0.077	0.103	0.103	0.000	0.531	0.856	0.501	0.501	0.000	0.000	0.000	0.000	0.000	0.000	0.000	0.000	0.000	0.000	0.000	0.000	
0.000	0.000	0.000	0.000	0.000	0.000	0.000	0.000	0.000	0.000	0.000	0.000	0.856	0.856	0.856	0.856	0.000	0.000	0.000	0.000	0.000	0.000	0.000	0.000	0.000	0.000	0.000	0.000	
0.000	0.000	0.000	0.000	0.000	0.000	0.000	0.000	0.000	0.000	0.000	0.000	0.856	0.856	0.856	0.856	0.000	0.000	0.000	0.000	0.000	0.000	0.000	0.000	0.000	0.000	0.000	0.000	
0.000	0.000	0.000	0.000	0.000	0.000	0.000	0.000	0.000	0.000	0.000	0.000	0.856	0.856	0.856	0.856	0.000	0.000	0.000	0.000	0.000	0.000	0.000	0.000	0.000	0.000	0.000	0.000	
0.000	0.000	0.000	0.000	0.000	0.000	0.000	0.000	0.000	0.000	0.000	0.000	0.856	0.856	0.856	0.856	0.000	0.000	0.000	0.000	0.000	0.000	0.000	0.000	0.000	0.000	0.000	0.000	
