0.079	0.079	0.079	0.079	0.079	0.079	0.079	0.079	0.079	0.079	0.079	0.079	0.079	0.079	0.116	0.152	0.152	0.152	0.152	0.152	0.152	0.152	0.152	0.152	0.152	0.152	0.152	0.152	
0.079	0.079	0.079	0.079	0.079	0.079	0.079	0.079	0.079	0.079	0.079	0.079	0.079	0.079	0.116	0.152	0.152	0.152	0.152	0.152	0.152	0.152	0.152	0.152	0.152	0.152	0.152	0.152	
0.079	0.079	0.079	0.079	0.079	0.079	0.079	0.079	0.079	0.079	0.079	0.079	0.079	0.079	0.116	0.152	0.152	0.152	0.152	0.152	0.152	0.152	0.152	0.152	0.152	0.152	0.152	0.152	
0.079	0.079	0.079	0.079	0.079	0.079	0.079	0.079	0.079	0.079	0.079	0.079	0.079	0.079	0.116	0.152	0.152	0.152	0.152	0.152	0.152	0.152	0.152	0.152	0.152	0.152	0.152	0.152	
0.079	0.079	0.079	0.079	0.079	0.079	0.079	0.079	0.079	0.079	0.079	0.079	0.079	0.079	0.116	0.152	0.152	0.152	0.152	0.152	0.152	0.152	0.152	0.152	0.152	0.152	0.152	0.152	
0.079	0.079	0.079	0.079	0.079	0.079	0.079	0.079	0.079	0.079	0.079	0.079	0.079	0.079	0.116	0.152	0.152	0.152	0.152	0.152	0.152	0.152	0.152	0.152	0.152	0.152	0.152	0.152	
0.079	0.079	0.079	0.079	0.079	0.079	0.079	0.079	0.079	0.079	0.079	0.079	0.079	0.079	0.116	0.152	0.152	0.152	0.152	0.152	0.152	0.152	0.152	0.152	0.152	0.152	0.152	0.152	
0.079	0.079	0.079	0.079	0.079	0.079	0.079	0.079	0.079	0.079	0.079	0.079	0.079	0.079	0.116	0.152	0.152	0.152	0.152	0.152	0.152	0.152	0.152	0.152	0.152	0.152	0.152	0.152	
0.079	0.079	0.079	0.079	0.079	0.079	0.079	0.079	0.079	0.079	0.079	0.079	0.079	0.079	0.116	0.152	0.152	0.152	0.152	0.152	0.152	0.152	0.152	0.152	0.152	0.152	0.152	0.152	
0.079	0.079	0.079	0.079	0.079	0.079	0.079	0.079	0.079	0.079	0.079	0.079	0.079	0.079	0.116	0.152	0.152	0.152	0.152	0.152	0.152	0.152	0.152	0.152	0.152	0.152	0.152	0.152	
0.079	0.079	0.079	0.079	0.079	0.079	0.079	0.079	0.079	0.079	0.079	0.079	0.079	0.079	0.116	0.152	0.152	0.152	0.152	0.152	0.152	0.152	0.152	0.152	0.152	0.152	0.152	0.152	
0.079	0.079	0.079	0.079	0.079	0.079	0.079	0.079	0.079	0.079	0.079	0.079	0.079	0.079	0.116	0.152	0.152	0.152	0.152	0.152	0.152	0.152	0.152	0.152	0.152	0.152	0.152	0.152	
0.079	0.079	0.079	0.079	0.079	0.079	0.079	0.079	0.079	0.079	0.079	0.079	0.079	0.079	0.116	0.152	0.152	0.152	0.152	0.152	0.152	0.152	0.152	0.152	0.152	0.152	0.152	0.152	
0.079	0.079	0.079	0.079	0.079	0.079	0.079	0.079	0.079	0.079	0.079	0.079	0.079	0.079	0.116	0.152	0.152	0.152	0.152	0.152	0.152	0.152	0.152	0.152	0.152	0.152	0.152	0.152	
0.079	0.079	0.079	0.079	0.079	0.079	0.079	0.079	0.079	0.079	0.079	0.079	0.079	0.079	0.116	0.152	0.152	0.152	0.152	0.152	0.152	0.152	0.152	0.152	0.152	0.152	0.152	0.152	
0.079	0.079	0.079	0.079	0.079	0.079	0.079	0.079	0.079	0.079	0.079	0.079	0.079	0.079	0.116	0.152	0.152	0.152	0.152	0.152	0.152	0.152	0.152	0.152	0.152	0.152	0.152	0.152	
0.079	0.079	0.079	0.079	0.079	0.079	0.079	0.079	0.079	0.079	0.079	0.079	0.079	0.079	0.116	0.152	0.152	0.152	0.152	0.152	0.152	0.152	0.152	0.152	0.152	0.152	0.152	0.152	
0.079	0.079	0.079	0.079	0.079	0.079	0.079	0.079	0.079	0.079	0.079	0.079	0.079	0.079	0.116	0.152	0.152	0.152	0.152	0.152	0.152	0.152	0.152	0.152	0.152	0.152	0.152	0.152	
0.079	0.079	0.079	0.079	0.079	0.079	0.079	0.079	0.079	0.079	0.079	0.079	0.079	0.079	0.116	0.152	0.152	0.152	0.152	0.152	0.152	0.152	0.152	0.152	0.152	0.152	0.152	0.152	
0.079	0.079	0.079	0.079	0.079	0.079	0.079	0.079	0.079	0.079	0.079	0.079	0.079	0.079	0.116	0.152	0.152	0.152	0.152	0.152	0.152	0.152	0.152	0.152	0.152	0.152	0.152	0.152	
0.079	0.079	0.079	0.079	0.079	0.079	0.079	0.079	0.079	0.079	0.079	0.079	0.079	0.079	0.116	0.152	0.152	0.152	0.152	0.152	0.152	0.152	0.152	0.152	0.152	0.152	0.152	0.152	
0.079	0.079	0.079	0.079	0.079	0.079	0.079	0.079	0.079	0.079	0.079	0.079	0.079	0.079	0.116	0.152	0.152	0.152	0.152	0.152	0.152	0.152	0.152	0.152	0.152	0.152	0.152	0.152	
0.079	0.079	0.079	0.079	0.079	0.079	0.079	0.079	0.079	0.079	0.079	0.079	0.079	0.079	0.116	0.152	0.152	0.152	0.152	0.152	0.152	0.152	0.152	0.152	0.152	0.152	0.152	0.152	
0.079	0.079	0.079	0.079	0.079	0.079	0.079	0.079	0.079	0.079	0.079	0.079	0.079	0.079	0.116	0.152	0.152	0.152	0.152	0.152	0.152	0.152	0.152	0.152	0.152	0.152	0.152	0.152	
0.079	0.079	0.079	0.079	0.079	0.079	0.079	0.079	0.079	0.079	0.079	0.079	0.079	0.079	0.116	0.152	0.152	0.152	0.152	0.152	0.152	0.152	0.152	0.152	0.152	0.152	0.152	0.114	
0.079	0.079	0.079	0.079	0.079	0.079	0.079	0.079	0.079	0.079	0.079	0.079	0.079	0.079	0.116	0.152	0.152	0.152	0.152	0.152	0.152	0.152	0.152	0.152	0.152	0.152	0.152	0.114	
0.079	0.079	0.079	0.079	0.079	0.079	0.079	0.079	0.079	0.079	0.079	0.079	0.079	0.079	0.116	0.152	0.152	0.152	0.152	0.152	0.152	0.152	0.152	0.152	0.152	0.152	0.114	0.114	
0.079	0.079	0.079	0.079	0.079	0.079	0.079	0.079	0.079	0.079	0.079	0.079	0.079	0.079	0.116	0.152	0.152	0.152	0.152	0.152	0.152	0.152	0.152	0.152	0.152	0.152	0.114	0.075	
0.079	0.079	0.079	0.079	0.079	0.079	0.079	0.079	0.079	0.079	0.079	0.079	0.079	0.079	0.116	0.152	0.152	0.152	0.152	0.152	0.152	0.152	0.152	0.152	0.152	0.114	0.114	0.075	
0.079	0.079	0.079	0.079	0.079	0.079	0.079	0.079	0.079	0.079	0.079	0.079	0.079	0.079	0.116	0.152	0.152	0.152	0.152	0.152	0.152	0.152	0.152	0.152	0.152	0.114	0.075	0.075	
0.052	0.079	0.079	0.079	0.079	0.079	0.079	0.079	0.079	0.079	0.079	0.079	0.079	0.079	0.116	0.152	0.152	0.152	0.152	0.152	0.152	0.152	0.152	0.152	0.114	0.114	0.075	0.075	
0.052	0.079	0.079	0.079	0.079	0.079	0.079	0.079	0.079	0.079	0.079	0.079	0.079	0.079	0.116	0.152	0.152	0.152	0.152	0.152	0.152	0.152	0.152	0.152	0.114	0.075	0.075	0.075	
0.052	0.052	0.079	0.079	0.079	0.079	0.079	0.079	0.079	0.079	0.079	0.079	0.079	0.079	0.116	0.152	0.152	0.152	0.152	0.152	0.152	0.152	0.152	0.152	0.114	0.075	0.075	0.075	
0.025	0.052	0.052	0.079	0.079	0.079	0.079	0.079	0.079	0.079	0.079	0.079	0.079	0.079	0.116	0.152	0.152	0.152	0.152	0.152	0.152	0.152	0.152	0.114	0.114	0.075	0.075	0.075	
0.025	0.025	0.052	0.079	0.079	0.079	0.079	0.079	0.079	0.079	0.079	0.079	0.079	0.116	0.116	0.152	0.152	0.152	0.152	0.152	0.152	0.152	0.152	0.114	0.075	0.075	0.075	0.075	
0.025	0.025	0.052	0.052	0.079	0.079	0.079	0.079	0.079	0.079	0.079	0.079	0.079	0.116	0.152	0.152	0.152	0.152	0.152	0.152	0.152	0.152	0.114	0.114	0.075	0.075	0.075	0.075	
0.025	0.025	0.025	0.052	0.052	0.079	0.079	0.079	0.079	0.079	0.079	0.079	0.079	0.142	0.174	0.152	0.152	0.152	0.152	0.152	0.152	0.152	0.114	0.075	0.075	0.075	0.075	0.075	
0.025	0.025	0.025	0.025	0.052	0.079	0.079	0.079	0.079	0.079	0.079	0.079	0.079	0.137	0.174	0.152	0.152	0.152	0.152	0.152	0.152	0.114	0.114	0.075	0.075	0.075	0.075	0.075	
0.025	0.025	0.025	0.025	0.052	0.052	0.079	0.079	0.079	0.079	0.079	0.079	0.079	0.121	0.174	0.152	0.152	0.152	0.152	0.152	0.152	0.114	0.075	0.075	0.075	0.075	0.075	0.075	
0.025	0.025	0.025	0.025	0.025	0.052	0.052	0.079	0.079	0.079	0.079	0.079	0.085	0.121	0.174	0.174	0.152	0.152	0.152	0.152	0.114	0.114	0.075	0.075	0.075	0.075	0.075	0.075	
0.013	0.025	0.025	0.025	0.025	0.025	0.052	0.079	0.079	0.079	0.079	0.079	0.085	0.143	0.195	0.174	0.152	0.152	0.152	0.152	0.114	0.075	0.075	0.075	0.075	0.075	0.075	0.075	
0.013	0.013	0.025	0.025	0.025	0.025	0.052	0.052	0.079	0.079	0.079	0.085	0.085	0.143	0.195	0.174	0.152	0.152	0.152	0.152	0.114	0.075	0.075	0.075	0.075	0.075	0.075	0.075	
0.000	0.013	0.013	0.025	0.025	0.025	0.025	0.052	0.052	0.079	0.079	0.085	0.090	0.143	0.195	0.174	0.174	0.152	0.152	0.114	0.114	0.075	0.075	0.075	0.075	0.075	0.075	0.075	
0.000	0.000	0.013	0.013	0.013	0.025	0.025	0.025	0.051	0.065	0.079	0.085	0.090	0.143	0.195	0.195	0.174	0.152	0.126	0.109	0.075	0.075	0.075	0.075	0.075	0.075	0.075	0.075	
0.000	0.000	0.000	0.000	0.013	0.013	0.025	0.025	0.038	0.065	0.073	0.083	0.101	0.138	0.161	0.143	0.146	0.114	0.126	0.088	0.075	0.075	0.075	0.075	0.075	0.075	0.075	0.075	
0.000	0.000	0.000	0.000	0.000	0.013	0.013	0.025	0.033	0.050	0.081	0.081	0.101	0.110	0.138	0.138	0.090	0.095	0.100	0.083	0.075	0.075	0.075	0.075	0.075	0.075	0.075	0.062	
0.000	0.000	0.000	0.000	0.000	0.000	0.017	0.025	0.037	0.033	0.062	0.068	0.112	0.120	0.127	0.096	0.085	0.090	0.085	0.087	0.075	0.075	0.075	0.075	0.075	0.062	0.062	0.062	
0.000	0.000	0.000	0.000	0.000	0.000	0.008	0.012	0.025	0.017	0.025	0.054	0.155	0.199	0.228	0.096	0.066	0.079	0.060	0.050	0.062	0.067	0.075	0.062	0.062	0.062	0.050	0.050	
0.000	0.000	0.000	0.000	0.000	0.000	0.000	0.012	0.008	0.017	0.017	0.025	0.255	0.485	0.278	0.048	0.058	0.043	0.052	0.050	0.050	0.050	0.058	0.062	0.050	0.050	0.050	0.050	
0.000	0.000	0.000	0.000	0.000	0.000	0.000	0.000	0.000	0.000	0.013	0.025	0.255	0.485	0.278	0.048	0.025	0.025	0.025	0.025	0.038	0.050	0.050	0.050	0.050	0.050	0.050	0.050	
0.000	0.000	0.000	0.000	0.000	0.000	0.000	0.000	0.000	0.000	0.000	0.000	0.255	0.743	0.395	0.365	0.000	0.025	0.025	0.000	0.000	0.000	0.000	0.000	0.000	0.000	0.000	0.000	
0.000	0.000	0.000	0.000	0.000	0.000	0.000	0.000	0.000	0.000	0.000	0.000	0.743	0.743	1.000	1.000	0.000	0.000	0.000	0.000	0.000	0.000	0.000	0.000	0.000	0.000	0.000	0.000	
0.000	0.000	0.000	0.000	0.000	0.000	0.000	0.000	0.000	0.000	0.000	0.000	1.000	1.000	1.000	1.000	0.000	0.000	0.000	0.000	0.000	0.000	0.000	0.000	0.000	0.000	0.000	0.000	
0.000	0.000	0.000	0.000	0.000	0.000	0.000	0.000	0.000	0.000	0.000	0.000	1.000	1.000	1.000	1.000	0.000	0.000	0.000	0.000	0.000	0.000	0.000	0.000	0.000	0.000	0.000	0.000	
0.000	0.000	0.000	0.000	0.000	0.000	0.000	0.000	0.000	0.000	0.000	0.000	1.000	1.000	1.000	1.000	0.000	0.000	0.000	0.000	0.000	0.000	0.000	0.000	0.000	0.000	0.000	0.000	
