0.035	0.035	0.035	0.035	0.035	0.035	0.035	0.035	0.035	0.035	0.035	0.035	0.035	0.035	0.035	0.035	0.046	0.056	0.056	0.095	0.135	0.135	0.135	0.135	0.135	0.135	0.135	0.135	
0.035	0.035	0.035	0.035	0.035	0.035	0.035	0.035	0.035	0.035	0.035	0.035	0.035	0.035	0.035	0.035	0.046	0.056	0.056	0.095	0.135	0.135	0.135	0.135	0.135	0.135	0.135	0.135	
0.035	0.035	0.035	0.035	0.035	0.035	0.035	0.035	0.035	0.035	0.035	0.035	0.035	0.035	0.035	0.035	0.046	0.056	0.056	0.095	0.135	0.135	0.135	0.135	0.135	0.135	0.135	0.135	
0.035	0.035	0.035	0.035	0.035	0.035	0.035	0.035	0.035	0.035	0.035	0.035	0.035	0.035	0.035	0.035	0.046	0.056	0.056	0.095	0.135	0.135	0.135	0.135	0.135	0.135	0.135	0.135	
0.035	0.035	0.035	0.035	0.035	0.035	0.035	0.035	0.035	0.035	0.035	0.035	0.035	0.035	0.035	0.035	0.046	0.056	0.056	0.095	0.135	0.135	0.135	0.135	0.135	0.135	0.135	0.135	
0.035	0.035	0.035	0.035	0.035	0.035	0.035	0.035	0.035	0.035	0.035	0.035	0.035	0.035	0.035	0.035	0.046	0.056	0.095	0.095	0.135	0.135	0.135	0.135	0.135	0.135	0.135	0.135	
0.035	0.035	0.035	0.035	0.035	0.035	0.035	0.035	0.035	0.035	0.035	0.035	0.035	0.035	0.035	0.035	0.046	0.056	0.095	0.135	0.135	0.135	0.135	0.135	0.135	0.135	0.135	0.135	
0.035	0.035	0.035	0.035	0.035	0.035	0.035	0.035	0.035	0.035	0.035	0.035	0.035	0.035	0.035	0.046	0.046	0.056	0.095	0.135	0.135	0.135	0.135	0.135	0.135	0.135	0.135	0.135	
0.035	0.035	0.035	0.035	0.035	0.035	0.035	0.035	0.035	0.035	0.035	0.035	0.035	0.035	0.035	0.046	0.056	0.056	0.095	0.135	0.135	0.135	0.135	0.135	0.135	0.135	0.135	0.135	
0.035	0.035	0.035	0.035	0.035	0.035	0.035	0.035	0.035	0.035	0.035	0.035	0.035	0.035	0.035	0.046	0.056	0.056	0.095	0.135	0.135	0.135	0.135	0.135	0.135	0.135	0.135	0.135	
0.035	0.035	0.035	0.035	0.035	0.035	0.035	0.035	0.035	0.035	0.035	0.035	0.035	0.035	0.035	0.046	0.056	0.056	0.095	0.135	0.135	0.135	0.135	0.135	0.135	0.135	0.135	0.135	
0.035	0.035	0.035	0.035	0.035	0.035	0.035	0.035	0.035	0.035	0.035	0.035	0.035	0.035	0.035	0.046	0.056	0.056	0.095	0.135	0.135	0.135	0.135	0.135	0.135	0.135	0.135	0.135	
0.035	0.035	0.035	0.035	0.035	0.035	0.035	0.035	0.035	0.035	0.035	0.035	0.035	0.035	0.035	0.046	0.056	0.056	0.095	0.135	0.135	0.135	0.135	0.135	0.135	0.135	0.135	0.135	
0.035	0.035	0.035	0.035	0.035	0.035	0.035	0.035	0.035	0.035	0.035	0.035	0.035	0.035	0.035	0.046	0.056	0.056	0.095	0.135	0.135	0.135	0.135	0.135	0.135	0.135	0.135	0.135	
0.035	0.035	0.035	0.035	0.035	0.035	0.035	0.035	0.035	0.035	0.035	0.035	0.035	0.035	0.035	0.046	0.056	0.056	0.095	0.135	0.135	0.135	0.135	0.135	0.135	0.135	0.135	0.135	
0.035	0.035	0.035	0.035	0.035	0.035	0.035	0.035	0.035	0.035	0.035	0.035	0.035	0.035	0.046	0.046	0.056	0.056	0.095	0.135	0.135	0.135	0.135	0.135	0.135	0.135	0.135	0.135	
0.035	0.035	0.035	0.035	0.035	0.035	0.035	0.035	0.035	0.035	0.035	0.035	0.035	0.035	0.046	0.056	0.056	0.095	0.095	0.135	0.135	0.135	0.135	0.135	0.135	0.135	0.135	0.135	
0.035	0.035	0.035	0.035	0.035	0.035	0.035	0.035	0.035	0.035	0.035	0.035	0.035	0.035	0.046	0.056	0.056	0.095	0.135	0.135	0.135	0.135	0.135	0.135	0.135	0.135	0.135	0.135	
0.035	0.035	0.035	0.035	0.035	0.035	0.035	0.035	0.035	0.035	0.035	0.035	0.035	0.035	0.046	0.056	0.056	0.095	0.135	0.135	0.135	0.135	0.135	0.135	0.135	0.135	0.135	0.135	
0.035	0.035	0.035	0.035	0.035	0.035	0.035	0.035	0.035	0.035	0.035	0.035	0.035	0.035	0.046	0.056	0.056	0.095	0.135	0.135	0.135	0.135	0.135	0.135	0.135	0.135	0.135	0.135	
0.035	0.035	0.035	0.035	0.035	0.035	0.035	0.035	0.035	0.035	0.035	0.035	0.035	0.035	0.046	0.056	0.056	0.095	0.135	0.135	0.135	0.135	0.135	0.135	0.135	0.135	0.135	0.135	
0.035	0.035	0.035	0.035	0.035	0.035	0.035	0.035	0.035	0.035	0.035	0.035	0.035	0.035	0.046	0.056	0.056	0.095	0.135	0.135	0.135	0.135	0.135	0.135	0.135	0.135	0.135	0.135	
0.035	0.035	0.035	0.035	0.035	0.035	0.035	0.035	0.035	0.035	0.035	0.035	0.035	0.035	0.046	0.056	0.056	0.095	0.135	0.135	0.135	0.135	0.135	0.135	0.135	0.135	0.135	0.135	
0.035	0.035	0.035	0.035	0.035	0.035	0.035	0.035	0.035	0.035	0.035	0.035	0.035	0.046	0.046	0.056	0.056	0.095	0.135	0.135	0.135	0.135	0.135	0.135	0.135	0.135	0.135	0.135	
0.035	0.035	0.035	0.035	0.035	0.035	0.035	0.035	0.035	0.035	0.035	0.035	0.035	0.046	0.056	0.056	0.056	0.095	0.135	0.135	0.135	0.135	0.135	0.135	0.135	0.135	0.135	0.135	
0.035	0.035	0.035	0.035	0.035	0.035	0.035	0.035	0.035	0.035	0.035	0.035	0.035	0.046	0.056	0.056	0.056	0.095	0.135	0.135	0.135	0.135	0.135	0.135	0.135	0.135	0.135	0.135	
0.035	0.035	0.035	0.035	0.035	0.035	0.035	0.035	0.035	0.035	0.035	0.035	0.035	0.046	0.056	0.056	0.095	0.095	0.135	0.135	0.135	0.135	0.135	0.135	0.135	0.135	0.135	0.135	
0.035	0.035	0.035	0.035	0.035	0.035	0.035	0.035	0.035	0.035	0.035	0.035	0.035	0.046	0.056	0.056	0.095	0.135	0.135	0.135	0.135	0.135	0.135	0.135	0.135	0.135	0.135	0.067	
0.035	0.035	0.035	0.035	0.035	0.035	0.035	0.035	0.035	0.035	0.035	0.035	0.035	0.046	0.056	0.056	0.095	0.135	0.135	0.135	0.135	0.135	0.135	0.135	0.135	0.135	0.067	0.067	
0.035	0.035	0.035	0.035	0.035	0.035	0.035	0.035	0.035	0.035	0.035	0.035	0.035	0.046	0.056	0.056	0.095	0.135	0.135	0.135	0.135	0.135	0.135	0.135	0.135	0.135	0.067	0.000	
0.035	0.035	0.035	0.035	0.035	0.035	0.035	0.035	0.035	0.035	0.035	0.035	0.035	0.046	0.056	0.056	0.095	0.135	0.135	0.135	0.135	0.135	0.135	0.135	0.135	0.067	0.067	0.000	
0.046	0.035	0.035	0.035	0.035	0.035	0.035	0.035	0.035	0.035	0.035	0.035	0.046	0.046	0.056	0.056	0.095	0.135	0.135	0.135	0.135	0.135	0.135	0.135	0.135	0.067	0.000	0.000	
0.054	0.046	0.035	0.035	0.035	0.035	0.035	0.035	0.035	0.035	0.035	0.035	0.046	0.056	0.056	0.056	0.095	0.135	0.135	0.135	0.135	0.135	0.135	0.135	0.067	0.067	0.000	0.000	
0.063	0.054	0.046	0.035	0.035	0.035	0.035	0.035	0.035	0.035	0.035	0.035	0.046	0.056	0.056	0.056	0.095	0.135	0.135	0.135	0.135	0.135	0.135	0.135	0.067	0.000	0.000	0.000	
0.071	0.063	0.046	0.046	0.035	0.035	0.035	0.035	0.035	0.035	0.035	0.035	0.046	0.056	0.056	0.056	0.095	0.135	0.135	0.135	0.135	0.135	0.135	0.067	0.067	0.000	0.000	0.000	
0.071	0.063	0.063	0.046	0.046	0.035	0.035	0.035	0.035	0.035	0.035	0.035	0.046	0.056	0.056	0.056	0.095	0.135	0.135	0.135	0.135	0.135	0.067	0.067	0.000	0.000	0.000	0.000	
0.071	0.071	0.063	0.056	0.046	0.035	0.035	0.035	0.035	0.035	0.035	0.035	0.046	0.056	0.056	0.056	0.095	0.135	0.135	0.135	0.135	0.135	0.067	0.000	0.000	0.000	0.000	0.000	
0.071	0.071	0.063	0.063	0.046	0.046	0.035	0.035	0.035	0.035	0.035	0.035	0.046	0.056	0.056	0.095	0.095	0.135	0.135	0.135	0.135	0.067	0.067	0.000	0.000	0.000	0.000	0.018	
0.071	0.071	0.071	0.063	0.063	0.046	0.046	0.035	0.035	0.035	0.035	0.035	0.046	0.056	0.056	0.106	0.131	0.135	0.135	0.135	0.135	0.067	0.000	0.000	0.000	0.000	0.018	0.018	
0.071	0.071	0.071	0.071	0.063	0.056	0.046	0.046	0.035	0.035	0.035	0.046	0.046	0.056	0.056	0.092	0.131	0.135	0.135	0.135	0.067	0.067	0.000	0.000	0.000	0.018	0.018	0.035	
0.071	0.071	0.071	0.071	0.063	0.063	0.056	0.046	0.046	0.035	0.035	0.046	0.056	0.056	0.092	0.092	0.131	0.135	0.135	0.135	0.067	0.000	0.000	0.000	0.018	0.018	0.035	0.035	
0.071	0.071	0.071	0.071	0.071	0.063	0.056	0.056	0.046	0.046	0.035	0.046	0.056	0.056	0.092	0.127	0.131	0.135	0.135	0.067	0.067	0.000	0.000	0.018	0.018	0.035	0.035	0.035	
0.075	0.075	0.071	0.071	0.071	0.063	0.063	0.056	0.056	0.047	0.043	0.047	0.059	0.063	0.085	0.127	0.131	0.135	0.067	0.067	0.000	0.000	0.018	0.018	0.035	0.035	0.035	0.035	
0.079	0.075	0.075	0.071	0.071	0.071	0.063	0.063	0.056	0.053	0.050	0.050	0.060	0.071	0.103	0.120	0.127	0.132	0.090	0.000	0.000	0.018	0.018	0.035	0.035	0.035	0.035	0.035	
0.079	0.079	0.075	0.075	0.071	0.071	0.087	0.077	0.079	0.075	0.070	0.077	0.070	0.071	0.091	0.112	0.123	0.135	0.053	0.053	0.020	0.018	0.035	0.035	0.035	0.035	0.035	0.035	
0.079	0.079	0.079	0.075	0.075	0.069	0.077	0.079	0.103	0.097	0.090	0.077	0.080	0.139	0.146	0.183	0.112	0.112	0.080	0.025	0.030	0.035	0.035	0.035	0.035	0.035	0.035	0.030	
0.067	0.067	0.079	0.079	0.079	0.069	0.056	0.070	0.077	0.081	0.077	0.090	0.090	0.173	0.255	0.152	0.101	0.092	0.070	0.049	0.044	0.053	0.047	0.035	0.035	0.030	0.030	0.030	
0.056	0.067	0.067	0.067	0.065	0.062	0.056	0.060	0.062	0.050	0.073	0.090	0.157	0.350	0.509	0.369	0.090	0.070	0.050	0.055	0.071	0.048	0.044	0.035	0.030	0.030	0.025	0.025	
0.056	0.056	0.056	0.067	0.062	0.053	0.060	0.065	0.062	0.068	0.073	0.154	0.191	0.527	0.763	0.318	0.095	0.080	0.075	0.065	0.057	0.048	0.030	0.028	0.030	0.025	0.025	0.025	
0.056	0.056	0.056	0.056	0.053	0.050	0.062	0.075	0.075	0.077	0.079	0.185	0.292	0.527	0.763	0.432	0.100	0.100	0.087	0.075	0.050	0.025	0.025	0.025	0.025	0.025	0.025	0.025	
0.000	0.000	0.000	0.000	0.000	0.000	0.075	0.075	0.075	0.075	0.079	0.079	0.643	0.683	0.879	0.620	0.000	0.000	0.000	0.000	0.025	0.025	0.025	0.000	0.000	0.000	0.000	0.000	
0.000	0.000	0.000	0.000	0.000	0.000	0.000	0.000	0.000	0.000	0.000	0.000	0.995	0.995	0.995	0.995	0.000	0.000	0.000	0.000	0.000	0.000	0.000	0.000	0.000	0.000	0.000	0.000	
0.000	0.000	0.000	0.000	0.000	0.000	0.000	0.000	0.000	0.000	0.000	0.000	0.995	0.995	0.995	0.995	0.000	0.000	0.000	0.000	0.000	0.000	0.000	0.000	0.000	0.000	0.000	0.000	
0.000	0.000	0.000	0.000	0.000	0.000	0.000	0.000	0.000	0.000	0.000	0.000	0.995	0.995	0.995	0.995	0.000	0.000	0.000	0.000	0.000	0.000	0.000	0.000	0.000	0.000	0.000	0.000	
0.000	0.000	0.000	0.000	0.000	0.000	0.000	0.000	0.000	0.000	0.000	0.000	0.995	0.995	0.995	0.995	0.000	0.000	0.000	0.000	0.000	0.000	0.000	0.000	0.000	0.000	0.000	0.000	
