0.177	0.177	0.177	0.177	0.177	0.177	0.200	0.224	0.224	0.224	0.224	0.224	0.224	0.224	0.224	0.199	0.175	0.175	0.175	0.175	0.175	0.175	0.175	0.175	0.175	0.175	0.175	0.175	
0.177	0.177	0.177	0.177	0.177	0.177	0.200	0.224	0.224	0.224	0.224	0.224	0.224	0.224	0.224	0.199	0.175	0.175	0.175	0.175	0.175	0.175	0.175	0.175	0.175	0.175	0.175	0.175	
0.177	0.177	0.177	0.177	0.177	0.177	0.200	0.224	0.224	0.224	0.224	0.224	0.224	0.224	0.224	0.199	0.175	0.175	0.175	0.175	0.175	0.175	0.175	0.175	0.175	0.175	0.175	0.175	
0.177	0.177	0.177	0.177	0.177	0.177	0.200	0.224	0.224	0.224	0.224	0.224	0.224	0.224	0.224	0.199	0.175	0.175	0.175	0.175	0.175	0.175	0.175	0.175	0.175	0.175	0.175	0.175	
0.177	0.177	0.177	0.177	0.177	0.177	0.200	0.224	0.224	0.224	0.224	0.224	0.224	0.224	0.224	0.199	0.175	0.175	0.175	0.175	0.175	0.175	0.175	0.175	0.175	0.175	0.175	0.175	
0.177	0.177	0.177	0.177	0.177	0.177	0.200	0.224	0.224	0.224	0.224	0.224	0.224	0.224	0.224	0.199	0.175	0.175	0.175	0.175	0.175	0.175	0.175	0.175	0.175	0.175	0.175	0.175	
0.177	0.177	0.177	0.177	0.177	0.177	0.200	0.200	0.224	0.224	0.224	0.224	0.224	0.224	0.224	0.199	0.175	0.175	0.175	0.175	0.175	0.175	0.175	0.175	0.175	0.175	0.175	0.175	
0.177	0.177	0.177	0.177	0.177	0.177	0.177	0.200	0.224	0.224	0.224	0.224	0.224	0.224	0.224	0.199	0.175	0.175	0.175	0.175	0.175	0.175	0.175	0.175	0.175	0.175	0.175	0.175	
0.177	0.177	0.177	0.177	0.177	0.177	0.177	0.200	0.224	0.224	0.224	0.224	0.224	0.224	0.224	0.199	0.175	0.175	0.175	0.175	0.175	0.175	0.175	0.175	0.175	0.175	0.175	0.175	
0.177	0.177	0.177	0.177	0.177	0.177	0.177	0.200	0.224	0.224	0.224	0.224	0.224	0.224	0.224	0.199	0.175	0.175	0.175	0.175	0.175	0.175	0.175	0.175	0.175	0.175	0.175	0.175	
0.177	0.177	0.177	0.177	0.177	0.177	0.177	0.200	0.224	0.224	0.224	0.224	0.224	0.224	0.224	0.199	0.175	0.175	0.175	0.175	0.175	0.175	0.175	0.175	0.175	0.175	0.175	0.175	
0.177	0.177	0.177	0.177	0.177	0.177	0.177	0.200	0.224	0.224	0.224	0.224	0.224	0.224	0.224	0.199	0.175	0.175	0.175	0.175	0.175	0.175	0.175	0.175	0.175	0.175	0.175	0.175	
0.177	0.177	0.177	0.177	0.177	0.177	0.177	0.200	0.224	0.224	0.224	0.224	0.224	0.224	0.224	0.199	0.175	0.175	0.175	0.175	0.175	0.175	0.175	0.175	0.175	0.175	0.175	0.175	
0.177	0.177	0.177	0.177	0.177	0.177	0.177	0.200	0.224	0.224	0.224	0.224	0.224	0.224	0.224	0.199	0.175	0.175	0.175	0.175	0.175	0.175	0.175	0.175	0.175	0.175	0.175	0.175	
0.177	0.177	0.177	0.177	0.177	0.177	0.177	0.200	0.200	0.224	0.224	0.224	0.224	0.224	0.224	0.199	0.175	0.175	0.175	0.175	0.175	0.175	0.175	0.175	0.175	0.175	0.175	0.175	
0.177	0.177	0.177	0.177	0.177	0.177	0.177	0.177	0.200	0.224	0.224	0.224	0.224	0.224	0.224	0.199	0.175	0.175	0.175	0.175	0.175	0.175	0.175	0.175	0.175	0.175	0.175	0.175	
0.177	0.177	0.177	0.177	0.177	0.177	0.177	0.177	0.200	0.224	0.224	0.224	0.224	0.224	0.224	0.199	0.175	0.175	0.175	0.175	0.175	0.175	0.175	0.175	0.175	0.175	0.175	0.175	
0.177	0.177	0.177	0.177	0.177	0.177	0.177	0.177	0.200	0.224	0.224	0.224	0.224	0.224	0.224	0.199	0.175	0.175	0.175	0.175	0.175	0.175	0.175	0.175	0.175	0.175	0.175	0.175	
0.177	0.177	0.177	0.177	0.177	0.177	0.177	0.177	0.200	0.224	0.224	0.224	0.224	0.224	0.224	0.199	0.175	0.175	0.175	0.175	0.175	0.175	0.175	0.175	0.175	0.175	0.175	0.175	
0.177	0.177	0.177	0.177	0.177	0.177	0.177	0.177	0.200	0.224	0.224	0.224	0.224	0.224	0.224	0.199	0.175	0.175	0.175	0.175	0.175	0.175	0.175	0.175	0.175	0.175	0.175	0.175	
0.177	0.177	0.177	0.177	0.177	0.177	0.177	0.177	0.200	0.224	0.224	0.224	0.224	0.224	0.224	0.199	0.175	0.175	0.175	0.175	0.175	0.175	0.175	0.175	0.175	0.175	0.175	0.175	
0.177	0.177	0.177	0.177	0.177	0.177	0.177	0.177	0.200	0.224	0.224	0.224	0.224	0.224	0.224	0.199	0.175	0.175	0.175	0.175	0.175	0.175	0.175	0.175	0.175	0.175	0.175	0.175	
0.177	0.177	0.177	0.177	0.177	0.177	0.177	0.177	0.200	0.200	0.224	0.224	0.224	0.224	0.224	0.199	0.175	0.175	0.175	0.175	0.175	0.175	0.175	0.175	0.175	0.175	0.175	0.175	
0.177	0.177	0.177	0.177	0.177	0.177	0.177	0.177	0.177	0.200	0.224	0.224	0.224	0.224	0.224	0.199	0.175	0.175	0.175	0.175	0.175	0.175	0.175	0.175	0.175	0.175	0.175	0.175	
0.177	0.177	0.177	0.177	0.177	0.177	0.177	0.177	0.177	0.200	0.224	0.224	0.224	0.224	0.224	0.199	0.175	0.175	0.175	0.175	0.175	0.175	0.175	0.175	0.175	0.175	0.175	0.175	
0.177	0.177	0.177	0.177	0.177	0.177	0.177	0.177	0.177	0.200	0.224	0.224	0.224	0.224	0.224	0.199	0.175	0.175	0.175	0.175	0.175	0.175	0.175	0.175	0.175	0.175	0.175	0.175	
0.177	0.177	0.177	0.177	0.177	0.177	0.177	0.177	0.177	0.200	0.224	0.224	0.224	0.224	0.224	0.199	0.175	0.175	0.175	0.175	0.175	0.175	0.175	0.175	0.175	0.175	0.175	0.175	
0.177	0.177	0.177	0.177	0.177	0.177	0.177	0.177	0.177	0.200	0.224	0.224	0.224	0.224	0.224	0.199	0.175	0.175	0.175	0.175	0.175	0.175	0.175	0.175	0.175	0.175	0.175	0.175	
0.177	0.177	0.177	0.177	0.177	0.177	0.177	0.177	0.177	0.200	0.224	0.224	0.224	0.224	0.224	0.199	0.175	0.175	0.175	0.175	0.175	0.175	0.175	0.175	0.175	0.175	0.175	0.175	
0.177	0.177	0.177	0.177	0.177	0.177	0.177	0.177	0.177	0.200	0.224	0.224	0.224	0.224	0.224	0.199	0.175	0.175	0.175	0.175	0.175	0.175	0.175	0.175	0.175	0.175	0.175	0.175	
0.177	0.177	0.177	0.177	0.177	0.177	0.177	0.177	0.177	0.200	0.200	0.224	0.224	0.224	0.224	0.199	0.175	0.175	0.175	0.175	0.175	0.175	0.175	0.175	0.175	0.175	0.175	0.175	
0.177	0.177	0.177	0.177	0.177	0.177	0.177	0.177	0.177	0.177	0.200	0.224	0.224	0.224	0.224	0.199	0.175	0.175	0.175	0.175	0.175	0.175	0.175	0.175	0.175	0.175	0.175	0.175	
0.177	0.177	0.177	0.177	0.177	0.177	0.177	0.177	0.177	0.177	0.200	0.224	0.224	0.224	0.224	0.199	0.175	0.175	0.175	0.175	0.175	0.175	0.175	0.175	0.175	0.175	0.175	0.175	
0.177	0.177	0.177	0.177	0.177	0.177	0.177	0.177	0.177	0.177	0.200	0.224	0.224	0.224	0.224	0.199	0.175	0.175	0.175	0.175	0.175	0.175	0.175	0.175	0.175	0.175	0.175	0.175	
0.177	0.177	0.177	0.177	0.177	0.177	0.177	0.177	0.177	0.177	0.200	0.224	0.224	0.224	0.224	0.199	0.175	0.175	0.175	0.175	0.175	0.175	0.175	0.175	0.175	0.175	0.175	0.175	
0.177	0.177	0.177	0.177	0.177	0.177	0.177	0.177	0.177	0.177	0.200	0.224	0.224	0.224	0.224	0.199	0.175	0.175	0.175	0.175	0.175	0.175	0.175	0.175	0.175	0.175	0.175	0.175	
0.177	0.177	0.177	0.177	0.177	0.177	0.177	0.177	0.177	0.177	0.200	0.224	0.224	0.224	0.224	0.199	0.175	0.175	0.175	0.175	0.175	0.175	0.175	0.175	0.175	0.175	0.175	0.175	
0.177	0.177	0.177	0.177	0.177	0.177	0.177	0.177	0.177	0.177	0.200	0.224	0.224	0.224	0.224	0.199	0.175	0.175	0.175	0.175	0.175	0.175	0.175	0.175	0.175	0.175	0.175	0.113	
0.177	0.177	0.177	0.177	0.177	0.177	0.177	0.177	0.177	0.177	0.200	0.200	0.224	0.224	0.224	0.199	0.175	0.175	0.175	0.175	0.175	0.175	0.175	0.175	0.175	0.175	0.113	0.113	
0.177	0.177	0.177	0.177	0.177	0.177	0.177	0.177	0.177	0.177	0.177	0.200	0.224	0.224	0.224	0.199	0.175	0.175	0.175	0.175	0.175	0.175	0.175	0.175	0.175	0.113	0.113	0.050	
0.151	0.177	0.177	0.177	0.177	0.177	0.177	0.177	0.177	0.177	0.177	0.200	0.224	0.224	0.224	0.199	0.175	0.175	0.175	0.175	0.175	0.175	0.175	0.175	0.113	0.113	0.050	0.050	
0.151	0.151	0.177	0.177	0.177	0.177	0.177	0.177	0.177	0.177	0.177	0.200	0.224	0.224	0.224	0.199	0.175	0.175	0.175	0.175	0.175	0.175	0.175	0.113	0.113	0.050	0.050	0.050	
0.125	0.151	0.151	0.151	0.177	0.177	0.177	0.177	0.177	0.177	0.177	0.200	0.224	0.224	0.224	0.199	0.175	0.175	0.175	0.175	0.175	0.175	0.113	0.113	0.050	0.050	0.050	0.050	
0.125	0.125	0.125	0.151	0.151	0.177	0.177	0.177	0.177	0.177	0.177	0.200	0.224	0.224	0.224	0.199	0.175	0.175	0.175	0.175	0.175	0.113	0.113	0.050	0.050	0.050	0.050	0.050	
0.125	0.125	0.125	0.125	0.151	0.151	0.177	0.177	0.177	0.177	0.177	0.200	0.224	0.224	0.224	0.199	0.175	0.175	0.175	0.175	0.113	0.113	0.050	0.050	0.050	0.050	0.050	0.050	
0.125	0.125	0.125	0.125	0.125	0.151	0.151	0.151	0.177	0.177	0.177	0.200	0.200	0.224	0.224	0.199	0.175	0.175	0.175	0.175	0.113	0.050	0.050	0.050	0.050	0.050	0.050	0.050	
0.125	0.125	0.125	0.125	0.125	0.125	0.125	0.151	0.151	0.177	0.177	0.177	0.200	0.224	0.224	0.199	0.175	0.175	0.175	0.113	0.113	0.050	0.050	0.050	0.050	0.050	0.050	0.050	
0.125	0.125	0.125	0.125	0.125	0.125	0.125	0.125	0.151	0.151	0.177	0.177	0.192	0.200	0.439	0.289	0.139	0.139	0.113	0.113	0.050	0.050	0.050	0.050	0.050	0.050	0.050	0.050	
0.125	0.125	0.125	0.125	0.125	0.125	0.125	0.125	0.125	0.151	0.160	0.177	0.177	0.352	0.439	0.379	0.103	0.139	0.109	0.050	0.050	0.050	0.050	0.050	0.050	0.050	0.050	0.050	
0.125	0.125	0.125	0.125	0.125	0.125	0.125	0.125	0.125	0.125	0.151	0.177	0.177	0.416	0.654	0.379	0.103	0.103	0.077	0.050	0.050	0.050	0.050	0.050	0.050	0.050	0.050	0.050	
0.000	0.000	0.000	0.000	0.000	0.000	0.000	0.000	0.000	0.000	0.177	0.177	0.177	0.416	0.654	0.379	0.000	0.000	0.000	0.000	0.000	0.000	0.000	0.000	0.000	0.000	0.000	0.000	
0.000	0.000	0.000	0.000	0.000	0.000	0.000	0.000	0.000	0.000	0.000	0.000	0.588	0.610	0.827	0.827	0.000	0.000	0.000	0.000	0.000	0.000	0.000	0.000	0.000	0.000	0.000	0.000	
0.000	0.000	0.000	0.000	0.000	0.000	0.000	0.000	0.000	0.000	0.000	0.000	1.000	1.000	1.000	1.000	0.000	0.000	0.000	0.000	0.000	0.000	0.000	0.000	0.000	0.000	0.000	0.000	
0.000	0.000	0.000	0.000	0.000	0.000	0.000	0.000	0.000	0.000	0.000	0.000	1.000	1.000	1.000	1.000	0.000	0.000	0.000	0.000	0.000	0.000	0.000	0.000	0.000	0.000	0.000	0.000	
0.000	0.000	0.000	0.000	0.000	0.000	0.000	0.000	0.000	0.000	0.000	0.000	1.000	1.000	1.000	1.000	0.000	0.000	0.000	0.000	0.000	0.000	0.000	0.000	0.000	0.000	0.000	0.000	
