0.182	0.182	0.182	0.182	0.182	0.182	0.182	0.182	0.182	0.182	0.179	0.177	0.177	0.177	0.177	0.177	0.177	0.177	0.177	0.177	0.177	0.177	0.177	0.177	0.177	0.177	0.177	0.177	
0.182	0.182	0.182	0.182	0.182	0.182	0.182	0.182	0.182	0.182	0.179	0.177	0.177	0.177	0.177	0.177	0.177	0.177	0.177	0.177	0.177	0.177	0.177	0.177	0.177	0.177	0.177	0.177	
0.182	0.182	0.182	0.182	0.182	0.182	0.182	0.182	0.182	0.182	0.179	0.177	0.177	0.177	0.177	0.177	0.177	0.177	0.177	0.177	0.177	0.177	0.177	0.177	0.177	0.177	0.177	0.177	
0.182	0.182	0.182	0.182	0.182	0.182	0.182	0.182	0.182	0.182	0.179	0.177	0.177	0.177	0.177	0.177	0.177	0.177	0.177	0.177	0.177	0.177	0.177	0.177	0.177	0.177	0.177	0.177	
0.182	0.182	0.182	0.182	0.182	0.182	0.182	0.182	0.182	0.182	0.179	0.177	0.177	0.177	0.177	0.177	0.177	0.177	0.177	0.177	0.177	0.177	0.177	0.177	0.177	0.177	0.177	0.177	
0.182	0.182	0.182	0.182	0.182	0.182	0.182	0.182	0.182	0.182	0.179	0.177	0.177	0.177	0.177	0.177	0.177	0.177	0.177	0.177	0.177	0.177	0.177	0.177	0.177	0.177	0.177	0.177	
0.182	0.182	0.182	0.182	0.182	0.182	0.182	0.182	0.182	0.182	0.179	0.177	0.177	0.177	0.177	0.177	0.177	0.177	0.177	0.177	0.177	0.177	0.177	0.177	0.177	0.177	0.177	0.177	
0.182	0.182	0.182	0.182	0.182	0.182	0.182	0.182	0.182	0.182	0.179	0.177	0.177	0.177	0.177	0.177	0.177	0.177	0.177	0.177	0.177	0.177	0.177	0.177	0.177	0.177	0.177	0.177	
0.182	0.182	0.182	0.182	0.182	0.182	0.182	0.182	0.182	0.182	0.179	0.177	0.177	0.177	0.177	0.177	0.177	0.177	0.177	0.177	0.177	0.177	0.177	0.177	0.177	0.177	0.177	0.177	
0.182	0.182	0.182	0.182	0.182	0.182	0.182	0.182	0.182	0.182	0.179	0.177	0.177	0.177	0.177	0.177	0.177	0.177	0.177	0.177	0.177	0.177	0.177	0.177	0.177	0.177	0.177	0.177	
0.182	0.182	0.182	0.182	0.182	0.182	0.182	0.182	0.182	0.182	0.179	0.179	0.177	0.177	0.177	0.177	0.177	0.177	0.177	0.177	0.177	0.177	0.177	0.177	0.177	0.177	0.177	0.177	
0.182	0.182	0.182	0.182	0.182	0.182	0.182	0.182	0.182	0.182	0.182	0.179	0.177	0.177	0.177	0.177	0.177	0.177	0.177	0.177	0.177	0.177	0.177	0.177	0.177	0.177	0.177	0.177	
0.182	0.182	0.182	0.182	0.182	0.182	0.182	0.182	0.182	0.182	0.182	0.179	0.177	0.177	0.177	0.177	0.177	0.177	0.177	0.177	0.177	0.177	0.177	0.177	0.177	0.177	0.177	0.177	
0.143	0.182	0.182	0.182	0.182	0.182	0.182	0.182	0.182	0.182	0.182	0.179	0.177	0.177	0.177	0.177	0.177	0.177	0.177	0.177	0.177	0.177	0.177	0.177	0.177	0.177	0.177	0.177	
0.143	0.182	0.182	0.182	0.182	0.182	0.182	0.182	0.182	0.182	0.182	0.179	0.177	0.177	0.177	0.177	0.177	0.177	0.177	0.177	0.177	0.177	0.177	0.177	0.177	0.177	0.177	0.177	
0.143	0.182	0.182	0.182	0.182	0.182	0.182	0.182	0.182	0.182	0.182	0.179	0.177	0.177	0.177	0.177	0.177	0.177	0.177	0.177	0.177	0.177	0.177	0.177	0.177	0.177	0.177	0.177	
0.143	0.143	0.182	0.182	0.182	0.182	0.182	0.182	0.182	0.182	0.182	0.179	0.177	0.177	0.177	0.177	0.177	0.177	0.177	0.177	0.177	0.177	0.177	0.177	0.177	0.177	0.177	0.177	
0.103	0.143	0.182	0.182	0.182	0.182	0.182	0.182	0.182	0.182	0.182	0.179	0.177	0.177	0.177	0.177	0.177	0.177	0.177	0.177	0.177	0.177	0.177	0.177	0.177	0.177	0.177	0.177	
0.103	0.143	0.182	0.182	0.182	0.182	0.182	0.182	0.182	0.182	0.182	0.179	0.177	0.177	0.177	0.177	0.177	0.177	0.177	0.177	0.177	0.177	0.177	0.177	0.177	0.177	0.177	0.177	
0.103	0.143	0.143	0.182	0.182	0.182	0.182	0.182	0.182	0.182	0.182	0.179	0.177	0.177	0.177	0.177	0.177	0.177	0.177	0.177	0.177	0.177	0.177	0.177	0.177	0.177	0.177	0.177	
0.103	0.103	0.143	0.182	0.182	0.182	0.182	0.182	0.182	0.182	0.182	0.179	0.177	0.177	0.177	0.177	0.177	0.177	0.177	0.177	0.177	0.177	0.177	0.177	0.177	0.177	0.177	0.177	
0.103	0.103	0.143	0.182	0.182	0.182	0.182	0.182	0.182	0.182	0.182	0.179	0.177	0.177	0.177	0.177	0.177	0.177	0.177	0.177	0.177	0.177	0.177	0.177	0.177	0.177	0.177	0.177	
0.103	0.103	0.143	0.143	0.182	0.182	0.182	0.182	0.182	0.182	0.182	0.179	0.179	0.177	0.177	0.177	0.177	0.177	0.177	0.177	0.177	0.177	0.177	0.177	0.177	0.177	0.177	0.177	
0.103	0.103	0.103	0.143	0.182	0.182	0.182	0.182	0.182	0.182	0.182	0.182	0.179	0.177	0.177	0.177	0.177	0.177	0.177	0.177	0.177	0.177	0.177	0.177	0.177	0.177	0.177	0.177	
0.103	0.103	0.103	0.143	0.182	0.182	0.182	0.182	0.182	0.182	0.182	0.182	0.179	0.177	0.177	0.177	0.177	0.177	0.177	0.177	0.177	0.177	0.177	0.177	0.177	0.177	0.177	0.202	
0.103	0.103	0.103	0.143	0.143	0.182	0.182	0.182	0.182	0.182	0.182	0.182	0.179	0.177	0.177	0.177	0.177	0.177	0.177	0.177	0.177	0.177	0.177	0.177	0.177	0.177	0.177	0.202	
0.103	0.103	0.103	0.103	0.143	0.182	0.182	0.182	0.182	0.182	0.182	0.182	0.179	0.177	0.177	0.177	0.177	0.177	0.177	0.177	0.177	0.177	0.177	0.177	0.177	0.177	0.202	0.202	
0.103	0.103	0.103	0.103	0.143	0.182	0.182	0.182	0.182	0.182	0.182	0.182	0.179	0.177	0.177	0.177	0.177	0.177	0.177	0.177	0.177	0.177	0.177	0.177	0.177	0.177	0.202	0.226	
0.103	0.103	0.103	0.103	0.143	0.143	0.182	0.182	0.182	0.182	0.182	0.182	0.179	0.177	0.177	0.177	0.177	0.177	0.177	0.177	0.177	0.177	0.177	0.177	0.177	0.202	0.202	0.226	
0.103	0.103	0.103	0.103	0.103	0.143	0.182	0.182	0.182	0.182	0.182	0.182	0.179	0.177	0.177	0.177	0.177	0.177	0.177	0.177	0.177	0.177	0.177	0.177	0.177	0.202	0.226	0.226	
0.103	0.103	0.103	0.103	0.103	0.143	0.182	0.182	0.182	0.182	0.182	0.182	0.179	0.177	0.177	0.177	0.177	0.177	0.177	0.177	0.177	0.177	0.177	0.177	0.202	0.202	0.226	0.226	
0.103	0.103	0.103	0.103	0.103	0.143	0.143	0.182	0.182	0.182	0.182	0.182	0.179	0.177	0.177	0.177	0.177	0.177	0.177	0.177	0.177	0.177	0.177	0.177	0.202	0.226	0.226	0.126	
0.103	0.103	0.103	0.103	0.103	0.103	0.143	0.182	0.182	0.182	0.182	0.182	0.179	0.177	0.177	0.177	0.177	0.177	0.177	0.177	0.177	0.177	0.177	0.202	0.202	0.226	0.226	0.126	
0.103	0.103	0.103	0.103	0.103	0.103	0.143	0.182	0.182	0.182	0.182	0.182	0.179	0.177	0.177	0.177	0.177	0.177	0.177	0.177	0.177	0.177	0.202	0.202	0.226	0.226	0.126	0.126	
0.103	0.103	0.103	0.103	0.103	0.103	0.143	0.143	0.182	0.182	0.182	0.182	0.179	0.179	0.177	0.177	0.177	0.177	0.177	0.177	0.177	0.177	0.202	0.226	0.226	0.226	0.126	0.025	
0.103	0.103	0.103	0.103	0.103	0.103	0.103	0.143	0.182	0.182	0.182	0.182	0.182	0.179	0.177	0.177	0.177	0.177	0.177	0.177	0.177	0.202	0.202	0.226	0.226	0.126	0.126	0.025	
0.089	0.103	0.103	0.103	0.103	0.103	0.103	0.143	0.182	0.182	0.182	0.182	0.182	0.179	0.177	0.177	0.177	0.177	0.177	0.177	0.177	0.202	0.226	0.226	0.126	0.126	0.025	0.025	
0.089	0.089	0.103	0.103	0.103	0.103	0.103	0.143	0.143	0.182	0.182	0.182	0.182	0.179	0.177	0.177	0.177	0.177	0.177	0.177	0.202	0.202	0.226	0.226	0.126	0.025	0.025	0.025	
0.075	0.089	0.103	0.103	0.103	0.103	0.103	0.103	0.143	0.182	0.182	0.182	0.182	0.179	0.177	0.177	0.177	0.177	0.177	0.177	0.202	0.226	0.226	0.126	0.126	0.025	0.025	0.025	
0.075	0.089	0.089	0.103	0.103	0.103	0.103	0.103	0.143	0.182	0.182	0.182	0.182	0.179	0.177	0.177	0.177	0.177	0.177	0.202	0.202	0.226	0.226	0.126	0.025	0.025	0.025	0.025	
0.075	0.075	0.089	0.089	0.103	0.103	0.103	0.103	0.143	0.143	0.182	0.182	0.182	0.179	0.177	0.177	0.177	0.177	0.177	0.202	0.226	0.226	0.126	0.126	0.025	0.025	0.025	0.025	
0.075	0.075	0.075	0.089	0.089	0.103	0.103	0.103	0.103	0.143	0.182	0.182	0.182	0.179	0.177	0.177	0.177	0.177	0.202	0.202	0.226	0.226	0.126	0.025	0.025	0.025	0.025	0.025	
0.075	0.075	0.075	0.075	0.089	0.089	0.103	0.103	0.103	0.143	0.182	0.182	0.182	0.179	0.177	0.177	0.177	0.202	0.202	0.226	0.226	0.126	0.126	0.025	0.025	0.025	0.025	0.025	
0.075	0.075	0.075	0.075	0.075	0.089	0.089	0.103	0.103	0.143	0.143	0.182	0.182	0.161	0.154	0.177	0.177	0.202	0.226	0.226	0.226	0.126	0.025	0.025	0.025	0.025	0.025	0.025	
0.075	0.075	0.075	0.075	0.075	0.075	0.089	0.103	0.103	0.103	0.143	0.154	0.154	0.154	0.154	0.168	0.188	0.202	0.226	0.226	0.126	0.126	0.025	0.025	0.025	0.025	0.025	0.030	
0.075	0.075	0.075	0.075	0.075	0.075	0.089	0.089	0.079	0.095	0.138	0.145	0.126	0.125	0.143	0.160	0.182	0.192	0.147	0.141	0.102	0.025	0.025	0.025	0.025	0.030	0.030	0.030	
0.050	0.050	0.050	0.050	0.075	0.075	0.075	0.078	0.079	0.092	0.127	0.101	0.109	0.108	0.137	0.148	0.159	0.158	0.147	0.056	0.040	0.025	0.025	0.025	0.030	0.030	0.035	0.035	
0.025	0.025	0.025	0.050	0.050	0.050	0.050	0.052	0.056	0.073	0.073	0.079	0.075	0.100	0.125	0.142	0.119	0.107	0.090	0.056	0.044	0.038	0.030	0.030	0.030	0.035	0.035	0.035	
0.025	0.025	0.025	0.025	0.025	0.025	0.042	0.052	0.040	0.039	0.035	0.055	0.065	0.085	0.125	0.100	0.119	0.096	0.056	0.054	0.053	0.038	0.037	0.035	0.035	0.035	0.035	0.035	
0.025	0.025	0.025	0.025	0.025	0.025	0.025	0.025	0.025	0.030	0.035	0.055	0.065	0.341	0.341	0.348	0.075	0.065	0.056	0.053	0.050	0.050	0.043	0.035	0.035	0.035	0.035	0.035	
0.000	0.000	0.000	0.000	0.000	0.000	0.000	0.025	0.025	0.030	0.035	0.056	0.056	0.450	0.843	0.459	0.075	0.075	0.000	0.050	0.050	0.050	0.000	0.000	0.000	0.000	0.000	0.000	
0.000	0.000	0.000	0.000	0.000	0.000	0.000	0.000	0.000	0.000	0.000	0.000	0.450	0.450	0.843	0.843	0.000	0.000	0.000	0.000	0.000	0.000	0.000	0.000	0.000	0.000	0.000	0.000	
0.000	0.000	0.000	0.000	0.000	0.000	0.000	0.000	0.000	0.000	0.000	0.000	0.843	0.843	0.843	0.843	0.000	0.000	0.000	0.000	0.000	0.000	0.000	0.000	0.000	0.000	0.000	0.000	
0.000	0.000	0.000	0.000	0.000	0.000	0.000	0.000	0.000	0.000	0.000	0.000	0.843	0.843	0.843	0.843	0.000	0.000	0.000	0.000	0.000	0.000	0.000	0.000	0.000	0.000	0.000	0.000	
0.000	0.000	0.000	0.000	0.000	0.000	0.000	0.000	0.000	0.000	0.000	0.000	0.843	0.843	0.843	0.843	0.000	0.000	0.000	0.000	0.000	0.000	0.000	0.000	0.000	0.000	0.000	0.000	
