0.190	0.190	0.190	0.190	0.190	0.190	0.190	0.190	0.151	0.112	0.112	0.112	0.112	0.112	0.112	0.112	0.112	0.112	0.112	0.112	0.112	0.112	0.112	0.112	0.112	0.112	0.112	0.112	
0.190	0.190	0.190	0.190	0.190	0.190	0.190	0.190	0.151	0.112	0.112	0.112	0.112	0.112	0.112	0.112	0.112	0.112	0.112	0.112	0.112	0.112	0.112	0.112	0.112	0.112	0.112	0.112	
0.190	0.190	0.190	0.190	0.190	0.190	0.190	0.190	0.151	0.112	0.112	0.112	0.112	0.112	0.112	0.112	0.112	0.112	0.112	0.112	0.112	0.112	0.112	0.112	0.112	0.112	0.112	0.112	
0.190	0.190	0.190	0.190	0.190	0.190	0.190	0.190	0.151	0.151	0.112	0.112	0.112	0.112	0.112	0.112	0.112	0.112	0.112	0.112	0.112	0.112	0.112	0.112	0.112	0.112	0.112	0.112	
0.190	0.190	0.190	0.190	0.190	0.190	0.190	0.190	0.190	0.151	0.112	0.112	0.112	0.112	0.112	0.112	0.112	0.112	0.112	0.112	0.112	0.112	0.112	0.112	0.112	0.112	0.112	0.112	
0.190	0.190	0.190	0.190	0.190	0.190	0.190	0.190	0.190	0.151	0.112	0.112	0.112	0.112	0.112	0.112	0.112	0.112	0.112	0.112	0.112	0.112	0.112	0.112	0.112	0.112	0.112	0.112	
0.190	0.190	0.190	0.190	0.190	0.190	0.190	0.190	0.190	0.151	0.112	0.112	0.112	0.112	0.112	0.112	0.112	0.112	0.112	0.112	0.112	0.112	0.112	0.112	0.112	0.112	0.112	0.112	
0.190	0.190	0.190	0.190	0.190	0.190	0.190	0.190	0.190	0.151	0.112	0.112	0.112	0.112	0.112	0.112	0.112	0.112	0.112	0.112	0.112	0.112	0.112	0.112	0.112	0.112	0.112	0.112	
0.190	0.190	0.190	0.190	0.190	0.190	0.190	0.190	0.190	0.151	0.112	0.112	0.112	0.112	0.112	0.112	0.112	0.112	0.112	0.112	0.112	0.112	0.112	0.112	0.112	0.112	0.112	0.112	
0.190	0.190	0.190	0.190	0.190	0.190	0.190	0.190	0.190	0.151	0.112	0.112	0.112	0.112	0.112	0.112	0.112	0.112	0.112	0.112	0.112	0.112	0.112	0.112	0.112	0.112	0.112	0.112	
0.190	0.190	0.190	0.190	0.190	0.190	0.190	0.190	0.190	0.151	0.112	0.112	0.112	0.112	0.112	0.112	0.112	0.112	0.112	0.112	0.112	0.112	0.112	0.112	0.112	0.112	0.112	0.112	
0.190	0.190	0.190	0.190	0.190	0.190	0.190	0.190	0.190	0.151	0.151	0.112	0.112	0.112	0.112	0.112	0.112	0.112	0.112	0.112	0.112	0.112	0.112	0.112	0.112	0.112	0.112	0.112	
0.190	0.190	0.190	0.190	0.190	0.190	0.190	0.190	0.190	0.190	0.151	0.112	0.112	0.112	0.112	0.112	0.112	0.112	0.112	0.112	0.112	0.112	0.112	0.112	0.112	0.112	0.112	0.112	
0.190	0.190	0.190	0.190	0.190	0.190	0.190	0.190	0.190	0.190	0.151	0.112	0.112	0.112	0.112	0.112	0.112	0.112	0.112	0.112	0.112	0.112	0.112	0.112	0.112	0.112	0.112	0.112	
0.190	0.190	0.190	0.190	0.190	0.190	0.190	0.190	0.190	0.190	0.151	0.112	0.112	0.112	0.112	0.112	0.112	0.112	0.112	0.112	0.112	0.112	0.112	0.112	0.112	0.112	0.112	0.112	
0.190	0.190	0.190	0.190	0.190	0.190	0.190	0.190	0.190	0.190	0.151	0.112	0.112	0.112	0.112	0.112	0.112	0.112	0.112	0.112	0.112	0.112	0.112	0.112	0.112	0.112	0.112	0.112	
0.190	0.190	0.190	0.190	0.190	0.190	0.190	0.190	0.190	0.190	0.151	0.112	0.112	0.112	0.112	0.112	0.112	0.112	0.112	0.112	0.112	0.112	0.112	0.112	0.112	0.112	0.112	0.112	
0.190	0.190	0.190	0.190	0.190	0.190	0.190	0.190	0.190	0.190	0.151	0.112	0.112	0.112	0.112	0.112	0.112	0.112	0.112	0.112	0.112	0.112	0.112	0.112	0.112	0.112	0.112	0.112	
0.190	0.190	0.190	0.190	0.190	0.190	0.190	0.190	0.190	0.190	0.151	0.112	0.112	0.112	0.112	0.112	0.112	0.112	0.112	0.112	0.112	0.112	0.112	0.112	0.112	0.112	0.112	0.112	
0.190	0.190	0.190	0.190	0.190	0.190	0.190	0.190	0.190	0.190	0.151	0.112	0.112	0.112	0.112	0.112	0.112	0.112	0.112	0.112	0.112	0.112	0.112	0.112	0.112	0.112	0.112	0.112	
0.190	0.190	0.190	0.190	0.190	0.190	0.190	0.190	0.190	0.190	0.151	0.151	0.112	0.112	0.112	0.112	0.112	0.112	0.112	0.112	0.112	0.112	0.112	0.112	0.112	0.112	0.112	0.112	
0.190	0.190	0.190	0.190	0.190	0.190	0.190	0.190	0.190	0.190	0.190	0.151	0.112	0.112	0.112	0.112	0.112	0.112	0.112	0.112	0.112	0.112	0.112	0.112	0.112	0.112	0.112	0.112	
0.190	0.190	0.190	0.190	0.190	0.190	0.190	0.190	0.190	0.190	0.190	0.151	0.112	0.112	0.112	0.112	0.112	0.112	0.112	0.112	0.112	0.112	0.112	0.112	0.112	0.112	0.112	0.112	
0.190	0.190	0.190	0.190	0.190	0.190	0.190	0.190	0.190	0.190	0.190	0.151	0.112	0.112	0.112	0.112	0.112	0.112	0.112	0.112	0.112	0.112	0.112	0.112	0.112	0.112	0.112	0.112	
0.190	0.190	0.190	0.190	0.190	0.190	0.190	0.190	0.190	0.190	0.190	0.151	0.112	0.112	0.112	0.112	0.112	0.112	0.112	0.112	0.112	0.112	0.112	0.112	0.112	0.112	0.112	0.112	
0.190	0.190	0.190	0.190	0.190	0.190	0.190	0.190	0.190	0.190	0.190	0.151	0.112	0.112	0.112	0.112	0.112	0.112	0.112	0.112	0.112	0.112	0.112	0.112	0.112	0.112	0.112	0.112	
0.190	0.190	0.190	0.190	0.190	0.190	0.190	0.190	0.190	0.190	0.190	0.151	0.112	0.112	0.112	0.112	0.112	0.112	0.112	0.112	0.112	0.112	0.112	0.112	0.112	0.112	0.112	0.112	
0.190	0.190	0.190	0.190	0.190	0.190	0.190	0.190	0.190	0.190	0.190	0.151	0.112	0.112	0.112	0.112	0.112	0.112	0.112	0.112	0.112	0.112	0.112	0.112	0.112	0.112	0.112	0.112	
0.190	0.190	0.190	0.190	0.190	0.190	0.190	0.190	0.190	0.190	0.190	0.151	0.151	0.112	0.112	0.112	0.112	0.112	0.112	0.112	0.112	0.112	0.112	0.112	0.112	0.112	0.112	0.112	
0.190	0.190	0.190	0.190	0.190	0.190	0.190	0.190	0.190	0.190	0.190	0.190	0.151	0.112	0.112	0.112	0.112	0.112	0.112	0.112	0.112	0.112	0.112	0.112	0.112	0.112	0.112	0.112	
0.190	0.190	0.190	0.190	0.190	0.190	0.190	0.190	0.190	0.190	0.190	0.190	0.151	0.112	0.112	0.112	0.112	0.112	0.112	0.112	0.112	0.112	0.112	0.112	0.112	0.112	0.112	0.112	
0.190	0.190	0.190	0.190	0.190	0.190	0.190	0.190	0.190	0.190	0.190	0.190	0.151	0.112	0.112	0.112	0.112	0.112	0.112	0.112	0.112	0.112	0.112	0.112	0.112	0.112	0.112	0.112	
0.190	0.190	0.190	0.190	0.190	0.190	0.190	0.190	0.190	0.190	0.190	0.190	0.157	0.112	0.112	0.112	0.112	0.112	0.112	0.112	0.112	0.112	0.112	0.112	0.112	0.112	0.112	0.112	
0.190	0.190	0.190	0.190	0.190	0.190	0.190	0.190	0.190	0.190	0.190	0.190	0.157	0.112	0.112	0.112	0.112	0.112	0.112	0.112	0.112	0.112	0.112	0.112	0.112	0.112	0.112	0.112	
0.190	0.190	0.190	0.190	0.190	0.190	0.190	0.190	0.190	0.190	0.190	0.190	0.157	0.140	0.112	0.112	0.112	0.112	0.112	0.112	0.112	0.112	0.112	0.112	0.112	0.112	0.112	0.112	
0.190	0.190	0.190	0.190	0.190	0.190	0.190	0.190	0.190	0.190	0.190	0.190	0.179	0.140	0.112	0.112	0.112	0.112	0.112	0.112	0.112	0.112	0.112	0.112	0.112	0.112	0.112	0.112	
0.113	0.190	0.190	0.190	0.190	0.190	0.190	0.190	0.190	0.190	0.190	0.190	0.179	0.140	0.112	0.112	0.112	0.112	0.112	0.112	0.112	0.112	0.112	0.112	0.112	0.112	0.112	0.112	
0.113	0.113	0.190	0.190	0.190	0.190	0.190	0.190	0.190	0.190	0.190	0.190	0.179	0.140	0.112	0.112	0.112	0.112	0.112	0.112	0.112	0.112	0.112	0.112	0.112	0.112	0.112	0.112	
0.035	0.113	0.113	0.190	0.190	0.190	0.190	0.190	0.190	0.190	0.190	0.190	0.179	0.140	0.112	0.112	0.112	0.112	0.112	0.112	0.112	0.112	0.112	0.112	0.112	0.112	0.112	0.112	
0.035	0.035	0.113	0.113	0.190	0.190	0.190	0.190	0.190	0.190	0.190	0.190	0.179	0.140	0.140	0.112	0.112	0.112	0.112	0.112	0.112	0.112	0.112	0.112	0.112	0.112	0.112	0.112	
0.035	0.035	0.035	0.113	0.190	0.190	0.190	0.190	0.190	0.190	0.190	0.190	0.179	0.168	0.140	0.112	0.112	0.112	0.112	0.112	0.112	0.112	0.112	0.112	0.112	0.112	0.112	0.131	
0.035	0.035	0.035	0.113	0.113	0.190	0.190	0.190	0.190	0.190	0.190	0.190	0.179	0.168	0.140	0.112	0.112	0.112	0.112	0.112	0.112	0.112	0.112	0.112	0.112	0.131	0.131	0.131	
0.035	0.035	0.035	0.035	0.113	0.113	0.190	0.190	0.190	0.190	0.190	0.190	0.179	0.168	0.140	0.112	0.112	0.112	0.112	0.112	0.112	0.112	0.112	0.112	0.131	0.131	0.150	0.150	
0.035	0.035	0.035	0.035	0.035	0.113	0.113	0.190	0.190	0.190	0.190	0.190	0.179	0.168	0.140	0.112	0.112	0.112	0.112	0.112	0.112	0.112	0.112	0.131	0.131	0.150	0.150	0.150	
0.035	0.035	0.035	0.035	0.035	0.035	0.113	0.113	0.190	0.190	0.190	0.190	0.179	0.168	0.140	0.140	0.112	0.112	0.112	0.112	0.112	0.131	0.131	0.131	0.150	0.150	0.150	0.150	
0.035	0.035	0.035	0.035	0.035	0.035	0.035	0.113	0.113	0.190	0.190	0.190	0.179	0.168	0.168	0.140	0.112	0.112	0.112	0.112	0.131	0.131	0.150	0.150	0.150	0.150	0.150	0.150	
0.035	0.035	0.035	0.035	0.035	0.035	0.035	0.035	0.113	0.113	0.190	0.190	0.179	0.168	0.168	0.140	0.112	0.112	0.112	0.131	0.131	0.150	0.150	0.150	0.150	0.150	0.150	0.150	
0.035	0.035	0.035	0.035	0.035	0.035	0.035	0.035	0.035	0.113	0.113	0.190	0.179	0.168	0.168	0.152	0.144	0.131	0.131	0.131	0.150	0.150	0.150	0.150	0.150	0.150	0.150	0.150	
0.035	0.035	0.035	0.035	0.035	0.035	0.035	0.035	0.035	0.035	0.113	0.113	0.364	0.451	0.360	0.172	0.144	0.146	0.150	0.150	0.150	0.150	0.150	0.150	0.150	0.150	0.150	0.150	
0.035	0.035	0.035	0.035	0.035	0.035	0.035	0.035	0.035	0.035	0.035	0.320	0.463	0.735	0.456	0.177	0.177	0.163	0.150	0.150	0.150	0.150	0.150	0.150	0.150	0.150	0.150	0.150	
0.035	0.035	0.035	0.035	0.035	0.035	0.035	0.035	0.035	0.035	0.035	0.385	0.735	0.735	0.456	0.456	0.000	0.150	0.150	0.150	0.150	0.150	0.150	0.150	0.150	0.150	0.150	0.150	
0.000	0.000	0.000	0.000	0.000	0.000	0.000	0.000	0.000	0.000	0.000	0.000	0.735	0.868	0.868	0.868	0.000	0.000	0.000	0.000	0.000	0.000	0.000	0.000	0.000	0.000	0.000	0.000	
0.000	0.000	0.000	0.000	0.000	0.000	0.000	0.000	0.000	0.000	0.000	0.000	0.868	0.868	1.000	1.000	0.000	0.000	0.000	0.000	0.000	0.000	0.000	0.000	0.000	0.000	0.000	0.000	
0.000	0.000	0.000	0.000	0.000	0.000	0.000	0.000	0.000	0.000	0.000	0.000	1.000	1.000	1.000	1.000	0.000	0.000	0.000	0.000	0.000	0.000	0.000	0.000	0.000	0.000	0.000	0.000	
0.000	0.000	0.000	0.000	0.000	0.000	0.000	0.000	0.000	0.000	0.000	0.000	1.000	1.000	1.000	1.000	0.000	0.000	0.000	0.000	0.000	0.000	0.000	0.000	0.000	0.000	0.000	0.000	
