0.075	0.075	0.075	0.075	0.075	0.075	0.075	0.075	0.075	0.075	0.075	0.075	0.050	0.025	0.025	0.025	0.025	0.025	0.025	0.025	0.025	0.025	0.025	0.025	0.025	0.025	0.025	0.025	
0.075	0.075	0.075	0.075	0.075	0.075	0.075	0.075	0.075	0.075	0.075	0.075	0.050	0.025	0.025	0.025	0.025	0.025	0.025	0.025	0.025	0.025	0.025	0.025	0.025	0.025	0.025	0.025	
0.075	0.075	0.075	0.075	0.075	0.075	0.075	0.075	0.075	0.075	0.075	0.075	0.050	0.025	0.025	0.025	0.025	0.025	0.025	0.025	0.025	0.025	0.025	0.025	0.025	0.025	0.025	0.025	
0.075	0.075	0.075	0.075	0.075	0.075	0.075	0.075	0.075	0.075	0.075	0.075	0.050	0.025	0.025	0.025	0.025	0.025	0.025	0.025	0.025	0.025	0.025	0.025	0.025	0.025	0.025	0.025	
0.075	0.075	0.075	0.075	0.075	0.075	0.075	0.075	0.075	0.075	0.075	0.075	0.050	0.025	0.025	0.025	0.025	0.025	0.025	0.025	0.025	0.025	0.025	0.025	0.025	0.025	0.025	0.025	
0.075	0.075	0.075	0.075	0.075	0.075	0.075	0.075	0.075	0.075	0.075	0.075	0.050	0.050	0.025	0.025	0.025	0.025	0.025	0.025	0.025	0.025	0.025	0.025	0.025	0.025	0.025	0.025	
0.075	0.075	0.075	0.075	0.075	0.075	0.075	0.075	0.075	0.075	0.075	0.075	0.075	0.050	0.025	0.025	0.025	0.025	0.025	0.025	0.025	0.025	0.025	0.025	0.025	0.025	0.025	0.025	
0.075	0.075	0.075	0.075	0.075	0.075	0.075	0.075	0.075	0.075	0.075	0.075	0.075	0.050	0.025	0.025	0.025	0.025	0.025	0.025	0.025	0.025	0.025	0.025	0.025	0.025	0.025	0.025	
0.075	0.075	0.075	0.075	0.075	0.075	0.075	0.075	0.075	0.075	0.075	0.075	0.075	0.050	0.025	0.025	0.025	0.025	0.025	0.025	0.025	0.025	0.025	0.025	0.025	0.025	0.025	0.025	
0.075	0.075	0.075	0.075	0.075	0.075	0.075	0.075	0.075	0.075	0.075	0.075	0.075	0.050	0.025	0.025	0.025	0.025	0.025	0.025	0.025	0.025	0.025	0.025	0.025	0.025	0.025	0.025	
0.075	0.075	0.075	0.075	0.075	0.075	0.075	0.075	0.075	0.075	0.075	0.075	0.075	0.050	0.025	0.025	0.025	0.025	0.025	0.025	0.025	0.025	0.025	0.025	0.025	0.025	0.025	0.025	
0.075	0.075	0.075	0.075	0.075	0.075	0.075	0.075	0.075	0.075	0.075	0.075	0.075	0.050	0.025	0.025	0.025	0.025	0.025	0.025	0.025	0.025	0.025	0.025	0.025	0.025	0.025	0.025	
0.075	0.075	0.075	0.075	0.075	0.075	0.075	0.075	0.075	0.075	0.075	0.075	0.075	0.050	0.025	0.025	0.025	0.025	0.025	0.025	0.025	0.025	0.025	0.025	0.025	0.025	0.025	0.025	
0.075	0.075	0.075	0.075	0.075	0.075	0.075	0.075	0.075	0.075	0.075	0.075	0.075	0.050	0.025	0.025	0.025	0.025	0.025	0.025	0.025	0.025	0.025	0.025	0.025	0.025	0.025	0.025	
0.075	0.075	0.075	0.075	0.075	0.075	0.075	0.075	0.075	0.075	0.075	0.075	0.075	0.050	0.025	0.025	0.025	0.025	0.025	0.025	0.025	0.025	0.025	0.025	0.025	0.025	0.025	0.025	
0.075	0.075	0.075	0.075	0.075	0.075	0.075	0.075	0.075	0.075	0.075	0.075	0.075	0.050	0.025	0.025	0.025	0.025	0.025	0.025	0.025	0.025	0.025	0.025	0.025	0.025	0.025	0.025	
0.075	0.075	0.075	0.075	0.075	0.075	0.075	0.075	0.075	0.075	0.075	0.075	0.075	0.050	0.025	0.025	0.025	0.025	0.025	0.025	0.025	0.025	0.025	0.025	0.025	0.025	0.025	0.025	
0.075	0.075	0.075	0.075	0.075	0.075	0.075	0.075	0.075	0.075	0.075	0.075	0.075	0.050	0.025	0.025	0.025	0.025	0.025	0.025	0.025	0.025	0.025	0.025	0.025	0.025	0.025	0.025	
0.075	0.075	0.075	0.075	0.075	0.075	0.075	0.075	0.075	0.075	0.075	0.075	0.075	0.050	0.025	0.025	0.025	0.025	0.025	0.025	0.025	0.025	0.025	0.025	0.025	0.025	0.025	0.025	
0.075	0.075	0.075	0.075	0.075	0.075	0.075	0.075	0.075	0.075	0.075	0.075	0.075	0.050	0.025	0.025	0.025	0.025	0.025	0.025	0.025	0.025	0.025	0.025	0.025	0.025	0.025	0.025	
0.075	0.075	0.075	0.075	0.075	0.075	0.075	0.075	0.075	0.075	0.075	0.075	0.075	0.050	0.025	0.025	0.025	0.025	0.025	0.025	0.025	0.025	0.025	0.025	0.025	0.025	0.025	0.025	
0.075	0.075	0.075	0.075	0.075	0.075	0.075	0.075	0.075	0.075	0.075	0.075	0.075	0.050	0.025	0.025	0.025	0.025	0.025	0.025	0.025	0.025	0.025	0.025	0.025	0.025	0.025	0.025	
0.075	0.075	0.075	0.075	0.075	0.075	0.075	0.075	0.075	0.075	0.075	0.075	0.075	0.042	0.025	0.025	0.025	0.025	0.025	0.025	0.025	0.025	0.025	0.025	0.025	0.025	0.025	0.025	
0.075	0.075	0.075	0.075	0.075	0.075	0.075	0.075	0.075	0.075	0.075	0.075	0.075	0.042	0.025	0.025	0.025	0.025	0.025	0.025	0.025	0.025	0.025	0.025	0.025	0.025	0.025	0.025	
0.075	0.075	0.075	0.075	0.075	0.075	0.075	0.075	0.075	0.075	0.075	0.075	0.075	0.042	0.025	0.025	0.025	0.025	0.025	0.025	0.025	0.025	0.025	0.025	0.025	0.025	0.025	0.025	
0.075	0.075	0.075	0.075	0.075	0.075	0.075	0.075	0.075	0.075	0.075	0.075	0.075	0.042	0.025	0.025	0.025	0.025	0.025	0.025	0.025	0.025	0.025	0.025	0.025	0.025	0.025	0.025	
0.075	0.075	0.075	0.075	0.075	0.075	0.075	0.075	0.075	0.075	0.075	0.075	0.075	0.042	0.025	0.025	0.025	0.025	0.025	0.025	0.025	0.025	0.025	0.025	0.025	0.025	0.025	0.025	
0.062	0.075	0.075	0.075	0.075	0.075	0.075	0.075	0.075	0.075	0.075	0.075	0.075	0.050	0.025	0.025	0.025	0.025	0.025	0.025	0.025	0.025	0.025	0.025	0.025	0.025	0.025	0.025	
0.062	0.075	0.075	0.075	0.075	0.075	0.075	0.075	0.075	0.075	0.075	0.075	0.075	0.050	0.025	0.025	0.025	0.025	0.025	0.025	0.025	0.025	0.025	0.025	0.025	0.025	0.025	0.025	
0.062	0.062	0.075	0.075	0.075	0.075	0.075	0.075	0.075	0.075	0.075	0.075	0.075	0.050	0.025	0.025	0.025	0.025	0.025	0.025	0.025	0.025	0.025	0.025	0.025	0.025	0.025	0.089	
0.050	0.062	0.075	0.075	0.075	0.075	0.075	0.075	0.075	0.075	0.075	0.075	0.075	0.050	0.025	0.025	0.025	0.025	0.025	0.025	0.025	0.025	0.025	0.025	0.025	0.025	0.025	0.089	
0.050	0.062	0.062	0.075	0.075	0.075	0.075	0.075	0.075	0.075	0.075	0.075	0.075	0.050	0.025	0.025	0.025	0.025	0.025	0.025	0.025	0.025	0.025	0.025	0.025	0.025	0.089	0.089	
0.050	0.050	0.062	0.075	0.075	0.075	0.075	0.075	0.075	0.075	0.075	0.075	0.050	0.050	0.025	0.025	0.025	0.025	0.025	0.025	0.025	0.025	0.025	0.025	0.025	0.089	0.089	0.152	
0.050	0.050	0.062	0.062	0.075	0.075	0.075	0.075	0.075	0.075	0.075	0.075	0.078	0.025	0.025	0.025	0.025	0.025	0.025	0.025	0.025	0.025	0.025	0.025	0.025	0.089	0.152	0.152	
0.050	0.050	0.050	0.062	0.075	0.075	0.075	0.075	0.075	0.075	0.075	0.075	0.078	0.080	0.025	0.025	0.025	0.025	0.025	0.025	0.025	0.025	0.025	0.025	0.089	0.089	0.152	0.152	
0.050	0.050	0.050	0.062	0.062	0.075	0.075	0.075	0.075	0.075	0.075	0.075	0.105	0.080	0.025	0.025	0.025	0.025	0.025	0.025	0.025	0.025	0.025	0.089	0.089	0.152	0.152	0.152	
0.050	0.050	0.050	0.050	0.062	0.075	0.075	0.075	0.075	0.075	0.075	0.075	0.105	0.080	0.025	0.025	0.025	0.025	0.025	0.025	0.025	0.025	0.025	0.089	0.152	0.152	0.152	0.176	
0.050	0.050	0.050	0.050	0.062	0.062	0.075	0.075	0.075	0.075	0.075	0.075	0.105	0.080	0.025	0.025	0.025	0.025	0.025	0.025	0.025	0.025	0.089	0.089	0.152	0.152	0.176	0.176	
0.050	0.050	0.050	0.050	0.050	0.062	0.075	0.075	0.075	0.075	0.075	0.075	0.105	0.080	0.025	0.025	0.025	0.025	0.025	0.025	0.025	0.025	0.089	0.152	0.152	0.152	0.176	0.200	
0.050	0.050	0.050	0.050	0.050	0.062	0.062	0.075	0.075	0.075	0.075	0.105	0.105	0.080	0.025	0.025	0.025	0.025	0.025	0.025	0.025	0.089	0.089	0.152	0.152	0.176	0.176	0.200	
0.050	0.050	0.050	0.050	0.050	0.050	0.062	0.062	0.075	0.075	0.075	0.105	0.135	0.080	0.025	0.025	0.025	0.025	0.025	0.025	0.089	0.089	0.152	0.152	0.176	0.176	0.200	0.200	
0.043	0.050	0.050	0.050	0.050	0.050	0.050	0.062	0.075	0.075	0.075	0.105	0.135	0.080	0.025	0.025	0.025	0.025	0.025	0.025	0.089	0.152	0.152	0.152	0.176	0.200	0.200	0.200	
0.043	0.043	0.050	0.050	0.050	0.050	0.050	0.062	0.062	0.075	0.075	0.105	0.135	0.080	0.025	0.025	0.025	0.025	0.025	0.089	0.089	0.152	0.152	0.176	0.176	0.200	0.200	0.200	
0.035	0.043	0.043	0.043	0.050	0.050	0.050	0.050	0.067	0.075	0.075	0.105	0.135	0.080	0.025	0.025	0.054	0.025	0.089	0.110	0.152	0.152	0.176	0.176	0.200	0.200	0.200	0.200	
0.035	0.035	0.035	0.043	0.043	0.050	0.050	0.050	0.062	0.075	0.085	0.105	0.127	0.100	0.103	0.068	0.078	0.089	0.152	0.152	0.152	0.152	0.176	0.200	0.200	0.200	0.200	0.200	
0.018	0.035	0.035	0.035	0.043	0.043	0.043	0.053	0.053	0.075	0.091	0.106	0.124	0.141	0.127	0.112	0.132	0.132	0.152	0.135	0.126	0.151	0.176	0.200	0.200	0.200	0.200	0.200	
0.018	0.018	0.018	0.035	0.035	0.035	0.040	0.043	0.055	0.037	0.060	0.059	0.106	0.106	0.195	0.195	0.107	0.118	0.128	0.118	0.100	0.150	0.150	0.200	0.200	0.138	0.138	0.138	
0.000	0.000	0.018	0.018	0.018	0.035	0.024	0.018	0.018	0.012	0.000	0.035	0.071	0.212	0.283	0.264	0.103	0.103	0.103	0.101	0.100	0.088	0.113	0.138	0.138	0.138	0.075	0.075	
0.000	0.000	0.000	0.000	0.018	0.012	0.018	0.018	0.012	0.000	0.008	0.032	0.048	0.248	0.425	0.201	0.089	0.094	0.093	0.101	0.092	0.088	0.075	0.075	0.075	0.075	0.075	0.075	
0.000	0.000	0.000	0.000	0.000	0.000	0.000	0.000	0.000	0.000	0.013	0.025	0.048	0.337	0.627	0.443	0.075	0.075	0.088	0.100	0.088	0.075	0.075	0.075	0.075	0.075	0.075	0.075	
0.000	0.000	0.000	0.000	0.000	0.000	0.000	0.000	0.000	0.000	0.013	0.025	0.427	0.427	0.828	0.443	0.000	0.000	0.100	0.100	0.088	0.075	0.075	0.000	0.000	0.000	0.000	0.000	
0.000	0.000	0.000	0.000	0.000	0.000	0.000	0.000	0.000	0.000	0.000	0.000	0.828	0.828	0.828	0.828	0.000	0.000	0.000	0.000	0.000	0.000	0.000	0.000	0.000	0.000	0.000	0.000	
0.000	0.000	0.000	0.000	0.000	0.000	0.000	0.000	0.000	0.000	0.000	0.000	0.828	0.828	0.828	0.828	0.000	0.000	0.000	0.000	0.000	0.000	0.000	0.000	0.000	0.000	0.000	0.000	
0.000	0.000	0.000	0.000	0.000	0.000	0.000	0.000	0.000	0.000	0.000	0.000	0.828	0.828	0.828	0.828	0.000	0.000	0.000	0.000	0.000	0.000	0.000	0.000	0.000	0.000	0.000	0.000	
0.000	0.000	0.000	0.000	0.000	0.000	0.000	0.000	0.000	0.000	0.000	0.000	0.828	0.828	0.828	0.828	0.000	0.000	0.000	0.000	0.000	0.000	0.000	0.000	0.000	0.000	0.000	0.000	
