0.202	0.208	0.214	0.214	0.214	0.214	0.214	0.214	0.214	0.214	0.214	0.214	0.214	0.214	0.214	0.214	0.214	0.214	0.214	0.214	0.214	0.214	0.214	0.214	0.219	0.225	0.225	0.225	
0.202	0.208	0.214	0.214	0.214	0.214	0.214	0.214	0.214	0.214	0.214	0.214	0.214	0.214	0.214	0.214	0.214	0.214	0.214	0.214	0.214	0.214	0.214	0.214	0.219	0.225	0.225	0.225	
0.202	0.208	0.214	0.214	0.214	0.214	0.214	0.214	0.214	0.214	0.214	0.214	0.214	0.214	0.214	0.214	0.214	0.214	0.214	0.214	0.214	0.214	0.214	0.219	0.219	0.225	0.225	0.225	
0.202	0.208	0.208	0.214	0.214	0.214	0.214	0.214	0.214	0.214	0.214	0.214	0.214	0.214	0.214	0.214	0.214	0.214	0.214	0.214	0.214	0.214	0.214	0.219	0.225	0.225	0.225	0.225	
0.202	0.202	0.208	0.214	0.214	0.214	0.214	0.214	0.214	0.214	0.214	0.214	0.214	0.214	0.214	0.214	0.214	0.214	0.214	0.214	0.214	0.214	0.214	0.219	0.225	0.225	0.225	0.225	
0.202	0.202	0.208	0.214	0.214	0.214	0.214	0.214	0.214	0.214	0.214	0.214	0.214	0.214	0.214	0.214	0.214	0.214	0.214	0.214	0.214	0.214	0.214	0.219	0.225	0.225	0.225	0.225	
0.202	0.202	0.208	0.214	0.214	0.214	0.214	0.214	0.214	0.214	0.214	0.214	0.214	0.214	0.214	0.214	0.214	0.214	0.214	0.214	0.214	0.214	0.214	0.219	0.225	0.225	0.225	0.225	
0.202	0.202	0.208	0.214	0.214	0.214	0.214	0.214	0.214	0.214	0.214	0.214	0.214	0.214	0.214	0.214	0.214	0.214	0.214	0.214	0.214	0.214	0.219	0.219	0.225	0.225	0.225	0.225	
0.202	0.202	0.208	0.208	0.214	0.214	0.214	0.214	0.214	0.214	0.214	0.214	0.214	0.214	0.214	0.214	0.214	0.214	0.214	0.214	0.214	0.214	0.219	0.225	0.225	0.225	0.225	0.225	
0.202	0.202	0.202	0.208	0.214	0.214	0.214	0.214	0.214	0.214	0.214	0.214	0.214	0.214	0.214	0.214	0.214	0.214	0.214	0.214	0.214	0.214	0.219	0.225	0.225	0.225	0.225	0.225	
0.202	0.202	0.202	0.208	0.214	0.214	0.214	0.214	0.214	0.214	0.214	0.214	0.214	0.214	0.214	0.214	0.214	0.214	0.214	0.214	0.214	0.214	0.219	0.225	0.225	0.225	0.225	0.225	
0.202	0.202	0.202	0.208	0.214	0.214	0.214	0.214	0.214	0.214	0.214	0.214	0.214	0.214	0.214	0.214	0.214	0.214	0.214	0.214	0.214	0.214	0.219	0.225	0.225	0.225	0.225	0.225	
0.202	0.202	0.202	0.208	0.208	0.214	0.214	0.214	0.214	0.214	0.214	0.214	0.214	0.214	0.214	0.214	0.214	0.214	0.214	0.214	0.214	0.214	0.219	0.225	0.225	0.225	0.225	0.225	
0.202	0.202	0.202	0.202	0.208	0.214	0.214	0.214	0.214	0.214	0.214	0.214	0.214	0.214	0.214	0.214	0.214	0.214	0.214	0.214	0.214	0.219	0.219	0.225	0.225	0.225	0.225	0.225	
0.202	0.202	0.202	0.202	0.208	0.214	0.214	0.214	0.214	0.214	0.214	0.214	0.214	0.214	0.214	0.214	0.214	0.214	0.214	0.214	0.214	0.219	0.225	0.225	0.225	0.225	0.225	0.225	
0.202	0.202	0.202	0.202	0.208	0.214	0.214	0.214	0.214	0.214	0.214	0.214	0.214	0.214	0.214	0.214	0.214	0.214	0.214	0.214	0.214	0.219	0.225	0.225	0.225	0.225	0.225	0.225	
0.202	0.202	0.202	0.202	0.208	0.208	0.214	0.214	0.214	0.214	0.214	0.214	0.214	0.214	0.214	0.214	0.214	0.214	0.214	0.214	0.214	0.219	0.225	0.225	0.225	0.225	0.225	0.225	
0.202	0.202	0.202	0.202	0.202	0.208	0.214	0.214	0.214	0.214	0.214	0.214	0.214	0.214	0.214	0.214	0.214	0.214	0.214	0.214	0.214	0.219	0.225	0.225	0.225	0.225	0.225	0.225	
0.202	0.202	0.202	0.202	0.202	0.208	0.214	0.214	0.214	0.214	0.214	0.214	0.214	0.214	0.214	0.214	0.214	0.214	0.214	0.214	0.219	0.219	0.225	0.225	0.225	0.225	0.225	0.225	
0.202	0.202	0.202	0.202	0.202	0.208	0.214	0.214	0.214	0.214	0.214	0.214	0.214	0.214	0.214	0.214	0.214	0.214	0.214	0.214	0.219	0.225	0.225	0.225	0.225	0.225	0.225	0.225	
0.202	0.202	0.202	0.202	0.202	0.208	0.208	0.214	0.214	0.214	0.214	0.214	0.214	0.214	0.214	0.214	0.214	0.214	0.214	0.214	0.219	0.225	0.225	0.225	0.225	0.225	0.225	0.225	
0.202	0.202	0.202	0.202	0.202	0.202	0.208	0.214	0.214	0.214	0.214	0.214	0.214	0.214	0.214	0.214	0.214	0.214	0.214	0.214	0.219	0.225	0.225	0.225	0.225	0.225	0.225	0.225	
0.202	0.202	0.202	0.202	0.202	0.202	0.208	0.214	0.214	0.214	0.214	0.214	0.214	0.214	0.214	0.214	0.214	0.214	0.214	0.214	0.219	0.225	0.225	0.225	0.225	0.225	0.225	0.225	
0.202	0.202	0.202	0.202	0.202	0.202	0.208	0.214	0.214	0.214	0.214	0.214	0.214	0.214	0.214	0.214	0.214	0.214	0.214	0.214	0.219	0.225	0.225	0.225	0.225	0.225	0.225	0.225	
0.202	0.202	0.202	0.202	0.202	0.202	0.208	0.214	0.214	0.214	0.214	0.214	0.214	0.214	0.214	0.214	0.214	0.214	0.214	0.219	0.219	0.225	0.225	0.225	0.225	0.225	0.225	0.225	
0.202	0.202	0.202	0.202	0.202	0.202	0.208	0.208	0.214	0.214	0.214	0.214	0.214	0.214	0.214	0.214	0.214	0.214	0.214	0.219	0.225	0.225	0.225	0.225	0.225	0.225	0.225	0.225	
0.202	0.202	0.202	0.202	0.202	0.202	0.202	0.208	0.214	0.214	0.214	0.214	0.214	0.214	0.214	0.214	0.214	0.214	0.214	0.219	0.225	0.225	0.225	0.225	0.225	0.225	0.225	0.225	
0.202	0.202	0.202	0.202	0.202	0.202	0.202	0.208	0.214	0.214	0.214	0.214	0.214	0.214	0.214	0.214	0.214	0.214	0.214	0.219	0.225	0.225	0.225	0.225	0.225	0.225	0.225	0.225	
0.202	0.202	0.202	0.202	0.202	0.202	0.202	0.208	0.214	0.214	0.214	0.214	0.214	0.214	0.214	0.214	0.214	0.214	0.214	0.219	0.225	0.225	0.225	0.225	0.225	0.225	0.225	0.225	
0.202	0.202	0.202	0.202	0.202	0.202	0.202	0.208	0.208	0.214	0.214	0.214	0.214	0.214	0.214	0.214	0.214	0.214	0.214	0.219	0.225	0.225	0.225	0.225	0.225	0.225	0.225	0.225	
0.202	0.202	0.202	0.202	0.202	0.202	0.202	0.202	0.208	0.214	0.214	0.214	0.214	0.214	0.214	0.214	0.214	0.214	0.219	0.219	0.225	0.225	0.225	0.225	0.225	0.225	0.225	0.225	
0.202	0.202	0.202	0.202	0.202	0.202	0.202	0.202	0.208	0.214	0.214	0.214	0.214	0.214	0.214	0.214	0.214	0.214	0.219	0.225	0.225	0.225	0.225	0.225	0.225	0.225	0.225	0.225	
0.202	0.202	0.202	0.202	0.202	0.202	0.202	0.202	0.208	0.214	0.214	0.214	0.214	0.214	0.214	0.214	0.214	0.214	0.219	0.225	0.225	0.225	0.225	0.225	0.225	0.225	0.225	0.225	
0.202	0.202	0.202	0.202	0.202	0.202	0.202	0.202	0.208	0.208	0.214	0.214	0.214	0.214	0.214	0.214	0.214	0.214	0.219	0.225	0.225	0.225	0.225	0.225	0.225	0.225	0.225	0.225	
0.202	0.202	0.202	0.202	0.202	0.202	0.202	0.202	0.202	0.208	0.214	0.214	0.214	0.214	0.214	0.214	0.214	0.214	0.219	0.225	0.225	0.225	0.225	0.225	0.225	0.225	0.225	0.225	
0.202	0.202	0.202	0.202	0.202	0.202	0.202	0.202	0.202	0.208	0.214	0.214	0.214	0.214	0.214	0.214	0.214	0.219	0.219	0.225	0.225	0.225	0.225	0.225	0.225	0.225	0.225	0.225	
0.202	0.202	0.202	0.202	0.202	0.202	0.202	0.202	0.202	0.208	0.214	0.214	0.214	0.214	0.214	0.214	0.214	0.219	0.225	0.225	0.225	0.225	0.225	0.225	0.225	0.225	0.225	0.225	
0.202	0.202	0.202	0.202	0.202	0.202	0.202	0.202	0.202	0.208	0.208	0.214	0.214	0.214	0.214	0.214	0.214	0.219	0.225	0.225	0.225	0.225	0.225	0.225	0.225	0.225	0.225	0.225	
0.202	0.202	0.202	0.202	0.202	0.202	0.202	0.202	0.202	0.202	0.208	0.214	0.214	0.214	0.214	0.214	0.214	0.219	0.225	0.225	0.225	0.225	0.225	0.225	0.225	0.225	0.225	0.225	
0.163	0.202	0.202	0.202	0.202	0.202	0.202	0.202	0.202	0.202	0.208	0.214	0.214	0.214	0.214	0.214	0.214	0.219	0.225	0.225	0.225	0.225	0.225	0.225	0.225	0.225	0.225	0.225	
0.163	0.163	0.202	0.202	0.202	0.202	0.202	0.202	0.202	0.202	0.208	0.214	0.214	0.214	0.214	0.214	0.214	0.219	0.225	0.225	0.225	0.225	0.225	0.225	0.225	0.225	0.225	0.225	
0.125	0.163	0.163	0.202	0.202	0.202	0.202	0.202	0.202	0.202	0.208	0.214	0.214	0.214	0.214	0.214	0.219	0.219	0.225	0.225	0.225	0.225	0.225	0.225	0.225	0.225	0.225	0.225	
0.125	0.125	0.163	0.163	0.202	0.202	0.202	0.202	0.202	0.202	0.208	0.208	0.214	0.214	0.214	0.214	0.219	0.225	0.225	0.225	0.225	0.225	0.225	0.225	0.225	0.225	0.225	0.175	
0.125	0.125	0.125	0.163	0.163	0.202	0.202	0.202	0.202	0.202	0.202	0.208	0.214	0.214	0.214	0.214	0.219	0.225	0.225	0.225	0.225	0.225	0.225	0.225	0.225	0.175	0.175	0.175	
0.125	0.125	0.125	0.125	0.163	0.163	0.202	0.202	0.202	0.202	0.202	0.208	0.214	0.214	0.214	0.214	0.236	0.225	0.225	0.225	0.225	0.225	0.225	0.175	0.175	0.175	0.125	0.125	
0.125	0.125	0.125	0.125	0.125	0.163	0.163	0.163	0.202	0.202	0.202	0.208	0.214	0.214	0.214	0.241	0.236	0.225	0.225	0.225	0.225	0.225	0.175	0.175	0.125	0.125	0.125	0.125	
0.125	0.125	0.125	0.125	0.125	0.125	0.125	0.163	0.163	0.202	0.202	0.208	0.208	0.214	0.241	0.241	0.247	0.247	0.225	0.225	0.175	0.175	0.175	0.125	0.125	0.125	0.125	0.125	
0.125	0.125	0.125	0.125	0.125	0.125	0.125	0.125	0.163	0.163	0.165	0.313	0.342	0.412	0.364	0.269	0.210	0.215	0.225	0.175	0.175	0.125	0.125	0.125	0.125	0.125	0.125	0.125	
0.125	0.125	0.125	0.125	0.125	0.125	0.125	0.125	0.125	0.151	0.165	0.369	0.369	0.610	0.440	0.210	0.210	0.188	0.167	0.175	0.125	0.125	0.125	0.125	0.125	0.125	0.125	0.125	
0.125	0.125	0.125	0.125	0.125	0.125	0.125	0.125	0.125	0.126	0.127	0.127	0.369	0.610	0.627	0.507	0.150	0.150	0.138	0.125	0.125	0.125	0.125	0.125	0.125	0.125	0.125	0.125	
0.000	0.000	0.000	0.000	0.000	0.000	0.000	0.000	0.000	0.127	0.127	0.127	0.579	0.805	0.805	0.575	0.000	0.000	0.125	0.125	0.125	0.125	0.125	0.125	0.125	0.125	0.125	0.125	
0.000	0.000	0.000	0.000	0.000	0.000	0.000	0.000	0.000	0.000	0.000	0.000	1.000	1.000	1.000	1.000	0.000	0.000	0.000	0.000	0.000	0.000	0.000	0.000	0.000	0.000	0.000	0.000	
0.000	0.000	0.000	0.000	0.000	0.000	0.000	0.000	0.000	0.000	0.000	0.000	1.000	1.000	1.000	1.000	0.000	0.000	0.000	0.000	0.000	0.000	0.000	0.000	0.000	0.000	0.000	0.000	
0.000	0.000	0.000	0.000	0.000	0.000	0.000	0.000	0.000	0.000	0.000	0.000	1.000	1.000	1.000	1.000	0.000	0.000	0.000	0.000	0.000	0.000	0.000	0.000	0.000	0.000	0.000	0.000	
0.000	0.000	0.000	0.000	0.000	0.000	0.000	0.000	0.000	0.000	0.000	0.000	1.000	1.000	1.000	1.000	0.000	0.000	0.000	0.000	0.000	0.000	0.000	0.000	0.000	0.000	0.000	0.000	
