0.071	0.071	0.071	0.071	0.071	0.071	0.071	0.071	0.071	0.071	0.071	0.071	0.071	0.071	0.087	0.103	0.103	0.103	0.103	0.103	0.103	0.103	0.103	0.103	0.103	0.103	0.103	0.103	
0.071	0.071	0.071	0.071	0.071	0.071	0.071	0.071	0.071	0.071	0.071	0.071	0.071	0.071	0.087	0.103	0.103	0.103	0.103	0.103	0.103	0.103	0.103	0.103	0.103	0.103	0.103	0.103	
0.071	0.071	0.071	0.071	0.071	0.071	0.071	0.071	0.071	0.071	0.071	0.071	0.071	0.071	0.087	0.103	0.103	0.103	0.103	0.103	0.103	0.103	0.103	0.103	0.103	0.103	0.103	0.103	
0.071	0.071	0.071	0.071	0.071	0.071	0.071	0.071	0.071	0.071	0.071	0.071	0.071	0.071	0.087	0.103	0.103	0.103	0.103	0.103	0.103	0.103	0.103	0.103	0.103	0.103	0.103	0.103	
0.071	0.071	0.071	0.071	0.071	0.071	0.071	0.071	0.071	0.071	0.071	0.071	0.071	0.071	0.087	0.103	0.103	0.103	0.103	0.103	0.103	0.103	0.103	0.103	0.103	0.103	0.103	0.103	
0.071	0.071	0.071	0.071	0.071	0.071	0.071	0.071	0.071	0.071	0.071	0.071	0.071	0.071	0.087	0.103	0.103	0.103	0.103	0.103	0.103	0.103	0.103	0.103	0.103	0.103	0.103	0.103	
0.071	0.071	0.071	0.071	0.071	0.071	0.071	0.071	0.071	0.071	0.071	0.071	0.071	0.071	0.087	0.103	0.103	0.103	0.103	0.103	0.103	0.103	0.103	0.103	0.103	0.103	0.103	0.103	
0.071	0.071	0.071	0.071	0.071	0.071	0.071	0.071	0.071	0.071	0.071	0.071	0.071	0.071	0.087	0.103	0.103	0.103	0.103	0.103	0.103	0.103	0.103	0.103	0.103	0.103	0.103	0.103	
0.071	0.071	0.071	0.071	0.071	0.071	0.071	0.071	0.071	0.071	0.071	0.071	0.071	0.071	0.087	0.103	0.103	0.103	0.103	0.103	0.103	0.103	0.103	0.103	0.103	0.103	0.103	0.103	
0.071	0.071	0.071	0.071	0.071	0.071	0.071	0.071	0.071	0.071	0.071	0.071	0.071	0.071	0.087	0.103	0.103	0.103	0.103	0.103	0.103	0.103	0.103	0.103	0.103	0.103	0.103	0.103	
0.071	0.071	0.071	0.071	0.071	0.071	0.071	0.071	0.071	0.071	0.071	0.071	0.071	0.071	0.087	0.103	0.103	0.103	0.103	0.103	0.103	0.103	0.103	0.103	0.103	0.103	0.103	0.103	
0.071	0.071	0.071	0.071	0.071	0.071	0.071	0.071	0.071	0.071	0.071	0.071	0.071	0.071	0.087	0.103	0.103	0.103	0.103	0.103	0.103	0.103	0.103	0.103	0.103	0.103	0.103	0.103	
0.071	0.071	0.071	0.071	0.071	0.071	0.071	0.071	0.071	0.071	0.071	0.071	0.071	0.071	0.087	0.103	0.103	0.103	0.103	0.103	0.103	0.103	0.103	0.103	0.103	0.103	0.103	0.103	
0.071	0.071	0.071	0.071	0.071	0.071	0.071	0.071	0.071	0.071	0.071	0.071	0.071	0.071	0.087	0.103	0.103	0.103	0.103	0.103	0.103	0.103	0.103	0.103	0.103	0.103	0.103	0.103	
0.071	0.071	0.071	0.071	0.071	0.071	0.071	0.071	0.071	0.071	0.071	0.071	0.071	0.071	0.087	0.103	0.103	0.103	0.103	0.103	0.103	0.103	0.103	0.103	0.103	0.103	0.103	0.103	
0.071	0.071	0.071	0.071	0.071	0.071	0.071	0.071	0.071	0.071	0.071	0.071	0.071	0.071	0.087	0.103	0.103	0.103	0.103	0.103	0.103	0.103	0.103	0.103	0.103	0.103	0.103	0.103	
0.071	0.071	0.071	0.071	0.071	0.071	0.071	0.071	0.071	0.071	0.071	0.071	0.071	0.071	0.087	0.103	0.103	0.103	0.103	0.103	0.103	0.103	0.103	0.103	0.103	0.103	0.103	0.103	
0.071	0.071	0.071	0.071	0.071	0.071	0.071	0.071	0.071	0.071	0.071	0.071	0.071	0.071	0.087	0.103	0.103	0.103	0.103	0.103	0.103	0.103	0.103	0.103	0.103	0.103	0.103	0.103	
0.071	0.071	0.071	0.071	0.071	0.071	0.071	0.071	0.071	0.071	0.071	0.071	0.071	0.071	0.087	0.103	0.103	0.103	0.103	0.103	0.103	0.103	0.103	0.103	0.103	0.103	0.103	0.103	
0.071	0.071	0.071	0.071	0.071	0.071	0.071	0.071	0.071	0.071	0.071	0.071	0.071	0.071	0.087	0.103	0.103	0.103	0.103	0.103	0.103	0.103	0.103	0.103	0.103	0.103	0.103	0.103	
0.071	0.071	0.071	0.071	0.071	0.071	0.071	0.071	0.071	0.071	0.071	0.071	0.071	0.071	0.087	0.103	0.103	0.103	0.103	0.103	0.103	0.103	0.103	0.103	0.103	0.103	0.103	0.103	
0.071	0.071	0.071	0.071	0.071	0.071	0.071	0.071	0.071	0.071	0.071	0.071	0.071	0.071	0.087	0.103	0.103	0.103	0.103	0.103	0.103	0.103	0.103	0.103	0.103	0.103	0.103	0.103	
0.071	0.071	0.071	0.071	0.071	0.071	0.071	0.071	0.071	0.071	0.071	0.071	0.071	0.071	0.087	0.103	0.103	0.103	0.103	0.103	0.103	0.103	0.103	0.103	0.103	0.103	0.103	0.103	
0.071	0.071	0.071	0.071	0.071	0.071	0.071	0.071	0.071	0.071	0.071	0.071	0.071	0.071	0.087	0.103	0.103	0.103	0.103	0.103	0.103	0.103	0.103	0.103	0.103	0.103	0.103	0.103	
0.071	0.071	0.071	0.071	0.071	0.071	0.071	0.071	0.071	0.071	0.071	0.071	0.071	0.071	0.087	0.103	0.103	0.103	0.103	0.103	0.103	0.103	0.103	0.103	0.103	0.103	0.103	0.103	
0.071	0.071	0.071	0.071	0.071	0.071	0.071	0.071	0.071	0.071	0.071	0.071	0.071	0.071	0.087	0.103	0.103	0.103	0.103	0.103	0.103	0.103	0.103	0.103	0.103	0.103	0.103	0.079	
0.071	0.071	0.071	0.071	0.071	0.071	0.071	0.071	0.071	0.071	0.071	0.071	0.071	0.071	0.087	0.103	0.103	0.103	0.103	0.103	0.103	0.103	0.103	0.103	0.103	0.103	0.103	0.079	
0.075	0.071	0.071	0.071	0.071	0.071	0.071	0.071	0.071	0.071	0.071	0.071	0.071	0.111	0.109	0.103	0.103	0.103	0.103	0.103	0.103	0.103	0.103	0.103	0.103	0.103	0.079	0.079	
0.075	0.071	0.071	0.071	0.071	0.071	0.071	0.071	0.071	0.071	0.071	0.071	0.071	0.111	0.128	0.103	0.103	0.103	0.103	0.103	0.103	0.103	0.103	0.103	0.103	0.103	0.079	0.056	
0.075	0.075	0.071	0.071	0.071	0.071	0.071	0.071	0.071	0.071	0.071	0.071	0.071	0.111	0.128	0.103	0.103	0.103	0.103	0.103	0.103	0.103	0.103	0.103	0.103	0.103	0.079	0.056	
0.079	0.075	0.071	0.071	0.071	0.071	0.071	0.071	0.071	0.071	0.071	0.071	0.071	0.111	0.128	0.103	0.103	0.103	0.103	0.103	0.103	0.103	0.103	0.103	0.103	0.079	0.079	0.056	
0.079	0.075	0.075	0.071	0.071	0.071	0.071	0.071	0.071	0.071	0.071	0.071	0.071	0.111	0.128	0.103	0.103	0.103	0.103	0.103	0.103	0.103	0.103	0.103	0.103	0.079	0.056	0.056	
0.079	0.079	0.075	0.071	0.071	0.071	0.071	0.071	0.071	0.071	0.071	0.071	0.071	0.111	0.128	0.103	0.103	0.103	0.103	0.103	0.103	0.103	0.103	0.103	0.079	0.079	0.056	0.056	
0.079	0.079	0.075	0.075	0.071	0.071	0.071	0.071	0.071	0.071	0.071	0.071	0.071	0.111	0.128	0.128	0.103	0.103	0.103	0.103	0.103	0.103	0.103	0.103	0.079	0.056	0.056	0.056	
0.079	0.079	0.079	0.075	0.075	0.071	0.071	0.071	0.071	0.071	0.071	0.071	0.071	0.111	0.152	0.128	0.103	0.103	0.103	0.103	0.103	0.103	0.103	0.079	0.079	0.056	0.056	0.056	
0.079	0.079	0.079	0.079	0.075	0.071	0.071	0.071	0.071	0.071	0.071	0.071	0.071	0.111	0.152	0.128	0.103	0.103	0.103	0.103	0.103	0.103	0.103	0.079	0.056	0.056	0.056	0.056	
0.079	0.079	0.079	0.079	0.075	0.075	0.071	0.071	0.071	0.071	0.071	0.071	0.071	0.111	0.152	0.128	0.103	0.103	0.103	0.103	0.103	0.103	0.079	0.079	0.056	0.056	0.056	0.056	
0.079	0.079	0.079	0.079	0.079	0.075	0.071	0.071	0.071	0.071	0.071	0.071	0.071	0.111	0.152	0.128	0.103	0.103	0.103	0.103	0.103	0.103	0.079	0.056	0.056	0.056	0.056	0.056	
0.079	0.079	0.079	0.079	0.079	0.075	0.075	0.071	0.071	0.071	0.071	0.071	0.071	0.101	0.152	0.128	0.103	0.103	0.103	0.103	0.103	0.079	0.079	0.056	0.056	0.056	0.056	0.056	
0.079	0.079	0.079	0.079	0.079	0.079	0.075	0.071	0.071	0.071	0.071	0.071	0.075	0.101	0.152	0.128	0.128	0.103	0.103	0.103	0.103	0.079	0.056	0.056	0.056	0.056	0.056	0.056	
0.079	0.079	0.079	0.079	0.079	0.079	0.075	0.075	0.071	0.071	0.071	0.071	0.075	0.116	0.152	0.152	0.128	0.103	0.103	0.103	0.079	0.079	0.056	0.056	0.056	0.056	0.056	0.073	
0.052	0.052	0.079	0.079	0.079	0.079	0.079	0.075	0.071	0.071	0.071	0.071	0.075	0.116	0.152	0.152	0.128	0.103	0.103	0.103	0.079	0.056	0.056	0.056	0.056	0.056	0.073	0.073	
0.025	0.052	0.052	0.079	0.079	0.079	0.079	0.075	0.075	0.071	0.071	0.075	0.075	0.116	0.152	0.152	0.128	0.103	0.103	0.079	0.079	0.056	0.056	0.056	0.056	0.073	0.073	0.090	
0.025	0.025	0.052	0.052	0.079	0.079	0.079	0.079	0.083	0.085	0.071	0.075	0.079	0.116	0.116	0.152	0.134	0.103	0.079	0.072	0.056	0.056	0.056	0.056	0.073	0.073	0.090	0.090	
0.025	0.025	0.025	0.052	0.052	0.052	0.079	0.079	0.090	0.085	0.099	0.094	0.102	0.085	0.117	0.149	0.134	0.102	0.079	0.056	0.056	0.056	0.073	0.073	0.073	0.090	0.090	0.090	
0.040	0.040	0.025	0.025	0.025	0.052	0.052	0.052	0.068	0.100	0.113	0.125	0.102	0.098	0.118	0.118	0.146	0.101	0.056	0.072	0.072	0.083	0.073	0.090	0.090	0.090	0.090	0.058	
0.056	0.040	0.040	0.025	0.025	0.025	0.043	0.052	0.062	0.058	0.092	0.088	0.142	0.142	0.196	0.179	0.191	0.109	0.090	0.095	0.103	0.083	0.090	0.090	0.090	0.058	0.058	0.058	
0.056	0.056	0.040	0.040	0.040	0.025	0.025	0.025	0.025	0.033	0.050	0.103	0.169	0.151	0.201	0.301	0.167	0.125	0.125	0.109	0.103	0.081	0.070	0.058	0.058	0.058	0.025	0.025	
0.056	0.056	0.056	0.056	0.040	0.035	0.025	0.025	0.025	0.033	0.033	0.096	0.119	0.212	0.446	0.188	0.167	0.100	0.100	0.109	0.084	0.077	0.055	0.058	0.025	0.025	0.025	0.025	
0.056	0.056	0.056	0.056	0.056	0.040	0.025	0.025	0.025	0.025	0.025	0.025	0.354	0.518	0.446	0.400	0.075	0.075	0.088	0.100	0.075	0.050	0.037	0.025	0.025	0.025	0.025	0.025	
0.000	0.000	0.000	0.000	0.000	0.000	0.000	0.000	0.000	0.000	0.000	0.000	0.425	0.825	0.825	0.450	0.000	0.000	0.000	0.000	0.050	0.050	0.037	0.025	0.025	0.025	0.025	0.025	
0.000	0.000	0.000	0.000	0.000	0.000	0.000	0.000	0.000	0.000	0.000	0.000	0.825	0.825	0.825	0.825	0.000	0.000	0.000	0.000	0.000	0.000	0.000	0.000	0.000	0.000	0.000	0.000	
0.000	0.000	0.000	0.000	0.000	0.000	0.000	0.000	0.000	0.000	0.000	0.000	0.912	0.912	0.912	0.912	0.000	0.000	0.000	0.000	0.000	0.000	0.000	0.000	0.000	0.000	0.000	0.000	
0.000	0.000	0.000	0.000	0.000	0.000	0.000	0.000	0.000	0.000	0.000	0.000	1.000	1.000	1.000	1.000	0.000	0.000	0.000	0.000	0.000	0.000	0.000	0.000	0.000	0.000	0.000	0.000	
0.000	0.000	0.000	0.000	0.000	0.000	0.000	0.000	0.000	0.000	0.000	0.000	1.000	1.000	1.000	1.000	0.000	0.000	0.000	0.000	0.000	0.000	0.000	0.000	0.000	0.000	0.000	0.000	
