0.071	0.071	0.071	0.071	0.071	0.071	0.071	0.071	0.071	0.071	0.071	0.071	0.071	0.071	0.110	0.150	0.150	0.150	0.150	0.150	0.150	0.150	0.150	0.150	0.150	0.150	0.150	0.150	
0.071	0.071	0.071	0.071	0.071	0.071	0.071	0.071	0.071	0.071	0.071	0.071	0.071	0.071	0.110	0.150	0.150	0.150	0.150	0.150	0.150	0.150	0.150	0.150	0.150	0.150	0.150	0.150	
0.071	0.071	0.071	0.071	0.071	0.071	0.071	0.071	0.071	0.071	0.071	0.071	0.071	0.071	0.110	0.150	0.150	0.150	0.150	0.150	0.150	0.150	0.150	0.150	0.150	0.150	0.150	0.150	
0.071	0.071	0.071	0.071	0.071	0.071	0.071	0.071	0.071	0.071	0.071	0.071	0.071	0.071	0.110	0.150	0.150	0.150	0.150	0.150	0.150	0.150	0.150	0.150	0.150	0.150	0.150	0.150	
0.071	0.071	0.071	0.071	0.071	0.071	0.071	0.071	0.071	0.071	0.071	0.071	0.071	0.071	0.110	0.150	0.150	0.150	0.150	0.150	0.150	0.150	0.150	0.150	0.150	0.150	0.150	0.150	
0.071	0.071	0.071	0.071	0.071	0.071	0.071	0.071	0.071	0.071	0.071	0.071	0.071	0.071	0.110	0.150	0.150	0.150	0.150	0.150	0.150	0.150	0.150	0.150	0.150	0.150	0.150	0.150	
0.071	0.071	0.071	0.071	0.071	0.071	0.071	0.071	0.071	0.071	0.071	0.071	0.071	0.071	0.110	0.150	0.150	0.150	0.150	0.150	0.150	0.150	0.150	0.150	0.150	0.150	0.150	0.150	
0.071	0.071	0.071	0.071	0.071	0.071	0.071	0.071	0.071	0.071	0.071	0.071	0.071	0.071	0.110	0.150	0.150	0.150	0.150	0.150	0.150	0.150	0.150	0.150	0.150	0.150	0.150	0.150	
0.071	0.071	0.071	0.071	0.071	0.071	0.071	0.071	0.071	0.071	0.071	0.071	0.071	0.071	0.110	0.150	0.150	0.150	0.150	0.150	0.150	0.150	0.150	0.150	0.150	0.150	0.150	0.150	
0.071	0.071	0.071	0.071	0.071	0.071	0.071	0.071	0.071	0.071	0.071	0.071	0.071	0.071	0.110	0.150	0.150	0.150	0.150	0.150	0.150	0.150	0.150	0.150	0.150	0.150	0.150	0.150	
0.071	0.071	0.071	0.071	0.071	0.071	0.071	0.071	0.071	0.071	0.071	0.071	0.071	0.071	0.110	0.150	0.150	0.150	0.150	0.150	0.150	0.150	0.150	0.150	0.150	0.150	0.150	0.150	
0.071	0.071	0.071	0.071	0.071	0.071	0.071	0.071	0.071	0.071	0.071	0.071	0.071	0.071	0.110	0.150	0.150	0.150	0.150	0.150	0.150	0.150	0.150	0.150	0.150	0.150	0.150	0.150	
0.071	0.071	0.071	0.071	0.071	0.071	0.071	0.071	0.071	0.071	0.071	0.071	0.071	0.071	0.110	0.150	0.150	0.150	0.150	0.150	0.150	0.150	0.150	0.150	0.150	0.150	0.150	0.150	
0.071	0.071	0.071	0.071	0.071	0.071	0.071	0.071	0.071	0.071	0.071	0.071	0.071	0.110	0.110	0.150	0.150	0.150	0.150	0.150	0.150	0.150	0.150	0.150	0.150	0.150	0.150	0.150	
0.071	0.071	0.071	0.071	0.071	0.071	0.071	0.071	0.071	0.071	0.071	0.071	0.071	0.110	0.150	0.150	0.150	0.150	0.150	0.150	0.150	0.150	0.150	0.150	0.150	0.150	0.150	0.150	
0.071	0.071	0.071	0.071	0.071	0.071	0.071	0.071	0.071	0.071	0.071	0.071	0.071	0.110	0.150	0.150	0.150	0.150	0.150	0.150	0.150	0.150	0.150	0.150	0.150	0.150	0.150	0.150	
0.071	0.071	0.071	0.071	0.071	0.071	0.071	0.071	0.071	0.071	0.071	0.071	0.071	0.110	0.150	0.150	0.150	0.150	0.150	0.150	0.150	0.150	0.150	0.150	0.150	0.150	0.150	0.150	
0.071	0.071	0.071	0.071	0.071	0.071	0.071	0.071	0.071	0.071	0.071	0.071	0.071	0.110	0.150	0.150	0.150	0.150	0.150	0.150	0.150	0.150	0.150	0.150	0.150	0.150	0.150	0.150	
0.071	0.071	0.071	0.071	0.071	0.071	0.071	0.071	0.071	0.071	0.071	0.071	0.071	0.110	0.150	0.150	0.150	0.150	0.150	0.150	0.150	0.150	0.150	0.150	0.150	0.150	0.150	0.150	
0.071	0.071	0.071	0.071	0.071	0.071	0.071	0.071	0.071	0.071	0.071	0.071	0.071	0.110	0.150	0.150	0.150	0.150	0.150	0.150	0.150	0.150	0.150	0.150	0.150	0.150	0.150	0.150	
0.071	0.071	0.071	0.071	0.071	0.071	0.071	0.071	0.071	0.071	0.071	0.071	0.071	0.110	0.150	0.150	0.150	0.150	0.150	0.150	0.150	0.150	0.150	0.150	0.150	0.150	0.150	0.113	
0.071	0.071	0.071	0.071	0.071	0.071	0.071	0.071	0.071	0.071	0.071	0.071	0.071	0.110	0.150	0.150	0.150	0.150	0.150	0.150	0.150	0.150	0.150	0.150	0.150	0.150	0.150	0.113	
0.071	0.071	0.071	0.071	0.071	0.071	0.071	0.071	0.071	0.071	0.071	0.071	0.071	0.110	0.150	0.150	0.150	0.150	0.150	0.150	0.150	0.150	0.150	0.150	0.150	0.150	0.150	0.113	
0.071	0.071	0.071	0.071	0.071	0.071	0.071	0.071	0.071	0.071	0.071	0.071	0.071	0.110	0.150	0.150	0.150	0.150	0.150	0.150	0.150	0.150	0.150	0.150	0.150	0.150	0.113	0.113	
0.071	0.071	0.071	0.071	0.071	0.071	0.071	0.071	0.071	0.071	0.071	0.071	0.071	0.110	0.150	0.150	0.150	0.150	0.150	0.150	0.150	0.150	0.150	0.150	0.150	0.150	0.113	0.075	
0.071	0.071	0.071	0.071	0.071	0.071	0.071	0.071	0.071	0.071	0.071	0.071	0.071	0.110	0.150	0.150	0.150	0.150	0.150	0.150	0.150	0.150	0.150	0.150	0.150	0.113	0.113	0.075	
0.071	0.071	0.071	0.071	0.071	0.071	0.071	0.071	0.071	0.071	0.071	0.071	0.071	0.110	0.150	0.150	0.150	0.150	0.150	0.150	0.150	0.150	0.150	0.150	0.150	0.113	0.075	0.075	
0.071	0.071	0.071	0.071	0.071	0.071	0.071	0.071	0.071	0.071	0.071	0.071	0.071	0.110	0.150	0.150	0.150	0.150	0.150	0.150	0.150	0.150	0.150	0.150	0.150	0.113	0.075	0.075	
0.071	0.071	0.071	0.071	0.071	0.071	0.071	0.071	0.071	0.071	0.071	0.071	0.071	0.110	0.150	0.150	0.150	0.150	0.150	0.150	0.150	0.150	0.150	0.150	0.113	0.113	0.075	0.075	
0.071	0.071	0.071	0.071	0.071	0.071	0.071	0.071	0.071	0.071	0.071	0.071	0.071	0.110	0.150	0.150	0.150	0.150	0.150	0.150	0.150	0.150	0.150	0.150	0.113	0.075	0.075	0.075	
0.071	0.071	0.071	0.071	0.071	0.071	0.071	0.071	0.071	0.071	0.071	0.071	0.071	0.110	0.150	0.150	0.150	0.150	0.150	0.150	0.150	0.150	0.150	0.113	0.113	0.075	0.075	0.075	
0.071	0.071	0.071	0.071	0.071	0.071	0.071	0.071	0.071	0.071	0.071	0.071	0.071	0.110	0.150	0.150	0.150	0.150	0.150	0.150	0.150	0.150	0.150	0.113	0.075	0.075	0.075	0.075	
0.053	0.071	0.071	0.071	0.071	0.071	0.071	0.071	0.071	0.071	0.071	0.071	0.071	0.110	0.150	0.150	0.150	0.150	0.150	0.150	0.150	0.150	0.150	0.113	0.075	0.075	0.075	0.075	
0.053	0.053	0.071	0.071	0.071	0.071	0.071	0.071	0.071	0.071	0.071	0.071	0.071	0.110	0.150	0.150	0.150	0.150	0.150	0.150	0.150	0.150	0.113	0.113	0.075	0.075	0.075	0.075	
0.035	0.053	0.053	0.071	0.071	0.071	0.071	0.071	0.071	0.071	0.071	0.071	0.071	0.110	0.150	0.150	0.150	0.150	0.150	0.150	0.150	0.150	0.113	0.075	0.075	0.075	0.075	0.075	
0.035	0.035	0.053	0.071	0.071	0.071	0.071	0.071	0.071	0.071	0.071	0.071	0.071	0.110	0.150	0.150	0.150	0.150	0.150	0.150	0.150	0.113	0.113	0.075	0.075	0.075	0.075	0.075	
0.035	0.035	0.053	0.053	0.071	0.071	0.071	0.071	0.071	0.071	0.071	0.071	0.071	0.110	0.150	0.150	0.150	0.150	0.150	0.150	0.150	0.113	0.075	0.075	0.075	0.075	0.075	0.075	
0.035	0.035	0.035	0.053	0.053	0.071	0.071	0.071	0.071	0.071	0.071	0.071	0.071	0.110	0.150	0.150	0.150	0.150	0.150	0.150	0.150	0.113	0.075	0.075	0.075	0.075	0.075	0.075	
0.035	0.035	0.035	0.035	0.053	0.053	0.071	0.071	0.071	0.071	0.071	0.071	0.071	0.090	0.150	0.150	0.150	0.150	0.150	0.150	0.113	0.113	0.075	0.075	0.075	0.075	0.075	0.075	
0.035	0.035	0.035	0.035	0.035	0.053	0.071	0.071	0.071	0.071	0.071	0.071	0.060	0.090	0.150	0.150	0.150	0.150	0.150	0.150	0.113	0.075	0.075	0.075	0.075	0.075	0.075	0.075	
0.043	0.035	0.035	0.035	0.035	0.053	0.053	0.071	0.071	0.071	0.071	0.071	0.060	0.119	0.154	0.150	0.150	0.150	0.150	0.113	0.113	0.075	0.075	0.075	0.075	0.075	0.075	0.055	
0.043	0.043	0.035	0.035	0.035	0.035	0.053	0.053	0.071	0.071	0.071	0.060	0.060	0.104	0.154	0.150	0.150	0.150	0.150	0.113	0.075	0.075	0.075	0.075	0.075	0.075	0.055	0.055	
0.050	0.043	0.043	0.043	0.035	0.035	0.035	0.053	0.053	0.071	0.071	0.060	0.050	0.104	0.154	0.154	0.150	0.150	0.150	0.113	0.075	0.075	0.075	0.075	0.055	0.055	0.055	0.035	
0.050	0.050	0.050	0.043	0.043	0.035	0.035	0.035	0.053	0.071	0.060	0.060	0.050	0.104	0.158	0.154	0.150	0.127	0.127	0.109	0.075	0.075	0.075	0.055	0.055	0.035	0.035	0.035	
0.050	0.050	0.050	0.050	0.043	0.043	0.035	0.035	0.065	0.080	0.070	0.070	0.050	0.104	0.158	0.137	0.129	0.127	0.103	0.089	0.075	0.075	0.055	0.055	0.035	0.035	0.035	0.035	
0.050	0.050	0.050	0.050	0.050	0.043	0.043	0.055	0.067	0.090	0.090	0.065	0.053	0.110	0.146	0.131	0.103	0.103	0.103	0.071	0.055	0.055	0.055	0.035	0.035	0.035	0.043	0.043	
0.050	0.050	0.050	0.050	0.050	0.050	0.053	0.053	0.083	0.085	0.079	0.079	0.056	0.116	0.140	0.140	0.069	0.081	0.058	0.069	0.055	0.049	0.035	0.035	0.043	0.043	0.043	0.050	
0.050	0.050	0.050	0.050	0.050	0.050	0.058	0.062	0.075	0.072	0.090	0.099	0.128	0.128	0.270	0.187	0.081	0.035	0.040	0.043	0.043	0.040	0.035	0.043	0.043	0.050	0.050	0.050	
0.050	0.050	0.050	0.050	0.050	0.050	0.050	0.062	0.058	0.072	0.097	0.121	0.152	0.231	0.270	0.234	0.069	0.063	0.043	0.045	0.043	0.043	0.045	0.043	0.050	0.050	0.050	0.050	
0.050	0.050	0.050	0.050	0.050	0.050	0.050	0.050	0.050	0.050	0.097	0.152	0.152	0.258	0.364	0.234	0.103	0.077	0.050	0.050	0.050	0.050	0.050	0.050	0.050	0.050	0.050	0.050	
0.000	0.000	0.000	0.000	0.000	0.000	0.000	0.000	0.000	0.050	0.050	0.000	0.576	0.505	0.682	0.489	0.103	0.103	0.000	0.050	0.050	0.050	0.050	0.000	0.000	0.000	0.000	0.000	
0.000	0.000	0.000	0.000	0.000	0.000	0.000	0.000	0.000	0.000	0.000	0.000	0.576	1.000	1.000	0.682	0.000	0.000	0.000	0.000	0.000	0.000	0.000	0.000	0.000	0.000	0.000	0.000	
0.000	0.000	0.000	0.000	0.000	0.000	0.000	0.000	0.000	0.000	0.000	0.000	1.000	1.000	1.000	1.000	0.000	0.000	0.000	0.000	0.000	0.000	0.000	0.000	0.000	0.000	0.000	0.000	
0.000	0.000	0.000	0.000	0.000	0.000	0.000	0.000	0.000	0.000	0.000	0.000	1.000	1.000	1.000	1.000	0.000	0.000	0.000	0.000	0.000	0.000	0.000	0.000	0.000	0.000	0.000	0.000	
0.000	0.000	0.000	0.000	0.000	0.000	0.000	0.000	0.000	0.000	0.000	0.000	1.000	1.000	1.000	1.000	0.000	0.000	0.000	0.000	0.000	0.000	0.000	0.000	0.000	0.000	0.000	0.000	
