0.150	0.150	0.170	0.170	0.190	0.190	0.190	0.190	0.190	0.190	0.190	0.190	0.190	0.190	0.190	0.190	0.190	0.190	0.190	0.190	0.190	0.190	0.190	0.190	0.190	0.190	0.190	0.190	
0.150	0.150	0.150	0.170	0.190	0.190	0.190	0.190	0.190	0.190	0.190	0.190	0.190	0.190	0.190	0.190	0.190	0.190	0.190	0.190	0.190	0.190	0.190	0.190	0.190	0.190	0.190	0.190	
0.150	0.150	0.150	0.170	0.190	0.190	0.190	0.190	0.190	0.190	0.190	0.190	0.190	0.190	0.190	0.190	0.190	0.190	0.190	0.190	0.190	0.190	0.190	0.190	0.190	0.190	0.190	0.190	
0.150	0.150	0.150	0.170	0.190	0.190	0.190	0.190	0.190	0.190	0.190	0.190	0.190	0.190	0.190	0.190	0.190	0.190	0.190	0.190	0.190	0.190	0.190	0.190	0.190	0.190	0.190	0.190	
0.150	0.150	0.150	0.170	0.190	0.190	0.190	0.190	0.190	0.190	0.190	0.190	0.190	0.190	0.190	0.190	0.190	0.190	0.190	0.190	0.190	0.190	0.190	0.190	0.190	0.190	0.190	0.190	
0.150	0.150	0.150	0.170	0.170	0.190	0.190	0.190	0.190	0.190	0.190	0.190	0.190	0.190	0.190	0.190	0.190	0.190	0.190	0.190	0.190	0.190	0.190	0.190	0.190	0.190	0.190	0.123	
0.150	0.150	0.150	0.150	0.170	0.190	0.190	0.190	0.190	0.190	0.190	0.190	0.190	0.190	0.190	0.190	0.190	0.190	0.190	0.190	0.190	0.190	0.190	0.190	0.190	0.190	0.190	0.123	
0.150	0.150	0.150	0.150	0.170	0.190	0.190	0.190	0.190	0.190	0.190	0.190	0.190	0.190	0.190	0.190	0.190	0.190	0.190	0.190	0.190	0.190	0.190	0.190	0.190	0.190	0.190	0.123	
0.150	0.150	0.150	0.150	0.170	0.190	0.190	0.190	0.190	0.190	0.190	0.190	0.190	0.190	0.190	0.190	0.190	0.190	0.190	0.190	0.190	0.190	0.190	0.190	0.190	0.190	0.123	0.123	
0.150	0.150	0.150	0.150	0.170	0.190	0.190	0.190	0.190	0.190	0.190	0.190	0.190	0.190	0.190	0.190	0.190	0.190	0.190	0.190	0.190	0.190	0.190	0.190	0.190	0.190	0.123	0.056	
0.150	0.150	0.150	0.150	0.170	0.170	0.190	0.190	0.190	0.190	0.190	0.190	0.190	0.190	0.190	0.190	0.190	0.190	0.190	0.190	0.190	0.190	0.190	0.190	0.190	0.190	0.123	0.056	
0.150	0.150	0.150	0.150	0.150	0.170	0.190	0.190	0.190	0.190	0.190	0.190	0.190	0.190	0.190	0.190	0.190	0.190	0.190	0.190	0.190	0.190	0.190	0.190	0.190	0.123	0.123	0.056	
0.150	0.150	0.150	0.150	0.150	0.170	0.190	0.190	0.190	0.190	0.190	0.190	0.190	0.190	0.190	0.190	0.190	0.190	0.190	0.190	0.190	0.190	0.190	0.190	0.190	0.123	0.056	0.056	
0.150	0.150	0.150	0.150	0.150	0.170	0.190	0.190	0.190	0.190	0.190	0.190	0.190	0.190	0.190	0.190	0.190	0.190	0.190	0.190	0.190	0.190	0.190	0.190	0.190	0.123	0.056	0.056	
0.150	0.150	0.150	0.150	0.150	0.170	0.170	0.190	0.190	0.190	0.190	0.190	0.190	0.190	0.190	0.190	0.190	0.190	0.190	0.190	0.190	0.190	0.190	0.190	0.123	0.123	0.056	0.056	
0.150	0.150	0.150	0.150	0.150	0.150	0.170	0.190	0.190	0.190	0.190	0.190	0.190	0.190	0.190	0.190	0.190	0.190	0.190	0.190	0.190	0.190	0.190	0.190	0.123	0.056	0.056	0.056	
0.150	0.150	0.150	0.150	0.150	0.150	0.170	0.190	0.190	0.190	0.190	0.190	0.190	0.190	0.190	0.190	0.190	0.190	0.190	0.190	0.190	0.190	0.190	0.190	0.123	0.056	0.056	0.056	
0.150	0.150	0.150	0.150	0.150	0.150	0.170	0.190	0.190	0.190	0.190	0.190	0.190	0.190	0.190	0.190	0.190	0.190	0.190	0.190	0.190	0.190	0.190	0.123	0.123	0.056	0.056	0.056	
0.150	0.150	0.150	0.150	0.150	0.150	0.170	0.190	0.190	0.190	0.190	0.190	0.190	0.190	0.190	0.190	0.190	0.190	0.190	0.190	0.190	0.190	0.190	0.123	0.056	0.056	0.056	0.056	
0.150	0.150	0.150	0.150	0.150	0.150	0.170	0.170	0.190	0.190	0.190	0.190	0.190	0.190	0.190	0.190	0.190	0.190	0.190	0.190	0.190	0.190	0.190	0.123	0.056	0.056	0.056	0.056	
0.150	0.150	0.150	0.150	0.150	0.150	0.150	0.170	0.190	0.190	0.190	0.190	0.190	0.190	0.190	0.190	0.190	0.190	0.190	0.190	0.190	0.190	0.190	0.123	0.056	0.056	0.056	0.056	
0.150	0.150	0.150	0.150	0.150	0.150	0.150	0.170	0.190	0.190	0.190	0.190	0.190	0.190	0.190	0.190	0.190	0.190	0.190	0.190	0.190	0.190	0.123	0.123	0.056	0.056	0.056	0.129	
0.150	0.150	0.150	0.150	0.150	0.150	0.150	0.170	0.190	0.190	0.190	0.190	0.190	0.190	0.190	0.190	0.190	0.190	0.190	0.190	0.190	0.190	0.123	0.056	0.056	0.056	0.056	0.129	
0.150	0.150	0.150	0.150	0.150	0.150	0.150	0.170	0.190	0.190	0.190	0.190	0.190	0.190	0.190	0.190	0.190	0.190	0.190	0.190	0.190	0.190	0.123	0.056	0.056	0.056	0.056	0.129	
0.150	0.150	0.150	0.150	0.150	0.150	0.150	0.170	0.170	0.190	0.190	0.190	0.190	0.190	0.190	0.190	0.190	0.190	0.190	0.190	0.190	0.123	0.123	0.056	0.056	0.056	0.129	0.129	
0.150	0.150	0.150	0.150	0.150	0.150	0.150	0.150	0.170	0.190	0.190	0.190	0.190	0.190	0.190	0.190	0.190	0.190	0.190	0.190	0.190	0.123	0.056	0.056	0.056	0.056	0.129	0.202	
0.150	0.150	0.150	0.150	0.150	0.150	0.150	0.150	0.170	0.190	0.190	0.190	0.190	0.190	0.190	0.190	0.190	0.190	0.190	0.190	0.190	0.123	0.056	0.056	0.056	0.056	0.129	0.202	
0.150	0.150	0.150	0.150	0.150	0.150	0.150	0.150	0.170	0.190	0.190	0.190	0.190	0.190	0.190	0.190	0.190	0.190	0.190	0.190	0.123	0.123	0.056	0.056	0.056	0.129	0.129	0.202	
0.150	0.150	0.150	0.150	0.150	0.150	0.150	0.150	0.170	0.170	0.190	0.190	0.190	0.190	0.190	0.190	0.190	0.190	0.190	0.190	0.123	0.056	0.056	0.056	0.056	0.129	0.202	0.202	
0.150	0.150	0.150	0.150	0.150	0.150	0.150	0.150	0.150	0.185	0.190	0.190	0.190	0.190	0.190	0.190	0.190	0.190	0.190	0.190	0.123	0.056	0.056	0.056	0.129	0.129	0.202	0.202	
0.150	0.150	0.150	0.150	0.150	0.150	0.150	0.150	0.150	0.185	0.190	0.190	0.190	0.190	0.190	0.190	0.190	0.190	0.190	0.123	0.123	0.056	0.056	0.056	0.129	0.202	0.202	0.202	
0.150	0.150	0.150	0.150	0.150	0.150	0.150	0.150	0.150	0.185	0.202	0.190	0.190	0.190	0.190	0.190	0.190	0.190	0.190	0.123	0.056	0.056	0.056	0.056	0.129	0.202	0.202	0.202	
0.127	0.150	0.150	0.150	0.150	0.150	0.150	0.150	0.150	0.182	0.202	0.190	0.190	0.190	0.190	0.190	0.190	0.190	0.190	0.123	0.056	0.056	0.056	0.129	0.129	0.202	0.202	0.202	
0.127	0.127	0.150	0.150	0.150	0.150	0.150	0.150	0.150	0.182	0.202	0.190	0.190	0.190	0.190	0.190	0.190	0.190	0.123	0.123	0.056	0.056	0.056	0.129	0.202	0.202	0.202	0.202	
0.103	0.127	0.150	0.150	0.150	0.150	0.150	0.150	0.150	0.182	0.202	0.202	0.190	0.190	0.190	0.190	0.190	0.190	0.123	0.056	0.056	0.056	0.056	0.129	0.202	0.202	0.202	0.202	
0.103	0.127	0.127	0.150	0.150	0.150	0.150	0.150	0.150	0.182	0.214	0.202	0.190	0.190	0.190	0.190	0.190	0.190	0.123	0.056	0.056	0.056	0.129	0.129	0.202	0.202	0.202	0.202	
0.103	0.103	0.127	0.127	0.150	0.150	0.150	0.150	0.150	0.182	0.214	0.202	0.190	0.190	0.190	0.190	0.190	0.123	0.123	0.056	0.056	0.056	0.129	0.202	0.202	0.202	0.202	0.202	
0.103	0.103	0.103	0.127	0.150	0.150	0.150	0.150	0.150	0.182	0.182	0.202	0.202	0.190	0.190	0.190	0.190	0.123	0.056	0.056	0.056	0.129	0.129	0.202	0.202	0.202	0.202	0.202	
0.103	0.103	0.103	0.127	0.127	0.150	0.150	0.150	0.150	0.150	0.182	0.214	0.202	0.190	0.190	0.190	0.190	0.123	0.056	0.056	0.056	0.129	0.202	0.202	0.202	0.202	0.202	0.202	
0.103	0.103	0.103	0.103	0.127	0.127	0.150	0.150	0.150	0.150	0.182	0.214	0.202	0.190	0.190	0.190	0.123	0.123	0.056	0.056	0.056	0.129	0.202	0.202	0.202	0.202	0.202	0.202	
0.103	0.103	0.103	0.103	0.103	0.127	0.150	0.150	0.150	0.150	0.182	0.214	0.202	0.202	0.190	0.190	0.123	0.056	0.056	0.056	0.129	0.129	0.202	0.202	0.202	0.202	0.202	0.202	
0.077	0.103	0.103	0.103	0.103	0.127	0.127	0.150	0.150	0.150	0.182	0.214	0.214	0.202	0.190	0.190	0.123	0.056	0.056	0.056	0.129	0.202	0.202	0.202	0.202	0.202	0.202	0.202	
0.077	0.077	0.077	0.103	0.103	0.103	0.127	0.127	0.150	0.150	0.182	0.214	0.214	0.202	0.159	0.159	0.125	0.056	0.056	0.095	0.131	0.202	0.202	0.202	0.202	0.202	0.202	0.202	
0.050	0.050	0.077	0.077	0.103	0.103	0.103	0.127	0.150	0.150	0.148	0.146	0.142	0.167	0.159	0.127	0.094	0.078	0.095	0.095	0.168	0.202	0.202	0.202	0.202	0.202	0.202	0.126	
0.050	0.050	0.050	0.077	0.077	0.103	0.103	0.109	0.109	0.101	0.115	0.079	0.142	0.131	0.131	0.127	0.114	0.078	0.097	0.135	0.168	0.202	0.202	0.202	0.202	0.202	0.126	0.126	
0.050	0.050	0.050	0.050	0.077	0.077	0.077	0.076	0.075	0.077	0.077	0.079	0.098	0.135	0.129	0.117	0.117	0.100	0.105	0.107	0.135	0.163	0.163	0.163	0.126	0.126	0.126	0.050	
0.050	0.050	0.050	0.050	0.050	0.050	0.068	0.076	0.067	0.075	0.077	0.079	0.098	0.104	0.130	0.125	0.087	0.068	0.071	0.079	0.102	0.125	0.125	0.125	0.088	0.050	0.050	0.050	
0.050	0.050	0.050	0.050	0.050	0.050	0.050	0.050	0.062	0.075	0.077	0.051	0.079	0.102	0.102	0.080	0.080	0.035	0.055	0.079	0.085	0.088	0.080	0.070	0.088	0.050	0.050	0.050	
0.050	0.050	0.050	0.050	0.050	0.050	0.050	0.050	0.058	0.062	0.042	0.051	0.053	0.249	0.208	0.165	0.057	0.055	0.055	0.060	0.065	0.070	0.080	0.043	0.050	0.050	0.050	0.050	
0.050	0.050	0.050	0.050	0.050	0.050	0.050	0.050	0.050	0.050	0.042	0.000	0.166	0.166	0.419	0.249	0.079	0.065	0.050	0.050	0.050	0.043	0.035	0.043	0.050	0.050	0.050	0.050	
0.000	0.000	0.000	0.000	0.000	0.050	0.050	0.050	0.000	0.050	0.050	0.000	0.473	0.710	0.419	0.249	0.079	0.065	0.050	0.050	0.050	0.043	0.035	0.035	0.000	0.000	0.000	0.000	
0.000	0.000	0.000	0.000	0.000	0.000	0.000	0.000	0.000	0.000	0.000	0.000	1.001	0.710	0.710	0.710	0.000	0.000	0.000	0.000	0.000	0.000	0.000	0.000	0.000	0.000	0.000	0.000	
0.000	0.000	0.000	0.000	0.000	0.000	0.000	0.000	0.000	0.000	0.000	0.000	1.001	1.001	1.001	1.001	0.000	0.000	0.000	0.000	0.000	0.000	0.000	0.000	0.000	0.000	0.000	0.000	
0.000	0.000	0.000	0.000	0.000	0.000	0.000	0.000	0.000	0.000	0.000	0.000	1.001	1.001	1.001	1.001	0.000	0.000	0.000	0.000	0.000	0.000	0.000	0.000	0.000	0.000	0.000	0.000	
0.000	0.000	0.000	0.000	0.000	0.000	0.000	0.000	0.000	0.000	0.000	0.000	1.001	1.001	1.001	1.001	0.000	0.000	0.000	0.000	0.000	0.000	0.000	0.000	0.000	0.000	0.000	0.000	
