0.106	0.106	0.106	0.106	0.106	0.106	0.106	0.106	0.106	0.106	0.106	0.106	0.106	0.141	0.175	0.175	0.175	0.175	0.175	0.175	0.175	0.175	0.175	0.175	0.175	0.175	0.175	0.175	
0.106	0.106	0.106	0.106	0.106	0.106	0.106	0.106	0.106	0.106	0.106	0.106	0.106	0.141	0.175	0.175	0.175	0.175	0.175	0.175	0.175	0.175	0.175	0.175	0.175	0.175	0.175	0.175	
0.106	0.106	0.106	0.106	0.106	0.106	0.106	0.106	0.106	0.106	0.106	0.106	0.106	0.141	0.175	0.175	0.175	0.175	0.175	0.175	0.175	0.175	0.175	0.175	0.175	0.175	0.175	0.175	
0.106	0.106	0.106	0.106	0.106	0.106	0.106	0.106	0.106	0.106	0.106	0.106	0.106	0.141	0.175	0.175	0.175	0.175	0.175	0.175	0.175	0.175	0.175	0.175	0.175	0.175	0.175	0.175	
0.106	0.106	0.106	0.106	0.106	0.106	0.106	0.106	0.106	0.106	0.106	0.106	0.106	0.141	0.175	0.175	0.175	0.175	0.175	0.175	0.175	0.175	0.175	0.175	0.175	0.175	0.175	0.175	
0.106	0.106	0.106	0.106	0.106	0.106	0.106	0.106	0.106	0.106	0.106	0.106	0.106	0.141	0.175	0.175	0.175	0.175	0.175	0.175	0.175	0.175	0.175	0.175	0.175	0.175	0.175	0.175	
0.106	0.106	0.106	0.106	0.106	0.106	0.106	0.106	0.106	0.106	0.106	0.106	0.106	0.141	0.175	0.175	0.175	0.175	0.175	0.175	0.175	0.175	0.175	0.175	0.175	0.175	0.175	0.175	
0.106	0.106	0.106	0.106	0.106	0.106	0.106	0.106	0.106	0.106	0.106	0.106	0.106	0.141	0.175	0.175	0.175	0.175	0.175	0.175	0.175	0.175	0.175	0.175	0.175	0.175	0.175	0.175	
0.106	0.106	0.106	0.106	0.106	0.106	0.106	0.106	0.106	0.106	0.106	0.106	0.106	0.141	0.175	0.175	0.175	0.175	0.175	0.175	0.175	0.175	0.175	0.175	0.175	0.175	0.175	0.175	
0.106	0.106	0.106	0.106	0.106	0.106	0.106	0.106	0.106	0.106	0.106	0.106	0.106	0.141	0.175	0.175	0.175	0.175	0.175	0.175	0.175	0.175	0.175	0.175	0.175	0.175	0.175	0.175	
0.106	0.106	0.106	0.106	0.106	0.106	0.106	0.106	0.106	0.106	0.106	0.106	0.106	0.141	0.175	0.175	0.175	0.175	0.175	0.175	0.175	0.175	0.175	0.175	0.175	0.175	0.175	0.175	
0.106	0.106	0.106	0.106	0.106	0.106	0.106	0.106	0.106	0.106	0.106	0.106	0.106	0.141	0.175	0.175	0.175	0.175	0.175	0.175	0.175	0.175	0.175	0.175	0.175	0.175	0.175	0.175	
0.106	0.106	0.106	0.106	0.106	0.106	0.106	0.106	0.106	0.106	0.106	0.106	0.106	0.141	0.175	0.175	0.175	0.175	0.175	0.175	0.175	0.175	0.175	0.175	0.175	0.175	0.175	0.175	
0.106	0.106	0.106	0.106	0.106	0.106	0.106	0.106	0.106	0.106	0.106	0.106	0.106	0.141	0.175	0.175	0.175	0.175	0.175	0.175	0.175	0.175	0.175	0.175	0.175	0.175	0.175	0.175	
0.106	0.106	0.106	0.106	0.106	0.106	0.106	0.106	0.106	0.106	0.106	0.106	0.106	0.141	0.175	0.175	0.175	0.175	0.175	0.175	0.175	0.175	0.175	0.175	0.175	0.175	0.175	0.175	
0.106	0.106	0.106	0.106	0.106	0.106	0.106	0.106	0.106	0.106	0.106	0.106	0.106	0.141	0.175	0.175	0.175	0.175	0.175	0.175	0.175	0.175	0.175	0.175	0.175	0.175	0.175	0.175	
0.106	0.106	0.106	0.106	0.106	0.106	0.106	0.106	0.106	0.106	0.106	0.106	0.106	0.141	0.175	0.175	0.175	0.175	0.175	0.175	0.175	0.175	0.175	0.175	0.175	0.175	0.175	0.175	
0.106	0.106	0.106	0.106	0.106	0.106	0.106	0.106	0.106	0.106	0.106	0.106	0.106	0.141	0.175	0.175	0.175	0.175	0.175	0.175	0.175	0.175	0.175	0.175	0.175	0.175	0.175	0.175	
0.106	0.106	0.106	0.106	0.106	0.106	0.106	0.106	0.106	0.106	0.106	0.106	0.106	0.141	0.175	0.175	0.175	0.175	0.175	0.175	0.175	0.175	0.175	0.175	0.175	0.175	0.175	0.175	
0.106	0.106	0.106	0.106	0.106	0.106	0.106	0.106	0.106	0.106	0.106	0.106	0.106	0.141	0.175	0.175	0.175	0.175	0.175	0.175	0.175	0.175	0.175	0.175	0.175	0.175	0.175	0.175	
0.106	0.106	0.106	0.106	0.106	0.106	0.106	0.106	0.106	0.106	0.106	0.106	0.106	0.141	0.175	0.175	0.175	0.175	0.175	0.175	0.175	0.175	0.175	0.175	0.175	0.175	0.175	0.125	
0.106	0.106	0.106	0.106	0.106	0.106	0.106	0.106	0.106	0.106	0.106	0.106	0.106	0.141	0.175	0.175	0.175	0.175	0.175	0.175	0.175	0.175	0.175	0.175	0.175	0.175	0.175	0.125	
0.106	0.106	0.106	0.106	0.106	0.106	0.106	0.106	0.106	0.106	0.106	0.106	0.106	0.141	0.175	0.175	0.175	0.175	0.175	0.175	0.175	0.175	0.175	0.175	0.175	0.175	0.125	0.125	
0.106	0.106	0.106	0.106	0.106	0.106	0.106	0.106	0.106	0.106	0.106	0.106	0.106	0.141	0.175	0.175	0.175	0.175	0.175	0.175	0.175	0.175	0.175	0.175	0.175	0.175	0.125	0.075	
0.106	0.106	0.106	0.106	0.106	0.106	0.106	0.106	0.106	0.106	0.106	0.106	0.106	0.141	0.175	0.175	0.175	0.175	0.175	0.175	0.175	0.175	0.175	0.175	0.175	0.175	0.125	0.075	
0.106	0.106	0.106	0.106	0.106	0.106	0.106	0.106	0.106	0.106	0.106	0.106	0.106	0.141	0.175	0.175	0.175	0.175	0.175	0.175	0.175	0.175	0.175	0.175	0.175	0.125	0.125	0.075	
0.106	0.106	0.106	0.106	0.106	0.106	0.106	0.106	0.106	0.106	0.106	0.106	0.106	0.141	0.175	0.175	0.175	0.175	0.175	0.175	0.175	0.175	0.175	0.175	0.175	0.125	0.075	0.075	
0.106	0.106	0.106	0.106	0.106	0.106	0.106	0.106	0.106	0.106	0.106	0.106	0.106	0.141	0.175	0.175	0.175	0.175	0.175	0.175	0.175	0.175	0.175	0.175	0.125	0.125	0.075	0.075	
0.106	0.106	0.106	0.106	0.106	0.106	0.106	0.106	0.106	0.106	0.106	0.106	0.106	0.141	0.175	0.175	0.175	0.175	0.175	0.175	0.175	0.175	0.175	0.175	0.125	0.075	0.075	0.075	
0.106	0.106	0.106	0.106	0.106	0.106	0.106	0.106	0.106	0.106	0.106	0.106	0.106	0.141	0.175	0.175	0.175	0.175	0.175	0.175	0.175	0.175	0.175	0.175	0.125	0.075	0.075	0.075	
0.106	0.106	0.106	0.106	0.106	0.106	0.106	0.106	0.106	0.106	0.106	0.106	0.106	0.141	0.175	0.175	0.175	0.175	0.175	0.175	0.175	0.175	0.175	0.125	0.125	0.075	0.075	0.075	
0.106	0.106	0.106	0.106	0.106	0.106	0.106	0.106	0.106	0.106	0.106	0.106	0.106	0.141	0.175	0.175	0.175	0.175	0.175	0.175	0.175	0.175	0.175	0.125	0.075	0.075	0.075	0.075	
0.088	0.106	0.106	0.106	0.106	0.106	0.106	0.106	0.106	0.106	0.106	0.106	0.106	0.141	0.175	0.175	0.175	0.175	0.175	0.175	0.175	0.175	0.125	0.125	0.075	0.075	0.075	0.075	
0.088	0.088	0.106	0.106	0.106	0.106	0.106	0.106	0.106	0.106	0.106	0.106	0.106	0.141	0.175	0.175	0.175	0.175	0.175	0.175	0.175	0.175	0.125	0.075	0.075	0.075	0.075	0.075	
0.071	0.088	0.088	0.106	0.106	0.106	0.106	0.106	0.106	0.106	0.106	0.106	0.106	0.141	0.175	0.175	0.175	0.175	0.175	0.175	0.175	0.175	0.125	0.075	0.075	0.075	0.075	0.075	
0.071	0.071	0.088	0.106	0.106	0.106	0.106	0.106	0.106	0.106	0.106	0.106	0.106	0.141	0.175	0.175	0.175	0.175	0.175	0.175	0.175	0.125	0.125	0.075	0.075	0.075	0.075	0.075	
0.071	0.071	0.088	0.088	0.106	0.106	0.106	0.106	0.106	0.106	0.106	0.106	0.106	0.141	0.175	0.175	0.175	0.175	0.175	0.175	0.175	0.125	0.075	0.075	0.075	0.075	0.075	0.075	
0.071	0.071	0.071	0.088	0.088	0.106	0.106	0.106	0.106	0.106	0.106	0.106	0.106	0.141	0.175	0.175	0.175	0.175	0.175	0.175	0.125	0.125	0.075	0.075	0.075	0.075	0.075	0.075	
0.071	0.071	0.071	0.071	0.088	0.088	0.106	0.106	0.106	0.106	0.106	0.106	0.116	0.135	0.175	0.175	0.175	0.175	0.175	0.175	0.125	0.075	0.075	0.075	0.075	0.075	0.075	0.075	
0.071	0.071	0.071	0.071	0.071	0.088	0.106	0.106	0.106	0.106	0.106	0.106	0.116	0.150	0.175	0.175	0.175	0.175	0.175	0.175	0.125	0.075	0.075	0.075	0.075	0.075	0.075	0.075	
0.063	0.071	0.071	0.071	0.071	0.088	0.088	0.106	0.106	0.106	0.106	0.106	0.116	0.150	0.175	0.175	0.175	0.175	0.175	0.125	0.125	0.075	0.075	0.075	0.075	0.075	0.075	0.050	
0.063	0.063	0.063	0.071	0.071	0.071	0.088	0.088	0.106	0.106	0.106	0.116	0.116	0.161	0.161	0.175	0.175	0.175	0.175	0.125	0.075	0.075	0.075	0.075	0.075	0.075	0.050	0.050	
0.056	0.056	0.063	0.063	0.071	0.071	0.071	0.088	0.088	0.106	0.106	0.116	0.125	0.154	0.179	0.179	0.175	0.175	0.110	0.125	0.075	0.075	0.075	0.075	0.050	0.050	0.050	0.025	
0.056	0.056	0.056	0.063	0.063	0.071	0.071	0.071	0.088	0.106	0.116	0.116	0.125	0.154	0.182	0.179	0.175	0.127	0.110	0.077	0.075	0.075	0.075	0.050	0.050	0.025	0.025	0.025	
0.056	0.056	0.056	0.056	0.063	0.063	0.071	0.071	0.089	0.089	0.107	0.108	0.125	0.154	0.182	0.153	0.135	0.127	0.079	0.077	0.075	0.075	0.050	0.050	0.025	0.025	0.025	0.025	
0.046	0.046	0.056	0.056	0.056	0.063	0.063	0.075	0.080	0.090	0.090	0.090	0.090	0.141	0.162	0.143	0.091	0.091	0.079	0.060	0.050	0.050	0.050	0.025	0.025	0.025	0.038	0.038	
0.035	0.046	0.046	0.046	0.056	0.056	0.063	0.069	0.085	0.094	0.086	0.086	0.056	0.129	0.152	0.152	0.052	0.061	0.035	0.052	0.050	0.042	0.025	0.025	0.038	0.038	0.038	0.050	
0.035	0.035	0.035	0.046	0.046	0.046	0.053	0.053	0.079	0.082	0.112	0.098	0.124	0.128	0.202	0.136	0.069	0.000	0.025	0.038	0.038	0.033	0.038	0.038	0.038	0.050	0.050	0.050	
0.035	0.035	0.035	0.035	0.035	0.039	0.040	0.052	0.053	0.082	0.084	0.120	0.127	0.270	0.341	0.262	0.052	0.051	0.025	0.042	0.038	0.038	0.042	0.050	0.050	0.050	0.050	0.050	
0.035	0.035	0.035	0.035	0.035	0.030	0.025	0.025	0.040	0.056	0.098	0.120	0.127	0.304	0.481	0.292	0.103	0.077	0.050	0.050	0.050	0.050	0.050	0.050	0.050	0.050	0.050	0.050	
0.035	0.035	0.035	0.035	0.035	0.030	0.025	0.025	0.056	0.056	0.092	0.127	0.127	0.304	0.481	0.292	0.103	0.077	0.050	0.050	0.050	0.050	0.050	0.050	0.050	0.050	0.050	0.050	
0.000	0.000	0.000	0.000	0.000	0.000	0.000	0.000	0.000	0.000	0.000	0.000	0.577	0.545	0.754	0.754	0.000	0.000	0.000	0.000	0.000	0.000	0.000	0.000	0.000	0.000	0.000	0.000	
0.000	0.000	0.000	0.000	0.000	0.000	0.000	0.000	0.000	0.000	0.000	0.000	1.026	1.026	1.026	1.026	0.000	0.000	0.000	0.000	0.000	0.000	0.000	0.000	0.000	0.000	0.000	0.000	
0.000	0.000	0.000	0.000	0.000	0.000	0.000	0.000	0.000	0.000	0.000	0.000	1.026	1.026	1.026	1.026	0.000	0.000	0.000	0.000	0.000	0.000	0.000	0.000	0.000	0.000	0.000	0.000	
0.000	0.000	0.000	0.000	0.000	0.000	0.000	0.000	0.000	0.000	0.000	0.000	1.026	1.026	1.026	1.026	0.000	0.000	0.000	0.000	0.000	0.000	0.000	0.000	0.000	0.000	0.000	0.000	
