0.995	0.995	0.995	0.873	0.752	0.752	0.752	0.752	0.752	0.752	0.752	0.752	0.752	0.752	0.826	0.900	0.900	0.900	0.900	0.940	0.980	0.980	0.980	0.980	0.980	0.980	0.980	0.980	
0.995	0.995	0.995	0.873	0.752	0.752	0.752	0.752	0.752	0.752	0.752	0.752	0.752	0.826	0.826	0.900	0.900	0.900	0.900	0.940	0.980	0.980	0.980	0.980	0.980	0.980	0.980	0.980	
0.995	0.995	0.995	0.873	0.873	0.752	0.752	0.752	0.752	0.752	0.752	0.752	0.752	0.826	0.900	0.900	0.900	0.900	0.900	0.940	0.980	0.980	0.980	0.980	0.980	0.980	0.980	0.980	
0.995	0.995	0.995	0.995	0.873	0.752	0.752	0.752	0.752	0.752	0.752	0.752	0.752	0.826	0.900	0.900	0.900	0.900	0.900	0.940	0.980	0.980	0.980	0.980	0.980	0.980	0.980	0.980	
0.995	0.995	0.995	0.995	0.873	0.873	0.752	0.752	0.752	0.752	0.752	0.752	0.826	0.826	0.900	0.900	0.900	0.900	0.940	0.940	0.980	0.980	0.980	0.980	0.980	0.980	0.980	0.980	
0.995	0.995	0.995	0.995	0.995	0.873	0.752	0.752	0.752	0.752	0.752	0.752	0.826	0.900	0.900	0.900	0.900	0.900	0.940	0.980	0.980	0.980	0.980	0.980	0.980	0.980	0.980	0.980	
0.995	0.995	0.995	0.995	0.995	0.873	0.752	0.752	0.752	0.752	0.752	0.752	0.826	0.900	0.900	0.900	0.900	0.900	0.874	0.980	0.980	0.980	0.980	0.980	0.980	0.980	0.980	0.980	
0.995	0.995	0.995	0.995	0.995	0.873	0.869	0.752	0.752	0.752	0.752	0.752	0.826	0.900	0.900	0.900	0.900	0.820	0.874	0.860	0.980	0.980	0.980	0.980	0.980	0.980	0.980	0.980	
0.995	0.995	0.995	0.995	0.995	0.927	0.869	0.805	0.752	0.752	0.752	0.826	0.826	0.900	0.900	0.900	0.900	0.820	0.740	0.860	0.980	0.980	0.980	0.980	0.980	0.980	0.980	0.980	
0.995	0.995	0.995	0.995	0.995	0.927	0.859	0.805	0.805	0.805	0.752	0.826	0.900	0.900	0.900	0.900	0.900	0.820	0.740	0.860	0.860	0.980	0.980	0.980	0.980	0.980	0.980	0.980	
0.995	0.995	0.995	0.995	0.995	0.927	0.859	0.859	0.859	0.805	0.837	0.851	0.901	0.900	0.900	0.900	0.820	0.740	0.740	0.740	0.860	0.860	0.980	0.980	0.980	0.980	0.980	0.980	
0.995	0.995	0.995	0.995	0.995	0.927	0.859	0.859	0.859	0.880	0.880	0.901	0.901	0.901	0.900	0.950	0.880	0.740	0.740	0.740	0.740	0.860	0.980	0.980	0.980	0.980	0.980	0.980	
0.995	0.995	0.995	0.995	0.995	0.927	0.859	0.859	0.859	0.880	0.901	0.901	0.901	0.934	0.934	0.950	0.870	0.740	0.740	0.740	0.740	0.860	0.860	0.980	0.980	0.980	0.980	0.980	
0.995	0.995	0.995	0.995	0.995	0.927	0.859	0.859	0.880	0.880	0.901	0.901	0.901	0.951	1.000	1.000	0.870	0.870	0.740	0.740	0.740	0.863	0.902	0.983	0.983	0.983	0.983	0.983	
0.937	0.937	0.937	0.937	0.911	0.891	0.845	0.845	0.864	0.866	0.901	0.901	0.951	0.951	1.000	1.000	1.000	0.842	0.763	0.763	0.837	0.863	0.986	0.986	0.986	0.986	0.986	0.986	
0.879	0.879	0.879	0.879	0.879	0.855	0.831	0.831	0.831	0.866	0.866	0.866	0.951	1.000	1.000	1.000	0.893	0.893	0.785	0.785	0.886	0.986	0.986	0.986	0.986	0.986	0.986	0.986	
0.879	0.879	0.879	0.879	0.879	0.855	0.831	0.831	0.831	0.831	0.831	0.903	0.959	0.988	1.000	1.000	0.893	0.785	0.785	0.785	0.886	0.986	0.986	0.986	0.986	0.986	0.986	0.986	
0.879	0.879	0.879	0.879	0.879	0.855	0.855	0.831	0.831	0.831	0.904	0.904	0.976	0.988	0.988	0.920	0.893	0.785	0.785	0.785	0.886	0.986	0.986	0.986	0.986	0.986	0.986	0.986	
0.879	0.879	0.879	0.879	0.879	0.945	0.907	0.921	0.831	0.831	0.904	0.976	0.976	0.976	0.976	0.920	0.785	0.785	0.785	0.785	0.886	0.986	0.986	0.986	0.986	0.986	0.986	0.986	
0.879	0.879	0.879	0.879	0.945	0.945	1.011	0.921	0.915	0.904	0.904	0.976	0.976	0.976	0.976	0.887	0.887	0.843	0.843	0.843	0.891	0.986	0.815	0.815	0.815	0.815	0.815	0.815	
0.879	0.879	0.879	0.945	0.945	1.011	1.011	1.011	0.957	0.940	0.940	0.976	0.976	0.976	0.914	0.909	0.900	0.900	0.900	0.900	0.843	0.815	0.815	0.643	0.643	0.643	0.643	0.643	
0.907	0.907	0.907	0.942	0.973	1.011	1.011	0.957	0.957	0.903	0.940	0.940	0.914	0.914	0.914	0.876	0.876	0.900	0.900	0.900	0.772	0.643	0.643	0.643	0.643	0.643	0.643	0.643	
0.934	0.934	0.934	0.934	0.973	0.973	1.011	0.957	0.903	0.903	0.903	0.960	0.933	0.851	0.851	0.851	0.876	0.900	0.900	0.900	0.772	0.643	0.643	0.643	0.643	0.643	0.643	0.643	
0.934	0.934	0.934	0.934	0.934	0.973	0.950	0.957	0.903	0.903	0.952	0.952	0.926	0.926	0.851	0.851	0.876	0.900	0.900	0.900	0.772	0.643	0.643	0.643	0.643	0.643	0.643	0.643	
0.934	0.934	0.934	0.934	0.934	0.934	0.919	0.903	0.903	0.952	0.952	1.001	1.001	0.926	0.851	0.851	0.876	0.876	0.900	0.772	0.772	0.643	0.643	0.643	0.643	0.643	0.643	0.643	
0.934	0.934	0.934	0.934	0.934	0.934	0.853	0.885	0.962	0.962	1.001	1.001	1.001	0.926	0.926	0.851	0.931	0.921	0.956	0.818	0.679	0.679	0.679	0.679	0.643	0.643	0.643	0.643	
0.934	0.934	0.934	0.934	0.828	0.828	0.828	0.852	0.982	0.992	0.992	1.001	1.001	0.978	0.936	0.939	0.931	1.011	1.011	0.864	0.716	0.716	0.716	0.679	0.679	0.679	0.679	0.679	
0.967	0.967	0.967	0.967	0.885	0.722	0.722	0.852	0.852	0.982	0.992	0.992	0.980	0.978	0.955	0.983	1.011	1.011	1.011	0.864	0.716	0.716	0.716	0.716	0.716	0.716	0.864	0.791	
1.001	1.001	1.001	1.001	0.861	0.861	0.722	0.722	0.852	0.982	0.982	0.982	0.969	0.955	0.955	0.983	0.983	1.011	1.011	0.864	0.716	0.716	0.716	0.864	0.864	0.864	0.864	1.013	
1.001	1.001	1.001	1.001	1.001	0.861	0.722	0.722	0.852	0.982	0.982	0.982	0.969	0.955	0.955	0.955	0.983	1.011	1.011	0.864	0.716	0.864	0.864	0.864	1.013	1.013	1.013	1.013	
1.001	1.001	1.001	1.001	1.001	0.861	0.722	0.722	0.852	0.982	0.982	0.969	0.969	0.955	0.955	0.955	0.983	1.011	0.905	0.842	0.757	0.843	1.013	1.013	1.013	1.013	1.013	1.013	
1.001	1.001	1.001	1.001	1.001	0.861	0.692	0.692	0.789	0.822	0.822	0.858	0.893	0.955	0.955	0.955	0.922	0.922	0.905	0.799	0.799	0.906	1.013	1.013	1.013	1.013	1.013	1.013	
1.001	1.001	1.001	1.001	1.001	0.816	0.795	0.662	0.662	0.662	0.662	0.746	0.893	0.930	0.979	0.979	0.919	0.799	0.799	0.799	0.799	0.906	1.013	1.013	1.013	1.013	1.013	1.013	
1.001	1.001	1.001	0.940	0.940	0.847	0.771	0.662	0.662	0.662	0.746	0.746	0.831	0.917	1.003	1.003	0.901	0.901	0.799	0.799	0.799	0.906	0.906	1.013	1.013	1.013	1.013	1.013	
1.001	0.940	0.940	0.940	0.879	0.879	0.771	0.771	0.662	0.662	0.746	0.831	0.831	0.917	1.003	1.003	1.003	0.864	0.794	0.799	0.799	0.799	0.906	1.013	1.013	1.013	1.013	1.013	
0.940	0.940	0.879	0.879	0.879	0.879	0.879	0.771	0.771	0.746	0.746	0.831	0.831	0.917	1.003	1.003	1.003	0.896	0.794	0.794	0.794	0.799	0.906	1.013	1.013	1.013	1.013	1.013	
0.879	0.879	0.879	0.879	0.879	0.879	0.879	0.879	0.682	0.666	0.669	0.831	0.831	0.917	1.003	1.003	0.896	0.896	0.789	0.789	0.794	0.794	0.867	0.867	1.013	1.013	1.013	1.013	
0.879	0.879	0.879	0.879	0.879	0.879	0.879	0.693	0.693	0.506	0.669	0.669	0.669	0.917	1.003	0.896	0.896	0.789	0.789	0.789	0.789	0.789	0.789	0.867	0.901	1.013	1.013	1.013	
0.879	0.879	0.879	0.879	0.879	0.879	0.693	0.693	0.506	0.506	0.506	0.478	0.596	0.762	0.748	0.896	0.789	0.789	0.789	0.789	0.789	0.789	0.789	0.789	0.901	0.901	1.013	1.013	
0.879	0.879	0.879	0.646	0.646	0.646	0.599	0.459	0.459	0.506	0.478	0.478	0.451	0.451	0.620	0.620	0.789	0.789	0.789	0.789	0.789	0.789	0.789	0.789	0.789	0.901	0.901	1.013	
0.646	0.646	0.646	0.646	0.412	0.412	0.412	0.412	0.459	0.459	0.456	0.451	0.451	0.451	0.515	0.607	0.685	0.685	0.685	0.685	0.789	0.789	0.789	0.789	0.789	0.789	0.701	0.701	
0.646	0.412	0.412	0.412	0.412	0.412	0.412	0.412	0.412	0.412	0.399	0.451	0.451	0.376	0.444	0.580	0.580	0.580	0.580	0.685	0.685	0.685	0.685	0.556	0.545	0.545	0.545	0.300	
0.443	0.443	0.443	0.443	0.443	0.412	0.412	0.412	0.412	0.373	0.399	0.392	0.362	0.376	0.440	0.440	0.580	0.580	0.580	0.580	0.580	0.580	0.440	0.556	0.300	0.300	0.300	0.300	
0.474	0.474	0.474	0.474	0.443	0.443	0.443	0.443	0.443	0.407	0.334	0.334	0.317	0.301	0.301	0.440	0.580	0.580	0.580	0.580	0.580	0.440	0.440	0.300	0.300	0.300	0.300	0.300	
0.474	0.474	0.474	0.474	0.474	0.474	0.474	0.474	0.474	0.404	0.334	0.334	0.317	0.301	0.301	0.440	0.580	0.580	0.580	0.409	0.409	0.372	0.300	0.300	0.300	0.300	0.300	0.300	
0.474	0.474	0.474	0.474	0.474	0.474	0.474	0.474	0.474	0.334	0.264	0.285	0.320	0.313	0.313	0.373	0.373	0.409	0.409	0.409	0.254	0.269	0.300	0.300	0.300	0.300	0.300	0.300	
0.474	0.474	0.474	0.474	0.474	0.474	0.474	0.474	0.335	0.335	0.195	0.261	0.326	0.326	0.326	0.288	0.237	0.237	0.237	0.231	0.254	0.300	0.300	0.300	0.300	0.300	0.300	0.300	
0.474	0.474	0.474	0.474	0.337	0.337	0.337	0.337	0.290	0.198	0.195	0.249	0.275	0.326	0.306	0.283	0.261	0.237	0.231	0.231	0.262	0.300	0.300	0.300	0.300	0.300	0.300	0.300	
0.337	0.337	0.337	0.337	0.337	0.200	0.200	0.200	0.200	0.198	0.207	0.210	0.275	0.279	0.306	0.285	0.261	0.231	0.231	0.225	0.262	0.300	0.300	0.300	0.300	0.300	0.300	0.300	
0.200	0.200	0.200	0.200	0.200	0.200	0.200	0.200	0.200	0.200	0.213	0.225	0.225	0.504	0.285	0.285	0.261	0.249	0.225	0.225	0.262	0.262	0.300	0.300	0.300	0.300	0.300	0.300	
0.000	0.000	0.000	0.000	0.000	0.000	0.000	0.000	0.000	0.000	0.000	0.000	0.614	0.504	0.644	0.644	0.000	0.225	0.225	0.225	0.225	0.000	0.000	0.000	0.000	0.000	0.000	0.000	
0.000	0.000	0.000	0.000	0.000	0.000	0.000	0.000	0.000	0.000	0.000	0.000	1.003	1.003	1.003	1.003	0.000	0.000	0.000	0.000	0.000	0.000	0.000	0.000	0.000	0.000	0.000	0.000	
0.000	0.000	0.000	0.000	0.000	0.000	0.000	0.000	0.000	0.000	0.000	0.000	1.003	1.003	1.003	1.003	0.000	0.000	0.000	0.000	0.000	0.000	0.000	0.000	0.000	0.000	0.000	0.000	
0.000	0.000	0.000	0.000	0.000	0.000	0.000	0.000	0.000	0.000	0.000	0.000	1.003	1.003	1.003	1.003	0.000	0.000	0.000	0.000	0.000	0.000	0.000	0.000	0.000	0.000	0.000	0.000	
0.000	0.000	0.000	0.000	0.000	0.000	0.000	0.000	0.000	0.000	0.000	0.000	1.003	1.003	1.003	1.003	0.000	0.000	0.000	0.000	0.000	0.000	0.000	0.000	0.000	0.000	0.000	0.000	
