0.160	0.160	0.160	0.160	0.178	0.195	0.195	0.195	0.195	0.195	0.195	0.195	0.195	0.195	0.195	0.195	0.195	0.195	0.195	0.195	0.195	0.195	0.165	0.135	0.135	0.135	0.135	0.135	
0.160	0.160	0.160	0.160	0.178	0.178	0.195	0.195	0.195	0.195	0.195	0.195	0.195	0.195	0.195	0.195	0.195	0.195	0.195	0.195	0.195	0.195	0.165	0.135	0.135	0.135	0.135	0.135	
0.160	0.160	0.160	0.160	0.160	0.178	0.195	0.195	0.195	0.195	0.195	0.195	0.195	0.195	0.195	0.195	0.195	0.195	0.195	0.195	0.195	0.195	0.165	0.135	0.135	0.135	0.135	0.135	
0.160	0.160	0.160	0.160	0.160	0.178	0.195	0.195	0.195	0.195	0.195	0.195	0.195	0.195	0.195	0.195	0.195	0.195	0.195	0.195	0.195	0.195	0.165	0.135	0.135	0.135	0.135	0.135	
0.160	0.160	0.160	0.160	0.160	0.178	0.195	0.195	0.195	0.195	0.195	0.195	0.195	0.195	0.195	0.195	0.195	0.195	0.195	0.195	0.195	0.165	0.165	0.135	0.135	0.135	0.135	0.135	
0.160	0.160	0.160	0.160	0.160	0.178	0.195	0.195	0.195	0.195	0.195	0.195	0.195	0.195	0.195	0.195	0.195	0.195	0.195	0.195	0.195	0.165	0.135	0.135	0.135	0.135	0.135	0.135	
0.160	0.160	0.160	0.160	0.160	0.178	0.195	0.195	0.195	0.195	0.195	0.195	0.195	0.195	0.195	0.195	0.195	0.195	0.195	0.195	0.195	0.165	0.135	0.135	0.135	0.135	0.135	0.135	
0.160	0.160	0.160	0.160	0.160	0.178	0.178	0.195	0.195	0.195	0.195	0.195	0.195	0.195	0.195	0.195	0.195	0.195	0.195	0.195	0.195	0.165	0.135	0.135	0.135	0.135	0.135	0.135	
0.160	0.160	0.160	0.160	0.160	0.160	0.178	0.195	0.195	0.195	0.195	0.195	0.195	0.195	0.195	0.195	0.195	0.195	0.195	0.195	0.195	0.165	0.135	0.135	0.135	0.135	0.135	0.135	
0.160	0.160	0.160	0.160	0.160	0.160	0.178	0.195	0.195	0.195	0.195	0.195	0.195	0.195	0.195	0.195	0.195	0.195	0.195	0.195	0.195	0.165	0.135	0.135	0.135	0.135	0.135	0.135	
0.160	0.160	0.160	0.160	0.160	0.160	0.178	0.195	0.195	0.195	0.195	0.195	0.195	0.195	0.195	0.195	0.195	0.195	0.195	0.195	0.195	0.165	0.135	0.135	0.135	0.135	0.135	0.135	
0.160	0.160	0.160	0.160	0.160	0.160	0.178	0.195	0.195	0.195	0.195	0.195	0.195	0.195	0.195	0.195	0.195	0.195	0.195	0.195	0.165	0.165	0.135	0.135	0.135	0.135	0.135	0.135	
0.160	0.160	0.160	0.160	0.160	0.160	0.178	0.178	0.195	0.195	0.195	0.195	0.195	0.195	0.195	0.195	0.195	0.195	0.195	0.195	0.165	0.135	0.135	0.135	0.135	0.135	0.135	0.135	
0.160	0.160	0.160	0.160	0.160	0.160	0.160	0.178	0.195	0.195	0.195	0.195	0.195	0.195	0.195	0.195	0.195	0.195	0.195	0.195	0.165	0.135	0.135	0.135	0.135	0.135	0.135	0.135	
0.160	0.160	0.160	0.160	0.160	0.160	0.160	0.178	0.195	0.195	0.195	0.195	0.195	0.195	0.195	0.195	0.195	0.195	0.195	0.195	0.165	0.135	0.135	0.135	0.135	0.135	0.135	0.135	
0.160	0.160	0.160	0.160	0.160	0.160	0.160	0.178	0.195	0.195	0.195	0.195	0.195	0.195	0.195	0.195	0.195	0.195	0.195	0.195	0.165	0.135	0.135	0.135	0.135	0.135	0.135	0.135	
0.160	0.160	0.160	0.160	0.160	0.160	0.160	0.178	0.195	0.195	0.195	0.195	0.195	0.195	0.195	0.195	0.195	0.195	0.195	0.195	0.165	0.135	0.135	0.135	0.135	0.135	0.135	0.135	
0.160	0.160	0.160	0.160	0.160	0.160	0.160	0.178	0.178	0.195	0.195	0.195	0.195	0.195	0.195	0.195	0.195	0.195	0.195	0.195	0.165	0.135	0.135	0.135	0.135	0.135	0.135	0.135	
0.160	0.160	0.160	0.160	0.160	0.160	0.160	0.160	0.178	0.195	0.195	0.195	0.195	0.195	0.195	0.195	0.195	0.195	0.195	0.165	0.165	0.135	0.135	0.135	0.135	0.135	0.135	0.135	
0.160	0.160	0.160	0.160	0.160	0.160	0.160	0.160	0.178	0.195	0.195	0.195	0.195	0.195	0.195	0.195	0.195	0.195	0.195	0.165	0.135	0.135	0.135	0.135	0.135	0.135	0.135	0.135	
0.160	0.160	0.160	0.160	0.160	0.160	0.160	0.160	0.178	0.195	0.195	0.195	0.195	0.195	0.195	0.195	0.195	0.195	0.195	0.165	0.135	0.135	0.135	0.135	0.135	0.135	0.135	0.135	
0.160	0.160	0.160	0.160	0.160	0.160	0.160	0.160	0.178	0.195	0.195	0.195	0.195	0.195	0.195	0.195	0.195	0.195	0.195	0.165	0.135	0.135	0.135	0.135	0.135	0.135	0.135	0.135	
0.160	0.160	0.160	0.160	0.160	0.160	0.160	0.160	0.178	0.195	0.195	0.195	0.195	0.195	0.195	0.195	0.195	0.195	0.195	0.165	0.135	0.135	0.135	0.135	0.135	0.135	0.135	0.135	
0.160	0.160	0.160	0.160	0.160	0.160	0.160	0.160	0.178	0.178	0.195	0.195	0.195	0.195	0.195	0.195	0.195	0.195	0.195	0.165	0.135	0.135	0.135	0.135	0.135	0.135	0.135	0.135	
0.160	0.160	0.160	0.160	0.160	0.160	0.160	0.160	0.160	0.178	0.195	0.195	0.195	0.195	0.195	0.195	0.195	0.195	0.195	0.165	0.135	0.135	0.135	0.135	0.135	0.135	0.135	0.135	
0.160	0.160	0.160	0.160	0.160	0.160	0.160	0.160	0.160	0.178	0.195	0.195	0.195	0.195	0.195	0.195	0.195	0.195	0.165	0.165	0.135	0.135	0.135	0.135	0.135	0.135	0.135	0.135	
0.160	0.160	0.160	0.160	0.160	0.160	0.160	0.160	0.160	0.178	0.195	0.195	0.195	0.195	0.195	0.195	0.195	0.195	0.165	0.135	0.135	0.135	0.135	0.135	0.135	0.135	0.135	0.135	
0.160	0.160	0.160	0.160	0.160	0.160	0.160	0.160	0.160	0.178	0.195	0.195	0.195	0.195	0.195	0.195	0.195	0.195	0.165	0.135	0.135	0.135	0.135	0.135	0.135	0.135	0.135	0.135	
0.160	0.160	0.160	0.160	0.160	0.160	0.160	0.160	0.160	0.178	0.178	0.195	0.195	0.195	0.195	0.195	0.195	0.195	0.165	0.135	0.135	0.135	0.135	0.135	0.135	0.135	0.135	0.135	
0.160	0.160	0.160	0.160	0.160	0.160	0.160	0.160	0.160	0.160	0.178	0.195	0.195	0.195	0.195	0.195	0.195	0.195	0.165	0.135	0.135	0.135	0.135	0.135	0.135	0.135	0.135	0.135	
0.160	0.160	0.160	0.160	0.160	0.160	0.160	0.160	0.160	0.160	0.178	0.195	0.195	0.195	0.195	0.195	0.195	0.195	0.165	0.135	0.135	0.135	0.135	0.135	0.135	0.135	0.135	0.135	
0.160	0.160	0.160	0.160	0.160	0.160	0.160	0.160	0.160	0.160	0.178	0.195	0.195	0.195	0.195	0.195	0.195	0.195	0.165	0.135	0.135	0.135	0.135	0.135	0.135	0.135	0.135	0.135	
0.132	0.160	0.160	0.160	0.160	0.160	0.160	0.160	0.160	0.160	0.178	0.195	0.195	0.195	0.195	0.195	0.195	0.165	0.165	0.135	0.135	0.135	0.135	0.135	0.135	0.135	0.135	0.135	
0.132	0.160	0.160	0.160	0.160	0.160	0.160	0.160	0.160	0.160	0.178	0.178	0.195	0.195	0.195	0.195	0.195	0.165	0.135	0.135	0.135	0.135	0.135	0.135	0.135	0.135	0.135	0.155	
0.156	0.132	0.160	0.160	0.160	0.160	0.160	0.160	0.160	0.160	0.160	0.178	0.195	0.195	0.195	0.195	0.195	0.165	0.135	0.135	0.135	0.135	0.135	0.135	0.135	0.135	0.155	0.155	
0.155	0.132	0.132	0.160	0.160	0.160	0.160	0.160	0.160	0.160	0.160	0.178	0.195	0.195	0.195	0.195	0.195	0.165	0.135	0.135	0.135	0.135	0.135	0.135	0.135	0.135	0.155	0.175	
0.155	0.155	0.132	0.132	0.160	0.160	0.160	0.160	0.160	0.160	0.160	0.178	0.195	0.195	0.195	0.195	0.195	0.165	0.135	0.135	0.135	0.135	0.135	0.135	0.135	0.155	0.155	0.175	
0.206	0.155	0.103	0.132	0.132	0.160	0.160	0.160	0.160	0.160	0.160	0.178	0.195	0.195	0.195	0.195	0.195	0.165	0.135	0.135	0.135	0.135	0.135	0.135	0.135	0.155	0.175	0.175	
0.206	0.155	0.155	0.103	0.132	0.160	0.160	0.160	0.160	0.160	0.160	0.178	0.195	0.195	0.195	0.195	0.195	0.165	0.135	0.135	0.135	0.135	0.135	0.135	0.155	0.155	0.175	0.175	
0.206	0.206	0.155	0.155	0.132	0.132	0.160	0.160	0.160	0.160	0.160	0.178	0.178	0.195	0.195	0.195	0.165	0.165	0.135	0.135	0.135	0.135	0.135	0.155	0.155	0.175	0.175	0.175	
0.206	0.206	0.206	0.155	0.103	0.132	0.132	0.160	0.160	0.160	0.160	0.160	0.178	0.195	0.195	0.195	0.165	0.135	0.135	0.135	0.135	0.135	0.135	0.155	0.175	0.175	0.175	0.175	
0.206	0.206	0.206	0.155	0.155	0.103	0.132	0.132	0.160	0.160	0.160	0.160	0.178	0.195	0.195	0.195	0.165	0.135	0.135	0.135	0.135	0.135	0.155	0.155	0.175	0.175	0.175	0.175	
0.206	0.206	0.206	0.206	0.155	0.103	0.103	0.132	0.160	0.160	0.160	0.160	0.178	0.195	0.195	0.195	0.165	0.135	0.135	0.135	0.135	0.135	0.155	0.175	0.175	0.175	0.175	0.175	
0.206	0.206	0.206	0.206	0.155	0.155	0.103	0.132	0.132	0.160	0.160	0.160	0.178	0.195	0.195	0.195	0.165	0.135	0.135	0.135	0.135	0.128	0.155	0.175	0.175	0.175	0.175	0.175	
0.206	0.206	0.206	0.206	0.206	0.155	0.103	0.103	0.132	0.132	0.160	0.160	0.174	0.181	0.195	0.195	0.165	0.135	0.135	0.105	0.105	0.128	0.175	0.175	0.175	0.175	0.175	0.175	
0.206	0.206	0.206	0.206	0.206	0.155	0.155	0.103	0.103	0.132	0.132	0.160	0.164	0.181	0.181	0.171	0.160	0.142	0.105	0.105	0.075	0.125	0.175	0.175	0.175	0.175	0.175	0.175	
0.206	0.206	0.206	0.206	0.206	0.206	0.155	0.103	0.103	0.103	0.159	0.181	0.181	0.168	0.159	0.171	0.150	0.120	0.105	0.075	0.125	0.125	0.175	0.175	0.175	0.175	0.175	0.175	
0.206	0.206	0.206	0.206	0.206	0.206	0.129	0.129	0.091	0.102	0.139	0.215	0.311	0.311	0.289	0.267	0.127	0.108	0.087	0.112	0.133	0.162	0.175	0.175	0.175	0.175	0.175	0.175	
0.206	0.206	0.206	0.206	0.206	0.206	0.143	0.079	0.091	0.094	0.158	0.158	0.382	0.549	0.549	0.326	0.127	0.118	0.087	0.108	0.150	0.162	0.175	0.175	0.175	0.175	0.175	0.175	
0.206	0.206	0.206	0.206	0.206	0.206	0.143	0.079	0.079	0.090	0.100	0.158	0.405	0.653	0.470	0.326	0.103	0.102	0.100	0.125	0.150	0.162	0.162	0.175	0.175	0.175	0.175	0.175	
0.206	0.206	0.206	0.206	0.206	0.206	0.206	0.000	0.000	0.000	0.000	0.000	0.428	0.757	0.430	0.430	0.103	0.102	0.100	0.125	0.150	0.150	0.150	0.000	0.000	0.000	0.000	0.000	
0.000	0.000	0.000	0.000	0.000	0.000	0.000	0.000	0.000	0.000	0.000	0.000	0.757	0.757	0.757	0.757	0.000	0.000	0.000	0.000	0.000	0.000	0.000	0.000	0.000	0.000	0.000	0.000	
0.000	0.000	0.000	0.000	0.000	0.000	0.000	0.000	0.000	0.000	0.000	0.000	0.878	0.878	0.878	0.878	0.000	0.000	0.000	0.000	0.000	0.000	0.000	0.000	0.000	0.000	0.000	0.000	
0.000	0.000	0.000	0.000	0.000	0.000	0.000	0.000	0.000	0.000	0.000	0.000	1.000	1.000	1.000	1.000	0.000	0.000	0.000	0.000	0.000	0.000	0.000	0.000	0.000	0.000	0.000	0.000	
0.000	0.000	0.000	0.000	0.000	0.000	0.000	0.000	0.000	0.000	0.000	0.000	1.000	1.000	1.000	1.000	0.000	0.000	0.000	0.000	0.000	0.000	0.000	0.000	0.000	0.000	0.000	0.000	
