0.112	0.112	0.112	0.112	0.112	0.112	0.112	0.081	0.050	0.050	0.050	0.050	0.050	0.050	0.050	0.050	0.050	0.050	0.050	0.050	0.050	0.050	0.050	0.050	0.050	0.050	0.050	0.050	
0.112	0.112	0.112	0.112	0.112	0.112	0.112	0.081	0.050	0.050	0.050	0.050	0.050	0.050	0.050	0.050	0.050	0.050	0.050	0.050	0.050	0.050	0.050	0.050	0.050	0.050	0.050	0.050	
0.112	0.112	0.112	0.112	0.112	0.112	0.112	0.081	0.081	0.050	0.050	0.050	0.050	0.050	0.050	0.050	0.050	0.050	0.050	0.050	0.050	0.050	0.050	0.050	0.050	0.050	0.050	0.050	
0.112	0.112	0.112	0.112	0.112	0.112	0.112	0.112	0.081	0.050	0.050	0.050	0.050	0.050	0.050	0.050	0.050	0.050	0.050	0.050	0.050	0.050	0.050	0.050	0.050	0.050	0.050	0.050	
0.112	0.112	0.112	0.112	0.112	0.112	0.112	0.112	0.081	0.050	0.050	0.050	0.050	0.050	0.050	0.050	0.050	0.050	0.050	0.050	0.050	0.050	0.050	0.050	0.050	0.050	0.050	0.050	
0.112	0.112	0.112	0.112	0.112	0.112	0.112	0.112	0.081	0.050	0.050	0.050	0.050	0.050	0.050	0.050	0.050	0.050	0.050	0.050	0.050	0.050	0.050	0.050	0.050	0.050	0.050	0.050	
0.112	0.112	0.112	0.112	0.112	0.112	0.112	0.112	0.081	0.050	0.050	0.050	0.050	0.050	0.050	0.050	0.050	0.050	0.050	0.050	0.050	0.050	0.050	0.050	0.050	0.050	0.050	0.050	
0.112	0.112	0.112	0.112	0.112	0.112	0.112	0.112	0.081	0.050	0.050	0.050	0.050	0.050	0.050	0.050	0.050	0.050	0.050	0.050	0.050	0.050	0.050	0.050	0.050	0.050	0.050	0.050	
0.112	0.112	0.112	0.112	0.112	0.112	0.112	0.112	0.081	0.050	0.050	0.050	0.050	0.050	0.050	0.050	0.050	0.050	0.050	0.050	0.050	0.050	0.050	0.050	0.050	0.050	0.050	0.050	
0.112	0.112	0.112	0.112	0.112	0.112	0.112	0.112	0.081	0.081	0.050	0.050	0.050	0.050	0.050	0.050	0.050	0.050	0.050	0.050	0.050	0.050	0.050	0.050	0.050	0.050	0.050	0.050	
0.112	0.112	0.112	0.112	0.112	0.112	0.112	0.112	0.112	0.081	0.050	0.050	0.050	0.050	0.050	0.050	0.050	0.050	0.050	0.050	0.050	0.050	0.050	0.050	0.050	0.050	0.050	0.050	
0.112	0.112	0.112	0.112	0.112	0.112	0.112	0.112	0.112	0.081	0.050	0.050	0.050	0.050	0.050	0.050	0.050	0.050	0.050	0.050	0.050	0.050	0.050	0.050	0.050	0.050	0.050	0.050	
0.112	0.112	0.112	0.112	0.112	0.112	0.112	0.112	0.112	0.081	0.050	0.050	0.050	0.050	0.050	0.050	0.050	0.050	0.050	0.050	0.050	0.050	0.050	0.050	0.050	0.050	0.050	0.050	
0.112	0.112	0.112	0.112	0.112	0.112	0.112	0.112	0.112	0.081	0.050	0.050	0.050	0.050	0.050	0.050	0.050	0.050	0.050	0.050	0.050	0.050	0.050	0.050	0.050	0.050	0.050	0.050	
0.112	0.112	0.112	0.112	0.112	0.112	0.112	0.112	0.112	0.081	0.050	0.050	0.050	0.050	0.050	0.050	0.050	0.050	0.050	0.050	0.050	0.050	0.050	0.050	0.050	0.050	0.050	0.050	
0.112	0.112	0.112	0.112	0.112	0.112	0.112	0.112	0.112	0.081	0.050	0.050	0.050	0.050	0.050	0.050	0.050	0.050	0.050	0.050	0.050	0.050	0.050	0.050	0.050	0.050	0.050	0.050	
0.112	0.112	0.112	0.112	0.112	0.112	0.112	0.112	0.112	0.081	0.050	0.050	0.050	0.050	0.050	0.050	0.050	0.050	0.050	0.050	0.050	0.050	0.050	0.050	0.050	0.050	0.050	0.050	
0.112	0.112	0.112	0.112	0.112	0.112	0.112	0.112	0.112	0.081	0.081	0.050	0.050	0.050	0.050	0.050	0.050	0.050	0.050	0.050	0.050	0.050	0.050	0.050	0.050	0.050	0.050	0.050	
0.112	0.112	0.112	0.112	0.112	0.112	0.112	0.112	0.112	0.112	0.081	0.050	0.050	0.050	0.050	0.050	0.050	0.050	0.050	0.050	0.050	0.050	0.050	0.050	0.050	0.050	0.050	0.050	
0.112	0.112	0.112	0.112	0.112	0.112	0.112	0.112	0.112	0.112	0.081	0.050	0.050	0.050	0.050	0.050	0.050	0.050	0.050	0.050	0.050	0.050	0.050	0.050	0.050	0.050	0.050	0.050	
0.112	0.112	0.112	0.112	0.112	0.112	0.112	0.112	0.112	0.112	0.081	0.050	0.050	0.050	0.050	0.050	0.050	0.050	0.050	0.050	0.050	0.050	0.050	0.050	0.050	0.050	0.050	0.050	
0.112	0.112	0.112	0.112	0.112	0.112	0.112	0.112	0.112	0.112	0.081	0.050	0.050	0.050	0.050	0.050	0.050	0.050	0.050	0.050	0.050	0.050	0.050	0.050	0.050	0.050	0.050	0.050	
0.068	0.112	0.112	0.112	0.112	0.112	0.112	0.112	0.112	0.112	0.081	0.050	0.050	0.050	0.050	0.050	0.050	0.050	0.050	0.050	0.050	0.050	0.050	0.050	0.050	0.050	0.050	0.050	
0.068	0.112	0.112	0.112	0.112	0.112	0.112	0.112	0.112	0.112	0.081	0.050	0.050	0.050	0.050	0.050	0.050	0.050	0.050	0.050	0.050	0.050	0.050	0.050	0.050	0.050	0.050	0.050	
0.068	0.112	0.112	0.112	0.112	0.112	0.112	0.112	0.112	0.112	0.081	0.081	0.050	0.050	0.050	0.050	0.050	0.050	0.050	0.050	0.050	0.050	0.050	0.050	0.050	0.050	0.050	0.050	
0.068	0.068	0.112	0.112	0.112	0.112	0.112	0.112	0.112	0.112	0.112	0.081	0.050	0.050	0.050	0.050	0.050	0.050	0.050	0.050	0.050	0.050	0.050	0.050	0.050	0.050	0.050	0.050	
0.025	0.068	0.112	0.112	0.112	0.112	0.112	0.112	0.112	0.112	0.112	0.081	0.050	0.050	0.050	0.050	0.050	0.050	0.050	0.050	0.050	0.050	0.050	0.050	0.050	0.050	0.050	0.038	
0.025	0.068	0.068	0.112	0.112	0.112	0.112	0.112	0.112	0.112	0.112	0.081	0.050	0.050	0.050	0.050	0.050	0.050	0.050	0.050	0.050	0.050	0.050	0.050	0.050	0.050	0.050	0.038	
0.025	0.025	0.068	0.112	0.112	0.112	0.112	0.112	0.112	0.112	0.112	0.081	0.050	0.050	0.050	0.050	0.050	0.050	0.050	0.050	0.050	0.050	0.050	0.050	0.050	0.050	0.038	0.038	
0.025	0.025	0.068	0.112	0.112	0.112	0.112	0.112	0.112	0.112	0.112	0.081	0.050	0.050	0.050	0.050	0.050	0.050	0.050	0.050	0.050	0.050	0.050	0.050	0.050	0.050	0.038	0.025	
0.025	0.025	0.068	0.068	0.112	0.112	0.112	0.112	0.112	0.112	0.112	0.081	0.050	0.050	0.050	0.050	0.050	0.050	0.050	0.050	0.050	0.050	0.050	0.050	0.050	0.038	0.038	0.025	
0.025	0.025	0.025	0.068	0.112	0.112	0.112	0.112	0.112	0.112	0.112	0.081	0.050	0.050	0.050	0.050	0.050	0.050	0.050	0.050	0.050	0.050	0.050	0.050	0.038	0.038	0.025	0.025	
0.025	0.025	0.025	0.068	0.068	0.112	0.112	0.112	0.112	0.112	0.112	0.081	0.081	0.050	0.050	0.050	0.050	0.050	0.050	0.050	0.050	0.050	0.050	0.050	0.038	0.025	0.025	0.025	
0.025	0.025	0.025	0.025	0.068	0.112	0.112	0.112	0.112	0.112	0.112	0.112	0.081	0.050	0.050	0.050	0.050	0.050	0.050	0.050	0.050	0.050	0.050	0.038	0.038	0.025	0.025	0.025	
0.025	0.025	0.025	0.025	0.068	0.068	0.112	0.112	0.112	0.112	0.112	0.112	0.081	0.050	0.050	0.050	0.050	0.050	0.050	0.050	0.050	0.050	0.050	0.038	0.025	0.025	0.025	0.025	
0.025	0.025	0.025	0.025	0.025	0.068	0.112	0.112	0.112	0.112	0.112	0.112	0.081	0.050	0.050	0.050	0.050	0.050	0.050	0.050	0.050	0.050	0.038	0.038	0.025	0.025	0.025	0.025	
0.025	0.025	0.025	0.025	0.025	0.068	0.112	0.112	0.112	0.112	0.112	0.112	0.081	0.050	0.050	0.050	0.050	0.050	0.050	0.050	0.050	0.050	0.038	0.025	0.025	0.025	0.025	0.025	
0.025	0.025	0.025	0.025	0.025	0.068	0.068	0.112	0.112	0.112	0.112	0.112	0.105	0.050	0.050	0.050	0.050	0.050	0.050	0.050	0.050	0.038	0.038	0.025	0.025	0.025	0.025	0.025	
0.025	0.025	0.025	0.025	0.025	0.025	0.068	0.112	0.112	0.112	0.112	0.112	0.105	0.101	0.050	0.050	0.050	0.050	0.050	0.050	0.050	0.038	0.025	0.025	0.025	0.025	0.025	0.025	
0.025	0.025	0.025	0.025	0.025	0.025	0.068	0.068	0.112	0.112	0.112	0.112	0.132	0.101	0.050	0.050	0.050	0.050	0.050	0.050	0.038	0.038	0.025	0.025	0.025	0.025	0.025	0.025	
0.025	0.025	0.025	0.025	0.025	0.025	0.025	0.068	0.112	0.112	0.112	0.112	0.132	0.101	0.050	0.050	0.050	0.050	0.050	0.038	0.038	0.025	0.025	0.025	0.025	0.025	0.025	0.025	
0.025	0.025	0.025	0.025	0.025	0.025	0.025	0.068	0.112	0.112	0.112	0.132	0.132	0.101	0.086	0.050	0.050	0.050	0.050	0.038	0.025	0.025	0.025	0.025	0.025	0.025	0.025	0.025	
0.025	0.025	0.025	0.025	0.025	0.025	0.025	0.068	0.068	0.112	0.112	0.132	0.152	0.104	0.086	0.053	0.050	0.050	0.038	0.038	0.025	0.025	0.025	0.025	0.025	0.025	0.025	0.025	
0.025	0.025	0.025	0.025	0.025	0.025	0.025	0.025	0.068	0.112	0.112	0.132	0.152	0.104	0.056	0.053	0.050	0.050	0.038	0.025	0.025	0.025	0.025	0.025	0.025	0.025	0.025	0.025	
0.038	0.025	0.025	0.025	0.025	0.025	0.025	0.025	0.068	0.068	0.112	0.132	0.152	0.104	0.056	0.053	0.059	0.060	0.049	0.025	0.025	0.025	0.025	0.025	0.025	0.025	0.025	0.025	
0.038	0.038	0.025	0.025	0.025	0.025	0.025	0.025	0.013	0.072	0.132	0.139	0.143	0.106	0.073	0.072	0.063	0.071	0.040	0.025	0.025	0.025	0.025	0.025	0.025	0.025	0.025	0.025	
0.050	0.038	0.038	0.038	0.025	0.025	0.025	0.017	0.013	0.076	0.152	0.139	0.139	0.108	0.090	0.080	0.080	0.058	0.048	0.025	0.025	0.025	0.025	0.025	0.025	0.025	0.025	0.025	
0.050	0.050	0.050	0.038	0.038	0.038	0.050	0.033	0.000	0.084	0.109	0.153	0.154	0.108	0.108	0.085	0.085	0.052	0.035	0.025	0.017	0.013	0.025	0.025	0.025	0.025	0.025	0.025	
0.050	0.050	0.050	0.050	0.050	0.038	0.050	0.037	0.058	0.050	0.145	0.182	0.154	0.306	0.109	0.094	0.095	0.040	0.035	0.008	0.013	0.017	0.025	0.025	0.025	0.025	0.025	0.025	
0.050	0.050	0.050	0.050	0.050	0.050	0.062	0.075	0.087	0.100	0.141	0.182	0.493	0.366	0.458	0.112	0.064	0.000	0.000	0.000	0.000	0.013	0.025	0.025	0.025	0.025	0.025	0.025	
0.000	0.000	0.000	0.000	0.000	0.000	0.000	0.000	0.100	0.100	0.141	0.182	0.493	0.804	0.458	0.458	0.000	0.000	0.000	0.000	0.000	0.013	0.025	0.025	0.025	0.000	0.000	0.000	
0.000	0.000	0.000	0.000	0.000	0.000	0.000	0.000	0.000	0.000	0.000	0.000	0.804	0.804	0.804	0.804	0.000	0.000	0.000	0.000	0.000	0.000	0.000	0.000	0.000	0.000	0.000	0.000	
0.000	0.000	0.000	0.000	0.000	0.000	0.000	0.000	0.000	0.000	0.000	0.000	0.902	0.902	0.902	0.902	0.000	0.000	0.000	0.000	0.000	0.000	0.000	0.000	0.000	0.000	0.000	0.000	
0.000	0.000	0.000	0.000	0.000	0.000	0.000	0.000	0.000	0.000	0.000	0.000	1.001	1.001	1.001	1.001	0.000	0.000	0.000	0.000	0.000	0.000	0.000	0.000	0.000	0.000	0.000	0.000	
0.000	0.000	0.000	0.000	0.000	0.000	0.000	0.000	0.000	0.000	0.000	0.000	1.001	1.001	1.001	1.001	0.000	0.000	0.000	0.000	0.000	0.000	0.000	0.000	0.000	0.000	0.000	0.000	
