0.106	0.106	0.106	0.106	0.106	0.106	0.106	0.106	0.106	0.106	0.116	0.125	0.125	0.125	0.125	0.125	0.125	0.125	0.125	0.125	0.125	0.125	0.125	0.125	0.125	0.125	0.125	0.125	
0.106	0.106	0.106	0.106	0.106	0.106	0.106	0.106	0.106	0.106	0.116	0.116	0.125	0.125	0.125	0.125	0.125	0.125	0.125	0.125	0.125	0.125	0.125	0.125	0.125	0.125	0.125	0.125	
0.106	0.106	0.106	0.106	0.106	0.106	0.106	0.106	0.106	0.106	0.106	0.116	0.125	0.125	0.125	0.125	0.125	0.125	0.125	0.125	0.125	0.125	0.125	0.125	0.125	0.125	0.125	0.125	
0.106	0.106	0.106	0.106	0.106	0.106	0.106	0.106	0.106	0.106	0.106	0.116	0.125	0.125	0.125	0.125	0.125	0.125	0.125	0.125	0.125	0.125	0.125	0.125	0.125	0.125	0.125	0.125	
0.106	0.106	0.106	0.106	0.106	0.106	0.106	0.106	0.106	0.106	0.106	0.116	0.125	0.125	0.125	0.125	0.125	0.125	0.125	0.125	0.125	0.125	0.125	0.125	0.125	0.125	0.125	0.125	
0.106	0.106	0.106	0.106	0.106	0.106	0.106	0.106	0.106	0.106	0.106	0.116	0.125	0.125	0.125	0.125	0.125	0.125	0.125	0.125	0.125	0.125	0.125	0.125	0.125	0.102	0.125	0.125	
0.106	0.106	0.106	0.106	0.106	0.106	0.106	0.106	0.106	0.106	0.106	0.116	0.125	0.125	0.125	0.125	0.125	0.125	0.125	0.125	0.125	0.125	0.125	0.125	0.125	0.102	0.125	0.125	
0.106	0.106	0.106	0.106	0.106	0.106	0.106	0.106	0.106	0.106	0.106	0.116	0.125	0.125	0.125	0.125	0.125	0.125	0.125	0.125	0.125	0.125	0.125	0.125	0.090	0.102	0.125	0.125	
0.106	0.106	0.106	0.106	0.106	0.106	0.106	0.106	0.106	0.106	0.106	0.116	0.125	0.125	0.125	0.125	0.125	0.125	0.125	0.125	0.125	0.125	0.125	0.125	0.102	0.090	0.125	0.125	
0.106	0.106	0.106	0.106	0.106	0.106	0.106	0.106	0.106	0.106	0.106	0.116	0.125	0.125	0.125	0.125	0.125	0.125	0.125	0.125	0.125	0.125	0.125	0.125	0.102	0.125	0.125	0.125	
0.106	0.106	0.106	0.106	0.106	0.106	0.106	0.106	0.106	0.106	0.106	0.116	0.125	0.125	0.125	0.125	0.125	0.125	0.125	0.125	0.125	0.125	0.125	0.125	0.102	0.125	0.125	0.125	
0.106	0.106	0.106	0.106	0.106	0.106	0.106	0.106	0.106	0.106	0.106	0.116	0.125	0.125	0.125	0.125	0.125	0.125	0.125	0.125	0.125	0.125	0.125	0.090	0.102	0.125	0.125	0.125	
0.106	0.106	0.106	0.106	0.106	0.106	0.106	0.106	0.106	0.106	0.106	0.116	0.125	0.125	0.125	0.125	0.125	0.125	0.125	0.125	0.125	0.125	0.125	0.090	0.090	0.125	0.125	0.125	
0.106	0.106	0.106	0.106	0.106	0.106	0.106	0.106	0.106	0.106	0.106	0.116	0.125	0.125	0.125	0.125	0.125	0.125	0.125	0.125	0.125	0.125	0.125	0.090	0.090	0.125	0.125	0.125	
0.106	0.106	0.106	0.106	0.106	0.106	0.106	0.106	0.106	0.106	0.106	0.116	0.125	0.125	0.125	0.125	0.125	0.125	0.125	0.125	0.125	0.125	0.125	0.090	0.090	0.125	0.125	0.125	
0.106	0.106	0.106	0.106	0.106	0.106	0.106	0.106	0.106	0.106	0.106	0.116	0.125	0.125	0.125	0.125	0.125	0.125	0.125	0.125	0.125	0.125	0.090	0.102	0.090	0.125	0.125	0.125	
0.081	0.106	0.106	0.106	0.106	0.106	0.106	0.106	0.106	0.106	0.106	0.116	0.125	0.125	0.125	0.125	0.125	0.125	0.125	0.125	0.125	0.125	0.090	0.090	0.125	0.125	0.125	0.125	
0.081	0.106	0.106	0.106	0.106	0.106	0.106	0.106	0.106	0.106	0.106	0.116	0.125	0.125	0.125	0.125	0.125	0.125	0.125	0.125	0.125	0.125	0.090	0.090	0.125	0.125	0.125	0.125	
0.081	0.106	0.106	0.106	0.106	0.106	0.106	0.106	0.106	0.106	0.106	0.116	0.125	0.125	0.125	0.125	0.125	0.125	0.125	0.125	0.125	0.090	0.090	0.090	0.125	0.125	0.125	0.125	
0.081	0.081	0.106	0.106	0.106	0.106	0.106	0.106	0.106	0.106	0.106	0.116	0.125	0.125	0.125	0.125	0.125	0.125	0.125	0.125	0.125	0.090	0.056	0.090	0.125	0.125	0.125	0.125	
0.056	0.081	0.106	0.106	0.106	0.106	0.106	0.106	0.106	0.106	0.106	0.116	0.125	0.125	0.125	0.125	0.125	0.125	0.125	0.125	0.125	0.090	0.056	0.090	0.125	0.125	0.125	0.125	
0.056	0.081	0.106	0.106	0.106	0.106	0.106	0.106	0.106	0.106	0.106	0.116	0.125	0.125	0.125	0.125	0.125	0.125	0.125	0.125	0.125	0.090	0.090	0.090	0.125	0.125	0.125	0.125	
0.056	0.081	0.081	0.106	0.106	0.106	0.106	0.106	0.106	0.106	0.106	0.116	0.125	0.125	0.125	0.125	0.125	0.125	0.125	0.125	0.090	0.090	0.090	0.125	0.125	0.125	0.125	0.125	
0.056	0.056	0.081	0.106	0.106	0.106	0.106	0.106	0.106	0.106	0.106	0.116	0.125	0.125	0.125	0.125	0.125	0.125	0.125	0.125	0.090	0.056	0.090	0.125	0.125	0.125	0.125	0.125	
0.056	0.056	0.081	0.081	0.106	0.106	0.106	0.106	0.106	0.106	0.106	0.116	0.125	0.125	0.125	0.125	0.125	0.125	0.125	0.125	0.090	0.056	0.090	0.125	0.125	0.125	0.125	0.125	
0.056	0.056	0.056	0.081	0.106	0.106	0.106	0.106	0.106	0.106	0.106	0.116	0.125	0.125	0.125	0.125	0.125	0.125	0.125	0.125	0.090	0.056	0.090	0.125	0.125	0.125	0.125	0.125	
0.056	0.056	0.056	0.081	0.106	0.106	0.106	0.106	0.106	0.106	0.106	0.116	0.125	0.125	0.125	0.125	0.125	0.125	0.125	0.090	0.090	0.056	0.090	0.125	0.125	0.125	0.125	0.125	
0.056	0.056	0.056	0.081	0.081	0.106	0.106	0.106	0.106	0.106	0.106	0.116	0.125	0.125	0.125	0.125	0.125	0.125	0.125	0.090	0.056	0.090	0.090	0.125	0.125	0.125	0.125	0.125	
0.056	0.056	0.056	0.056	0.081	0.106	0.106	0.106	0.106	0.106	0.106	0.116	0.116	0.125	0.125	0.125	0.125	0.125	0.125	0.090	0.056	0.090	0.125	0.125	0.125	0.125	0.125	0.125	
0.056	0.056	0.056	0.056	0.081	0.081	0.106	0.106	0.106	0.106	0.106	0.106	0.116	0.125	0.125	0.125	0.125	0.125	0.125	0.090	0.056	0.090	0.125	0.125	0.125	0.125	0.125	0.125	
0.056	0.056	0.056	0.056	0.056	0.081	0.106	0.106	0.106	0.106	0.106	0.106	0.116	0.125	0.125	0.125	0.125	0.125	0.090	0.090	0.056	0.090	0.125	0.125	0.125	0.125	0.125	0.125	
0.056	0.056	0.056	0.056	0.056	0.081	0.106	0.106	0.106	0.106	0.106	0.106	0.116	0.125	0.125	0.125	0.125	0.125	0.090	0.056	0.056	0.090	0.125	0.125	0.125	0.125	0.125	0.125	
0.056	0.056	0.056	0.056	0.056	0.081	0.081	0.106	0.106	0.106	0.106	0.106	0.116	0.125	0.125	0.125	0.125	0.125	0.090	0.056	0.056	0.090	0.125	0.125	0.125	0.125	0.125	0.125	
0.056	0.056	0.056	0.056	0.056	0.056	0.081	0.106	0.106	0.106	0.106	0.106	0.116	0.125	0.125	0.125	0.125	0.125	0.090	0.056	0.090	0.090	0.125	0.125	0.125	0.125	0.125	0.125	
0.056	0.056	0.056	0.056	0.056	0.056	0.081	0.106	0.106	0.106	0.106	0.106	0.116	0.125	0.125	0.125	0.125	0.090	0.090	0.056	0.090	0.125	0.125	0.125	0.125	0.125	0.125	0.125	
0.028	0.056	0.056	0.056	0.056	0.056	0.081	0.081	0.106	0.106	0.106	0.106	0.116	0.125	0.125	0.125	0.125	0.090	0.056	0.056	0.090	0.125	0.125	0.125	0.125	0.125	0.125	0.125	
0.028	0.028	0.056	0.056	0.056	0.056	0.056	0.081	0.106	0.106	0.106	0.106	0.116	0.125	0.125	0.125	0.125	0.090	0.056	0.056	0.090	0.125	0.125	0.125	0.125	0.125	0.125	0.125	
0.000	0.028	0.028	0.056	0.056	0.056	0.056	0.081	0.081	0.106	0.106	0.106	0.116	0.125	0.125	0.125	0.125	0.090	0.056	0.056	0.090	0.125	0.125	0.125	0.125	0.125	0.125	0.125	
0.000	0.000	0.028	0.056	0.056	0.056	0.056	0.056	0.081	0.106	0.106	0.106	0.116	0.125	0.125	0.125	0.090	0.090	0.056	0.056	0.090	0.125	0.125	0.125	0.125	0.125	0.125	0.125	
0.000	0.000	0.028	0.028	0.056	0.056	0.056	0.056	0.081	0.106	0.106	0.106	0.116	0.125	0.125	0.125	0.090	0.056	0.056	0.090	0.090	0.125	0.125	0.125	0.125	0.125	0.125	0.125	
0.000	0.000	0.000	0.028	0.028	0.056	0.056	0.056	0.081	0.081	0.106	0.106	0.116	0.125	0.125	0.125	0.069	0.056	0.056	0.090	0.125	0.125	0.125	0.125	0.125	0.125	0.125	0.139	
0.000	0.000	0.000	0.000	0.028	0.028	0.056	0.056	0.056	0.081	0.106	0.106	0.116	0.125	0.125	0.075	0.069	0.056	0.056	0.090	0.125	0.125	0.125	0.125	0.125	0.139	0.139	0.139	
0.000	0.000	0.000	0.000	0.000	0.028	0.028	0.056	0.056	0.096	0.117	0.106	0.103	0.102	0.075	0.075	0.040	0.056	0.056	0.090	0.125	0.125	0.125	0.125	0.139	0.139	0.152	0.152	
0.000	0.000	0.000	0.000	0.000	0.000	0.028	0.028	0.056	0.092	0.117	0.104	0.093	0.102	0.076	0.025	0.046	0.046	0.065	0.085	0.125	0.125	0.139	0.139	0.139	0.152	0.152	0.114	
0.000	0.000	0.000	0.000	0.000	0.000	0.000	0.027	0.040	0.069	0.127	0.103	0.079	0.065	0.051	0.044	0.040	0.056	0.062	0.100	0.117	0.139	0.139	0.152	0.152	0.152	0.114	0.114	
0.000	0.000	0.000	0.000	0.000	0.000	0.018	0.020	0.025	0.086	0.086	0.104	0.112	0.094	0.050	0.053	0.053	0.056	0.065	0.075	0.092	0.152	0.152	0.152	0.152	0.126	0.114	0.075	
0.000	0.000	0.000	0.000	0.000	0.012	0.018	0.030	0.028	0.052	0.066	0.106	0.129	0.101	0.116	0.098	0.082	0.065	0.069	0.067	0.092	0.118	0.152	0.152	0.126	0.114	0.075	0.075	
0.000	0.000	0.000	0.000	0.000	0.012	0.018	0.035	0.020	0.025	0.062	0.139	0.209	0.357	0.283	0.146	0.110	0.075	0.062	0.058	0.050	0.120	0.152	0.152	0.114	0.075	0.075	0.075	
0.000	0.000	0.000	0.000	0.000	0.000	0.018	0.012	0.020	0.027	0.040	0.213	0.369	0.357	0.348	0.244	0.085	0.053	0.062	0.050	0.075	0.109	0.139	0.114	0.114	0.075	0.075	0.075	
0.000	0.000	0.000	0.000	0.000	0.000	0.000	0.000	0.000	0.028	0.056	0.213	0.369	0.460	0.551	0.293	0.035	0.043	0.050	0.050	0.087	0.125	0.139	0.117	0.075	0.075	0.075	0.075	
0.000	0.000	0.000	0.000	0.000	0.000	0.000	0.000	0.000	0.056	0.056	0.213	0.610	0.590	0.701	0.479	0.035	0.043	0.050	0.050	0.087	0.125	0.125	0.100	0.075	0.075	0.075	0.000	
0.000	0.000	0.000	0.000	0.000	0.000	0.000	0.000	0.000	0.000	0.000	0.000	0.851	0.851	0.851	0.851	0.000	0.000	0.000	0.000	0.000	0.000	0.000	0.000	0.000	0.000	0.000	0.000	
0.000	0.000	0.000	0.000	0.000	0.000	0.000	0.000	0.000	0.000	0.000	0.000	0.851	0.851	0.851	0.851	0.000	0.000	0.000	0.000	0.000	0.000	0.000	0.000	0.000	0.000	0.000	0.000	
0.000	0.000	0.000	0.000	0.000	0.000	0.000	0.000	0.000	0.000	0.000	0.000	0.851	0.851	0.851	0.851	0.000	0.000	0.000	0.000	0.000	0.000	0.000	0.000	0.000	0.000	0.000	0.000	
0.000	0.000	0.000	0.000	0.000	0.000	0.000	0.000	0.000	0.000	0.000	0.000	0.851	0.851	0.851	0.851	0.000	0.000	0.000	0.000	0.000	0.000	0.000	0.000	0.000	0.000	0.000	0.000	
