0.105	0.175	0.175	0.175	0.178	0.180	0.180	0.180	0.180	0.180	0.180	0.180	0.180	0.180	0.180	0.180	0.180	0.180	0.180	0.180	0.180	0.180	0.180	0.180	0.180	0.180	0.180	0.180	
0.105	0.175	0.175	0.175	0.178	0.178	0.180	0.180	0.180	0.180	0.180	0.180	0.180	0.180	0.180	0.180	0.180	0.180	0.180	0.180	0.180	0.180	0.180	0.180	0.180	0.180	0.180	0.180	
0.105	0.175	0.175	0.175	0.175	0.178	0.180	0.180	0.180	0.180	0.180	0.180	0.180	0.180	0.180	0.180	0.180	0.180	0.180	0.180	0.180	0.180	0.180	0.180	0.180	0.180	0.180	0.180	
0.105	0.175	0.175	0.175	0.175	0.178	0.180	0.180	0.180	0.180	0.180	0.180	0.180	0.180	0.180	0.180	0.180	0.180	0.180	0.180	0.180	0.180	0.180	0.180	0.180	0.180	0.180	0.180	
0.105	0.105	0.175	0.175	0.175	0.178	0.180	0.180	0.180	0.180	0.180	0.180	0.180	0.180	0.180	0.180	0.180	0.180	0.180	0.180	0.180	0.180	0.180	0.180	0.180	0.180	0.180	0.180	
0.035	0.105	0.175	0.175	0.175	0.178	0.178	0.180	0.180	0.180	0.180	0.180	0.180	0.180	0.180	0.180	0.180	0.180	0.180	0.180	0.180	0.180	0.180	0.180	0.180	0.180	0.180	0.180	
0.035	0.105	0.175	0.175	0.175	0.175	0.178	0.180	0.180	0.180	0.180	0.180	0.180	0.180	0.180	0.180	0.180	0.180	0.180	0.180	0.180	0.180	0.180	0.180	0.180	0.180	0.180	0.180	
0.035	0.105	0.175	0.175	0.175	0.175	0.178	0.180	0.180	0.180	0.180	0.180	0.180	0.180	0.180	0.180	0.180	0.180	0.180	0.180	0.180	0.180	0.180	0.180	0.180	0.180	0.180	0.180	
0.035	0.105	0.105	0.175	0.175	0.175	0.178	0.180	0.180	0.180	0.180	0.180	0.180	0.180	0.180	0.180	0.180	0.180	0.180	0.180	0.180	0.180	0.180	0.180	0.180	0.180	0.180	0.180	
0.035	0.035	0.105	0.175	0.175	0.175	0.178	0.180	0.180	0.180	0.180	0.180	0.180	0.180	0.180	0.180	0.180	0.180	0.180	0.180	0.180	0.180	0.180	0.180	0.180	0.180	0.180	0.180	
0.035	0.035	0.105	0.175	0.175	0.175	0.178	0.178	0.180	0.180	0.180	0.180	0.180	0.180	0.180	0.180	0.180	0.180	0.180	0.180	0.180	0.180	0.180	0.180	0.180	0.180	0.180	0.180	
0.035	0.035	0.105	0.175	0.175	0.175	0.175	0.178	0.180	0.180	0.180	0.180	0.180	0.180	0.180	0.180	0.180	0.180	0.180	0.180	0.180	0.180	0.180	0.180	0.180	0.180	0.180	0.180	
0.035	0.035	0.105	0.105	0.175	0.175	0.175	0.178	0.180	0.180	0.180	0.180	0.180	0.180	0.180	0.180	0.180	0.180	0.180	0.180	0.180	0.180	0.180	0.180	0.180	0.180	0.180	0.180	
0.035	0.035	0.035	0.105	0.175	0.175	0.175	0.178	0.180	0.180	0.180	0.180	0.180	0.180	0.180	0.180	0.180	0.180	0.180	0.180	0.180	0.180	0.180	0.180	0.180	0.180	0.180	0.180	
0.035	0.035	0.035	0.105	0.175	0.175	0.175	0.178	0.180	0.180	0.180	0.180	0.180	0.180	0.180	0.180	0.180	0.180	0.180	0.180	0.180	0.180	0.180	0.180	0.180	0.180	0.180	0.180	
0.035	0.035	0.035	0.105	0.175	0.175	0.175	0.178	0.178	0.180	0.180	0.180	0.180	0.180	0.180	0.180	0.180	0.180	0.180	0.180	0.180	0.180	0.180	0.180	0.180	0.180	0.180	0.180	
0.035	0.035	0.035	0.105	0.105	0.175	0.175	0.175	0.178	0.180	0.180	0.180	0.180	0.180	0.180	0.180	0.180	0.180	0.180	0.180	0.180	0.180	0.180	0.180	0.180	0.180	0.180	0.180	
0.035	0.035	0.035	0.035	0.105	0.175	0.175	0.175	0.178	0.180	0.180	0.180	0.180	0.180	0.180	0.180	0.180	0.180	0.180	0.180	0.180	0.180	0.180	0.180	0.180	0.180	0.180	0.180	
0.035	0.035	0.035	0.035	0.105	0.175	0.175	0.175	0.178	0.180	0.180	0.180	0.180	0.180	0.180	0.180	0.180	0.180	0.180	0.180	0.180	0.180	0.180	0.180	0.180	0.180	0.180	0.180	
0.035	0.035	0.035	0.035	0.105	0.175	0.175	0.175	0.178	0.178	0.180	0.180	0.180	0.180	0.180	0.180	0.180	0.180	0.180	0.180	0.180	0.180	0.180	0.180	0.180	0.180	0.180	0.180	
0.035	0.035	0.035	0.035	0.105	0.175	0.175	0.175	0.175	0.178	0.180	0.180	0.180	0.180	0.180	0.180	0.180	0.180	0.180	0.180	0.180	0.180	0.180	0.180	0.180	0.180	0.180	0.180	
0.035	0.035	0.035	0.035	0.105	0.105	0.175	0.175	0.175	0.178	0.180	0.180	0.180	0.180	0.180	0.180	0.180	0.180	0.180	0.180	0.180	0.180	0.180	0.180	0.180	0.180	0.180	0.180	
0.035	0.035	0.035	0.035	0.035	0.105	0.175	0.175	0.175	0.178	0.180	0.180	0.180	0.180	0.180	0.180	0.180	0.180	0.180	0.180	0.180	0.180	0.180	0.180	0.180	0.180	0.180	0.180	
0.035	0.035	0.035	0.035	0.035	0.105	0.175	0.175	0.175	0.178	0.180	0.180	0.180	0.180	0.180	0.180	0.180	0.180	0.180	0.180	0.180	0.180	0.180	0.180	0.180	0.180	0.180	0.180	
0.035	0.035	0.035	0.035	0.035	0.105	0.175	0.175	0.175	0.178	0.178	0.180	0.180	0.180	0.180	0.180	0.180	0.180	0.180	0.180	0.180	0.180	0.180	0.180	0.180	0.180	0.180	0.180	
0.035	0.035	0.035	0.035	0.035	0.105	0.105	0.175	0.175	0.175	0.178	0.180	0.180	0.180	0.180	0.180	0.180	0.180	0.180	0.180	0.180	0.180	0.180	0.180	0.180	0.180	0.180	0.180	
0.035	0.035	0.035	0.035	0.035	0.035	0.105	0.175	0.175	0.175	0.178	0.180	0.180	0.180	0.180	0.180	0.180	0.180	0.180	0.180	0.180	0.180	0.180	0.180	0.180	0.180	0.180	0.180	
0.035	0.035	0.035	0.035	0.035	0.035	0.105	0.175	0.175	0.175	0.178	0.180	0.180	0.180	0.180	0.180	0.180	0.180	0.180	0.180	0.180	0.180	0.180	0.180	0.180	0.180	0.180	0.180	
0.035	0.035	0.035	0.035	0.035	0.035	0.105	0.175	0.175	0.175	0.178	0.180	0.180	0.180	0.180	0.180	0.180	0.180	0.180	0.180	0.180	0.180	0.180	0.180	0.180	0.180	0.180	0.180	
0.035	0.035	0.035	0.035	0.035	0.035	0.105	0.105	0.175	0.175	0.178	0.178	0.180	0.180	0.180	0.180	0.180	0.180	0.180	0.180	0.180	0.180	0.180	0.180	0.180	0.180	0.180	0.180	
0.035	0.035	0.035	0.035	0.035	0.035	0.035	0.105	0.175	0.175	0.175	0.178	0.180	0.180	0.180	0.180	0.180	0.180	0.180	0.180	0.180	0.180	0.180	0.180	0.180	0.180	0.180	0.180	
0.035	0.035	0.035	0.035	0.035	0.035	0.035	0.105	0.175	0.175	0.175	0.178	0.180	0.180	0.180	0.180	0.180	0.180	0.180	0.180	0.180	0.180	0.180	0.180	0.180	0.180	0.180	0.180	
0.035	0.035	0.035	0.035	0.035	0.035	0.035	0.105	0.175	0.175	0.175	0.178	0.180	0.180	0.180	0.180	0.180	0.180	0.180	0.180	0.180	0.180	0.180	0.180	0.180	0.180	0.180	0.180	
0.035	0.035	0.035	0.035	0.035	0.035	0.035	0.105	0.105	0.175	0.175	0.178	0.178	0.180	0.180	0.180	0.180	0.180	0.180	0.180	0.180	0.180	0.180	0.180	0.180	0.180	0.180	0.180	
0.035	0.035	0.035	0.035	0.035	0.035	0.035	0.035	0.105	0.175	0.175	0.175	0.178	0.180	0.180	0.180	0.180	0.180	0.180	0.180	0.180	0.180	0.180	0.180	0.180	0.180	0.180	0.180	
0.035	0.035	0.035	0.035	0.035	0.035	0.035	0.035	0.105	0.175	0.175	0.175	0.178	0.180	0.180	0.180	0.180	0.180	0.180	0.180	0.180	0.180	0.180	0.180	0.180	0.180	0.180	0.180	
0.035	0.035	0.035	0.035	0.035	0.035	0.035	0.035	0.105	0.175	0.175	0.175	0.178	0.180	0.180	0.180	0.180	0.180	0.180	0.180	0.180	0.180	0.180	0.180	0.180	0.180	0.180	0.180	
0.035	0.035	0.035	0.035	0.035	0.035	0.035	0.035	0.105	0.175	0.175	0.175	0.178	0.180	0.180	0.180	0.180	0.180	0.180	0.180	0.180	0.180	0.180	0.180	0.180	0.180	0.180	0.118	
0.035	0.035	0.035	0.035	0.035	0.035	0.035	0.035	0.105	0.105	0.175	0.175	0.178	0.178	0.180	0.180	0.180	0.180	0.180	0.180	0.180	0.180	0.180	0.180	0.180	0.180	0.118	0.118	
0.035	0.035	0.035	0.035	0.035	0.035	0.035	0.035	0.035	0.105	0.175	0.175	0.175	0.178	0.180	0.180	0.180	0.180	0.180	0.180	0.180	0.180	0.180	0.180	0.180	0.118	0.118	0.056	
0.035	0.035	0.035	0.035	0.035	0.035	0.035	0.035	0.035	0.105	0.175	0.175	0.175	0.178	0.180	0.180	0.180	0.180	0.180	0.180	0.180	0.180	0.180	0.180	0.118	0.118	0.056	0.056	
0.035	0.035	0.035	0.035	0.035	0.035	0.035	0.035	0.035	0.105	0.175	0.175	0.175	0.178	0.180	0.180	0.180	0.180	0.180	0.180	0.180	0.180	0.180	0.118	0.118	0.056	0.056	0.056	
0.035	0.035	0.035	0.035	0.035	0.035	0.035	0.035	0.035	0.105	0.105	0.175	0.175	0.178	0.178	0.180	0.180	0.180	0.180	0.180	0.180	0.180	0.118	0.118	0.056	0.056	0.056	0.056	
0.035	0.035	0.035	0.035	0.035	0.035	0.035	0.035	0.035	0.035	0.129	0.175	0.175	0.175	0.178	0.180	0.180	0.180	0.180	0.180	0.180	0.118	0.118	0.056	0.056	0.056	0.056	0.056	
0.035	0.035	0.035	0.035	0.035	0.035	0.035	0.035	0.035	0.035	0.129	0.175	0.175	0.175	0.178	0.180	0.180	0.180	0.180	0.180	0.118	0.118	0.056	0.056	0.056	0.056	0.056	0.056	
0.035	0.035	0.035	0.035	0.035	0.035	0.035	0.035	0.035	0.035	0.129	0.176	0.175	0.175	0.178	0.180	0.180	0.180	0.180	0.118	0.118	0.056	0.056	0.056	0.056	0.056	0.056	0.056	
0.035	0.035	0.035	0.035	0.035	0.035	0.035	0.035	0.035	0.035	0.106	0.176	0.175	0.175	0.178	0.180	0.180	0.180	0.118	0.118	0.056	0.056	0.056	0.056	0.056	0.056	0.056	0.056	
0.035	0.035	0.035	0.035	0.035	0.035	0.035	0.035	0.035	0.035	0.106	0.176	0.176	0.175	0.178	0.178	0.180	0.118	0.118	0.056	0.056	0.056	0.056	0.056	0.056	0.056	0.056	0.056	
0.035	0.035	0.035	0.035	0.035	0.035	0.035	0.035	0.035	0.035	0.106	0.177	0.176	0.175	0.175	0.178	0.118	0.118	0.056	0.056	0.056	0.056	0.056	0.056	0.056	0.056	0.056	0.056	
0.035	0.035	0.035	0.035	0.035	0.035	0.035	0.035	0.035	0.035	0.106	0.177	0.341	0.341	0.423	0.270	0.302	0.056	0.056	0.056	0.056	0.056	0.056	0.056	0.056	0.056	0.056	0.056	
0.035	0.035	0.035	0.035	0.035	0.035	0.035	0.035	0.035	0.035	0.035	0.000	0.424	0.671	0.671	0.671	0.056	0.056	0.056	0.056	0.056	0.056	0.056	0.056	0.056	0.056	0.056	0.056	
0.000	0.000	0.000	0.000	0.000	0.000	0.000	0.000	0.000	0.000	0.000	0.000	0.671	0.671	0.671	0.671	0.000	0.000	0.000	0.000	0.000	0.000	0.000	0.000	0.000	0.000	0.000	0.000	
0.000	0.000	0.000	0.000	0.000	0.000	0.000	0.000	0.000	0.000	0.000	0.000	0.836	0.836	0.836	0.836	0.000	0.000	0.000	0.000	0.000	0.000	0.000	0.000	0.000	0.000	0.000	0.000	
0.000	0.000	0.000	0.000	0.000	0.000	0.000	0.000	0.000	0.000	0.000	0.000	1.001	1.001	1.001	1.001	0.000	0.000	0.000	0.000	0.000	0.000	0.000	0.000	0.000	0.000	0.000	0.000	
0.000	0.000	0.000	0.000	0.000	0.000	0.000	0.000	0.000	0.000	0.000	0.000	1.001	1.001	1.001	1.001	0.000	0.000	0.000	0.000	0.000	0.000	0.000	0.000	0.000	0.000	0.000	0.000	
