0.112	0.112	0.112	0.112	0.112	0.112	0.112	0.112	0.112	0.112	0.074	0.035	0.035	0.035	0.035	0.035	0.035	0.035	0.035	0.035	0.035	0.035	0.035	0.035	0.030	0.030	0.025	0.025	
0.112	0.112	0.112	0.112	0.112	0.112	0.112	0.112	0.112	0.112	0.074	0.035	0.035	0.035	0.035	0.035	0.035	0.035	0.035	0.035	0.035	0.035	0.035	0.035	0.030	0.025	0.025	0.025	
0.112	0.112	0.112	0.112	0.112	0.112	0.112	0.112	0.112	0.112	0.074	0.035	0.035	0.035	0.035	0.035	0.035	0.035	0.035	0.035	0.035	0.035	0.035	0.035	0.030	0.025	0.025	0.025	
0.112	0.112	0.112	0.112	0.112	0.112	0.112	0.112	0.112	0.112	0.074	0.035	0.035	0.035	0.035	0.035	0.035	0.035	0.035	0.035	0.035	0.035	0.035	0.035	0.030	0.025	0.025	0.025	
0.112	0.112	0.112	0.112	0.112	0.112	0.112	0.112	0.112	0.112	0.074	0.035	0.035	0.035	0.035	0.035	0.035	0.035	0.035	0.035	0.035	0.035	0.035	0.035	0.030	0.025	0.025	0.025	
0.112	0.112	0.112	0.112	0.112	0.112	0.112	0.112	0.112	0.112	0.074	0.035	0.035	0.035	0.035	0.035	0.035	0.035	0.035	0.035	0.035	0.035	0.035	0.030	0.030	0.025	0.025	0.025	
0.112	0.112	0.112	0.112	0.112	0.112	0.112	0.112	0.112	0.112	0.074	0.035	0.035	0.035	0.035	0.035	0.035	0.035	0.035	0.035	0.035	0.035	0.035	0.030	0.025	0.025	0.025	0.025	
0.112	0.112	0.112	0.112	0.112	0.112	0.112	0.112	0.112	0.112	0.074	0.035	0.035	0.035	0.035	0.035	0.035	0.035	0.035	0.035	0.035	0.035	0.035	0.030	0.025	0.025	0.025	0.025	
0.112	0.112	0.112	0.112	0.112	0.112	0.112	0.112	0.112	0.112	0.074	0.035	0.035	0.035	0.035	0.035	0.035	0.035	0.035	0.035	0.035	0.035	0.035	0.030	0.025	0.025	0.025	0.068	
0.112	0.112	0.112	0.112	0.112	0.112	0.112	0.112	0.112	0.112	0.074	0.035	0.035	0.035	0.035	0.035	0.035	0.035	0.035	0.035	0.035	0.035	0.030	0.030	0.025	0.025	0.025	0.068	
0.112	0.112	0.112	0.112	0.112	0.112	0.112	0.112	0.112	0.112	0.074	0.035	0.035	0.035	0.035	0.035	0.035	0.035	0.035	0.035	0.035	0.035	0.030	0.025	0.025	0.025	0.025	0.068	
0.112	0.112	0.112	0.112	0.112	0.112	0.112	0.112	0.112	0.112	0.074	0.035	0.035	0.035	0.035	0.035	0.035	0.035	0.035	0.035	0.035	0.035	0.030	0.025	0.025	0.025	0.025	0.068	
0.112	0.112	0.112	0.112	0.112	0.112	0.112	0.112	0.112	0.112	0.074	0.035	0.035	0.035	0.035	0.035	0.035	0.035	0.035	0.035	0.035	0.035	0.030	0.025	0.025	0.025	0.068	0.068	
0.084	0.112	0.112	0.112	0.112	0.112	0.112	0.112	0.112	0.112	0.074	0.035	0.035	0.035	0.035	0.035	0.035	0.035	0.035	0.035	0.035	0.035	0.030	0.025	0.025	0.025	0.068	0.112	
0.084	0.112	0.112	0.112	0.112	0.112	0.112	0.112	0.112	0.112	0.074	0.035	0.035	0.035	0.035	0.035	0.035	0.035	0.035	0.035	0.035	0.030	0.030	0.025	0.025	0.025	0.068	0.112	
0.084	0.112	0.112	0.112	0.112	0.112	0.112	0.112	0.112	0.112	0.074	0.035	0.035	0.035	0.035	0.035	0.035	0.035	0.035	0.035	0.035	0.030	0.025	0.025	0.025	0.025	0.068	0.112	
0.084	0.084	0.112	0.112	0.112	0.112	0.112	0.112	0.112	0.112	0.074	0.074	0.035	0.035	0.035	0.035	0.035	0.035	0.035	0.035	0.035	0.030	0.025	0.025	0.025	0.025	0.068	0.112	
0.056	0.084	0.112	0.112	0.112	0.112	0.112	0.112	0.112	0.112	0.112	0.074	0.035	0.035	0.035	0.035	0.035	0.035	0.035	0.035	0.035	0.030	0.025	0.025	0.025	0.068	0.068	0.112	
0.056	0.084	0.112	0.112	0.112	0.112	0.112	0.112	0.112	0.112	0.112	0.074	0.035	0.035	0.035	0.035	0.035	0.035	0.035	0.035	0.030	0.030	0.025	0.025	0.025	0.068	0.112	0.112	
0.056	0.084	0.084	0.112	0.112	0.112	0.112	0.112	0.112	0.112	0.112	0.074	0.035	0.035	0.035	0.035	0.035	0.035	0.035	0.035	0.030	0.025	0.025	0.025	0.025	0.068	0.112	0.112	
0.056	0.056	0.084	0.112	0.112	0.112	0.112	0.112	0.112	0.112	0.112	0.074	0.035	0.035	0.035	0.035	0.035	0.035	0.035	0.035	0.030	0.025	0.025	0.025	0.025	0.068	0.112	0.112	
0.056	0.056	0.084	0.112	0.112	0.112	0.112	0.112	0.112	0.112	0.112	0.074	0.035	0.035	0.035	0.035	0.035	0.035	0.035	0.035	0.030	0.025	0.025	0.025	0.068	0.068	0.112	0.112	
0.056	0.056	0.084	0.084	0.112	0.112	0.112	0.112	0.112	0.112	0.112	0.074	0.035	0.035	0.035	0.035	0.035	0.035	0.035	0.035	0.030	0.025	0.025	0.025	0.068	0.112	0.112	0.112	
0.056	0.056	0.056	0.084	0.112	0.112	0.112	0.112	0.112	0.112	0.112	0.074	0.035	0.035	0.035	0.035	0.035	0.035	0.035	0.030	0.030	0.025	0.025	0.025	0.068	0.112	0.112	0.112	
0.056	0.056	0.056	0.084	0.112	0.112	0.112	0.112	0.112	0.112	0.112	0.074	0.035	0.035	0.035	0.035	0.035	0.035	0.035	0.030	0.025	0.025	0.025	0.025	0.068	0.112	0.112	0.112	
0.056	0.056	0.056	0.084	0.084	0.112	0.112	0.112	0.112	0.112	0.112	0.074	0.035	0.035	0.035	0.035	0.035	0.035	0.035	0.030	0.025	0.025	0.025	0.068	0.068	0.112	0.112	0.112	
0.056	0.056	0.056	0.056	0.084	0.112	0.112	0.112	0.112	0.112	0.112	0.074	0.035	0.035	0.035	0.035	0.035	0.035	0.035	0.030	0.025	0.025	0.025	0.068	0.112	0.112	0.112	0.112	
0.056	0.056	0.056	0.056	0.084	0.112	0.112	0.112	0.112	0.112	0.112	0.074	0.035	0.035	0.035	0.035	0.035	0.035	0.035	0.030	0.025	0.025	0.025	0.068	0.112	0.112	0.112	0.112	
0.056	0.056	0.056	0.056	0.084	0.084	0.112	0.112	0.112	0.112	0.112	0.074	0.035	0.035	0.035	0.035	0.035	0.035	0.030	0.030	0.025	0.025	0.025	0.068	0.112	0.112	0.112	0.112	
0.056	0.056	0.056	0.056	0.056	0.084	0.112	0.112	0.112	0.112	0.112	0.074	0.035	0.035	0.035	0.035	0.035	0.035	0.030	0.025	0.025	0.025	0.068	0.068	0.112	0.112	0.112	0.112	
0.056	0.056	0.056	0.056	0.056	0.084	0.112	0.112	0.112	0.112	0.112	0.074	0.035	0.035	0.035	0.035	0.035	0.035	0.030	0.025	0.025	0.025	0.068	0.112	0.112	0.112	0.112	0.112	
0.056	0.056	0.056	0.056	0.056	0.084	0.084	0.112	0.112	0.112	0.112	0.074	0.035	0.035	0.035	0.035	0.035	0.035	0.030	0.025	0.025	0.025	0.068	0.112	0.112	0.112	0.112	0.112	
0.056	0.056	0.056	0.056	0.056	0.056	0.084	0.112	0.112	0.112	0.112	0.074	0.035	0.035	0.035	0.035	0.035	0.030	0.030	0.025	0.025	0.025	0.068	0.112	0.112	0.112	0.112	0.112	
0.056	0.056	0.056	0.056	0.056	0.056	0.084	0.112	0.112	0.112	0.112	0.074	0.035	0.035	0.035	0.035	0.035	0.030	0.025	0.025	0.025	0.068	0.068	0.112	0.112	0.112	0.112	0.112	
0.056	0.056	0.056	0.056	0.056	0.056	0.084	0.084	0.112	0.112	0.112	0.074	0.074	0.035	0.035	0.035	0.035	0.030	0.025	0.025	0.025	0.068	0.112	0.112	0.112	0.112	0.112	0.112	
0.028	0.056	0.056	0.056	0.056	0.056	0.056	0.084	0.112	0.112	0.112	0.112	0.074	0.035	0.035	0.035	0.035	0.030	0.025	0.025	0.025	0.068	0.112	0.112	0.112	0.112	0.112	0.112	
0.028	0.028	0.056	0.056	0.056	0.056	0.056	0.084	0.112	0.112	0.112	0.112	0.074	0.035	0.035	0.035	0.035	0.030	0.025	0.025	0.025	0.068	0.112	0.112	0.112	0.112	0.112	0.112	
0.000	0.028	0.028	0.056	0.056	0.056	0.056	0.084	0.084	0.112	0.112	0.112	0.074	0.035	0.035	0.035	0.030	0.030	0.025	0.025	0.068	0.068	0.112	0.112	0.112	0.112	0.112	0.112	
0.000	0.000	0.028	0.028	0.056	0.056	0.056	0.056	0.084	0.112	0.112	0.112	0.074	0.035	0.035	0.035	0.030	0.025	0.025	0.025	0.068	0.112	0.112	0.112	0.112	0.112	0.112	0.112	
0.000	0.000	0.000	0.028	0.056	0.056	0.056	0.056	0.084	0.112	0.112	0.112	0.074	0.035	0.035	0.035	0.030	0.025	0.025	0.025	0.068	0.112	0.112	0.112	0.112	0.112	0.112	0.112	
0.000	0.000	0.000	0.028	0.028	0.056	0.056	0.056	0.084	0.084	0.112	0.112	0.074	0.035	0.035	0.035	0.046	0.025	0.025	0.025	0.068	0.112	0.112	0.112	0.112	0.112	0.112	0.112	
0.018	0.000	0.000	0.000	0.028	0.028	0.056	0.056	0.056	0.084	0.112	0.112	0.074	0.035	0.035	0.057	0.046	0.025	0.025	0.068	0.068	0.112	0.112	0.112	0.112	0.112	0.135	0.135	
0.018	0.018	0.000	0.000	0.000	0.028	0.028	0.056	0.056	0.084	0.112	0.112	0.079	0.035	0.057	0.057	0.052	0.025	0.025	0.068	0.112	0.112	0.112	0.112	0.135	0.135	0.135	0.158	
0.035	0.018	0.018	0.000	0.000	0.000	0.028	0.028	0.056	0.093	0.112	0.105	0.079	0.063	0.068	0.079	0.043	0.043	0.038	0.062	0.112	0.112	0.112	0.135	0.135	0.158	0.158	0.104	
0.035	0.035	0.018	0.018	0.018	0.000	0.000	0.027	0.040	0.064	0.112	0.101	0.090	0.090	0.099	0.077	0.052	0.025	0.033	0.081	0.081	0.135	0.135	0.135	0.158	0.158	0.104	0.104	
0.030	0.035	0.035	0.035	0.018	0.018	0.000	0.008	0.025	0.068	0.083	0.105	0.110	0.115	0.109	0.076	0.025	0.025	0.038	0.050	0.105	0.135	0.158	0.158	0.158	0.104	0.104	0.050	
0.030	0.030	0.030	0.035	0.035	0.012	0.012	0.013	0.017	0.025	0.054	0.112	0.120	0.127	0.174	0.139	0.136	0.076	0.076	0.075	0.103	0.129	0.154	0.154	0.119	0.119	0.050	0.050	
0.025	0.025	0.030	0.030	0.030	0.020	0.013	0.000	0.025	0.025	0.071	0.104	0.121	0.127	0.197	0.266	0.139	0.127	0.092	0.100	0.100	0.127	0.154	0.150	0.100	0.050	0.050	0.050	
0.025	0.025	0.025	0.025	0.028	0.030	0.013	0.025	0.025	0.050	0.050	0.104	0.126	0.126	0.245	0.145	0.139	0.067	0.092	0.083	0.100	0.117	0.125	0.100	0.100	0.050	0.050	0.050	
0.025	0.025	0.025	0.025	0.025	0.025	0.025	0.038	0.050	0.063	0.075	0.100	0.125	0.293	0.284	0.251	0.025	0.038	0.050	0.075	0.100	0.100	0.125	0.100	0.050	0.050	0.050	0.050	
0.000	0.000	0.000	0.000	0.025	0.025	0.025	0.025	0.000	0.000	0.000	0.000	0.293	0.293	0.461	0.243	0.000	0.050	0.050	0.075	0.100	0.100	0.125	0.150	0.000	0.000	0.000	0.000	
0.000	0.000	0.000	0.000	0.000	0.000	0.000	0.000	0.000	0.000	0.000	0.000	0.461	0.461	0.461	0.461	0.000	0.000	0.000	0.000	0.000	0.000	0.000	0.000	0.000	0.000	0.000	0.000	
0.000	0.000	0.000	0.000	0.000	0.000	0.000	0.000	0.000	0.000	0.000	0.000	0.731	0.731	0.731	0.731	0.000	0.000	0.000	0.000	0.000	0.000	0.000	0.000	0.000	0.000	0.000	0.000	
0.000	0.000	0.000	0.000	0.000	0.000	0.000	0.000	0.000	0.000	0.000	0.000	1.001	1.001	1.001	1.001	0.000	0.000	0.000	0.000	0.000	0.000	0.000	0.000	0.000	0.000	0.000	0.000	
0.000	0.000	0.000	0.000	0.000	0.000	0.000	0.000	0.000	0.000	0.000	0.000	1.001	1.001	1.001	1.001	0.000	0.000	0.000	0.000	0.000	0.000	0.000	0.000	0.000	0.000	0.000	0.000	
