0.450	0.450	0.450	0.450	0.388	0.325	0.325	0.325	0.325	0.325	0.325	0.325	0.325	0.325	0.325	0.325	0.325	0.325	0.325	0.325	0.325	0.325	0.325	0.325	0.325	0.325	0.338	0.350	
0.450	0.450	0.450	0.450	0.388	0.325	0.325	0.325	0.325	0.325	0.325	0.325	0.325	0.325	0.325	0.325	0.325	0.325	0.325	0.325	0.325	0.325	0.325	0.325	0.325	0.338	0.338	0.350	
0.450	0.450	0.450	0.450	0.388	0.325	0.325	0.325	0.325	0.325	0.325	0.325	0.325	0.325	0.325	0.325	0.325	0.325	0.325	0.325	0.325	0.325	0.325	0.325	0.325	0.338	0.350	0.350	
0.450	0.450	0.450	0.450	0.388	0.325	0.325	0.325	0.325	0.325	0.325	0.325	0.325	0.325	0.325	0.325	0.325	0.325	0.325	0.325	0.325	0.325	0.325	0.325	0.338	0.338	0.350	0.350	
0.450	0.450	0.450	0.450	0.388	0.388	0.325	0.325	0.325	0.325	0.325	0.325	0.325	0.325	0.325	0.325	0.325	0.325	0.325	0.325	0.325	0.325	0.325	0.325	0.338	0.350	0.350	0.350	
0.450	0.450	0.450	0.450	0.450	0.388	0.325	0.325	0.325	0.325	0.325	0.325	0.325	0.325	0.325	0.325	0.325	0.325	0.325	0.325	0.325	0.325	0.325	0.325	0.338	0.350	0.350	0.350	
0.450	0.450	0.450	0.450	0.450	0.388	0.325	0.325	0.325	0.325	0.325	0.325	0.325	0.325	0.325	0.325	0.325	0.325	0.325	0.325	0.325	0.325	0.325	0.338	0.338	0.350	0.350	0.350	
0.450	0.450	0.450	0.450	0.450	0.388	0.325	0.325	0.325	0.325	0.325	0.325	0.325	0.325	0.325	0.325	0.325	0.325	0.325	0.325	0.325	0.325	0.325	0.338	0.350	0.350	0.350	0.350	
0.450	0.450	0.450	0.450	0.450	0.388	0.325	0.325	0.325	0.325	0.325	0.325	0.325	0.325	0.325	0.325	0.325	0.325	0.325	0.325	0.325	0.325	0.325	0.338	0.350	0.350	0.350	0.350	
0.450	0.450	0.450	0.450	0.450	0.388	0.388	0.325	0.325	0.325	0.325	0.325	0.325	0.325	0.325	0.325	0.325	0.325	0.325	0.325	0.325	0.325	0.338	0.338	0.350	0.350	0.350	0.350	
0.450	0.450	0.450	0.450	0.450	0.450	0.388	0.325	0.325	0.325	0.325	0.325	0.325	0.325	0.325	0.325	0.325	0.325	0.325	0.325	0.325	0.325	0.338	0.350	0.350	0.350	0.350	0.350	
0.450	0.450	0.450	0.450	0.450	0.450	0.388	0.325	0.325	0.325	0.325	0.325	0.325	0.325	0.325	0.325	0.325	0.325	0.325	0.325	0.325	0.338	0.338	0.350	0.350	0.350	0.350	0.400	
0.450	0.450	0.450	0.450	0.450	0.450	0.388	0.325	0.325	0.325	0.325	0.325	0.325	0.325	0.325	0.325	0.325	0.325	0.325	0.325	0.325	0.338	0.350	0.350	0.350	0.350	0.350	0.400	
0.450	0.450	0.450	0.450	0.450	0.450	0.388	0.325	0.325	0.325	0.325	0.325	0.325	0.325	0.325	0.325	0.325	0.325	0.325	0.325	0.325	0.338	0.350	0.350	0.350	0.350	0.400	0.400	
0.450	0.450	0.450	0.450	0.450	0.450	0.388	0.388	0.325	0.325	0.325	0.325	0.325	0.325	0.325	0.325	0.325	0.325	0.325	0.325	0.338	0.338	0.350	0.350	0.350	0.350	0.400	0.450	
0.450	0.450	0.450	0.450	0.450	0.450	0.450	0.388	0.325	0.325	0.325	0.325	0.325	0.325	0.325	0.325	0.325	0.325	0.325	0.325	0.338	0.350	0.350	0.350	0.350	0.350	0.400	0.450	
0.450	0.450	0.450	0.450	0.450	0.450	0.450	0.388	0.325	0.325	0.325	0.325	0.325	0.325	0.325	0.325	0.325	0.325	0.325	0.325	0.338	0.350	0.350	0.350	0.350	0.400	0.400	0.450	
0.450	0.450	0.450	0.450	0.450	0.450	0.450	0.388	0.325	0.325	0.325	0.325	0.325	0.325	0.325	0.325	0.325	0.325	0.325	0.338	0.338	0.350	0.350	0.350	0.350	0.400	0.450	0.450	
0.450	0.450	0.450	0.450	0.450	0.450	0.450	0.388	0.325	0.325	0.325	0.325	0.325	0.325	0.325	0.325	0.325	0.325	0.325	0.338	0.350	0.350	0.350	0.350	0.400	0.400	0.450	0.450	
0.450	0.450	0.450	0.450	0.450	0.450	0.450	0.388	0.388	0.325	0.325	0.325	0.325	0.325	0.325	0.325	0.325	0.325	0.338	0.338	0.350	0.350	0.350	0.350	0.400	0.450	0.450	0.450	
0.450	0.450	0.450	0.450	0.450	0.450	0.450	0.450	0.388	0.325	0.325	0.325	0.325	0.325	0.325	0.325	0.325	0.325	0.338	0.350	0.350	0.350	0.350	0.400	0.400	0.450	0.450	0.450	
0.450	0.450	0.450	0.450	0.450	0.450	0.450	0.450	0.388	0.325	0.325	0.325	0.325	0.325	0.325	0.325	0.325	0.325	0.338	0.350	0.350	0.350	0.350	0.400	0.450	0.450	0.450	0.450	
0.450	0.450	0.450	0.450	0.450	0.450	0.450	0.450	0.388	0.325	0.325	0.325	0.325	0.325	0.325	0.325	0.325	0.338	0.338	0.350	0.350	0.350	0.350	0.400	0.450	0.450	0.450	0.450	
0.450	0.450	0.450	0.450	0.450	0.450	0.450	0.450	0.388	0.325	0.325	0.325	0.325	0.325	0.325	0.325	0.325	0.338	0.350	0.350	0.350	0.350	0.400	0.400	0.450	0.450	0.450	0.450	
0.450	0.450	0.450	0.450	0.450	0.450	0.450	0.450	0.388	0.388	0.325	0.325	0.325	0.325	0.325	0.325	0.325	0.338	0.350	0.350	0.350	0.350	0.400	0.450	0.450	0.450	0.450	0.450	
0.438	0.450	0.450	0.450	0.450	0.450	0.450	0.450	0.450	0.388	0.325	0.325	0.325	0.325	0.325	0.325	0.338	0.338	0.350	0.350	0.350	0.400	0.400	0.450	0.450	0.450	0.450	0.450	
0.438	0.438	0.450	0.450	0.450	0.450	0.450	0.450	0.450	0.388	0.325	0.325	0.325	0.325	0.325	0.325	0.338	0.350	0.350	0.350	0.350	0.400	0.450	0.450	0.450	0.450	0.450	0.450	
0.426	0.438	0.438	0.450	0.450	0.450	0.450	0.450	0.450	0.388	0.325	0.325	0.325	0.325	0.325	0.338	0.338	0.350	0.350	0.350	0.367	0.367	0.450	0.450	0.450	0.450	0.450	0.450	
0.426	0.426	0.438	0.450	0.450	0.450	0.450	0.450	0.450	0.388	0.325	0.325	0.325	0.325	0.325	0.338	0.350	0.350	0.350	0.350	0.367	0.450	0.450	0.450	0.450	0.450	0.450	0.450	
0.426	0.426	0.438	0.438	0.450	0.450	0.450	0.450	0.450	0.388	0.388	0.325	0.325	0.325	0.325	0.338	0.350	0.350	0.350	0.326	0.367	0.450	0.450	0.450	0.450	0.450	0.450	0.450	
0.426	0.426	0.426	0.438	0.438	0.450	0.450	0.450	0.450	0.450	0.388	0.325	0.325	0.325	0.338	0.338	0.350	0.350	0.326	0.326	0.376	0.450	0.450	0.450	0.450	0.450	0.450	0.450	
0.426	0.426	0.426	0.426	0.438	0.438	0.450	0.450	0.450	0.450	0.388	0.325	0.325	0.325	0.338	0.350	0.350	0.350	0.326	0.376	0.376	0.450	0.450	0.450	0.450	0.450	0.450	0.450	
0.426	0.426	0.426	0.426	0.426	0.438	0.438	0.450	0.450	0.450	0.388	0.325	0.325	0.325	0.338	0.350	0.350	0.326	0.326	0.376	0.450	0.450	0.450	0.450	0.450	0.450	0.450	0.450	
0.426	0.426	0.426	0.426	0.426	0.426	0.438	0.438	0.450	0.450	0.388	0.388	0.325	0.338	0.338	0.350	0.326	0.326	0.301	0.376	0.450	0.450	0.450	0.450	0.450	0.450	0.450	0.450	
0.426	0.426	0.426	0.426	0.426	0.426	0.426	0.438	0.438	0.450	0.450	0.350	0.301	0.317	0.350	0.350	0.326	0.301	0.301	0.376	0.450	0.450	0.450	0.450	0.450	0.450	0.450	0.450	
0.426	0.426	0.426	0.426	0.426	0.426	0.426	0.426	0.435	0.439	0.385	0.363	0.276	0.313	0.300	0.309	0.326	0.301	0.376	0.376	0.450	0.450	0.450	0.450	0.450	0.450	0.450	0.450	
0.426	0.426	0.426	0.426	0.426	0.426	0.426	0.426	0.427	0.428	0.352	0.352	0.276	0.276	0.276	0.309	0.288	0.301	0.376	0.450	0.450	0.450	0.450	0.450	0.450	0.450	0.450	0.450	
0.426	0.426	0.426	0.426	0.426	0.426	0.438	0.435	0.427	0.428	0.333	0.314	0.257	0.276	0.275	0.275	0.276	0.276	0.334	0.450	0.450	0.450	0.450	0.450	0.450	0.450	0.450	0.450	
0.438	0.438	0.438	0.438	0.438	0.438	0.438	0.439	0.439	0.428	0.333	0.237	0.257	0.254	0.275	0.263	0.263	0.251	0.350	0.350	0.400	0.400	0.400	0.400	0.400	0.400	0.400	0.400	
0.451	0.451	0.451	0.451	0.451	0.451	0.451	0.451	0.354	0.324	0.282	0.237	0.237	0.246	0.251	0.251	0.239	0.251	0.301	0.350	0.350	0.350	0.350	0.350	0.350	0.350	0.350	0.400	
0.326	0.326	0.326	0.451	0.451	0.451	0.451	0.316	0.316	0.182	0.199	0.207	0.213	0.213	0.226	0.214	0.226	0.226	0.268	0.350	0.350	0.350	0.350	0.350	0.350	0.350	0.350	0.350	
0.202	0.202	0.326	0.326	0.326	0.326	0.326	0.278	0.182	0.182	0.179	0.177	0.177	0.185	0.189	0.193	0.202	0.202	0.268	0.301	0.301	0.301	0.301	0.301	0.301	0.301	0.275	0.287	
0.202	0.202	0.202	0.202	0.202	0.202	0.202	0.192	0.179	0.167	0.170	0.164	0.163	0.160	0.152	0.177	0.169	0.177	0.202	0.251	0.251	0.251	0.251	0.251	0.237	0.237	0.237	0.224	
0.202	0.202	0.202	0.202	0.202	0.202	0.202	0.202	0.177	0.152	0.152	0.160	0.163	0.151	0.152	0.152	0.152	0.152	0.202	0.251	0.251	0.251	0.237	0.237	0.237	0.224	0.224	0.140	
0.177	0.177	0.241	0.241	0.241	0.241	0.241	0.241	0.190	0.139	0.142	0.142	0.150	0.143	0.140	0.144	0.140	0.116	0.161	0.165	0.237	0.237	0.237	0.224	0.224	0.140	0.140	0.140	
0.050	0.165	0.165	0.165	0.280	0.280	0.280	0.280	0.167	0.125	0.125	0.129	0.131	0.130	0.127	0.155	0.135	0.116	0.079	0.185	0.237	0.224	0.224	0.224	0.140	0.140	0.056	0.056	
0.050	0.050	0.050	0.165	0.165	0.165	0.280	0.196	0.172	0.118	0.151	0.138	0.112	0.092	0.114	0.155	0.131	0.131	0.095	0.138	0.168	0.224	0.140	0.140	0.140	0.056	0.056	0.056	
0.050	0.050	0.050	0.050	0.050	0.165	0.124	0.149	0.112	0.110	0.109	0.144	0.108	0.074	0.109	0.109	0.182	0.131	0.114	0.112	0.128	0.110	0.140	0.056	0.056	0.056	0.056	0.056	
0.050	0.050	0.050	0.050	0.050	0.050	0.053	0.084	0.064	0.068	0.101	0.151	0.154	0.143	0.292	0.255	0.293	0.166	0.131	0.081	0.081	0.053	0.056	0.056	0.056	0.056	0.056	0.056	
0.050	0.050	0.050	0.050	0.050	0.050	0.053	0.056	0.040	0.025	0.025	0.151	0.250	0.143	0.278	0.548	0.349	0.150	0.131	0.104	0.050	0.053	0.056	0.056	0.056	0.056	0.056	0.056	
0.000	0.000	0.000	0.000	0.000	0.000	0.056	0.056	0.056	0.000	0.025	0.138	0.250	0.626	0.600	0.548	0.000	0.000	0.000	0.000	0.000	0.000	0.000	0.000	0.000	0.000	0.000	0.000	
0.000	0.000	0.000	0.000	0.000	0.000	0.000	0.000	0.000	0.000	0.000	0.000	0.626	0.626	0.776	0.776	0.000	0.000	0.000	0.000	0.000	0.000	0.000	0.000	0.000	0.000	0.000	0.000	
0.000	0.000	0.000	0.000	0.000	0.000	0.000	0.000	0.000	0.000	0.000	0.000	1.003	1.003	1.003	1.003	0.000	0.000	0.000	0.000	0.000	0.000	0.000	0.000	0.000	0.000	0.000	0.000	
0.000	0.000	0.000	0.000	0.000	0.000	0.000	0.000	0.000	0.000	0.000	0.000	1.003	1.003	1.003	1.003	0.000	0.000	0.000	0.000	0.000	0.000	0.000	0.000	0.000	0.000	0.000	0.000	
0.000	0.000	0.000	0.000	0.000	0.000	0.000	0.000	0.000	0.000	0.000	0.000	1.003	1.003	1.003	1.003	0.000	0.000	0.000	0.000	0.000	0.000	0.000	0.000	0.000	0.000	0.000	0.000	
