0.125	0.125	0.125	0.125	0.125	0.125	0.125	0.125	0.125	0.125	0.125	0.125	0.125	0.125	0.125	0.125	0.125	0.125	0.125	0.125	0.125	0.125	0.125	0.125	0.125	0.125	0.133	0.141	
0.125	0.125	0.125	0.125	0.125	0.125	0.125	0.125	0.125	0.125	0.125	0.125	0.125	0.125	0.125	0.125	0.125	0.125	0.125	0.125	0.125	0.125	0.125	0.125	0.125	0.125	0.133	0.141	
0.125	0.125	0.125	0.125	0.125	0.125	0.125	0.125	0.125	0.125	0.125	0.125	0.125	0.125	0.125	0.125	0.125	0.125	0.125	0.125	0.125	0.125	0.125	0.125	0.125	0.125	0.133	0.141	
0.125	0.125	0.125	0.125	0.125	0.125	0.125	0.125	0.125	0.125	0.125	0.125	0.125	0.125	0.125	0.125	0.125	0.125	0.125	0.125	0.125	0.125	0.125	0.125	0.125	0.133	0.133	0.141	
0.125	0.125	0.125	0.125	0.125	0.125	0.125	0.125	0.125	0.125	0.125	0.125	0.125	0.125	0.125	0.125	0.125	0.125	0.125	0.125	0.125	0.125	0.125	0.125	0.125	0.133	0.141	0.141	
0.125	0.125	0.125	0.125	0.125	0.125	0.125	0.125	0.125	0.125	0.125	0.125	0.125	0.125	0.125	0.125	0.125	0.125	0.125	0.125	0.125	0.125	0.125	0.125	0.125	0.133	0.141	0.141	
0.125	0.125	0.125	0.125	0.125	0.125	0.125	0.125	0.125	0.125	0.125	0.125	0.125	0.125	0.125	0.125	0.125	0.125	0.125	0.125	0.125	0.125	0.125	0.125	0.125	0.133	0.141	0.141	
0.125	0.125	0.125	0.125	0.125	0.125	0.125	0.125	0.125	0.125	0.125	0.125	0.125	0.125	0.125	0.125	0.125	0.125	0.125	0.125	0.125	0.125	0.125	0.125	0.125	0.133	0.141	0.141	
0.125	0.125	0.125	0.125	0.125	0.125	0.125	0.125	0.125	0.125	0.125	0.125	0.125	0.125	0.125	0.125	0.125	0.125	0.125	0.125	0.125	0.125	0.125	0.125	0.133	0.133	0.141	0.141	
0.125	0.125	0.125	0.125	0.125	0.125	0.125	0.125	0.125	0.125	0.125	0.125	0.125	0.125	0.125	0.125	0.125	0.125	0.125	0.125	0.125	0.125	0.125	0.125	0.133	0.141	0.141	0.141	
0.125	0.125	0.125	0.125	0.125	0.125	0.125	0.125	0.125	0.125	0.125	0.125	0.125	0.125	0.125	0.125	0.125	0.125	0.125	0.125	0.125	0.125	0.125	0.125	0.133	0.141	0.141	0.141	
0.125	0.125	0.125	0.125	0.125	0.125	0.125	0.125	0.125	0.125	0.125	0.125	0.125	0.125	0.125	0.125	0.125	0.125	0.125	0.125	0.125	0.125	0.125	0.125	0.133	0.141	0.141	0.141	
0.125	0.125	0.125	0.125	0.125	0.125	0.125	0.125	0.125	0.125	0.125	0.125	0.125	0.125	0.125	0.125	0.125	0.125	0.125	0.125	0.125	0.125	0.125	0.133	0.133	0.141	0.141	0.141	
0.125	0.125	0.125	0.125	0.125	0.125	0.125	0.125	0.125	0.125	0.125	0.125	0.125	0.125	0.125	0.125	0.125	0.125	0.125	0.125	0.125	0.125	0.125	0.133	0.141	0.141	0.141	0.141	
0.125	0.125	0.125	0.125	0.125	0.125	0.125	0.125	0.125	0.125	0.125	0.125	0.125	0.125	0.125	0.125	0.125	0.125	0.125	0.125	0.125	0.125	0.125	0.115	0.141	0.141	0.141	0.141	
0.125	0.125	0.125	0.125	0.125	0.125	0.125	0.125	0.125	0.125	0.125	0.125	0.125	0.125	0.125	0.125	0.125	0.125	0.125	0.125	0.125	0.125	0.125	0.115	0.141	0.141	0.141	0.141	
0.090	0.125	0.125	0.125	0.125	0.125	0.125	0.125	0.125	0.125	0.125	0.125	0.125	0.125	0.125	0.125	0.125	0.125	0.125	0.125	0.125	0.125	0.102	0.115	0.141	0.141	0.141	0.141	
0.090	0.125	0.125	0.125	0.125	0.125	0.125	0.125	0.125	0.125	0.125	0.125	0.125	0.125	0.125	0.125	0.125	0.125	0.125	0.125	0.125	0.125	0.102	0.110	0.141	0.141	0.141	0.141	
0.090	0.090	0.125	0.125	0.125	0.125	0.125	0.125	0.125	0.125	0.125	0.125	0.125	0.125	0.125	0.125	0.125	0.125	0.125	0.125	0.125	0.125	0.115	0.110	0.141	0.141	0.141	0.141	
0.056	0.090	0.125	0.125	0.125	0.125	0.125	0.125	0.125	0.125	0.125	0.125	0.125	0.125	0.125	0.125	0.125	0.125	0.125	0.125	0.125	0.125	0.115	0.141	0.141	0.141	0.141	0.141	
0.056	0.090	0.125	0.125	0.125	0.125	0.125	0.125	0.125	0.125	0.125	0.125	0.125	0.125	0.125	0.125	0.125	0.125	0.125	0.125	0.125	0.102	0.115	0.141	0.141	0.141	0.141	0.141	
0.056	0.090	0.090	0.125	0.125	0.125	0.125	0.125	0.125	0.125	0.125	0.125	0.125	0.125	0.125	0.125	0.125	0.125	0.125	0.125	0.125	0.102	0.110	0.141	0.141	0.141	0.141	0.141	
0.056	0.056	0.090	0.125	0.125	0.125	0.125	0.125	0.125	0.125	0.125	0.125	0.125	0.125	0.125	0.125	0.125	0.125	0.125	0.125	0.125	0.102	0.110	0.141	0.141	0.141	0.141	0.141	
0.056	0.056	0.090	0.125	0.125	0.125	0.125	0.125	0.125	0.125	0.125	0.125	0.125	0.125	0.125	0.125	0.125	0.125	0.125	0.125	0.102	0.102	0.110	0.141	0.141	0.141	0.141	0.141	
0.056	0.056	0.090	0.090	0.125	0.125	0.125	0.125	0.125	0.125	0.125	0.125	0.125	0.125	0.125	0.125	0.125	0.125	0.125	0.125	0.102	0.079	0.110	0.141	0.141	0.141	0.141	0.141	
0.056	0.056	0.056	0.090	0.125	0.125	0.125	0.125	0.125	0.125	0.125	0.125	0.125	0.125	0.125	0.125	0.125	0.125	0.125	0.125	0.102	0.110	0.110	0.141	0.141	0.141	0.141	0.141	
0.056	0.056	0.056	0.090	0.090	0.125	0.125	0.125	0.125	0.125	0.125	0.125	0.125	0.125	0.125	0.125	0.125	0.125	0.125	0.125	0.102	0.110	0.141	0.141	0.141	0.141	0.141	0.141	
0.056	0.056	0.056	0.056	0.090	0.125	0.125	0.125	0.125	0.125	0.125	0.125	0.125	0.125	0.125	0.125	0.125	0.125	0.125	0.102	0.102	0.110	0.141	0.141	0.141	0.141	0.141	0.141	
0.056	0.056	0.056	0.056	0.090	0.125	0.125	0.125	0.125	0.125	0.125	0.125	0.125	0.125	0.125	0.125	0.125	0.125	0.125	0.102	0.079	0.110	0.141	0.141	0.141	0.141	0.141	0.141	
0.056	0.056	0.056	0.056	0.090	0.090	0.125	0.125	0.125	0.125	0.125	0.125	0.125	0.125	0.125	0.125	0.125	0.125	0.125	0.102	0.079	0.110	0.141	0.141	0.141	0.141	0.141	0.141	
0.056	0.056	0.056	0.056	0.056	0.090	0.125	0.125	0.125	0.125	0.125	0.125	0.125	0.125	0.125	0.125	0.125	0.125	0.125	0.102	0.079	0.110	0.141	0.141	0.141	0.141	0.141	0.141	
0.056	0.056	0.056	0.056	0.056	0.090	0.125	0.125	0.125	0.125	0.125	0.125	0.125	0.125	0.125	0.125	0.125	0.125	0.102	0.102	0.079	0.110	0.141	0.141	0.141	0.141	0.141	0.141	
0.056	0.056	0.056	0.056	0.056	0.090	0.090	0.125	0.125	0.125	0.125	0.125	0.125	0.125	0.125	0.125	0.125	0.125	0.102	0.079	0.110	0.110	0.141	0.141	0.141	0.141	0.141	0.141	
0.056	0.056	0.056	0.056	0.056	0.056	0.090	0.125	0.125	0.125	0.125	0.125	0.125	0.125	0.125	0.125	0.125	0.125	0.102	0.079	0.110	0.141	0.141	0.141	0.141	0.141	0.141	0.141	
0.056	0.056	0.056	0.056	0.056	0.056	0.090	0.125	0.125	0.125	0.125	0.125	0.125	0.125	0.125	0.125	0.125	0.102	0.102	0.079	0.110	0.141	0.141	0.141	0.141	0.141	0.141	0.141	
0.028	0.056	0.056	0.056	0.056	0.056	0.090	0.090	0.125	0.125	0.125	0.125	0.125	0.125	0.125	0.125	0.125	0.102	0.079	0.079	0.110	0.141	0.141	0.141	0.141	0.141	0.141	0.141	
0.028	0.028	0.056	0.056	0.056	0.056	0.056	0.090	0.125	0.125	0.125	0.125	0.125	0.125	0.125	0.125	0.125	0.102	0.079	0.079	0.110	0.141	0.141	0.141	0.141	0.141	0.141	0.141	
0.000	0.028	0.028	0.056	0.056	0.056	0.056	0.090	0.090	0.125	0.125	0.125	0.125	0.125	0.125	0.125	0.125	0.102	0.079	0.079	0.110	0.141	0.141	0.141	0.141	0.141	0.141	0.141	
0.000	0.000	0.028	0.056	0.056	0.056	0.056	0.056	0.090	0.125	0.125	0.125	0.125	0.125	0.125	0.125	0.102	0.102	0.079	0.079	0.110	0.141	0.141	0.141	0.141	0.141	0.141	0.141	
0.000	0.000	0.028	0.028	0.056	0.056	0.056	0.056	0.090	0.125	0.125	0.125	0.125	0.125	0.125	0.125	0.102	0.079	0.079	0.110	0.110	0.141	0.141	0.141	0.141	0.141	0.141	0.141	
0.000	0.000	0.000	0.028	0.028	0.056	0.056	0.056	0.090	0.090	0.125	0.125	0.125	0.125	0.125	0.125	0.080	0.079	0.079	0.110	0.141	0.141	0.141	0.141	0.141	0.141	0.141	0.150	
0.013	0.000	0.000	0.000	0.028	0.028	0.056	0.056	0.056	0.090	0.125	0.125	0.125	0.125	0.125	0.080	0.080	0.079	0.079	0.110	0.141	0.141	0.141	0.141	0.141	0.150	0.150	0.150	
0.013	0.013	0.000	0.000	0.000	0.028	0.028	0.056	0.056	0.095	0.114	0.125	0.108	0.100	0.080	0.080	0.057	0.079	0.079	0.110	0.141	0.141	0.141	0.150	0.150	0.150	0.158	0.158	
0.025	0.013	0.013	0.000	0.000	0.000	0.028	0.028	0.056	0.079	0.114	0.101	0.100	0.100	0.078	0.035	0.057	0.057	0.065	0.090	0.141	0.141	0.150	0.150	0.158	0.158	0.158	0.131	
0.025	0.025	0.013	0.013	0.013	0.000	0.000	0.035	0.053	0.070	0.103	0.089	0.075	0.050	0.045	0.039	0.039	0.067	0.062	0.096	0.117	0.150	0.150	0.158	0.158	0.158	0.131	0.131	
0.013	0.025	0.025	0.025	0.013	0.013	0.000	0.017	0.050	0.088	0.088	0.097	0.107	0.078	0.080	0.025	0.040	0.056	0.053	0.050	0.088	0.158	0.158	0.158	0.142	0.129	0.131	0.103	
0.013	0.013	0.013	0.025	0.025	0.008	0.000	0.025	0.025	0.062	0.068	0.112	0.123	0.135	0.090	0.068	0.061	0.053	0.052	0.052	0.088	0.113	0.142	0.142	0.129	0.114	0.103	0.103	
0.000	0.000	0.013	0.013	0.025	0.017	0.013	0.000	0.017	0.025	0.057	0.125	0.191	0.279	0.207	0.112	0.081	0.050	0.050	0.052	0.056	0.116	0.125	0.125	0.114	0.103	0.103	0.103	
0.000	0.000	0.000	0.013	0.017	0.025	0.013	0.017	0.017	0.028	0.030	0.181	0.326	0.279	0.243	0.171	0.062	0.042	0.050	0.053	0.077	0.102	0.125	0.114	0.114	0.103	0.103	0.103	
0.000	0.000	0.000	0.000	0.013	0.025	0.025	0.025	0.025	0.030	0.035	0.181	0.526	0.476	0.375	0.200	0.025	0.038	0.050	0.050	0.087	0.125	0.125	0.118	0.103	0.103	0.103	0.103	
0.000	0.000	0.000	0.000	0.000	0.000	0.000	0.025	0.025	0.025	0.000	0.000	0.526	0.551	0.551	0.376	0.000	0.000	0.000	0.000	0.000	0.125	0.125	0.125	0.000	0.000	0.000	0.000	
0.000	0.000	0.000	0.000	0.000	0.000	0.000	0.000	0.000	0.000	0.000	0.000	0.727	0.727	0.727	0.727	0.000	0.000	0.000	0.000	0.000	0.000	0.000	0.000	0.000	0.000	0.000	0.000	
0.000	0.000	0.000	0.000	0.000	0.000	0.000	0.000	0.000	0.000	0.000	0.000	0.727	0.727	0.727	0.727	0.000	0.000	0.000	0.000	0.000	0.000	0.000	0.000	0.000	0.000	0.000	0.000	
0.000	0.000	0.000	0.000	0.000	0.000	0.000	0.000	0.000	0.000	0.000	0.000	0.727	0.727	0.727	0.727	0.000	0.000	0.000	0.000	0.000	0.000	0.000	0.000	0.000	0.000	0.000	0.000	
0.000	0.000	0.000	0.000	0.000	0.000	0.000	0.000	0.000	0.000	0.000	0.000	0.727	0.727	0.727	0.727	0.000	0.000	0.000	0.000	0.000	0.000	0.000	0.000	0.000	0.000	0.000	0.000	
