0.202	0.202	0.202	0.202	0.202	0.202	0.202	0.202	0.202	0.202	0.202	0.202	0.202	0.202	0.202	0.202	0.202	0.202	0.202	0.202	0.202	0.202	0.202	0.202	0.202	0.202	0.202	0.202	
0.202	0.202	0.202	0.202	0.202	0.202	0.202	0.202	0.202	0.202	0.202	0.202	0.202	0.202	0.202	0.202	0.202	0.202	0.202	0.202	0.202	0.202	0.202	0.202	0.202	0.202	0.202	0.202	
0.202	0.202	0.202	0.202	0.202	0.202	0.202	0.202	0.202	0.202	0.202	0.202	0.202	0.202	0.202	0.202	0.202	0.202	0.202	0.202	0.202	0.202	0.202	0.202	0.202	0.202	0.202	0.202	
0.202	0.202	0.202	0.202	0.202	0.202	0.202	0.202	0.202	0.202	0.202	0.202	0.202	0.202	0.202	0.202	0.202	0.202	0.202	0.202	0.202	0.202	0.202	0.202	0.202	0.202	0.202	0.202	
0.202	0.202	0.202	0.202	0.202	0.202	0.202	0.202	0.202	0.202	0.202	0.202	0.202	0.202	0.202	0.202	0.202	0.202	0.202	0.202	0.202	0.202	0.202	0.202	0.202	0.202	0.202	0.202	
0.202	0.202	0.202	0.202	0.202	0.202	0.202	0.202	0.202	0.202	0.202	0.202	0.202	0.202	0.202	0.202	0.202	0.202	0.202	0.202	0.202	0.202	0.202	0.202	0.202	0.202	0.202	0.202	
0.202	0.202	0.202	0.202	0.202	0.202	0.202	0.202	0.202	0.202	0.202	0.202	0.202	0.202	0.202	0.202	0.202	0.202	0.202	0.202	0.202	0.202	0.202	0.202	0.202	0.202	0.202	0.202	
0.202	0.202	0.202	0.202	0.202	0.202	0.202	0.202	0.202	0.202	0.202	0.202	0.202	0.202	0.202	0.202	0.202	0.202	0.202	0.202	0.202	0.202	0.202	0.202	0.202	0.202	0.202	0.202	
0.202	0.202	0.202	0.202	0.202	0.202	0.202	0.202	0.202	0.202	0.202	0.202	0.202	0.202	0.202	0.202	0.202	0.202	0.202	0.202	0.202	0.202	0.202	0.202	0.202	0.202	0.202	0.202	
0.202	0.202	0.202	0.202	0.202	0.202	0.202	0.202	0.202	0.202	0.202	0.202	0.202	0.202	0.202	0.202	0.202	0.202	0.202	0.202	0.202	0.202	0.202	0.202	0.202	0.202	0.202	0.202	
0.202	0.202	0.202	0.202	0.202	0.202	0.202	0.202	0.202	0.202	0.202	0.202	0.202	0.202	0.202	0.202	0.202	0.202	0.202	0.202	0.202	0.202	0.202	0.202	0.202	0.202	0.202	0.202	
0.202	0.202	0.202	0.202	0.202	0.202	0.202	0.202	0.202	0.202	0.202	0.202	0.202	0.202	0.202	0.202	0.202	0.202	0.202	0.202	0.202	0.202	0.202	0.202	0.202	0.202	0.202	0.202	
0.202	0.202	0.202	0.202	0.202	0.202	0.202	0.202	0.202	0.202	0.202	0.202	0.202	0.202	0.202	0.202	0.202	0.202	0.202	0.202	0.202	0.202	0.202	0.202	0.202	0.202	0.202	0.202	
0.202	0.202	0.202	0.202	0.202	0.202	0.202	0.202	0.202	0.202	0.202	0.202	0.202	0.202	0.202	0.202	0.202	0.202	0.202	0.202	0.202	0.202	0.202	0.202	0.202	0.202	0.202	0.202	
0.202	0.202	0.202	0.202	0.202	0.202	0.202	0.202	0.202	0.202	0.202	0.202	0.202	0.202	0.202	0.202	0.202	0.202	0.202	0.202	0.202	0.202	0.202	0.202	0.202	0.202	0.202	0.202	
0.202	0.202	0.202	0.202	0.202	0.202	0.202	0.202	0.202	0.202	0.202	0.202	0.202	0.202	0.202	0.202	0.202	0.202	0.202	0.202	0.202	0.202	0.202	0.202	0.202	0.202	0.202	0.202	
0.202	0.202	0.202	0.202	0.202	0.202	0.202	0.202	0.202	0.202	0.202	0.202	0.202	0.202	0.202	0.202	0.202	0.202	0.202	0.202	0.202	0.202	0.202	0.202	0.202	0.202	0.202	0.202	
0.202	0.202	0.202	0.202	0.202	0.202	0.202	0.202	0.202	0.202	0.202	0.202	0.202	0.202	0.202	0.202	0.202	0.202	0.202	0.202	0.202	0.202	0.202	0.202	0.202	0.202	0.202	0.202	
0.202	0.202	0.202	0.202	0.202	0.202	0.202	0.202	0.202	0.202	0.202	0.202	0.202	0.202	0.202	0.202	0.202	0.202	0.202	0.202	0.202	0.202	0.202	0.202	0.202	0.202	0.202	0.202	
0.202	0.202	0.202	0.202	0.202	0.202	0.202	0.202	0.202	0.202	0.202	0.202	0.202	0.202	0.202	0.202	0.202	0.202	0.202	0.202	0.202	0.202	0.202	0.202	0.202	0.202	0.202	0.202	
0.202	0.202	0.202	0.202	0.202	0.202	0.202	0.202	0.202	0.202	0.202	0.202	0.202	0.202	0.202	0.202	0.202	0.202	0.202	0.202	0.202	0.202	0.202	0.202	0.202	0.202	0.202	0.202	
0.202	0.202	0.202	0.202	0.202	0.202	0.202	0.202	0.202	0.202	0.202	0.202	0.202	0.202	0.202	0.202	0.202	0.202	0.202	0.202	0.202	0.202	0.202	0.202	0.202	0.202	0.202	0.202	
0.202	0.202	0.202	0.202	0.202	0.202	0.202	0.202	0.202	0.202	0.202	0.202	0.202	0.202	0.202	0.202	0.202	0.202	0.202	0.202	0.202	0.202	0.202	0.202	0.202	0.202	0.202	0.202	
0.202	0.202	0.202	0.202	0.202	0.202	0.202	0.202	0.202	0.202	0.202	0.202	0.202	0.202	0.202	0.202	0.202	0.202	0.202	0.202	0.202	0.202	0.202	0.202	0.202	0.202	0.202	0.202	
0.202	0.202	0.202	0.202	0.202	0.202	0.202	0.202	0.202	0.202	0.202	0.202	0.202	0.202	0.202	0.202	0.202	0.202	0.202	0.202	0.202	0.202	0.202	0.202	0.202	0.202	0.202	0.202	
0.202	0.202	0.202	0.202	0.202	0.202	0.202	0.202	0.202	0.202	0.202	0.202	0.202	0.202	0.202	0.202	0.202	0.202	0.202	0.202	0.202	0.202	0.202	0.202	0.202	0.202	0.202	0.202	
0.202	0.202	0.202	0.202	0.202	0.202	0.202	0.202	0.202	0.202	0.202	0.202	0.202	0.202	0.202	0.202	0.202	0.202	0.202	0.202	0.202	0.202	0.202	0.202	0.202	0.202	0.202	0.202	
0.202	0.202	0.202	0.202	0.202	0.202	0.202	0.202	0.202	0.202	0.202	0.202	0.202	0.202	0.202	0.202	0.202	0.202	0.202	0.202	0.202	0.202	0.202	0.202	0.202	0.202	0.202	0.202	
0.202	0.202	0.202	0.202	0.202	0.202	0.202	0.202	0.202	0.202	0.202	0.202	0.202	0.202	0.202	0.202	0.202	0.202	0.202	0.202	0.202	0.202	0.202	0.202	0.202	0.202	0.202	0.202	
0.202	0.202	0.202	0.202	0.202	0.202	0.202	0.202	0.202	0.202	0.202	0.202	0.202	0.202	0.202	0.202	0.202	0.202	0.202	0.202	0.202	0.202	0.202	0.202	0.202	0.202	0.202	0.202	
0.202	0.202	0.202	0.202	0.202	0.202	0.202	0.202	0.202	0.202	0.202	0.202	0.202	0.202	0.202	0.202	0.202	0.202	0.202	0.202	0.202	0.202	0.202	0.202	0.202	0.202	0.202	0.202	
0.202	0.202	0.202	0.202	0.202	0.202	0.202	0.202	0.202	0.202	0.202	0.202	0.202	0.202	0.202	0.202	0.202	0.202	0.202	0.202	0.202	0.202	0.202	0.202	0.202	0.202	0.202	0.202	
0.202	0.202	0.202	0.202	0.202	0.202	0.202	0.202	0.202	0.202	0.202	0.202	0.202	0.202	0.202	0.202	0.202	0.202	0.202	0.202	0.202	0.202	0.202	0.202	0.202	0.202	0.202	0.202	
0.202	0.202	0.202	0.202	0.202	0.202	0.202	0.202	0.202	0.202	0.202	0.202	0.202	0.202	0.202	0.202	0.202	0.202	0.202	0.202	0.202	0.202	0.202	0.202	0.202	0.202	0.202	0.202	
0.202	0.202	0.202	0.202	0.202	0.202	0.202	0.202	0.202	0.202	0.202	0.202	0.202	0.202	0.202	0.202	0.202	0.202	0.202	0.202	0.202	0.202	0.202	0.202	0.202	0.202	0.202	0.202	
0.202	0.202	0.202	0.202	0.202	0.202	0.202	0.202	0.202	0.202	0.202	0.202	0.202	0.202	0.202	0.202	0.202	0.202	0.202	0.202	0.202	0.202	0.202	0.202	0.202	0.202	0.202	0.202	
0.202	0.202	0.202	0.202	0.202	0.202	0.202	0.202	0.202	0.202	0.202	0.202	0.202	0.202	0.202	0.202	0.202	0.202	0.202	0.202	0.202	0.202	0.202	0.202	0.202	0.202	0.202	0.202	
0.202	0.202	0.202	0.202	0.202	0.202	0.202	0.202	0.202	0.202	0.202	0.202	0.202	0.202	0.202	0.202	0.202	0.202	0.202	0.202	0.202	0.202	0.202	0.202	0.202	0.202	0.202	0.202	
0.202	0.202	0.202	0.202	0.202	0.202	0.202	0.202	0.202	0.202	0.202	0.202	0.202	0.202	0.202	0.202	0.202	0.202	0.202	0.202	0.202	0.202	0.202	0.202	0.202	0.202	0.202	0.113	
0.202	0.202	0.202	0.202	0.202	0.202	0.202	0.202	0.202	0.202	0.202	0.202	0.202	0.202	0.202	0.202	0.202	0.202	0.202	0.202	0.202	0.202	0.202	0.202	0.202	0.202	0.113	0.113	
0.202	0.202	0.202	0.202	0.202	0.202	0.202	0.202	0.202	0.202	0.202	0.202	0.202	0.202	0.202	0.202	0.202	0.202	0.202	0.202	0.202	0.202	0.202	0.202	0.202	0.113	0.113	0.025	
0.188	0.188	0.202	0.202	0.202	0.202	0.202	0.202	0.202	0.202	0.202	0.202	0.202	0.202	0.202	0.202	0.202	0.202	0.202	0.202	0.202	0.202	0.202	0.202	0.113	0.113	0.025	0.025	
0.175	0.188	0.188	0.202	0.202	0.202	0.202	0.202	0.202	0.202	0.202	0.202	0.202	0.202	0.202	0.202	0.202	0.202	0.202	0.202	0.202	0.202	0.202	0.113	0.113	0.025	0.025	0.025	
0.175	0.175	0.188	0.188	0.188	0.202	0.202	0.202	0.202	0.202	0.202	0.202	0.202	0.202	0.202	0.202	0.202	0.202	0.202	0.202	0.202	0.202	0.113	0.113	0.025	0.025	0.025	0.025	
0.175	0.175	0.175	0.175	0.188	0.188	0.202	0.202	0.202	0.202	0.202	0.202	0.202	0.202	0.202	0.202	0.202	0.202	0.202	0.202	0.202	0.113	0.113	0.025	0.025	0.025	0.025	0.025	
0.175	0.175	0.175	0.175	0.175	0.188	0.188	0.202	0.202	0.202	0.202	0.202	0.202	0.202	0.202	0.202	0.202	0.202	0.202	0.202	0.113	0.113	0.025	0.025	0.025	0.025	0.025	0.025	
0.175	0.175	0.175	0.175	0.175	0.175	0.188	0.188	0.188	0.202	0.202	0.202	0.202	0.202	0.202	0.322	0.202	0.202	0.202	0.113	0.113	0.025	0.025	0.025	0.025	0.025	0.025	0.025	
0.175	0.175	0.175	0.175	0.175	0.175	0.175	0.175	0.188	0.188	0.202	0.201	0.201	0.383	0.383	0.248	0.113	0.113	0.113	0.113	0.025	0.025	0.025	0.025	0.025	0.025	0.025	0.025	
0.175	0.175	0.175	0.175	0.175	0.175	0.175	0.175	0.175	0.188	0.192	0.201	0.201	0.322	0.564	0.295	0.025	0.113	0.084	0.025	0.025	0.025	0.025	0.025	0.025	0.025	0.025	0.025	
0.175	0.175	0.175	0.175	0.175	0.175	0.175	0.175	0.175	0.175	0.187	0.200	0.200	0.382	0.564	0.295	0.025	0.025	0.025	0.025	0.025	0.025	0.025	0.025	0.025	0.025	0.025	0.025	
0.175	0.175	0.175	0.175	0.175	0.175	0.175	0.175	0.175	0.175	0.175	0.000	0.200	0.588	0.782	0.295	0.000	0.000	0.000	0.000	0.000	0.000	0.000	0.000	0.000	0.000	0.000	0.000	
0.000	0.000	0.000	0.000	0.000	0.000	0.000	0.000	0.000	0.000	0.000	0.000	0.600	0.600	0.782	0.782	0.000	0.000	0.000	0.000	0.000	0.000	0.000	0.000	0.000	0.000	0.000	0.000	
0.000	0.000	0.000	0.000	0.000	0.000	0.000	0.000	0.000	0.000	0.000	0.000	1.000	1.000	1.000	1.000	0.000	0.000	0.000	0.000	0.000	0.000	0.000	0.000	0.000	0.000	0.000	0.000	
0.000	0.000	0.000	0.000	0.000	0.000	0.000	0.000	0.000	0.000	0.000	0.000	1.000	1.000	1.000	1.000	0.000	0.000	0.000	0.000	0.000	0.000	0.000	0.000	0.000	0.000	0.000	0.000	
0.000	0.000	0.000	0.000	0.000	0.000	0.000	0.000	0.000	0.000	0.000	0.000	1.000	1.000	1.000	1.000	0.000	0.000	0.000	0.000	0.000	0.000	0.000	0.000	0.000	0.000	0.000	0.000	
