0.071	0.168	0.266	0.266	0.266	0.266	0.266	0.266	0.266	0.266	0.266	0.266	0.266	0.266	0.266	0.266	0.266	0.266	0.266	0.266	0.266	0.266	0.245	0.225	0.225	0.225	0.225	0.225	
0.071	0.168	0.168	0.266	0.266	0.266	0.266	0.266	0.266	0.266	0.266	0.266	0.266	0.266	0.266	0.266	0.266	0.266	0.266	0.266	0.266	0.245	0.245	0.225	0.225	0.225	0.225	0.225	
0.071	0.071	0.168	0.266	0.266	0.266	0.266	0.266	0.266	0.266	0.266	0.266	0.266	0.266	0.266	0.266	0.266	0.266	0.266	0.266	0.266	0.245	0.225	0.225	0.225	0.225	0.225	0.225	
0.071	0.071	0.168	0.266	0.266	0.266	0.266	0.266	0.266	0.266	0.266	0.266	0.266	0.266	0.266	0.266	0.266	0.266	0.266	0.266	0.266	0.245	0.225	0.225	0.225	0.225	0.225	0.225	
0.071	0.071	0.168	0.266	0.266	0.266	0.266	0.266	0.266	0.266	0.266	0.266	0.266	0.266	0.266	0.266	0.266	0.266	0.266	0.266	0.266	0.245	0.225	0.225	0.225	0.225	0.225	0.225	
0.071	0.071	0.168	0.266	0.266	0.266	0.266	0.266	0.266	0.266	0.266	0.266	0.266	0.266	0.266	0.266	0.266	0.266	0.266	0.266	0.266	0.245	0.225	0.225	0.225	0.225	0.225	0.225	
0.071	0.071	0.168	0.168	0.266	0.266	0.266	0.266	0.266	0.266	0.266	0.266	0.266	0.266	0.266	0.266	0.266	0.266	0.266	0.266	0.266	0.245	0.225	0.225	0.225	0.225	0.225	0.225	
0.071	0.071	0.071	0.168	0.266	0.266	0.266	0.266	0.266	0.266	0.266	0.266	0.266	0.266	0.266	0.266	0.266	0.266	0.266	0.266	0.266	0.245	0.225	0.225	0.225	0.225	0.225	0.225	
0.071	0.071	0.071	0.168	0.266	0.266	0.266	0.266	0.266	0.266	0.266	0.266	0.266	0.266	0.266	0.266	0.266	0.266	0.266	0.266	0.245	0.245	0.225	0.225	0.225	0.225	0.225	0.225	
0.071	0.071	0.071	0.168	0.266	0.266	0.266	0.266	0.266	0.266	0.266	0.266	0.266	0.266	0.266	0.266	0.266	0.266	0.266	0.266	0.245	0.225	0.225	0.225	0.225	0.225	0.225	0.225	
0.071	0.071	0.071	0.168	0.168	0.266	0.266	0.266	0.266	0.266	0.266	0.266	0.266	0.266	0.266	0.266	0.266	0.266	0.266	0.266	0.245	0.225	0.225	0.225	0.225	0.225	0.225	0.225	
0.071	0.071	0.071	0.071	0.168	0.266	0.266	0.266	0.266	0.266	0.266	0.266	0.266	0.266	0.266	0.266	0.266	0.266	0.266	0.266	0.245	0.225	0.225	0.225	0.225	0.225	0.225	0.225	
0.071	0.071	0.071	0.071	0.168	0.266	0.266	0.266	0.266	0.266	0.266	0.266	0.266	0.266	0.266	0.266	0.266	0.266	0.266	0.266	0.245	0.225	0.225	0.225	0.225	0.225	0.225	0.225	
0.071	0.071	0.071	0.071	0.168	0.266	0.266	0.266	0.266	0.266	0.266	0.266	0.266	0.266	0.266	0.266	0.266	0.266	0.266	0.266	0.245	0.225	0.225	0.225	0.225	0.225	0.225	0.225	
0.071	0.071	0.071	0.071	0.168	0.266	0.266	0.266	0.266	0.266	0.266	0.266	0.266	0.266	0.266	0.266	0.266	0.266	0.266	0.266	0.245	0.225	0.225	0.225	0.225	0.225	0.225	0.225	
0.071	0.071	0.071	0.071	0.168	0.168	0.266	0.266	0.266	0.266	0.266	0.266	0.266	0.266	0.266	0.266	0.266	0.266	0.266	0.266	0.245	0.225	0.225	0.225	0.225	0.225	0.225	0.225	
0.071	0.071	0.071	0.071	0.071	0.168	0.266	0.266	0.266	0.266	0.266	0.266	0.266	0.266	0.266	0.266	0.266	0.266	0.266	0.245	0.245	0.225	0.225	0.225	0.225	0.225	0.225	0.225	
0.071	0.071	0.071	0.071	0.071	0.168	0.266	0.266	0.266	0.266	0.266	0.266	0.266	0.266	0.266	0.266	0.266	0.266	0.266	0.245	0.225	0.225	0.225	0.225	0.225	0.225	0.225	0.225	
0.071	0.071	0.071	0.071	0.071	0.168	0.266	0.266	0.266	0.266	0.266	0.266	0.266	0.266	0.266	0.266	0.266	0.266	0.266	0.245	0.225	0.225	0.225	0.225	0.225	0.225	0.225	0.225	
0.071	0.071	0.071	0.071	0.071	0.168	0.168	0.266	0.266	0.266	0.266	0.266	0.266	0.266	0.266	0.266	0.266	0.266	0.266	0.245	0.225	0.225	0.225	0.225	0.225	0.225	0.225	0.225	
0.071	0.071	0.071	0.071	0.071	0.071	0.168	0.266	0.266	0.266	0.266	0.266	0.266	0.266	0.266	0.266	0.266	0.266	0.266	0.245	0.225	0.225	0.225	0.225	0.225	0.225	0.225	0.225	
0.071	0.071	0.071	0.071	0.071	0.071	0.168	0.266	0.266	0.266	0.266	0.266	0.266	0.266	0.266	0.266	0.266	0.266	0.266	0.245	0.225	0.225	0.225	0.225	0.225	0.225	0.225	0.225	
0.071	0.071	0.071	0.071	0.071	0.071	0.168	0.266	0.266	0.266	0.266	0.266	0.266	0.266	0.266	0.266	0.266	0.266	0.266	0.245	0.225	0.225	0.225	0.225	0.225	0.225	0.225	0.225	
0.071	0.071	0.071	0.071	0.071	0.071	0.168	0.266	0.266	0.266	0.266	0.266	0.266	0.266	0.266	0.266	0.266	0.266	0.245	0.245	0.225	0.225	0.225	0.225	0.225	0.225	0.225	0.225	
0.071	0.071	0.071	0.071	0.071	0.071	0.168	0.168	0.266	0.266	0.266	0.266	0.266	0.266	0.266	0.266	0.266	0.266	0.245	0.225	0.225	0.225	0.225	0.225	0.225	0.225	0.225	0.225	
0.071	0.071	0.071	0.071	0.071	0.071	0.071	0.168	0.266	0.266	0.266	0.266	0.266	0.266	0.266	0.266	0.266	0.266	0.245	0.225	0.225	0.225	0.225	0.225	0.225	0.225	0.225	0.225	
0.071	0.071	0.071	0.071	0.071	0.071	0.071	0.168	0.266	0.266	0.266	0.266	0.266	0.266	0.266	0.266	0.266	0.266	0.245	0.225	0.225	0.225	0.225	0.225	0.225	0.225	0.225	0.225	
0.071	0.071	0.071	0.071	0.071	0.071	0.071	0.168	0.266	0.266	0.266	0.266	0.266	0.266	0.266	0.266	0.266	0.266	0.245	0.225	0.225	0.225	0.225	0.225	0.225	0.225	0.225	0.225	
0.071	0.071	0.071	0.071	0.071	0.071	0.071	0.168	0.168	0.266	0.266	0.266	0.266	0.266	0.266	0.266	0.266	0.266	0.245	0.225	0.225	0.225	0.225	0.225	0.225	0.225	0.225	0.225	
0.071	0.071	0.071	0.071	0.071	0.071	0.071	0.071	0.168	0.266	0.266	0.266	0.266	0.266	0.266	0.266	0.266	0.266	0.245	0.225	0.225	0.225	0.225	0.225	0.225	0.225	0.225	0.225	
0.071	0.071	0.071	0.071	0.071	0.071	0.071	0.071	0.168	0.266	0.266	0.266	0.266	0.266	0.266	0.266	0.266	0.245	0.245	0.225	0.225	0.225	0.225	0.225	0.225	0.225	0.225	0.225	
0.071	0.071	0.071	0.071	0.071	0.071	0.071	0.071	0.168	0.266	0.266	0.266	0.266	0.266	0.266	0.266	0.266	0.245	0.225	0.225	0.225	0.225	0.225	0.225	0.225	0.225	0.225	0.225	
0.071	0.071	0.071	0.071	0.071	0.071	0.071	0.071	0.168	0.266	0.266	0.266	0.266	0.266	0.266	0.266	0.266	0.245	0.225	0.225	0.225	0.225	0.225	0.225	0.225	0.225	0.225	0.225	
0.071	0.071	0.071	0.071	0.071	0.071	0.071	0.071	0.168	0.168	0.266	0.266	0.266	0.266	0.266	0.266	0.266	0.245	0.225	0.225	0.225	0.225	0.225	0.225	0.225	0.225	0.225	0.225	
0.071	0.071	0.071	0.071	0.071	0.071	0.071	0.071	0.071	0.168	0.266	0.266	0.266	0.266	0.266	0.266	0.266	0.245	0.225	0.225	0.225	0.225	0.225	0.225	0.225	0.225	0.225	0.225	
0.071	0.071	0.071	0.071	0.071	0.071	0.071	0.071	0.071	0.168	0.266	0.266	0.266	0.266	0.266	0.266	0.266	0.245	0.225	0.225	0.225	0.225	0.225	0.225	0.225	0.225	0.225	0.225	
0.071	0.071	0.071	0.071	0.071	0.071	0.071	0.071	0.071	0.168	0.266	0.266	0.266	0.266	0.266	0.266	0.266	0.245	0.225	0.225	0.225	0.225	0.225	0.225	0.225	0.225	0.225	0.225	
0.071	0.071	0.071	0.071	0.071	0.071	0.071	0.071	0.071	0.168	0.168	0.266	0.266	0.266	0.266	0.266	0.245	0.245	0.225	0.225	0.225	0.225	0.225	0.225	0.225	0.225	0.225	0.225	
0.071	0.071	0.071	0.071	0.071	0.071	0.071	0.071	0.071	0.071	0.168	0.266	0.266	0.266	0.266	0.266	0.245	0.225	0.225	0.225	0.225	0.225	0.225	0.225	0.225	0.225	0.225	0.225	
0.099	0.099	0.071	0.071	0.071	0.071	0.071	0.071	0.071	0.071	0.168	0.266	0.266	0.266	0.266	0.266	0.245	0.225	0.225	0.225	0.225	0.225	0.225	0.225	0.225	0.225	0.225	0.225	
0.127	0.099	0.099	0.071	0.071	0.071	0.071	0.071	0.071	0.071	0.168	0.266	0.266	0.266	0.266	0.266	0.245	0.225	0.225	0.225	0.225	0.225	0.225	0.225	0.225	0.225	0.225	0.225	
0.127	0.127	0.099	0.099	0.071	0.071	0.071	0.071	0.071	0.071	0.168	0.266	0.266	0.266	0.266	0.266	0.245	0.225	0.225	0.225	0.225	0.225	0.225	0.225	0.225	0.225	0.225	0.175	
0.127	0.127	0.127	0.099	0.099	0.071	0.071	0.071	0.071	0.071	0.168	0.168	0.266	0.266	0.266	0.266	0.245	0.225	0.225	0.225	0.225	0.225	0.225	0.225	0.225	0.225	0.175	0.175	
0.127	0.127	0.127	0.127	0.099	0.099	0.071	0.071	0.071	0.071	0.071	0.168	0.266	0.266	0.266	0.266	0.245	0.225	0.225	0.225	0.225	0.225	0.225	0.225	0.175	0.175	0.175	0.125	
0.127	0.127	0.127	0.127	0.127	0.099	0.099	0.071	0.071	0.071	0.071	0.168	0.266	0.266	0.266	0.240	0.235	0.225	0.225	0.225	0.225	0.225	0.225	0.175	0.175	0.125	0.125	0.125	
0.127	0.127	0.127	0.127	0.127	0.127	0.099	0.099	0.071	0.071	0.071	0.168	0.266	0.266	0.266	0.240	0.219	0.225	0.225	0.225	0.225	0.175	0.175	0.175	0.125	0.125	0.125	0.125	
0.127	0.127	0.127	0.127	0.127	0.127	0.127	0.099	0.099	0.071	0.071	0.168	0.168	0.266	0.240	0.240	0.219	0.225	0.225	0.225	0.175	0.175	0.125	0.125	0.125	0.125	0.125	0.125	
0.127	0.127	0.127	0.127	0.127	0.127	0.127	0.127	0.099	0.099	0.123	0.123	0.262	0.339	0.339	0.214	0.180	0.163	0.175	0.175	0.175	0.125	0.125	0.125	0.125	0.125	0.125	0.125	
0.127	0.127	0.127	0.127	0.127	0.127	0.127	0.127	0.127	0.124	0.123	0.175	0.357	0.539	0.376	0.157	0.157	0.163	0.150	0.125	0.125	0.125	0.125	0.125	0.125	0.125	0.125	0.125	
0.127	0.127	0.127	0.127	0.127	0.127	0.127	0.127	0.127	0.151	0.175	0.175	0.357	0.539	0.376	0.284	0.100	0.100	0.112	0.125	0.125	0.125	0.125	0.125	0.125	0.125	0.125	0.125	
0.127	0.127	0.127	0.127	0.127	0.127	0.127	0.127	0.127	0.127	0.000	0.000	0.357	0.539	0.769	0.546	0.000	0.000	0.125	0.125	0.125	0.125	0.125	0.125	0.125	0.125	0.125	0.125	
0.000	0.000	0.000	0.000	0.000	0.000	0.000	0.000	0.000	0.000	0.000	0.000	0.769	0.769	0.769	1.000	0.000	0.000	0.000	0.000	0.000	0.000	0.000	0.000	0.000	0.000	0.000	0.000	
0.000	0.000	0.000	0.000	0.000	0.000	0.000	0.000	0.000	0.000	0.000	0.000	1.000	1.000	1.000	1.000	0.000	0.000	0.000	0.000	0.000	0.000	0.000	0.000	0.000	0.000	0.000	0.000	
0.000	0.000	0.000	0.000	0.000	0.000	0.000	0.000	0.000	0.000	0.000	0.000	1.000	1.000	1.000	1.000	0.000	0.000	0.000	0.000	0.000	0.000	0.000	0.000	0.000	0.000	0.000	0.000	
0.000	0.000	0.000	0.000	0.000	0.000	0.000	0.000	0.000	0.000	0.000	0.000	1.000	1.000	1.000	1.000	0.000	0.000	0.000	0.000	0.000	0.000	0.000	0.000	0.000	0.000	0.000	0.000	
