0.103	0.103	0.103	0.103	0.103	0.103	0.103	0.103	0.103	0.103	0.103	0.103	0.103	0.103	0.103	0.128	0.152	0.152	0.152	0.152	0.152	0.152	0.152	0.152	0.152	0.152	0.152	0.152	
0.103	0.103	0.103	0.103	0.103	0.103	0.103	0.103	0.103	0.103	0.103	0.103	0.103	0.103	0.103	0.128	0.152	0.152	0.152	0.152	0.152	0.152	0.152	0.152	0.152	0.152	0.152	0.152	
0.103	0.103	0.103	0.103	0.103	0.103	0.103	0.103	0.103	0.103	0.103	0.103	0.103	0.103	0.103	0.128	0.152	0.152	0.152	0.152	0.152	0.152	0.152	0.152	0.152	0.152	0.152	0.152	
0.103	0.103	0.103	0.103	0.103	0.103	0.103	0.103	0.103	0.103	0.103	0.103	0.103	0.103	0.103	0.128	0.152	0.152	0.152	0.152	0.152	0.152	0.152	0.152	0.152	0.152	0.152	0.152	
0.103	0.103	0.103	0.103	0.103	0.103	0.103	0.103	0.103	0.103	0.103	0.103	0.103	0.103	0.103	0.128	0.152	0.152	0.152	0.152	0.152	0.152	0.152	0.152	0.152	0.152	0.152	0.152	
0.103	0.103	0.103	0.103	0.103	0.103	0.103	0.103	0.103	0.103	0.103	0.103	0.103	0.103	0.128	0.128	0.152	0.152	0.152	0.152	0.152	0.152	0.152	0.152	0.152	0.152	0.152	0.152	
0.103	0.103	0.103	0.103	0.103	0.103	0.103	0.103	0.103	0.103	0.103	0.103	0.103	0.103	0.128	0.152	0.152	0.152	0.152	0.152	0.152	0.152	0.152	0.152	0.152	0.152	0.152	0.152	
0.103	0.103	0.103	0.103	0.103	0.103	0.103	0.103	0.103	0.103	0.103	0.103	0.103	0.103	0.128	0.152	0.152	0.152	0.152	0.152	0.152	0.152	0.152	0.152	0.152	0.152	0.152	0.152	
0.103	0.103	0.103	0.103	0.103	0.103	0.103	0.103	0.103	0.103	0.103	0.103	0.103	0.103	0.128	0.152	0.152	0.152	0.152	0.152	0.152	0.152	0.152	0.152	0.152	0.152	0.152	0.152	
0.103	0.103	0.103	0.103	0.103	0.103	0.103	0.103	0.103	0.103	0.103	0.103	0.103	0.103	0.128	0.152	0.152	0.152	0.152	0.152	0.152	0.152	0.152	0.152	0.152	0.152	0.152	0.152	
0.103	0.103	0.103	0.103	0.103	0.103	0.103	0.103	0.103	0.103	0.103	0.103	0.103	0.103	0.128	0.152	0.152	0.152	0.152	0.152	0.152	0.152	0.152	0.152	0.152	0.152	0.152	0.152	
0.103	0.103	0.103	0.103	0.103	0.103	0.103	0.103	0.103	0.103	0.103	0.103	0.103	0.103	0.128	0.152	0.152	0.152	0.152	0.152	0.152	0.152	0.152	0.152	0.152	0.152	0.152	0.152	
0.103	0.103	0.103	0.103	0.103	0.103	0.103	0.103	0.103	0.103	0.103	0.103	0.103	0.103	0.128	0.152	0.152	0.152	0.152	0.152	0.152	0.152	0.152	0.152	0.152	0.152	0.152	0.152	
0.103	0.103	0.103	0.103	0.103	0.103	0.103	0.103	0.103	0.103	0.103	0.103	0.103	0.103	0.128	0.152	0.152	0.152	0.152	0.152	0.152	0.152	0.152	0.152	0.152	0.152	0.152	0.152	
0.103	0.103	0.103	0.103	0.103	0.103	0.103	0.103	0.103	0.103	0.103	0.103	0.103	0.103	0.128	0.152	0.152	0.152	0.152	0.152	0.152	0.152	0.152	0.152	0.152	0.152	0.152	0.152	
0.103	0.103	0.103	0.103	0.103	0.103	0.103	0.103	0.103	0.103	0.103	0.103	0.103	0.103	0.128	0.152	0.152	0.152	0.152	0.152	0.152	0.152	0.152	0.152	0.152	0.152	0.152	0.152	
0.103	0.103	0.103	0.103	0.103	0.103	0.103	0.103	0.103	0.103	0.103	0.103	0.103	0.103	0.128	0.152	0.152	0.152	0.152	0.152	0.152	0.152	0.152	0.152	0.152	0.152	0.152	0.152	
0.103	0.103	0.103	0.103	0.103	0.103	0.103	0.103	0.103	0.103	0.103	0.103	0.103	0.103	0.128	0.152	0.152	0.152	0.152	0.152	0.152	0.152	0.152	0.152	0.152	0.152	0.152	0.152	
0.103	0.103	0.103	0.103	0.103	0.103	0.103	0.103	0.103	0.103	0.103	0.103	0.103	0.103	0.128	0.152	0.152	0.152	0.152	0.152	0.152	0.152	0.152	0.152	0.152	0.152	0.152	0.152	
0.103	0.103	0.103	0.103	0.103	0.103	0.103	0.103	0.103	0.103	0.103	0.103	0.103	0.103	0.128	0.152	0.152	0.152	0.152	0.152	0.152	0.152	0.152	0.152	0.152	0.152	0.152	0.152	
0.103	0.103	0.103	0.103	0.103	0.103	0.103	0.103	0.103	0.103	0.103	0.103	0.103	0.103	0.128	0.152	0.152	0.152	0.152	0.152	0.152	0.152	0.152	0.152	0.152	0.152	0.152	0.152	
0.103	0.103	0.103	0.103	0.103	0.103	0.103	0.103	0.103	0.103	0.103	0.103	0.103	0.103	0.128	0.152	0.152	0.152	0.152	0.152	0.152	0.152	0.152	0.152	0.152	0.152	0.152	0.152	
0.103	0.103	0.103	0.103	0.103	0.103	0.103	0.103	0.103	0.103	0.103	0.103	0.103	0.103	0.128	0.152	0.152	0.152	0.152	0.152	0.152	0.152	0.152	0.152	0.152	0.152	0.152	0.152	
0.103	0.103	0.103	0.103	0.103	0.103	0.103	0.103	0.103	0.103	0.103	0.103	0.103	0.103	0.128	0.152	0.152	0.152	0.152	0.152	0.152	0.152	0.152	0.152	0.152	0.152	0.152	0.126	
0.103	0.103	0.103	0.103	0.103	0.103	0.103	0.103	0.103	0.103	0.103	0.103	0.103	0.103	0.128	0.152	0.152	0.152	0.152	0.152	0.152	0.152	0.152	0.152	0.152	0.152	0.152	0.126	
0.103	0.103	0.103	0.103	0.103	0.103	0.103	0.103	0.103	0.103	0.103	0.103	0.103	0.103	0.128	0.152	0.152	0.152	0.152	0.152	0.152	0.152	0.152	0.152	0.152	0.152	0.126	0.126	
0.103	0.103	0.103	0.103	0.103	0.103	0.103	0.103	0.103	0.103	0.103	0.103	0.103	0.103	0.128	0.152	0.152	0.152	0.152	0.152	0.152	0.152	0.152	0.152	0.152	0.152	0.126	0.100	
0.103	0.103	0.103	0.103	0.103	0.103	0.103	0.103	0.103	0.103	0.103	0.103	0.103	0.103	0.128	0.152	0.152	0.152	0.152	0.152	0.152	0.152	0.152	0.152	0.152	0.126	0.126	0.100	
0.103	0.103	0.103	0.103	0.103	0.103	0.103	0.103	0.103	0.103	0.103	0.103	0.103	0.103	0.128	0.152	0.152	0.152	0.152	0.152	0.152	0.152	0.152	0.152	0.152	0.126	0.100	0.100	
0.103	0.103	0.103	0.103	0.103	0.103	0.103	0.103	0.103	0.103	0.103	0.103	0.103	0.103	0.128	0.152	0.152	0.152	0.152	0.152	0.152	0.152	0.152	0.152	0.152	0.126	0.100	0.100	
0.103	0.103	0.103	0.103	0.103	0.103	0.103	0.103	0.103	0.103	0.103	0.103	0.103	0.103	0.128	0.152	0.152	0.152	0.152	0.152	0.152	0.152	0.152	0.152	0.126	0.126	0.100	0.100	
0.064	0.103	0.103	0.103	0.103	0.103	0.103	0.103	0.103	0.103	0.103	0.103	0.103	0.103	0.128	0.152	0.152	0.152	0.152	0.152	0.152	0.152	0.152	0.152	0.126	0.100	0.100	0.100	
0.064	0.064	0.103	0.103	0.103	0.103	0.103	0.103	0.103	0.103	0.103	0.103	0.103	0.103	0.128	0.152	0.152	0.152	0.152	0.152	0.152	0.152	0.152	0.126	0.126	0.100	0.100	0.100	
0.025	0.064	0.103	0.103	0.103	0.103	0.103	0.103	0.103	0.103	0.103	0.103	0.103	0.103	0.128	0.152	0.152	0.152	0.152	0.152	0.152	0.152	0.152	0.126	0.100	0.100	0.100	0.100	
0.025	0.064	0.064	0.103	0.103	0.103	0.103	0.103	0.103	0.103	0.103	0.103	0.103	0.128	0.128	0.152	0.152	0.152	0.152	0.152	0.152	0.152	0.126	0.126	0.100	0.100	0.100	0.100	
0.025	0.025	0.064	0.064	0.103	0.103	0.103	0.103	0.103	0.103	0.103	0.103	0.103	0.128	0.152	0.152	0.152	0.152	0.152	0.152	0.152	0.152	0.126	0.100	0.100	0.100	0.100	0.100	
0.025	0.025	0.025	0.064	0.064	0.103	0.103	0.103	0.103	0.103	0.103	0.103	0.103	0.145	0.166	0.152	0.152	0.152	0.152	0.152	0.152	0.152	0.126	0.100	0.100	0.100	0.100	0.100	
0.025	0.025	0.025	0.025	0.064	0.103	0.103	0.103	0.103	0.103	0.103	0.103	0.103	0.142	0.166	0.152	0.152	0.152	0.152	0.152	0.152	0.126	0.126	0.100	0.100	0.100	0.100	0.100	
0.025	0.025	0.025	0.025	0.064	0.064	0.103	0.103	0.103	0.103	0.103	0.103	0.103	0.132	0.166	0.152	0.152	0.152	0.152	0.152	0.152	0.126	0.100	0.100	0.100	0.100	0.100	0.100	
0.025	0.025	0.025	0.025	0.025	0.064	0.064	0.103	0.103	0.103	0.103	0.103	0.107	0.132	0.166	0.166	0.152	0.152	0.152	0.152	0.126	0.126	0.100	0.100	0.100	0.100	0.100	0.100	
0.013	0.025	0.025	0.025	0.025	0.025	0.064	0.103	0.103	0.103	0.103	0.103	0.107	0.146	0.180	0.166	0.152	0.152	0.152	0.152	0.126	0.100	0.100	0.100	0.100	0.100	0.100	0.100	
0.013	0.013	0.025	0.025	0.025	0.025	0.064	0.064	0.103	0.103	0.103	0.107	0.107	0.146	0.180	0.166	0.152	0.152	0.152	0.126	0.126	0.100	0.100	0.100	0.100	0.100	0.075	0.075	
0.000	0.013	0.013	0.025	0.025	0.025	0.025	0.064	0.064	0.103	0.103	0.107	0.112	0.146	0.180	0.166	0.166	0.152	0.152	0.126	0.100	0.100	0.100	0.100	0.100	0.075	0.075	0.050	
0.000	0.000	0.013	0.013	0.013	0.025	0.025	0.025	0.059	0.077	0.107	0.107	0.112	0.146	0.180	0.180	0.166	0.152	0.114	0.109	0.100	0.100	0.100	0.100	0.075	0.075	0.050	0.050	
0.000	0.000	0.000	0.000	0.013	0.013	0.025	0.025	0.038	0.077	0.088	0.091	0.112	0.132	0.142	0.135	0.141	0.106	0.114	0.088	0.100	0.100	0.075	0.075	0.075	0.050	0.050	0.050	
0.000	0.000	0.000	0.000	0.000	0.013	0.013	0.013	0.025	0.050	0.081	0.081	0.112	0.109	0.124	0.124	0.090	0.083	0.075	0.075	0.075	0.075	0.075	0.050	0.050	0.050	0.050	0.050	
0.000	0.000	0.000	0.000	0.000	0.000	0.008	0.013	0.025	0.025	0.062	0.068	0.112	0.107	0.103	0.094	0.085	0.081	0.068	0.062	0.075	0.067	0.050	0.050	0.050	0.050	0.050	0.050	
0.000	0.000	0.000	0.000	0.000	0.000	0.000	0.000	0.000	0.008	0.025	0.057	0.169	0.203	0.233	0.094	0.071	0.079	0.051	0.038	0.038	0.042	0.050	0.050	0.050	0.050	0.050	0.050	
0.000	0.000	0.000	0.000	0.000	0.000	0.000	0.000	0.000	0.008	0.020	0.030	0.270	0.506	0.298	0.058	0.065	0.043	0.052	0.038	0.033	0.038	0.042	0.050	0.050	0.050	0.050	0.050	
0.000	0.000	0.000	0.000	0.000	0.000	0.000	0.000	0.000	0.000	0.018	0.035	0.270	0.506	0.298	0.058	0.025	0.025	0.025	0.025	0.025	0.025	0.038	0.050	0.050	0.050	0.050	0.050	
0.000	0.000	0.000	0.000	0.000	0.000	0.000	0.000	0.000	0.000	0.000	0.000	0.270	0.506	0.532	0.405	0.000	0.000	0.000	0.000	0.000	0.000	0.000	0.000	0.000	0.000	0.000	0.000	
0.000	0.000	0.000	0.000	0.000	0.000	0.000	0.000	0.000	0.000	0.000	0.000	0.753	0.753	0.753	0.513	0.000	0.000	0.000	0.000	0.000	0.000	0.000	0.000	0.000	0.000	0.000	0.000	
0.000	0.000	0.000	0.000	0.000	0.000	0.000	0.000	0.000	0.000	0.000	0.000	1.000	1.000	1.000	1.000	0.000	0.000	0.000	0.000	0.000	0.000	0.000	0.000	0.000	0.000	0.000	0.000	
0.000	0.000	0.000	0.000	0.000	0.000	0.000	0.000	0.000	0.000	0.000	0.000	1.000	1.000	1.000	1.000	0.000	0.000	0.000	0.000	0.000	0.000	0.000	0.000	0.000	0.000	0.000	0.000	
0.000	0.000	0.000	0.000	0.000	0.000	0.000	0.000	0.000	0.000	0.000	0.000	1.000	1.000	1.000	1.000	0.000	0.000	0.000	0.000	0.000	0.000	0.000	0.000	0.000	0.000	0.000	0.000	
