0.195	0.195	0.195	0.195	0.195	0.195	0.195	0.195	0.195	0.195	0.195	0.195	0.195	0.195	0.195	0.195	0.195	0.195	0.195	0.195	0.195	0.195	0.195	0.195	0.195	0.195	0.195	0.195	
0.195	0.195	0.195	0.195	0.195	0.195	0.195	0.195	0.195	0.195	0.195	0.195	0.195	0.195	0.195	0.195	0.195	0.195	0.195	0.195	0.195	0.195	0.195	0.195	0.195	0.195	0.195	0.195	
0.195	0.195	0.195	0.195	0.195	0.195	0.195	0.195	0.195	0.195	0.195	0.195	0.195	0.195	0.195	0.195	0.195	0.195	0.195	0.195	0.195	0.195	0.195	0.195	0.195	0.195	0.195	0.195	
0.195	0.195	0.195	0.195	0.195	0.195	0.195	0.195	0.195	0.195	0.195	0.195	0.195	0.195	0.195	0.195	0.195	0.195	0.195	0.195	0.195	0.195	0.195	0.195	0.195	0.195	0.195	0.195	
0.195	0.195	0.195	0.195	0.195	0.195	0.195	0.195	0.195	0.195	0.195	0.195	0.195	0.195	0.195	0.195	0.195	0.195	0.195	0.195	0.195	0.195	0.195	0.195	0.195	0.195	0.195	0.195	
0.195	0.195	0.195	0.195	0.195	0.195	0.195	0.195	0.195	0.195	0.195	0.195	0.195	0.195	0.195	0.195	0.195	0.195	0.195	0.195	0.195	0.195	0.195	0.195	0.195	0.195	0.195	0.188	
0.195	0.195	0.195	0.195	0.195	0.195	0.195	0.195	0.195	0.195	0.195	0.195	0.195	0.195	0.195	0.195	0.195	0.195	0.195	0.195	0.195	0.195	0.195	0.195	0.195	0.195	0.195	0.188	
0.195	0.195	0.195	0.195	0.195	0.195	0.195	0.195	0.195	0.195	0.195	0.195	0.195	0.195	0.195	0.195	0.195	0.195	0.195	0.195	0.195	0.195	0.195	0.195	0.195	0.195	0.188	0.188	
0.195	0.195	0.195	0.195	0.195	0.195	0.195	0.195	0.195	0.195	0.195	0.195	0.195	0.195	0.195	0.195	0.195	0.195	0.195	0.195	0.195	0.195	0.195	0.195	0.195	0.195	0.188	0.180	
0.195	0.195	0.195	0.195	0.195	0.195	0.195	0.195	0.195	0.195	0.195	0.195	0.195	0.195	0.195	0.195	0.195	0.195	0.195	0.195	0.195	0.195	0.195	0.195	0.195	0.195	0.188	0.180	
0.195	0.195	0.195	0.195	0.195	0.195	0.195	0.195	0.195	0.195	0.195	0.195	0.195	0.195	0.195	0.195	0.195	0.195	0.195	0.195	0.195	0.195	0.195	0.195	0.195	0.188	0.188	0.180	
0.195	0.195	0.195	0.195	0.195	0.195	0.195	0.195	0.195	0.195	0.195	0.195	0.195	0.195	0.195	0.195	0.195	0.195	0.195	0.195	0.195	0.195	0.195	0.195	0.195	0.188	0.180	0.180	
0.195	0.195	0.195	0.195	0.195	0.195	0.195	0.195	0.195	0.195	0.195	0.195	0.195	0.195	0.195	0.195	0.195	0.195	0.195	0.195	0.195	0.195	0.195	0.195	0.188	0.188	0.180	0.180	
0.195	0.195	0.195	0.195	0.195	0.195	0.195	0.195	0.195	0.195	0.195	0.195	0.195	0.195	0.195	0.195	0.195	0.195	0.195	0.195	0.195	0.195	0.195	0.195	0.188	0.180	0.180	0.197	
0.195	0.195	0.195	0.195	0.195	0.195	0.195	0.195	0.195	0.195	0.195	0.195	0.195	0.195	0.195	0.195	0.195	0.195	0.195	0.195	0.195	0.195	0.195	0.188	0.188	0.180	0.180	0.197	
0.195	0.195	0.195	0.195	0.195	0.195	0.195	0.195	0.195	0.195	0.195	0.195	0.195	0.195	0.195	0.195	0.195	0.195	0.195	0.195	0.195	0.195	0.195	0.188	0.180	0.180	0.197	0.197	
0.195	0.195	0.195	0.195	0.195	0.195	0.195	0.195	0.195	0.195	0.195	0.195	0.195	0.195	0.195	0.195	0.195	0.195	0.195	0.195	0.195	0.195	0.195	0.188	0.180	0.180	0.197	0.214	
0.195	0.195	0.195	0.195	0.195	0.195	0.195	0.195	0.195	0.195	0.195	0.195	0.195	0.195	0.195	0.195	0.195	0.195	0.195	0.195	0.195	0.195	0.188	0.188	0.180	0.180	0.197	0.214	
0.195	0.195	0.195	0.195	0.195	0.195	0.195	0.195	0.195	0.195	0.195	0.195	0.195	0.195	0.195	0.195	0.195	0.195	0.195	0.195	0.195	0.195	0.188	0.180	0.180	0.197	0.197	0.214	
0.195	0.195	0.195	0.195	0.195	0.195	0.195	0.195	0.195	0.195	0.195	0.195	0.195	0.195	0.195	0.195	0.195	0.195	0.195	0.195	0.195	0.188	0.188	0.180	0.180	0.197	0.214	0.214	
0.195	0.195	0.195	0.195	0.195	0.195	0.195	0.195	0.195	0.195	0.195	0.195	0.195	0.195	0.195	0.195	0.195	0.195	0.195	0.195	0.195	0.188	0.180	0.180	0.197	0.197	0.214	0.214	
0.195	0.195	0.195	0.195	0.195	0.195	0.195	0.195	0.195	0.195	0.195	0.195	0.195	0.195	0.195	0.195	0.195	0.195	0.195	0.195	0.195	0.188	0.180	0.180	0.197	0.214	0.214	0.214	
0.195	0.195	0.195	0.195	0.195	0.195	0.195	0.195	0.195	0.195	0.195	0.195	0.195	0.195	0.195	0.195	0.195	0.195	0.195	0.195	0.188	0.188	0.180	0.180	0.197	0.214	0.214	0.214	
0.195	0.195	0.195	0.195	0.195	0.195	0.195	0.195	0.195	0.195	0.195	0.195	0.195	0.195	0.195	0.195	0.195	0.195	0.195	0.195	0.188	0.180	0.180	0.197	0.197	0.214	0.214	0.214	
0.195	0.195	0.195	0.195	0.195	0.195	0.195	0.195	0.195	0.195	0.195	0.195	0.195	0.195	0.195	0.195	0.195	0.195	0.195	0.188	0.188	0.180	0.180	0.197	0.214	0.214	0.214	0.214	
0.195	0.195	0.195	0.195	0.195	0.195	0.195	0.195	0.195	0.195	0.195	0.195	0.195	0.195	0.195	0.195	0.195	0.195	0.195	0.188	0.180	0.180	0.197	0.197	0.214	0.214	0.214	0.214	
0.195	0.195	0.195	0.195	0.195	0.195	0.195	0.195	0.195	0.195	0.195	0.195	0.195	0.195	0.195	0.195	0.195	0.195	0.195	0.188	0.180	0.180	0.197	0.214	0.214	0.214	0.214	0.214	
0.195	0.195	0.195	0.195	0.195	0.195	0.195	0.195	0.195	0.195	0.195	0.195	0.195	0.195	0.195	0.195	0.195	0.195	0.188	0.188	0.180	0.197	0.197	0.214	0.214	0.214	0.214	0.214	
0.195	0.195	0.195	0.195	0.195	0.195	0.195	0.195	0.195	0.195	0.195	0.195	0.195	0.195	0.195	0.195	0.195	0.195	0.188	0.180	0.180	0.197	0.214	0.214	0.214	0.214	0.214	0.214	
0.195	0.195	0.195	0.195	0.195	0.195	0.195	0.195	0.195	0.195	0.195	0.195	0.195	0.195	0.195	0.195	0.195	0.188	0.188	0.180	0.180	0.197	0.214	0.214	0.214	0.214	0.214	0.214	
0.195	0.195	0.195	0.195	0.195	0.195	0.195	0.195	0.195	0.195	0.195	0.195	0.195	0.195	0.195	0.195	0.195	0.188	0.180	0.180	0.197	0.197	0.214	0.214	0.214	0.214	0.214	0.214	
0.195	0.195	0.195	0.195	0.195	0.195	0.195	0.195	0.195	0.195	0.195	0.195	0.195	0.195	0.195	0.195	0.188	0.188	0.180	0.180	0.197	0.214	0.214	0.214	0.214	0.214	0.214	0.214	
0.195	0.195	0.195	0.195	0.195	0.195	0.195	0.195	0.195	0.195	0.195	0.195	0.195	0.195	0.195	0.195	0.188	0.180	0.180	0.197	0.197	0.214	0.214	0.214	0.214	0.214	0.214	0.214	
0.193	0.195	0.195	0.195	0.195	0.195	0.195	0.195	0.195	0.195	0.195	0.195	0.195	0.195	0.195	0.195	0.188	0.180	0.180	0.197	0.214	0.214	0.214	0.214	0.214	0.214	0.214	0.198	
0.193	0.193	0.195	0.195	0.195	0.195	0.195	0.195	0.195	0.195	0.195	0.195	0.195	0.195	0.195	0.188	0.188	0.180	0.180	0.197	0.214	0.214	0.214	0.214	0.214	0.214	0.198	0.198	
0.190	0.193	0.193	0.193	0.195	0.195	0.195	0.195	0.195	0.195	0.195	0.195	0.195	0.195	0.195	0.188	0.180	0.180	0.197	0.197	0.214	0.214	0.214	0.214	0.214	0.198	0.198	0.182	
0.190	0.190	0.190	0.193	0.193	0.195	0.195	0.195	0.195	0.195	0.195	0.195	0.195	0.195	0.188	0.188	0.180	0.180	0.197	0.214	0.214	0.214	0.214	0.198	0.198	0.198	0.182	0.182	
0.190	0.190	0.190	0.190	0.193	0.193	0.195	0.195	0.195	0.195	0.195	0.195	0.195	0.195	0.188	0.180	0.180	0.197	0.197	0.214	0.214	0.214	0.198	0.198	0.182	0.182	0.182	0.182	
0.190	0.190	0.190	0.190	0.190	0.193	0.193	0.195	0.195	0.195	0.177	0.168	0.168	0.195	0.188	0.180	0.180	0.197	0.214	0.214	0.214	0.198	0.198	0.182	0.182	0.182	0.182	0.182	
0.190	0.190	0.190	0.190	0.190	0.190	0.193	0.193	0.195	0.195	0.168	0.141	0.168	0.156	0.161	0.143	0.197	0.197	0.214	0.214	0.198	0.198	0.182	0.182	0.182	0.182	0.182	0.182	
0.190	0.190	0.190	0.190	0.190	0.190	0.190	0.193	0.173	0.165	0.157	0.138	0.141	0.124	0.106	0.143	0.162	0.182	0.214	0.198	0.198	0.182	0.182	0.182	0.182	0.182	0.182	0.154	
0.145	0.166	0.166	0.166	0.190	0.190	0.190	0.190	0.163	0.135	0.135	0.135	0.134	0.125	0.106	0.128	0.128	0.182	0.182	0.198	0.182	0.182	0.182	0.182	0.182	0.182	0.154	0.154	
0.122	0.122	0.141	0.166	0.166	0.166	0.166	0.190	0.138	0.112	0.117	0.131	0.127	0.104	0.093	0.112	0.115	0.150	0.166	0.182	0.182	0.182	0.182	0.182	0.154	0.154	0.154	0.125	
0.103	0.122	0.122	0.122	0.141	0.141	0.166	0.166	0.141	0.090	0.106	0.106	0.114	0.102	0.079	0.079	0.127	0.151	0.165	0.179	0.179	0.179	0.161	0.154	0.154	0.125	0.125	0.125	
0.103	0.103	0.103	0.122	0.122	0.141	0.141	0.131	0.121	0.118	0.095	0.100	0.100	0.095	0.093	0.104	0.104	0.152	0.164	0.177	0.177	0.151	0.151	0.125	0.125	0.125	0.125	0.125	
0.103	0.103	0.103	0.103	0.122	0.117	0.124	0.124	0.126	0.118	0.104	0.090	0.090	0.095	0.106	0.093	0.116	0.101	0.133	0.148	0.186	0.166	0.125	0.125	0.125	0.125	0.125	0.087	
0.079	0.079	0.103	0.103	0.103	0.105	0.106	0.091	0.109	0.073	0.075	0.040	0.079	0.078	0.078	0.078	0.079	0.075	0.071	0.133	0.195	0.160	0.125	0.125	0.125	0.087	0.087	0.087	
0.056	0.079	0.079	0.079	0.079	0.095	0.085	0.091	0.110	0.055	0.000	0.053	0.079	0.069	0.062	0.068	0.068	0.069	0.071	0.097	0.195	0.133	0.102	0.087	0.087	0.087	0.050	0.050	
0.056	0.056	0.056	0.056	0.078	0.089	0.075	0.075	0.037	0.025	0.000	0.026	0.040	0.041	0.051	0.075	0.062	0.060	0.049	0.097	0.100	0.137	0.085	0.087	0.050	0.050	0.050	0.050	
0.056	0.056	0.056	0.056	0.065	0.075	0.075	0.050	0.037	0.000	0.000	0.000	0.038	0.038	0.037	0.038	0.042	0.050	0.037	0.025	0.052	0.079	0.065	0.050	0.050	0.050	0.050	0.050	
0.000	0.000	0.000	0.000	0.000	0.000	0.000	0.000	0.000	0.000	0.000	0.000	0.018	0.035	0.018	0.000	0.050	0.050	0.050	0.000	0.000	0.000	0.000	0.000	0.000	0.000	0.000	0.000	
0.000	0.000	0.000	0.000	0.000	0.000	0.000	0.000	0.000	0.000	0.000	0.000	0.035	0.035	0.018	0.000	0.000	0.000	0.000	0.000	0.000	0.000	0.000	0.000	0.000	0.000	0.000	0.000	
0.000	0.000	0.000	0.000	0.000	0.000	0.000	0.000	0.000	0.000	0.000	0.000	0.035	0.035	0.018	0.000	0.000	0.000	0.000	0.000	0.000	0.000	0.000	0.000	0.000	0.000	0.000	0.000	
0.000	0.000	0.000	0.000	0.000	0.000	0.000	0.000	0.000	0.000	0.000	0.000	0.035	0.035	0.018	0.000	0.000	0.000	0.000	0.000	0.000	0.000	0.000	0.000	0.000	0.000	0.000	0.000	
0.000	0.000	0.000	0.000	0.000	0.000	0.000	0.000	0.000	0.000	0.000	0.000	0.035	0.035	0.018	0.000	0.000	0.000	0.000	0.000	0.000	0.000	0.000	0.000	0.000	0.000	0.000	0.000	
