0.201	0.202	0.202	0.202	0.202	0.202	0.202	0.202	0.202	0.202	0.202	0.202	0.202	0.202	0.202	0.202	0.202	0.202	0.202	0.202	0.202	0.202	0.202	0.202	0.202	0.202	0.202	0.208	
0.201	0.202	0.202	0.202	0.202	0.202	0.202	0.202	0.202	0.202	0.202	0.202	0.202	0.202	0.202	0.202	0.202	0.202	0.202	0.202	0.202	0.202	0.202	0.202	0.202	0.202	0.208	0.208	
0.201	0.201	0.202	0.202	0.202	0.202	0.202	0.202	0.202	0.202	0.202	0.202	0.202	0.202	0.202	0.202	0.202	0.202	0.202	0.202	0.202	0.202	0.202	0.202	0.202	0.202	0.208	0.215	
0.200	0.201	0.202	0.202	0.202	0.202	0.202	0.202	0.202	0.202	0.202	0.202	0.202	0.202	0.202	0.202	0.202	0.202	0.202	0.202	0.202	0.202	0.202	0.202	0.202	0.202	0.208	0.215	
0.200	0.201	0.202	0.202	0.202	0.202	0.202	0.202	0.202	0.202	0.202	0.202	0.202	0.202	0.202	0.202	0.202	0.202	0.202	0.202	0.202	0.202	0.202	0.202	0.202	0.208	0.208	0.215	
0.200	0.201	0.202	0.202	0.202	0.202	0.202	0.202	0.202	0.202	0.202	0.202	0.202	0.202	0.202	0.202	0.202	0.202	0.202	0.202	0.202	0.202	0.202	0.202	0.202	0.208	0.215	0.215	
0.200	0.201	0.201	0.202	0.202	0.202	0.202	0.202	0.202	0.202	0.202	0.202	0.202	0.202	0.202	0.202	0.202	0.202	0.202	0.202	0.202	0.202	0.202	0.202	0.202	0.208	0.215	0.215	
0.200	0.200	0.201	0.202	0.202	0.202	0.202	0.202	0.202	0.202	0.202	0.202	0.202	0.202	0.202	0.202	0.202	0.202	0.202	0.202	0.202	0.202	0.202	0.202	0.202	0.208	0.215	0.215	
0.200	0.200	0.201	0.202	0.202	0.202	0.202	0.202	0.202	0.202	0.202	0.202	0.202	0.202	0.202	0.202	0.202	0.202	0.202	0.202	0.202	0.202	0.202	0.202	0.208	0.208	0.215	0.215	
0.200	0.200	0.201	0.202	0.202	0.202	0.202	0.202	0.202	0.202	0.202	0.202	0.202	0.202	0.202	0.202	0.202	0.202	0.202	0.202	0.202	0.202	0.202	0.202	0.208	0.215	0.215	0.215	
0.200	0.200	0.201	0.201	0.202	0.202	0.202	0.202	0.202	0.202	0.202	0.202	0.202	0.202	0.202	0.202	0.202	0.202	0.202	0.202	0.202	0.202	0.202	0.202	0.208	0.215	0.215	0.215	
0.200	0.200	0.200	0.201	0.202	0.202	0.202	0.202	0.202	0.202	0.202	0.202	0.202	0.202	0.202	0.202	0.202	0.202	0.202	0.202	0.202	0.202	0.202	0.208	0.208	0.215	0.215	0.215	
0.200	0.200	0.200	0.201	0.202	0.202	0.202	0.202	0.202	0.202	0.202	0.202	0.202	0.202	0.202	0.202	0.202	0.202	0.202	0.202	0.202	0.202	0.202	0.208	0.215	0.215	0.215	0.215	
0.200	0.200	0.200	0.201	0.201	0.202	0.202	0.202	0.202	0.202	0.202	0.202	0.202	0.202	0.202	0.202	0.202	0.202	0.202	0.202	0.202	0.202	0.202	0.208	0.215	0.215	0.215	0.215	
0.200	0.200	0.200	0.200	0.201	0.202	0.202	0.202	0.202	0.202	0.202	0.202	0.202	0.202	0.202	0.202	0.202	0.202	0.202	0.202	0.202	0.202	0.208	0.208	0.215	0.215	0.215	0.215	
0.200	0.200	0.200	0.200	0.201	0.202	0.202	0.202	0.202	0.202	0.202	0.202	0.202	0.202	0.202	0.202	0.202	0.202	0.202	0.202	0.202	0.202	0.208	0.215	0.215	0.215	0.215	0.215	
0.200	0.200	0.200	0.200	0.201	0.202	0.202	0.202	0.202	0.202	0.202	0.202	0.202	0.202	0.202	0.202	0.202	0.202	0.202	0.202	0.202	0.202	0.208	0.215	0.215	0.215	0.215	0.215	
0.200	0.200	0.200	0.200	0.201	0.201	0.202	0.202	0.202	0.202	0.202	0.202	0.202	0.202	0.202	0.202	0.202	0.202	0.202	0.202	0.202	0.202	0.208	0.215	0.215	0.215	0.215	0.215	
0.200	0.200	0.200	0.200	0.200	0.201	0.202	0.202	0.202	0.202	0.202	0.202	0.202	0.202	0.202	0.202	0.202	0.202	0.202	0.202	0.202	0.208	0.208	0.215	0.215	0.215	0.215	0.215	
0.200	0.200	0.200	0.200	0.200	0.201	0.202	0.202	0.202	0.202	0.202	0.202	0.202	0.202	0.202	0.202	0.202	0.202	0.202	0.202	0.202	0.208	0.215	0.215	0.215	0.215	0.215	0.215	
0.200	0.200	0.200	0.200	0.200	0.201	0.202	0.202	0.202	0.202	0.202	0.202	0.202	0.202	0.202	0.202	0.202	0.202	0.202	0.202	0.202	0.208	0.215	0.215	0.215	0.215	0.215	0.214	
0.200	0.200	0.200	0.200	0.200	0.201	0.201	0.202	0.202	0.202	0.202	0.202	0.202	0.202	0.202	0.202	0.202	0.202	0.202	0.202	0.208	0.208	0.215	0.215	0.215	0.215	0.215	0.214	
0.200	0.200	0.200	0.200	0.200	0.200	0.201	0.202	0.202	0.202	0.202	0.202	0.202	0.202	0.202	0.202	0.202	0.202	0.202	0.202	0.208	0.215	0.215	0.215	0.215	0.215	0.214	0.214	
0.200	0.200	0.200	0.200	0.200	0.200	0.201	0.202	0.202	0.202	0.202	0.202	0.202	0.202	0.202	0.202	0.202	0.202	0.202	0.202	0.208	0.215	0.215	0.215	0.215	0.215	0.214	0.214	
0.200	0.200	0.200	0.200	0.200	0.200	0.201	0.201	0.202	0.202	0.202	0.202	0.202	0.202	0.202	0.202	0.202	0.202	0.202	0.202	0.208	0.215	0.215	0.215	0.215	0.215	0.214	0.214	
0.200	0.200	0.200	0.200	0.200	0.200	0.200	0.201	0.202	0.202	0.202	0.202	0.202	0.202	0.202	0.202	0.202	0.202	0.202	0.208	0.208	0.215	0.215	0.215	0.215	0.214	0.214	0.214	
0.200	0.200	0.200	0.200	0.200	0.200	0.200	0.201	0.202	0.202	0.202	0.202	0.202	0.202	0.202	0.202	0.202	0.202	0.202	0.208	0.215	0.215	0.215	0.215	0.215	0.214	0.214	0.214	
0.200	0.200	0.200	0.200	0.200	0.200	0.200	0.201	0.202	0.202	0.202	0.202	0.202	0.202	0.202	0.202	0.202	0.202	0.202	0.208	0.215	0.215	0.215	0.215	0.214	0.214	0.214	0.214	
0.200	0.200	0.200	0.200	0.200	0.200	0.200	0.201	0.201	0.202	0.202	0.202	0.202	0.202	0.202	0.202	0.202	0.202	0.208	0.208	0.215	0.215	0.215	0.215	0.214	0.214	0.214	0.214	
0.200	0.200	0.200	0.200	0.200	0.200	0.200	0.200	0.201	0.202	0.202	0.202	0.202	0.202	0.202	0.202	0.202	0.202	0.208	0.215	0.215	0.215	0.215	0.214	0.214	0.214	0.214	0.214	
0.200	0.200	0.200	0.200	0.200	0.200	0.200	0.200	0.201	0.202	0.202	0.202	0.202	0.202	0.202	0.202	0.202	0.202	0.208	0.215	0.215	0.215	0.215	0.214	0.214	0.214	0.214	0.214	
0.200	0.200	0.200	0.200	0.200	0.200	0.200	0.200	0.201	0.202	0.202	0.202	0.202	0.202	0.202	0.202	0.202	0.202	0.208	0.215	0.215	0.215	0.214	0.214	0.214	0.214	0.214	0.214	
0.200	0.200	0.200	0.200	0.200	0.200	0.200	0.200	0.201	0.201	0.202	0.202	0.202	0.202	0.202	0.202	0.202	0.208	0.208	0.215	0.215	0.215	0.214	0.214	0.214	0.214	0.214	0.214	
0.200	0.200	0.200	0.200	0.200	0.200	0.200	0.200	0.200	0.201	0.202	0.202	0.202	0.202	0.202	0.202	0.202	0.208	0.215	0.215	0.215	0.214	0.214	0.214	0.214	0.214	0.214	0.214	
0.200	0.200	0.200	0.200	0.200	0.200	0.200	0.200	0.200	0.168	0.202	0.202	0.202	0.202	0.202	0.202	0.202	0.208	0.215	0.215	0.215	0.214	0.214	0.214	0.214	0.214	0.214	0.214	
0.200	0.200	0.200	0.200	0.200	0.200	0.200	0.200	0.200	0.168	0.152	0.202	0.202	0.202	0.202	0.202	0.208	0.208	0.215	0.215	0.214	0.214	0.214	0.214	0.214	0.214	0.214	0.214	
0.188	0.200	0.200	0.200	0.200	0.200	0.200	0.200	0.200	0.152	0.152	0.202	0.202	0.202	0.202	0.202	0.208	0.215	0.215	0.215	0.214	0.214	0.214	0.214	0.214	0.214	0.214	0.235	
0.188	0.188	0.200	0.200	0.200	0.200	0.200	0.200	0.200	0.152	0.152	0.152	0.202	0.202	0.202	0.202	0.208	0.215	0.215	0.215	0.214	0.214	0.214	0.214	0.214	0.214	0.235	0.235	
0.177	0.188	0.188	0.200	0.200	0.200	0.200	0.200	0.200	0.152	0.103	0.152	0.152	0.202	0.202	0.202	0.208	0.215	0.215	0.214	0.214	0.214	0.214	0.214	0.214	0.235	0.235	0.257	
0.177	0.177	0.188	0.188	0.200	0.200	0.200	0.200	0.200	0.152	0.103	0.103	0.152	0.202	0.202	0.208	0.208	0.215	0.215	0.214	0.214	0.214	0.214	0.214	0.235	0.235	0.257	0.257	
0.177	0.177	0.177	0.188	0.188	0.200	0.200	0.200	0.200	0.152	0.152	0.103	0.152	0.152	0.157	0.176	0.215	0.215	0.214	0.214	0.214	0.214	0.214	0.235	0.235	0.257	0.257	0.257	
0.177	0.177	0.177	0.177	0.188	0.193	0.201	0.200	0.200	0.167	0.146	0.103	0.119	0.138	0.157	0.163	0.163	0.215	0.214	0.214	0.214	0.235	0.235	0.235	0.257	0.257	0.257	0.179	
0.101	0.177	0.177	0.177	0.177	0.189	0.193	0.201	0.179	0.167	0.119	0.124	0.119	0.123	0.123	0.112	0.143	0.159	0.177	0.214	0.235	0.235	0.257	0.257	0.257	0.257	0.179	0.179	
0.101	0.101	0.101	0.177	0.177	0.177	0.189	0.202	0.168	0.149	0.135	0.135	0.135	0.135	0.115	0.106	0.105	0.103	0.158	0.152	0.169	0.257	0.257	0.257	0.179	0.179	0.179	0.100	
0.025	0.025	0.101	0.101	0.177	0.177	0.189	0.202	0.157	0.149	0.106	0.113	0.103	0.101	0.112	0.100	0.105	0.107	0.083	0.035	0.146	0.257	0.257	0.179	0.179	0.100	0.100	0.100	
0.025	0.025	0.025	0.101	0.101	0.138	0.159	0.142	0.146	0.112	0.091	0.071	0.071	0.085	0.100	0.104	0.106	0.112	0.074	0.035	0.106	0.104	0.179	0.179	0.100	0.100	0.100	0.100	
0.050	0.025	0.025	0.025	0.101	0.138	0.100	0.113	0.118	0.103	0.084	0.059	0.069	0.069	0.100	0.106	0.109	0.091	0.068	0.039	0.030	0.063	0.063	0.100	0.100	0.068	0.068	0.068	
0.050	0.050	0.050	0.050	0.067	0.088	0.100	0.083	0.125	0.082	0.071	0.053	0.035	0.101	0.125	0.125	0.106	0.081	0.056	0.035	0.025	0.025	0.050	0.068	0.068	0.068	0.035	0.035	
0.075	0.075	0.075	0.050	0.058	0.088	0.067	0.083	0.067	0.082	0.065	0.060	0.093	0.102	0.252	0.165	0.078	0.071	0.044	0.035	0.025	0.025	0.063	0.053	0.035	0.035	0.035	0.035	
0.075	0.075	0.075	0.075	0.075	0.075	0.050	0.025	0.038	0.050	0.062	0.075	0.121	0.364	0.252	0.193	0.193	0.050	0.038	0.025	0.025	0.025	0.025	0.030	0.035	0.035	0.035	0.035	
0.000	0.000	0.000	0.000	0.000	0.000	0.000	0.000	0.050	0.050	0.050	0.000	0.477	0.430	0.607	0.336	0.193	0.050	0.038	0.025	0.025	0.000	0.000	0.000	0.000	0.000	0.000	0.000	
0.000	0.000	0.000	0.000	0.000	0.000	0.000	0.000	0.000	0.000	0.000	0.000	0.878	0.878	0.607	0.607	0.000	0.000	0.000	0.000	0.000	0.000	0.000	0.000	0.000	0.000	0.000	0.000	
0.000	0.000	0.000	0.000	0.000	0.000	0.000	0.000	0.000	0.000	0.000	0.000	0.878	0.878	0.878	0.878	0.000	0.000	0.000	0.000	0.000	0.000	0.000	0.000	0.000	0.000	0.000	0.000	
0.000	0.000	0.000	0.000	0.000	0.000	0.000	0.000	0.000	0.000	0.000	0.000	0.878	0.878	0.878	0.878	0.000	0.000	0.000	0.000	0.000	0.000	0.000	0.000	0.000	0.000	0.000	0.000	
0.000	0.000	0.000	0.000	0.000	0.000	0.000	0.000	0.000	0.000	0.000	0.000	0.878	0.878	0.878	0.878	0.000	0.000	0.000	0.000	0.000	0.000	0.000	0.000	0.000	0.000	0.000	0.000	
