0.125	0.125	0.125	0.125	0.125	0.125	0.125	0.125	0.125	0.125	0.125	0.125	0.125	0.125	0.102	0.079	0.079	0.079	0.079	0.079	0.079	0.079	0.079	0.079	0.079	0.079	0.079	0.079	
0.125	0.125	0.125	0.125	0.125	0.125	0.125	0.125	0.125	0.125	0.125	0.125	0.125	0.125	0.102	0.079	0.079	0.079	0.079	0.079	0.079	0.079	0.079	0.079	0.079	0.079	0.079	0.079	
0.125	0.125	0.125	0.125	0.125	0.125	0.125	0.125	0.125	0.125	0.125	0.125	0.125	0.125	0.102	0.079	0.079	0.079	0.079	0.079	0.079	0.079	0.079	0.079	0.079	0.079	0.079	0.079	
0.125	0.125	0.125	0.125	0.125	0.125	0.125	0.125	0.125	0.125	0.125	0.125	0.125	0.125	0.102	0.079	0.079	0.079	0.079	0.079	0.079	0.079	0.079	0.079	0.079	0.079	0.079	0.079	
0.125	0.125	0.125	0.125	0.125	0.125	0.125	0.125	0.125	0.125	0.125	0.125	0.125	0.125	0.102	0.079	0.079	0.079	0.079	0.079	0.079	0.079	0.079	0.079	0.079	0.079	0.079	0.079	
0.125	0.125	0.125	0.125	0.125	0.125	0.125	0.125	0.125	0.125	0.125	0.125	0.125	0.125	0.102	0.079	0.079	0.079	0.079	0.079	0.079	0.079	0.079	0.079	0.079	0.079	0.079	0.079	
0.125	0.125	0.125	0.125	0.125	0.125	0.125	0.125	0.125	0.125	0.125	0.125	0.125	0.125	0.102	0.079	0.079	0.079	0.079	0.079	0.079	0.079	0.079	0.079	0.079	0.079	0.079	0.079	
0.125	0.125	0.125	0.125	0.125	0.125	0.125	0.125	0.125	0.125	0.125	0.125	0.125	0.125	0.102	0.079	0.079	0.079	0.079	0.079	0.079	0.079	0.079	0.079	0.079	0.079	0.079	0.079	
0.125	0.125	0.125	0.125	0.125	0.125	0.125	0.125	0.125	0.125	0.125	0.125	0.125	0.125	0.102	0.079	0.079	0.079	0.079	0.079	0.079	0.079	0.079	0.079	0.079	0.079	0.079	0.079	
0.125	0.125	0.125	0.125	0.125	0.125	0.125	0.125	0.125	0.125	0.125	0.125	0.125	0.125	0.102	0.079	0.079	0.079	0.079	0.079	0.079	0.079	0.079	0.079	0.079	0.079	0.079	0.079	
0.125	0.125	0.125	0.125	0.125	0.125	0.125	0.125	0.125	0.125	0.125	0.125	0.125	0.125	0.102	0.079	0.079	0.079	0.079	0.079	0.079	0.079	0.079	0.079	0.079	0.079	0.079	0.079	
0.125	0.125	0.125	0.125	0.125	0.125	0.125	0.125	0.125	0.125	0.125	0.125	0.125	0.125	0.102	0.079	0.079	0.079	0.079	0.079	0.079	0.079	0.079	0.079	0.079	0.079	0.079	0.079	
0.125	0.125	0.125	0.125	0.125	0.125	0.125	0.125	0.125	0.125	0.125	0.125	0.125	0.125	0.102	0.079	0.079	0.079	0.079	0.079	0.079	0.079	0.079	0.079	0.079	0.079	0.079	0.079	
0.125	0.125	0.125	0.125	0.125	0.125	0.125	0.125	0.125	0.125	0.125	0.125	0.125	0.125	0.102	0.079	0.079	0.079	0.079	0.079	0.079	0.079	0.079	0.079	0.079	0.079	0.079	0.079	
0.125	0.125	0.125	0.125	0.125	0.125	0.125	0.125	0.125	0.125	0.125	0.125	0.125	0.125	0.102	0.079	0.079	0.079	0.079	0.079	0.079	0.079	0.079	0.079	0.079	0.079	0.079	0.079	
0.125	0.125	0.125	0.125	0.125	0.125	0.125	0.125	0.125	0.125	0.125	0.125	0.125	0.125	0.102	0.079	0.079	0.079	0.079	0.079	0.079	0.079	0.079	0.079	0.079	0.079	0.079	0.079	
0.125	0.125	0.125	0.125	0.125	0.125	0.125	0.125	0.125	0.125	0.125	0.125	0.125	0.125	0.102	0.079	0.079	0.079	0.079	0.079	0.079	0.079	0.079	0.079	0.079	0.079	0.079	0.079	
0.125	0.125	0.125	0.125	0.125	0.125	0.125	0.125	0.125	0.125	0.125	0.125	0.125	0.125	0.102	0.079	0.079	0.079	0.079	0.079	0.079	0.079	0.079	0.079	0.079	0.079	0.079	0.079	
0.125	0.125	0.125	0.125	0.125	0.125	0.125	0.125	0.125	0.125	0.125	0.125	0.125	0.125	0.102	0.079	0.079	0.079	0.079	0.079	0.079	0.079	0.079	0.079	0.079	0.079	0.079	0.079	
0.125	0.125	0.125	0.125	0.125	0.125	0.125	0.125	0.125	0.125	0.125	0.125	0.125	0.125	0.102	0.079	0.079	0.079	0.079	0.079	0.079	0.079	0.079	0.079	0.079	0.079	0.079	0.079	
0.125	0.125	0.125	0.125	0.125	0.125	0.125	0.125	0.125	0.125	0.125	0.125	0.125	0.125	0.102	0.079	0.079	0.079	0.079	0.079	0.079	0.079	0.079	0.079	0.079	0.079	0.079	0.079	
0.125	0.125	0.125	0.125	0.125	0.125	0.125	0.125	0.125	0.125	0.125	0.125	0.125	0.125	0.102	0.079	0.079	0.079	0.079	0.079	0.079	0.079	0.079	0.079	0.079	0.079	0.079	0.079	
0.125	0.125	0.125	0.125	0.125	0.125	0.125	0.125	0.125	0.125	0.125	0.125	0.125	0.125	0.102	0.079	0.079	0.079	0.079	0.079	0.079	0.079	0.079	0.079	0.079	0.079	0.079	0.079	
0.125	0.125	0.125	0.125	0.125	0.125	0.125	0.125	0.125	0.125	0.125	0.125	0.125	0.125	0.102	0.079	0.079	0.079	0.079	0.079	0.079	0.079	0.079	0.079	0.079	0.079	0.079	0.079	
0.125	0.125	0.125	0.125	0.125	0.125	0.125	0.125	0.125	0.125	0.125	0.125	0.125	0.125	0.102	0.079	0.079	0.079	0.079	0.079	0.079	0.079	0.079	0.079	0.079	0.079	0.079	0.079	
0.125	0.125	0.125	0.125	0.125	0.125	0.125	0.125	0.125	0.125	0.125	0.125	0.125	0.125	0.102	0.079	0.079	0.079	0.079	0.079	0.079	0.079	0.079	0.079	0.079	0.079	0.079	0.079	
0.125	0.125	0.125	0.125	0.125	0.125	0.125	0.125	0.125	0.125	0.125	0.125	0.125	0.125	0.102	0.079	0.079	0.079	0.079	0.079	0.079	0.079	0.079	0.079	0.079	0.079	0.079	0.079	
0.125	0.125	0.125	0.125	0.125	0.125	0.125	0.125	0.125	0.125	0.125	0.125	0.125	0.125	0.111	0.079	0.079	0.079	0.079	0.079	0.079	0.079	0.079	0.079	0.079	0.079	0.079	0.079	
0.125	0.125	0.125	0.125	0.125	0.125	0.125	0.125	0.125	0.125	0.125	0.125	0.125	0.125	0.111	0.079	0.079	0.079	0.079	0.079	0.079	0.079	0.079	0.079	0.079	0.079	0.079	0.079	
0.125	0.125	0.125	0.125	0.125	0.125	0.125	0.125	0.125	0.125	0.125	0.125	0.125	0.125	0.111	0.079	0.079	0.079	0.079	0.079	0.079	0.079	0.079	0.079	0.079	0.079	0.079	0.079	
0.125	0.125	0.125	0.125	0.125	0.125	0.125	0.125	0.125	0.125	0.125	0.125	0.125	0.125	0.111	0.079	0.079	0.079	0.079	0.079	0.079	0.079	0.079	0.079	0.079	0.079	0.079	0.079	
0.125	0.125	0.125	0.125	0.125	0.125	0.125	0.125	0.125	0.125	0.125	0.125	0.125	0.125	0.111	0.103	0.079	0.079	0.079	0.079	0.079	0.079	0.079	0.079	0.079	0.079	0.079	0.131	
0.151	0.125	0.125	0.125	0.125	0.125	0.125	0.125	0.125	0.125	0.125	0.125	0.125	0.125	0.126	0.103	0.079	0.079	0.079	0.079	0.079	0.079	0.079	0.079	0.079	0.079	0.079	0.131	
0.151	0.125	0.125	0.125	0.125	0.125	0.125	0.125	0.125	0.125	0.125	0.125	0.125	0.125	0.126	0.103	0.079	0.079	0.079	0.079	0.079	0.079	0.079	0.079	0.079	0.079	0.131	0.131	
0.151	0.151	0.125	0.125	0.125	0.125	0.125	0.125	0.125	0.125	0.125	0.125	0.125	0.126	0.126	0.103	0.079	0.079	0.079	0.079	0.079	0.079	0.079	0.079	0.079	0.079	0.131	0.182	
0.177	0.151	0.125	0.125	0.125	0.125	0.125	0.125	0.125	0.125	0.125	0.125	0.125	0.126	0.127	0.103	0.079	0.079	0.079	0.079	0.079	0.079	0.079	0.079	0.079	0.131	0.131	0.182	
0.177	0.151	0.151	0.125	0.125	0.125	0.125	0.125	0.125	0.125	0.125	0.125	0.125	0.126	0.127	0.103	0.079	0.079	0.079	0.079	0.079	0.079	0.079	0.079	0.079	0.131	0.182	0.182	
0.177	0.177	0.151	0.151	0.125	0.125	0.125	0.125	0.125	0.125	0.125	0.125	0.125	0.126	0.127	0.103	0.079	0.079	0.079	0.079	0.079	0.079	0.079	0.079	0.131	0.131	0.182	0.182	
0.177	0.177	0.177	0.151	0.125	0.125	0.125	0.125	0.125	0.125	0.125	0.125	0.125	0.126	0.127	0.103	0.079	0.079	0.079	0.079	0.079	0.079	0.079	0.131	0.131	0.182	0.182	0.182	
0.177	0.177	0.177	0.151	0.109	0.125	0.125	0.125	0.125	0.125	0.125	0.125	0.125	0.126	0.127	0.103	0.103	0.079	0.079	0.079	0.079	0.079	0.079	0.131	0.182	0.182	0.182	0.182	
0.177	0.177	0.177	0.177	0.109	0.075	0.125	0.125	0.125	0.125	0.125	0.125	0.125	0.126	0.127	0.127	0.103	0.079	0.079	0.079	0.079	0.079	0.131	0.131	0.182	0.182	0.182	0.182	
0.177	0.177	0.177	0.177	0.101	0.109	0.075	0.125	0.125	0.125	0.125	0.125	0.125	0.126	0.127	0.127	0.103	0.079	0.079	0.079	0.079	0.079	0.131	0.182	0.182	0.182	0.182	0.182	
0.177	0.177	0.177	0.177	0.177	0.101	0.075	0.075	0.125	0.125	0.125	0.125	0.125	0.126	0.127	0.127	0.103	0.079	0.079	0.079	0.079	0.131	0.131	0.182	0.182	0.182	0.182	0.182	
0.177	0.177	0.177	0.177	0.177	0.101	0.025	0.075	0.075	0.125	0.125	0.125	0.150	0.142	0.127	0.127	0.103	0.079	0.079	0.079	0.079	0.131	0.182	0.182	0.182	0.182	0.182	0.182	
0.177	0.177	0.177	0.177	0.177	0.101	0.101	0.025	0.075	0.075	0.125	0.125	0.150	0.151	0.127	0.127	0.103	0.079	0.079	0.079	0.112	0.131	0.182	0.182	0.182	0.182	0.182	0.182	
0.177	0.177	0.177	0.177	0.177	0.177	0.101	0.025	0.025	0.075	0.114	0.134	0.150	0.151	0.151	0.127	0.120	0.116	0.077	0.077	0.112	0.182	0.182	0.182	0.182	0.182	0.182	0.182	
0.177	0.177	0.177	0.177	0.177	0.177	0.101	0.025	0.025	0.084	0.084	0.139	0.139	0.199	0.175	0.168	0.140	0.116	0.102	0.075	0.129	0.182	0.182	0.182	0.182	0.182	0.182	0.182	
0.177	0.177	0.177	0.177	0.177	0.177	0.117	0.117	0.087	0.093	0.127	0.103	0.232	0.275	0.224	0.150	0.114	0.164	0.134	0.075	0.161	0.204	0.182	0.182	0.182	0.182	0.182	0.182	
0.177	0.177	0.177	0.177	0.177	0.177	0.163	0.150	0.108	0.087	0.127	0.227	0.265	0.325	0.224	0.149	0.114	0.134	0.125	0.158	0.150	0.204	0.204	0.204	0.182	0.182	0.182	0.182	
0.177	0.177	0.177	0.177	0.177	0.163	0.163	0.150	0.150	0.150	0.150	0.289	0.427	0.534	0.419	0.149	0.075	0.125	0.175	0.200	0.225	0.225	0.225	0.204	0.204	0.204	0.182	0.182	
0.177	0.177	0.177	0.177	0.177	0.163	0.150	0.150	0.150	0.000	0.000	0.000	0.689	0.689	0.513	0.513	0.075	0.125	0.175	0.200	0.225	0.225	0.225	0.225	0.000	0.000	0.000	0.000	
0.000	0.000	0.000	0.000	0.000	0.000	0.000	0.000	0.000	0.000	0.000	0.000	0.951	0.951	0.951	0.951	0.000	0.000	0.000	0.000	0.000	0.000	0.000	0.000	0.000	0.000	0.000	0.000	
0.000	0.000	0.000	0.000	0.000	0.000	0.000	0.000	0.000	0.000	0.000	0.000	0.951	0.951	0.951	0.951	0.000	0.000	0.000	0.000	0.000	0.000	0.000	0.000	0.000	0.000	0.000	0.000	
0.000	0.000	0.000	0.000	0.000	0.000	0.000	0.000	0.000	0.000	0.000	0.000	0.951	0.951	0.951	0.951	0.000	0.000	0.000	0.000	0.000	0.000	0.000	0.000	0.000	0.000	0.000	0.000	
0.000	0.000	0.000	0.000	0.000	0.000	0.000	0.000	0.000	0.000	0.000	0.000	0.951	0.951	0.951	0.951	0.000	0.000	0.000	0.000	0.000	0.000	0.000	0.000	0.000	0.000	0.000	0.000	
