0.195	0.195	0.195	0.195	0.195	0.195	0.195	0.195	0.195	0.195	0.195	0.195	0.195	0.161	0.127	0.127	0.127	0.127	0.127	0.127	0.127	0.127	0.127	0.127	0.127	0.127	0.089	0.050	
0.195	0.195	0.195	0.195	0.195	0.195	0.195	0.195	0.195	0.195	0.195	0.195	0.195	0.161	0.127	0.127	0.127	0.127	0.127	0.127	0.127	0.127	0.127	0.127	0.127	0.127	0.089	0.050	
0.195	0.195	0.195	0.195	0.195	0.195	0.195	0.195	0.195	0.195	0.195	0.195	0.195	0.161	0.127	0.127	0.127	0.127	0.127	0.127	0.127	0.127	0.127	0.127	0.127	0.089	0.089	0.050	
0.195	0.195	0.195	0.195	0.195	0.195	0.195	0.195	0.195	0.195	0.195	0.195	0.195	0.161	0.127	0.127	0.127	0.127	0.127	0.127	0.127	0.127	0.127	0.127	0.127	0.089	0.050	0.050	
0.195	0.195	0.195	0.195	0.195	0.195	0.195	0.195	0.195	0.195	0.195	0.195	0.195	0.161	0.127	0.127	0.127	0.127	0.127	0.127	0.127	0.127	0.127	0.127	0.127	0.089	0.050	0.050	
0.195	0.195	0.195	0.195	0.195	0.195	0.195	0.195	0.195	0.195	0.195	0.195	0.195	0.161	0.127	0.127	0.127	0.127	0.127	0.127	0.127	0.127	0.127	0.127	0.127	0.089	0.050	0.050	
0.195	0.195	0.195	0.195	0.195	0.195	0.195	0.195	0.195	0.195	0.195	0.195	0.195	0.161	0.127	0.127	0.127	0.127	0.127	0.127	0.127	0.127	0.127	0.127	0.127	0.089	0.050	0.050	
0.195	0.195	0.195	0.195	0.195	0.195	0.195	0.195	0.195	0.195	0.195	0.195	0.195	0.161	0.127	0.127	0.127	0.127	0.127	0.127	0.127	0.127	0.127	0.127	0.089	0.089	0.050	0.050	
0.195	0.195	0.195	0.195	0.195	0.195	0.195	0.195	0.195	0.195	0.195	0.195	0.195	0.161	0.127	0.127	0.127	0.127	0.127	0.127	0.127	0.127	0.127	0.127	0.089	0.050	0.050	0.050	
0.195	0.195	0.195	0.195	0.195	0.195	0.195	0.195	0.195	0.195	0.195	0.195	0.195	0.161	0.127	0.127	0.127	0.127	0.127	0.127	0.127	0.127	0.127	0.127	0.089	0.050	0.050	0.050	
0.195	0.195	0.195	0.195	0.195	0.195	0.195	0.195	0.195	0.195	0.195	0.195	0.161	0.161	0.127	0.127	0.127	0.127	0.127	0.127	0.127	0.127	0.127	0.127	0.089	0.050	0.050	0.050	
0.195	0.195	0.195	0.195	0.195	0.195	0.195	0.195	0.195	0.195	0.195	0.195	0.161	0.127	0.127	0.127	0.127	0.127	0.127	0.127	0.127	0.127	0.127	0.089	0.089	0.050	0.050	0.050	
0.195	0.195	0.195	0.195	0.195	0.195	0.195	0.195	0.195	0.195	0.195	0.195	0.161	0.127	0.127	0.127	0.127	0.127	0.127	0.127	0.127	0.127	0.127	0.089	0.050	0.050	0.050	0.050	
0.195	0.195	0.195	0.195	0.195	0.195	0.195	0.195	0.195	0.195	0.195	0.195	0.161	0.127	0.127	0.127	0.127	0.127	0.127	0.127	0.127	0.127	0.127	0.089	0.050	0.050	0.050	0.050	
0.195	0.195	0.195	0.195	0.195	0.195	0.195	0.195	0.195	0.195	0.195	0.195	0.161	0.127	0.127	0.127	0.127	0.127	0.127	0.127	0.127	0.127	0.127	0.089	0.050	0.050	0.050	0.050	
0.195	0.195	0.195	0.195	0.195	0.195	0.195	0.195	0.195	0.195	0.195	0.195	0.161	0.127	0.127	0.127	0.127	0.127	0.127	0.127	0.127	0.127	0.127	0.089	0.050	0.050	0.050	0.050	
0.195	0.195	0.195	0.195	0.195	0.195	0.195	0.195	0.195	0.195	0.195	0.195	0.161	0.127	0.127	0.127	0.127	0.127	0.127	0.127	0.127	0.127	0.089	0.089	0.050	0.050	0.050	0.050	
0.195	0.195	0.195	0.195	0.195	0.195	0.195	0.195	0.195	0.195	0.195	0.195	0.161	0.127	0.127	0.127	0.127	0.127	0.127	0.127	0.127	0.127	0.089	0.050	0.050	0.050	0.050	0.050	
0.195	0.195	0.195	0.195	0.195	0.195	0.195	0.195	0.195	0.195	0.195	0.195	0.161	0.127	0.127	0.127	0.127	0.127	0.127	0.127	0.127	0.127	0.089	0.050	0.050	0.050	0.050	0.050	
0.195	0.195	0.195	0.195	0.195	0.195	0.195	0.195	0.195	0.195	0.195	0.195	0.161	0.127	0.127	0.127	0.127	0.127	0.127	0.127	0.127	0.127	0.089	0.050	0.050	0.050	0.050	0.050	
0.195	0.195	0.195	0.195	0.195	0.195	0.195	0.195	0.195	0.195	0.195	0.195	0.161	0.127	0.127	0.127	0.127	0.127	0.127	0.127	0.127	0.089	0.089	0.050	0.050	0.050	0.050	0.050	
0.098	0.195	0.195	0.195	0.195	0.195	0.195	0.195	0.195	0.195	0.195	0.195	0.161	0.127	0.127	0.127	0.127	0.127	0.127	0.127	0.127	0.089	0.050	0.050	0.050	0.050	0.050	0.050	
0.098	0.195	0.195	0.195	0.195	0.195	0.195	0.195	0.195	0.195	0.195	0.195	0.161	0.127	0.127	0.127	0.127	0.127	0.127	0.127	0.127	0.076	0.050	0.050	0.050	0.050	0.050	0.050	
0.098	0.098	0.195	0.195	0.195	0.195	0.195	0.195	0.195	0.195	0.195	0.195	0.161	0.127	0.127	0.127	0.127	0.127	0.127	0.127	0.127	0.076	0.050	0.050	0.050	0.050	0.050	0.050	
0.000	0.098	0.195	0.195	0.195	0.195	0.195	0.195	0.195	0.195	0.195	0.195	0.161	0.127	0.127	0.127	0.127	0.127	0.127	0.127	0.089	0.076	0.050	0.050	0.050	0.050	0.050	0.050	
0.000	0.098	0.098	0.195	0.195	0.195	0.195	0.195	0.195	0.195	0.195	0.195	0.161	0.127	0.127	0.127	0.127	0.127	0.127	0.127	0.089	0.050	0.050	0.050	0.050	0.050	0.050	0.050	
0.000	0.000	0.098	0.195	0.195	0.195	0.195	0.195	0.195	0.195	0.195	0.195	0.161	0.127	0.127	0.127	0.127	0.127	0.127	0.127	0.089	0.050	0.050	0.050	0.050	0.050	0.050	0.050	
0.000	0.000	0.098	0.098	0.195	0.195	0.195	0.195	0.195	0.195	0.195	0.195	0.161	0.127	0.127	0.127	0.127	0.127	0.127	0.127	0.089	0.050	0.050	0.050	0.050	0.050	0.050	0.050	
0.000	0.000	0.000	0.098	0.195	0.195	0.195	0.195	0.195	0.195	0.195	0.195	0.161	0.127	0.127	0.127	0.127	0.127	0.127	0.089	0.076	0.050	0.050	0.050	0.050	0.050	0.050	0.050	
0.000	0.000	0.000	0.098	0.195	0.195	0.195	0.195	0.195	0.195	0.195	0.195	0.161	0.127	0.127	0.127	0.127	0.127	0.127	0.089	0.050	0.050	0.050	0.050	0.050	0.050	0.050	0.050	
0.000	0.000	0.000	0.098	0.098	0.195	0.195	0.195	0.195	0.195	0.195	0.195	0.161	0.127	0.127	0.127	0.127	0.127	0.127	0.089	0.050	0.050	0.050	0.050	0.050	0.050	0.050	0.050	
0.000	0.000	0.000	0.000	0.098	0.195	0.195	0.195	0.195	0.195	0.195	0.195	0.161	0.127	0.127	0.127	0.127	0.127	0.089	0.089	0.050	0.050	0.050	0.050	0.050	0.050	0.050	0.050	
0.000	0.000	0.000	0.000	0.098	0.098	0.195	0.195	0.195	0.195	0.195	0.195	0.161	0.127	0.127	0.127	0.127	0.127	0.089	0.050	0.050	0.050	0.050	0.050	0.050	0.050	0.050	0.050	
0.000	0.000	0.000	0.000	0.000	0.098	0.195	0.195	0.195	0.195	0.195	0.195	0.161	0.127	0.127	0.127	0.127	0.127	0.089	0.050	0.050	0.050	0.050	0.050	0.050	0.050	0.050	0.050	
0.000	0.000	0.000	0.000	0.000	0.098	0.098	0.195	0.195	0.195	0.195	0.195	0.161	0.127	0.127	0.127	0.127	0.089	0.089	0.050	0.050	0.050	0.050	0.050	0.050	0.050	0.050	0.050	
0.025	0.000	0.000	0.000	0.000	0.000	0.098	0.195	0.195	0.195	0.195	0.195	0.161	0.127	0.127	0.127	0.127	0.089	0.050	0.050	0.050	0.050	0.050	0.050	0.050	0.050	0.050	0.050	
0.025	0.025	0.000	0.000	0.000	0.000	0.098	0.098	0.195	0.195	0.195	0.195	0.161	0.127	0.127	0.127	0.127	0.089	0.050	0.050	0.050	0.050	0.050	0.050	0.050	0.050	0.050	0.050	
0.050	0.025	0.000	0.000	0.000	0.000	0.000	0.098	0.195	0.195	0.195	0.195	0.161	0.127	0.127	0.127	0.127	0.089	0.050	0.050	0.050	0.050	0.050	0.050	0.050	0.050	0.050	0.050	
0.050	0.025	0.025	0.000	0.000	0.000	0.000	0.098	0.098	0.195	0.195	0.195	0.161	0.127	0.127	0.127	0.089	0.089	0.050	0.050	0.050	0.050	0.050	0.050	0.050	0.050	0.050	0.050	
0.050	0.050	0.025	0.025	0.000	0.000	0.000	0.000	0.098	0.195	0.195	0.195	0.161	0.127	0.127	0.127	0.089	0.050	0.050	0.050	0.050	0.050	0.050	0.050	0.050	0.050	0.050	0.053	
0.050	0.050	0.050	0.025	0.025	0.000	0.000	0.000	0.098	0.098	0.195	0.195	0.161	0.127	0.127	0.127	0.094	0.050	0.050	0.050	0.050	0.050	0.050	0.050	0.050	0.050	0.053	0.053	
0.050	0.050	0.050	0.050	0.025	0.025	0.000	0.000	0.000	0.098	0.195	0.195	0.161	0.127	0.127	0.115	0.094	0.050	0.050	0.050	0.050	0.050	0.050	0.050	0.053	0.053	0.053	0.056	
0.038	0.038	0.050	0.050	0.050	0.025	0.025	0.000	0.000	0.095	0.143	0.119	0.131	0.099	0.115	0.115	0.077	0.050	0.050	0.050	0.050	0.050	0.050	0.053	0.053	0.056	0.056	0.056	
0.025	0.038	0.038	0.050	0.050	0.050	0.025	0.025	0.000	0.049	0.090	0.080	0.071	0.099	0.100	0.103	0.075	0.060	0.060	0.057	0.050	0.053	0.053	0.053	0.056	0.056	0.056	0.090	
0.025	0.025	0.038	0.038	0.038	0.050	0.050	0.035	0.028	0.049	0.112	0.098	0.071	0.080	0.088	0.097	0.088	0.060	0.064	0.060	0.059	0.053	0.056	0.056	0.056	0.090	0.090	0.079	
0.025	0.025	0.025	0.025	0.038	0.038	0.053	0.054	0.056	0.094	0.112	0.103	0.122	0.107	0.125	0.090	0.080	0.071	0.071	0.071	0.063	0.056	0.056	0.090	0.090	0.090	0.090	0.090	
0.038	0.038	0.025	0.025	0.025	0.044	0.053	0.056	0.062	0.089	0.105	0.145	0.145	0.160	0.166	0.097	0.088	0.081	0.071	0.077	0.072	0.090	0.090	0.090	0.125	0.090	0.090	0.056	
0.050	0.038	0.038	0.038	0.025	0.044	0.053	0.053	0.060	0.075	0.100	0.138	0.151	0.204	0.166	0.206	0.103	0.087	0.071	0.070	0.090	0.105	0.113	0.125	0.090	0.090	0.056	0.056	
0.050	0.050	0.050	0.038	0.042	0.037	0.053	0.052	0.063	0.058	0.089	0.096	0.310	0.309	0.309	0.154	0.077	0.068	0.060	0.070	0.080	0.095	0.113	0.094	0.090	0.056	0.056	0.056	
0.050	0.050	0.050	0.050	0.050	0.050	0.050	0.050	0.050	0.050	0.050	0.223	0.310	0.393	0.393	0.180	0.050	0.050	0.050	0.050	0.075	0.100	0.100	0.094	0.056	0.056	0.056	0.056	
0.000	0.000	0.000	0.000	0.000	0.000	0.000	0.050	0.050	0.050	0.000	0.000	0.478	0.728	0.454	0.446	0.000	0.050	0.000	0.000	0.000	0.000	0.000	0.000	0.000	0.000	0.000	0.000	
0.000	0.000	0.000	0.000	0.000	0.000	0.000	0.000	0.000	0.000	0.000	0.000	0.728	0.728	0.978	0.978	0.000	0.000	0.000	0.000	0.000	0.000	0.000	0.000	0.000	0.000	0.000	0.000	
0.000	0.000	0.000	0.000	0.000	0.000	0.000	0.000	0.000	0.000	0.000	0.000	0.978	0.978	0.978	0.978	0.000	0.000	0.000	0.000	0.000	0.000	0.000	0.000	0.000	0.000	0.000	0.000	
0.000	0.000	0.000	0.000	0.000	0.000	0.000	0.000	0.000	0.000	0.000	0.000	0.978	0.978	0.978	0.978	0.000	0.000	0.000	0.000	0.000	0.000	0.000	0.000	0.000	0.000	0.000	0.000	
0.000	0.000	0.000	0.000	0.000	0.000	0.000	0.000	0.000	0.000	0.000	0.000	0.978	0.978	0.978	0.978	0.000	0.000	0.000	0.000	0.000	0.000	0.000	0.000	0.000	0.000	0.000	0.000	
