0.090	0.090	0.090	0.090	0.090	0.090	0.090	0.090	0.090	0.090	0.090	0.090	0.090	0.120	0.150	0.150	0.150	0.150	0.150	0.150	0.150	0.150	0.150	0.150	0.150	0.150	0.150	0.150	
0.090	0.090	0.090	0.090	0.090	0.090	0.090	0.090	0.090	0.090	0.090	0.090	0.090	0.120	0.150	0.150	0.150	0.150	0.150	0.150	0.150	0.150	0.150	0.150	0.150	0.150	0.150	0.150	
0.090	0.090	0.090	0.090	0.090	0.090	0.090	0.090	0.090	0.090	0.090	0.090	0.090	0.120	0.150	0.150	0.150	0.150	0.150	0.150	0.150	0.150	0.150	0.150	0.150	0.150	0.150	0.150	
0.090	0.090	0.090	0.090	0.090	0.090	0.090	0.090	0.090	0.090	0.090	0.090	0.090	0.120	0.150	0.150	0.150	0.150	0.150	0.150	0.150	0.150	0.150	0.150	0.150	0.150	0.150	0.150	
0.090	0.090	0.090	0.090	0.090	0.090	0.090	0.090	0.090	0.090	0.090	0.090	0.090	0.120	0.150	0.150	0.150	0.150	0.150	0.150	0.150	0.150	0.150	0.150	0.150	0.150	0.150	0.150	
0.090	0.090	0.090	0.090	0.090	0.090	0.090	0.090	0.090	0.090	0.090	0.090	0.090	0.120	0.150	0.150	0.150	0.150	0.150	0.150	0.150	0.150	0.150	0.150	0.150	0.150	0.150	0.150	
0.090	0.090	0.090	0.090	0.090	0.090	0.090	0.090	0.090	0.090	0.090	0.090	0.090	0.120	0.150	0.150	0.150	0.150	0.150	0.150	0.150	0.150	0.150	0.150	0.150	0.150	0.150	0.150	
0.090	0.090	0.090	0.090	0.090	0.090	0.090	0.090	0.090	0.090	0.090	0.090	0.090	0.120	0.150	0.150	0.150	0.150	0.150	0.150	0.150	0.150	0.150	0.150	0.150	0.150	0.150	0.150	
0.090	0.090	0.090	0.090	0.090	0.090	0.090	0.090	0.090	0.090	0.090	0.090	0.090	0.120	0.150	0.150	0.150	0.150	0.150	0.150	0.150	0.150	0.150	0.150	0.150	0.150	0.150	0.150	
0.090	0.090	0.090	0.090	0.090	0.090	0.090	0.090	0.090	0.090	0.090	0.090	0.090	0.120	0.150	0.150	0.150	0.150	0.150	0.150	0.150	0.150	0.150	0.150	0.150	0.150	0.150	0.150	
0.090	0.090	0.090	0.090	0.090	0.090	0.090	0.090	0.090	0.090	0.090	0.090	0.090	0.120	0.150	0.150	0.150	0.150	0.150	0.150	0.150	0.150	0.150	0.150	0.150	0.150	0.150	0.150	
0.090	0.090	0.090	0.090	0.090	0.090	0.090	0.090	0.090	0.090	0.090	0.090	0.090	0.120	0.150	0.150	0.150	0.150	0.150	0.150	0.150	0.150	0.150	0.150	0.150	0.150	0.150	0.150	
0.090	0.090	0.090	0.090	0.090	0.090	0.090	0.090	0.090	0.090	0.090	0.090	0.090	0.120	0.150	0.150	0.150	0.150	0.150	0.150	0.150	0.150	0.150	0.150	0.150	0.150	0.150	0.150	
0.090	0.090	0.090	0.090	0.090	0.090	0.090	0.090	0.090	0.090	0.090	0.090	0.090	0.120	0.150	0.150	0.150	0.150	0.150	0.150	0.150	0.150	0.150	0.150	0.150	0.150	0.150	0.150	
0.090	0.090	0.090	0.090	0.090	0.090	0.090	0.090	0.090	0.090	0.090	0.090	0.090	0.120	0.150	0.150	0.150	0.150	0.150	0.150	0.150	0.150	0.150	0.150	0.150	0.150	0.150	0.150	
0.090	0.090	0.090	0.090	0.090	0.090	0.090	0.090	0.090	0.090	0.090	0.090	0.090	0.120	0.150	0.150	0.150	0.150	0.150	0.150	0.150	0.150	0.150	0.150	0.150	0.150	0.150	0.150	
0.090	0.090	0.090	0.090	0.090	0.090	0.090	0.090	0.090	0.090	0.090	0.090	0.090	0.120	0.150	0.150	0.150	0.150	0.150	0.150	0.150	0.150	0.150	0.150	0.150	0.150	0.150	0.150	
0.090	0.090	0.090	0.090	0.090	0.090	0.090	0.090	0.090	0.090	0.090	0.090	0.090	0.120	0.150	0.150	0.150	0.150	0.150	0.150	0.150	0.150	0.150	0.150	0.150	0.150	0.150	0.150	
0.090	0.090	0.090	0.090	0.090	0.090	0.090	0.090	0.090	0.090	0.090	0.090	0.090	0.120	0.150	0.150	0.150	0.150	0.150	0.150	0.150	0.150	0.150	0.150	0.150	0.150	0.150	0.150	
0.090	0.090	0.090	0.090	0.090	0.090	0.090	0.090	0.090	0.090	0.090	0.090	0.090	0.120	0.150	0.150	0.150	0.150	0.150	0.150	0.150	0.150	0.150	0.150	0.150	0.150	0.150	0.150	
0.090	0.090	0.090	0.090	0.090	0.090	0.090	0.090	0.090	0.090	0.090	0.090	0.090	0.120	0.150	0.150	0.150	0.150	0.150	0.150	0.150	0.150	0.150	0.150	0.150	0.150	0.150	0.113	
0.090	0.090	0.090	0.090	0.090	0.090	0.090	0.090	0.090	0.090	0.090	0.090	0.090	0.120	0.150	0.150	0.150	0.150	0.150	0.150	0.150	0.150	0.150	0.150	0.150	0.150	0.150	0.113	
0.090	0.090	0.090	0.090	0.090	0.090	0.090	0.090	0.090	0.090	0.090	0.090	0.090	0.120	0.150	0.150	0.150	0.150	0.150	0.150	0.150	0.150	0.150	0.150	0.150	0.150	0.113	0.113	
0.090	0.090	0.090	0.090	0.090	0.090	0.090	0.090	0.090	0.090	0.090	0.090	0.090	0.120	0.150	0.150	0.150	0.150	0.150	0.150	0.150	0.150	0.150	0.150	0.150	0.150	0.113	0.075	
0.090	0.090	0.090	0.090	0.090	0.090	0.090	0.090	0.090	0.090	0.090	0.090	0.090	0.120	0.150	0.150	0.150	0.150	0.150	0.150	0.150	0.150	0.150	0.150	0.150	0.150	0.113	0.075	
0.090	0.090	0.090	0.090	0.090	0.090	0.090	0.090	0.090	0.090	0.090	0.090	0.090	0.120	0.150	0.150	0.150	0.150	0.150	0.150	0.150	0.150	0.150	0.150	0.150	0.113	0.113	0.075	
0.090	0.090	0.090	0.090	0.090	0.090	0.090	0.090	0.090	0.090	0.090	0.090	0.090	0.120	0.150	0.150	0.150	0.150	0.150	0.150	0.150	0.150	0.150	0.150	0.150	0.113	0.075	0.075	
0.090	0.090	0.090	0.090	0.090	0.090	0.090	0.090	0.090	0.090	0.090	0.090	0.090	0.120	0.150	0.150	0.150	0.150	0.150	0.150	0.150	0.150	0.150	0.150	0.113	0.113	0.075	0.075	
0.090	0.090	0.090	0.090	0.090	0.090	0.090	0.090	0.090	0.090	0.090	0.090	0.090	0.120	0.150	0.150	0.150	0.150	0.150	0.150	0.150	0.150	0.150	0.150	0.113	0.075	0.075	0.075	
0.090	0.090	0.090	0.090	0.090	0.090	0.090	0.090	0.090	0.090	0.090	0.090	0.090	0.120	0.150	0.150	0.150	0.150	0.150	0.150	0.150	0.150	0.150	0.150	0.113	0.075	0.075	0.075	
0.090	0.090	0.090	0.090	0.090	0.090	0.090	0.090	0.090	0.090	0.090	0.090	0.090	0.120	0.150	0.150	0.150	0.150	0.150	0.150	0.150	0.150	0.150	0.113	0.113	0.075	0.075	0.075	
0.090	0.090	0.090	0.090	0.090	0.090	0.090	0.090	0.090	0.090	0.090	0.090	0.090	0.120	0.150	0.150	0.150	0.150	0.150	0.150	0.150	0.150	0.150	0.113	0.075	0.075	0.075	0.075	
0.090	0.090	0.090	0.090	0.090	0.090	0.090	0.090	0.090	0.090	0.090	0.090	0.090	0.120	0.150	0.150	0.150	0.150	0.150	0.150	0.150	0.150	0.113	0.113	0.075	0.075	0.075	0.075	
0.090	0.090	0.090	0.090	0.090	0.090	0.090	0.090	0.090	0.090	0.090	0.090	0.090	0.120	0.150	0.150	0.150	0.150	0.150	0.150	0.150	0.150	0.113	0.075	0.075	0.075	0.075	0.075	
0.090	0.090	0.090	0.090	0.090	0.090	0.090	0.090	0.090	0.090	0.090	0.090	0.090	0.120	0.150	0.150	0.150	0.150	0.150	0.150	0.150	0.150	0.113	0.075	0.075	0.075	0.075	0.075	
0.090	0.090	0.090	0.090	0.090	0.090	0.090	0.090	0.090	0.090	0.090	0.090	0.090	0.120	0.150	0.150	0.150	0.150	0.150	0.150	0.150	0.113	0.113	0.075	0.075	0.075	0.075	0.075	
0.090	0.090	0.090	0.090	0.090	0.090	0.090	0.090	0.090	0.090	0.090	0.090	0.090	0.120	0.150	0.150	0.150	0.150	0.150	0.150	0.150	0.113	0.075	0.075	0.075	0.075	0.075	0.075	
0.090	0.090	0.090	0.090	0.090	0.090	0.090	0.090	0.090	0.090	0.090	0.090	0.090	0.120	0.150	0.150	0.150	0.150	0.150	0.150	0.113	0.113	0.075	0.075	0.075	0.075	0.075	0.075	
0.090	0.090	0.090	0.090	0.090	0.090	0.090	0.090	0.090	0.090	0.090	0.090	0.090	0.105	0.150	0.150	0.150	0.150	0.150	0.150	0.113	0.075	0.075	0.075	0.075	0.075	0.075	0.075	
0.090	0.090	0.090	0.090	0.090	0.090	0.090	0.090	0.090	0.090	0.090	0.090	0.083	0.105	0.150	0.150	0.150	0.150	0.150	0.150	0.113	0.075	0.075	0.075	0.075	0.075	0.075	0.075	
0.070	0.090	0.090	0.090	0.090	0.090	0.090	0.090	0.090	0.090	0.090	0.090	0.083	0.136	0.150	0.150	0.150	0.150	0.150	0.113	0.113	0.075	0.075	0.075	0.075	0.075	0.075	0.065	
0.070	0.070	0.070	0.090	0.090	0.090	0.090	0.090	0.090	0.090	0.090	0.083	0.083	0.136	0.166	0.150	0.150	0.150	0.150	0.113	0.075	0.075	0.075	0.075	0.075	0.075	0.065	0.065	
0.050	0.050	0.070	0.070	0.090	0.090	0.090	0.090	0.090	0.090	0.090	0.083	0.075	0.129	0.166	0.166	0.150	0.150	0.150	0.113	0.075	0.075	0.075	0.075	0.065	0.065	0.065	0.056	
0.050	0.050	0.050	0.070	0.070	0.090	0.090	0.090	0.090	0.090	0.083	0.083	0.075	0.129	0.182	0.166	0.150	0.115	0.115	0.101	0.075	0.075	0.075	0.065	0.065	0.056	0.056	0.056	
0.050	0.050	0.050	0.050	0.070	0.070	0.090	0.090	0.090	0.090	0.085	0.083	0.075	0.129	0.182	0.145	0.129	0.115	0.079	0.077	0.075	0.075	0.065	0.065	0.056	0.056	0.056	0.056	
0.050	0.050	0.050	0.050	0.050	0.070	0.070	0.083	0.085	0.090	0.090	0.074	0.065	0.116	0.146	0.143	0.091	0.091	0.079	0.060	0.050	0.065	0.065	0.056	0.056	0.056	0.053	0.053	
0.050	0.050	0.050	0.050	0.050	0.050	0.072	0.072	0.083	0.085	0.079	0.079	0.056	0.104	0.128	0.128	0.064	0.069	0.043	0.052	0.050	0.052	0.056	0.056	0.053	0.053	0.053	0.050	
0.050	0.050	0.050	0.050	0.050	0.050	0.058	0.062	0.075	0.074	0.090	0.101	0.122	0.122	0.270	0.187	0.077	0.025	0.042	0.050	0.038	0.044	0.056	0.053	0.053	0.050	0.050	0.050	
0.050	0.050	0.050	0.050	0.050	0.050	0.050	0.062	0.060	0.074	0.101	0.124	0.158	0.233	0.270	0.246	0.064	0.068	0.050	0.050	0.038	0.053	0.052	0.053	0.050	0.050	0.050	0.050	
0.050	0.050	0.050	0.050	0.050	0.050	0.050	0.050	0.053	0.056	0.101	0.158	0.158	0.273	0.388	0.246	0.103	0.089	0.075	0.062	0.050	0.050	0.050	0.050	0.050	0.050	0.050	0.050	
0.000	0.000	0.000	0.000	0.000	0.000	0.050	0.050	0.050	0.000	0.158	0.158	0.592	0.524	0.707	0.246	0.000	0.000	0.075	0.062	0.050	0.050	0.050	0.000	0.000	0.000	0.000	0.000	
0.000	0.000	0.000	0.000	0.000	0.000	0.000	0.000	0.000	0.000	0.000	0.000	0.592	1.025	0.707	0.707	0.000	0.000	0.000	0.000	0.000	0.000	0.000	0.000	0.000	0.000	0.000	0.000	
0.000	0.000	0.000	0.000	0.000	0.000	0.000	0.000	0.000	0.000	0.000	0.000	1.025	1.025	1.025	1.025	0.000	0.000	0.000	0.000	0.000	0.000	0.000	0.000	0.000	0.000	0.000	0.000	
0.000	0.000	0.000	0.000	0.000	0.000	0.000	0.000	0.000	0.000	0.000	0.000	1.025	1.025	1.025	1.025	0.000	0.000	0.000	0.000	0.000	0.000	0.000	0.000	0.000	0.000	0.000	0.000	
0.000	0.000	0.000	0.000	0.000	0.000	0.000	0.000	0.000	0.000	0.000	0.000	1.025	1.025	1.025	1.025	0.000	0.000	0.000	0.000	0.000	0.000	0.000	0.000	0.000	0.000	0.000	0.000	
