0.202	0.202	0.202	0.202	0.202	0.202	0.202	0.202	0.202	0.202	0.202	0.202	0.202	0.202	0.202	0.202	0.202	0.202	0.202	0.202	0.202	0.202	0.202	0.202	0.202	0.202	0.202	0.202	
0.202	0.202	0.202	0.202	0.202	0.202	0.202	0.202	0.202	0.202	0.202	0.202	0.202	0.202	0.202	0.202	0.202	0.202	0.202	0.202	0.202	0.202	0.202	0.202	0.202	0.202	0.202	0.202	
0.202	0.202	0.202	0.202	0.202	0.202	0.202	0.202	0.202	0.202	0.202	0.202	0.202	0.202	0.202	0.202	0.202	0.202	0.202	0.202	0.202	0.202	0.202	0.202	0.202	0.202	0.202	0.204	
0.202	0.202	0.202	0.202	0.202	0.202	0.202	0.202	0.202	0.202	0.202	0.202	0.202	0.202	0.202	0.202	0.202	0.202	0.202	0.202	0.202	0.202	0.202	0.202	0.202	0.202	0.202	0.204	
0.202	0.202	0.202	0.202	0.202	0.202	0.202	0.202	0.202	0.202	0.202	0.202	0.202	0.202	0.202	0.202	0.202	0.202	0.202	0.202	0.202	0.202	0.202	0.202	0.202	0.202	0.204	0.204	
0.202	0.202	0.202	0.202	0.202	0.202	0.202	0.202	0.202	0.202	0.202	0.202	0.202	0.202	0.202	0.202	0.202	0.202	0.202	0.202	0.202	0.202	0.202	0.202	0.202	0.202	0.204	0.206	
0.202	0.202	0.202	0.202	0.202	0.202	0.202	0.202	0.202	0.202	0.202	0.202	0.202	0.202	0.202	0.202	0.202	0.202	0.202	0.202	0.202	0.202	0.202	0.202	0.202	0.202	0.204	0.206	
0.202	0.202	0.202	0.202	0.202	0.202	0.202	0.202	0.202	0.202	0.202	0.202	0.202	0.202	0.202	0.202	0.202	0.202	0.202	0.202	0.202	0.202	0.202	0.202	0.202	0.204	0.204	0.206	
0.202	0.202	0.202	0.202	0.202	0.202	0.202	0.202	0.202	0.202	0.202	0.202	0.202	0.202	0.202	0.202	0.202	0.202	0.202	0.202	0.202	0.202	0.202	0.202	0.202	0.204	0.206	0.198	
0.202	0.202	0.202	0.202	0.202	0.202	0.202	0.202	0.202	0.202	0.202	0.202	0.202	0.202	0.202	0.202	0.202	0.202	0.202	0.202	0.202	0.202	0.202	0.202	0.204	0.204	0.206	0.198	
0.202	0.202	0.202	0.202	0.202	0.202	0.202	0.202	0.202	0.202	0.202	0.202	0.202	0.202	0.202	0.202	0.202	0.202	0.202	0.202	0.202	0.202	0.202	0.202	0.204	0.206	0.206	0.198	
0.202	0.202	0.202	0.202	0.202	0.202	0.202	0.202	0.202	0.202	0.202	0.202	0.202	0.202	0.202	0.202	0.202	0.202	0.202	0.202	0.202	0.202	0.202	0.202	0.204	0.206	0.198	0.198	
0.202	0.202	0.202	0.202	0.202	0.202	0.202	0.202	0.202	0.202	0.202	0.202	0.202	0.202	0.202	0.202	0.202	0.202	0.202	0.202	0.202	0.202	0.202	0.204	0.204	0.206	0.198	0.190	
0.202	0.202	0.202	0.202	0.202	0.202	0.202	0.202	0.202	0.202	0.202	0.202	0.202	0.202	0.202	0.202	0.202	0.202	0.202	0.202	0.202	0.202	0.202	0.204	0.206	0.198	0.198	0.190	
0.202	0.202	0.202	0.202	0.202	0.202	0.202	0.202	0.202	0.202	0.202	0.202	0.202	0.202	0.202	0.202	0.202	0.202	0.202	0.202	0.202	0.202	0.204	0.204	0.206	0.198	0.190	0.190	
0.202	0.202	0.202	0.202	0.202	0.202	0.202	0.202	0.202	0.202	0.202	0.202	0.202	0.202	0.202	0.202	0.202	0.202	0.202	0.202	0.202	0.202	0.204	0.206	0.206	0.198	0.190	0.190	
0.202	0.202	0.202	0.202	0.202	0.202	0.202	0.202	0.202	0.202	0.202	0.202	0.202	0.202	0.202	0.202	0.202	0.202	0.202	0.202	0.202	0.202	0.204	0.206	0.198	0.198	0.190	0.190	
0.214	0.202	0.202	0.202	0.202	0.202	0.202	0.202	0.202	0.202	0.202	0.202	0.202	0.202	0.202	0.202	0.202	0.202	0.202	0.202	0.202	0.204	0.204	0.206	0.198	0.190	0.190	0.190	
0.214	0.214	0.202	0.202	0.202	0.202	0.202	0.202	0.202	0.202	0.202	0.202	0.202	0.202	0.202	0.202	0.202	0.202	0.202	0.202	0.202	0.204	0.206	0.206	0.198	0.190	0.190	0.190	
0.226	0.214	0.202	0.202	0.202	0.202	0.202	0.202	0.202	0.202	0.202	0.202	0.202	0.202	0.202	0.202	0.202	0.202	0.202	0.202	0.204	0.204	0.206	0.198	0.198	0.190	0.190	0.190	
0.226	0.214	0.214	0.202	0.202	0.202	0.202	0.202	0.202	0.202	0.202	0.202	0.202	0.202	0.202	0.202	0.202	0.202	0.202	0.202	0.204	0.206	0.206	0.198	0.190	0.190	0.190	0.190	
0.226	0.226	0.214	0.202	0.202	0.202	0.202	0.202	0.202	0.202	0.202	0.202	0.202	0.202	0.202	0.202	0.202	0.202	0.202	0.204	0.204	0.206	0.198	0.198	0.190	0.190	0.190	0.190	
0.226	0.226	0.214	0.214	0.202	0.202	0.202	0.202	0.202	0.202	0.202	0.202	0.202	0.202	0.202	0.202	0.202	0.202	0.202	0.204	0.206	0.206	0.198	0.190	0.190	0.190	0.190	0.190	
0.226	0.226	0.226	0.214	0.202	0.202	0.202	0.202	0.202	0.202	0.202	0.202	0.202	0.202	0.202	0.202	0.202	0.202	0.202	0.204	0.206	0.206	0.198	0.190	0.190	0.190	0.190	0.190	
0.226	0.226	0.226	0.214	0.214	0.202	0.202	0.202	0.202	0.202	0.202	0.202	0.202	0.202	0.202	0.202	0.202	0.202	0.204	0.204	0.206	0.198	0.198	0.190	0.190	0.190	0.190	0.190	
0.226	0.226	0.226	0.226	0.214	0.202	0.202	0.202	0.202	0.202	0.202	0.202	0.202	0.202	0.202	0.202	0.202	0.202	0.204	0.206	0.206	0.198	0.190	0.190	0.190	0.190	0.190	0.190	
0.226	0.226	0.226	0.226	0.214	0.214	0.202	0.202	0.202	0.202	0.202	0.202	0.202	0.202	0.202	0.202	0.202	0.204	0.204	0.206	0.198	0.198	0.190	0.190	0.190	0.190	0.190	0.190	
0.226	0.226	0.226	0.226	0.226	0.214	0.202	0.202	0.202	0.202	0.202	0.202	0.202	0.202	0.202	0.202	0.202	0.204	0.206	0.206	0.198	0.190	0.190	0.190	0.190	0.190	0.190	0.190	
0.226	0.226	0.226	0.226	0.226	0.214	0.214	0.202	0.202	0.202	0.202	0.202	0.202	0.202	0.202	0.202	0.202	0.204	0.206	0.206	0.198	0.190	0.190	0.190	0.190	0.190	0.190	0.190	
0.226	0.226	0.226	0.226	0.226	0.226	0.214	0.202	0.202	0.202	0.202	0.202	0.202	0.202	0.202	0.202	0.204	0.204	0.206	0.198	0.198	0.190	0.190	0.190	0.190	0.190	0.190	0.190	
0.238	0.226	0.226	0.226	0.226	0.226	0.214	0.214	0.202	0.202	0.202	0.202	0.202	0.202	0.202	0.202	0.204	0.206	0.206	0.198	0.190	0.190	0.190	0.190	0.190	0.190	0.190	0.208	
0.238	0.238	0.226	0.226	0.226	0.226	0.226	0.214	0.202	0.202	0.202	0.202	0.202	0.202	0.202	0.204	0.204	0.206	0.206	0.198	0.190	0.190	0.190	0.190	0.190	0.190	0.208	0.208	
0.250	0.238	0.238	0.226	0.226	0.226	0.226	0.214	0.214	0.202	0.202	0.202	0.202	0.202	0.202	0.204	0.206	0.206	0.198	0.198	0.190	0.190	0.190	0.190	0.190	0.208	0.208	0.226	
0.250	0.250	0.238	0.238	0.226	0.226	0.226	0.226	0.214	0.214	0.202	0.202	0.202	0.202	0.202	0.204	0.206	0.206	0.198	0.190	0.190	0.190	0.190	0.190	0.208	0.208	0.226	0.226	
0.250	0.250	0.250	0.238	0.238	0.226	0.226	0.226	0.226	0.214	0.202	0.202	0.202	0.202	0.204	0.204	0.206	0.198	0.198	0.190	0.190	0.190	0.190	0.208	0.208	0.226	0.226	0.226	
0.250	0.250	0.250	0.250	0.238	0.238	0.226	0.226	0.226	0.214	0.214	0.202	0.202	0.202	0.204	0.206	0.206	0.198	0.190	0.190	0.190	0.190	0.208	0.208	0.226	0.226	0.226	0.226	
0.250	0.250	0.250	0.250	0.250	0.238	0.226	0.226	0.226	0.226	0.214	0.202	0.202	0.204	0.204	0.206	0.206	0.198	0.190	0.190	0.190	0.208	0.208	0.226	0.226	0.226	0.226	0.226	
0.250	0.250	0.250	0.250	0.250	0.238	0.238	0.226	0.226	0.226	0.214	0.202	0.189	0.195	0.206	0.206	0.198	0.198	0.190	0.190	0.208	0.208	0.226	0.226	0.226	0.226	0.226	0.226	
0.250	0.250	0.250	0.250	0.250	0.250	0.238	0.238	0.226	0.226	0.202	0.202	0.177	0.178	0.178	0.206	0.198	0.190	0.190	0.190	0.208	0.226	0.226	0.226	0.226	0.226	0.226	0.226	
0.250	0.250	0.250	0.250	0.250	0.250	0.250	0.238	0.217	0.201	0.193	0.177	0.177	0.163	0.178	0.178	0.180	0.183	0.190	0.208	0.208	0.226	0.226	0.226	0.226	0.226	0.226	0.226	
0.250	0.250	0.250	0.250	0.250	0.250	0.250	0.250	0.212	0.175	0.160	0.160	0.152	0.151	0.150	0.150	0.162	0.183	0.197	0.208	0.226	0.226	0.226	0.226	0.226	0.226	0.226	0.226	
0.216	0.216	0.216	0.216	0.216	0.216	0.216	0.216	0.212	0.175	0.151	0.127	0.127	0.127	0.127	0.143	0.143	0.175	0.201	0.226	0.226	0.226	0.226	0.226	0.226	0.226	0.151	0.151	
0.141	0.141	0.182	0.182	0.182	0.182	0.182	0.216	0.189	0.163	0.145	0.135	0.127	0.119	0.103	0.103	0.138	0.155	0.178	0.201	0.201	0.201	0.201	0.201	0.159	0.151	0.151	0.075	
0.100	0.141	0.141	0.141	0.182	0.182	0.182	0.182	0.166	0.150	0.139	0.127	0.127	0.110	0.102	0.113	0.119	0.135	0.155	0.175	0.175	0.175	0.125	0.125	0.125	0.075	0.075	0.075	
0.100	0.100	0.100	0.141	0.141	0.128	0.143	0.143	0.137	0.131	0.123	0.114	0.115	0.110	0.100	0.117	0.120	0.130	0.141	0.151	0.151	0.126	0.125	0.075	0.075	0.075	0.075	0.055	
0.090	0.100	0.100	0.100	0.100	0.102	0.103	0.103	0.107	0.112	0.107	0.103	0.103	0.113	0.117	0.120	0.113	0.125	0.111	0.127	0.127	0.101	0.075	0.075	0.075	0.075	0.055	0.055	
0.090	0.090	0.090	0.100	0.100	0.102	0.086	0.079	0.090	0.068	0.083	0.093	0.122	0.126	0.135	0.128	0.125	0.090	0.103	0.092	0.127	0.101	0.075	0.075	0.055	0.055	0.055	0.035	
0.079	0.079	0.090	0.090	0.090	0.100	0.090	0.056	0.056	0.046	0.035	0.088	0.141	0.138	0.130	0.130	0.125	0.076	0.056	0.061	0.062	0.084	0.062	0.055	0.055	0.035	0.035	0.035	
0.079	0.079	0.079	0.079	0.090	0.093	0.078	0.069	0.053	0.047	0.053	0.084	0.281	0.301	0.230	0.080	0.062	0.060	0.019	0.028	0.025	0.050	0.053	0.055	0.035	0.035	0.035	0.035	
0.079	0.079	0.079	0.079	0.079	0.090	0.100	0.075	0.050	0.050	0.062	0.075	0.351	0.627	0.331	0.080	0.053	0.000	0.000	0.000	0.025	0.050	0.043	0.035	0.035	0.035	0.035	0.035	
0.000	0.000	0.000	0.000	0.000	0.100	0.100	0.100	0.000	0.000	0.000	0.000	0.351	0.557	0.557	0.035	0.018	0.000	0.000	0.000	0.050	0.050	0.050	0.000	0.000	0.000	0.000	0.000	
0.000	0.000	0.000	0.000	0.000	0.000	0.000	0.000	0.000	0.000	0.000	0.000	0.817	0.817	0.522	0.522	0.000	0.000	0.000	0.000	0.000	0.000	0.000	0.000	0.000	0.000	0.000	0.000	
0.000	0.000	0.000	0.000	0.000	0.000	0.000	0.000	0.000	0.000	0.000	0.000	1.008	1.008	1.008	1.008	0.000	0.000	0.000	0.000	0.000	0.000	0.000	0.000	0.000	0.000	0.000	0.000	
0.000	0.000	0.000	0.000	0.000	0.000	0.000	0.000	0.000	0.000	0.000	0.000	1.008	1.008	1.008	1.008	0.000	0.000	0.000	0.000	0.000	0.000	0.000	0.000	0.000	0.000	0.000	0.000	
0.000	0.000	0.000	0.000	0.000	0.000	0.000	0.000	0.000	0.000	0.000	0.000	1.008	1.008	1.008	1.008	0.000	0.000	0.000	0.000	0.000	0.000	0.000	0.000	0.000	0.000	0.000	0.000	
