0.150	0.150	0.150	0.150	0.150	0.150	0.150	0.150	0.150	0.150	0.150	0.154	0.158	0.158	0.158	0.158	0.158	0.158	0.154	0.154	0.150	0.150	0.150	0.150	0.150	0.150	0.150	0.150	
0.150	0.150	0.150	0.150	0.150	0.150	0.150	0.150	0.150	0.150	0.150	0.154	0.158	0.158	0.158	0.158	0.158	0.158	0.154	0.150	0.150	0.150	0.150	0.150	0.150	0.150	0.150	0.150	
0.150	0.150	0.150	0.150	0.150	0.150	0.150	0.150	0.150	0.150	0.150	0.154	0.158	0.158	0.158	0.158	0.158	0.158	0.154	0.150	0.150	0.150	0.150	0.150	0.150	0.150	0.150	0.150	
0.150	0.150	0.150	0.150	0.150	0.150	0.150	0.150	0.150	0.150	0.150	0.154	0.158	0.158	0.158	0.158	0.158	0.158	0.154	0.150	0.150	0.150	0.150	0.150	0.150	0.150	0.150	0.150	
0.150	0.150	0.150	0.150	0.150	0.150	0.150	0.150	0.150	0.150	0.150	0.154	0.158	0.158	0.158	0.158	0.158	0.158	0.154	0.150	0.150	0.150	0.150	0.150	0.150	0.150	0.150	0.150	
0.150	0.150	0.150	0.150	0.150	0.150	0.150	0.150	0.150	0.150	0.150	0.154	0.158	0.158	0.158	0.158	0.158	0.158	0.154	0.150	0.150	0.150	0.150	0.150	0.150	0.150	0.150	0.150	
0.150	0.150	0.150	0.150	0.150	0.150	0.150	0.150	0.150	0.150	0.150	0.154	0.158	0.158	0.158	0.158	0.158	0.158	0.154	0.150	0.150	0.150	0.150	0.150	0.150	0.150	0.150	0.150	
0.150	0.150	0.150	0.150	0.150	0.150	0.150	0.150	0.150	0.150	0.150	0.154	0.158	0.158	0.158	0.158	0.158	0.158	0.154	0.150	0.150	0.150	0.150	0.150	0.150	0.150	0.150	0.150	
0.150	0.150	0.150	0.150	0.150	0.150	0.150	0.150	0.150	0.150	0.150	0.154	0.158	0.158	0.158	0.158	0.158	0.158	0.154	0.150	0.150	0.150	0.150	0.150	0.150	0.150	0.150	0.150	
0.150	0.150	0.150	0.150	0.150	0.150	0.150	0.150	0.150	0.150	0.150	0.154	0.158	0.158	0.158	0.158	0.158	0.158	0.154	0.150	0.150	0.150	0.150	0.150	0.150	0.150	0.150	0.150	
0.150	0.150	0.150	0.150	0.150	0.150	0.150	0.150	0.150	0.150	0.150	0.154	0.158	0.158	0.158	0.158	0.158	0.158	0.154	0.150	0.150	0.150	0.150	0.150	0.150	0.150	0.150	0.150	
0.150	0.150	0.150	0.150	0.150	0.150	0.150	0.150	0.150	0.150	0.150	0.154	0.158	0.158	0.158	0.158	0.158	0.158	0.154	0.150	0.150	0.150	0.150	0.150	0.150	0.150	0.150	0.150	
0.150	0.150	0.150	0.150	0.150	0.150	0.150	0.150	0.150	0.150	0.150	0.154	0.154	0.158	0.158	0.158	0.158	0.158	0.154	0.150	0.150	0.150	0.150	0.150	0.150	0.150	0.150	0.150	
0.150	0.150	0.150	0.150	0.150	0.150	0.150	0.150	0.150	0.150	0.150	0.150	0.154	0.158	0.158	0.158	0.158	0.158	0.154	0.150	0.150	0.150	0.150	0.150	0.150	0.150	0.150	0.150	
0.150	0.150	0.150	0.150	0.150	0.150	0.150	0.150	0.150	0.150	0.150	0.150	0.154	0.158	0.158	0.158	0.158	0.158	0.154	0.150	0.150	0.150	0.150	0.150	0.150	0.150	0.150	0.150	
0.150	0.150	0.150	0.150	0.150	0.150	0.150	0.150	0.150	0.150	0.150	0.150	0.154	0.158	0.158	0.158	0.158	0.158	0.154	0.150	0.150	0.150	0.150	0.150	0.150	0.150	0.150	0.150	
0.150	0.150	0.150	0.150	0.150	0.150	0.150	0.150	0.150	0.150	0.150	0.150	0.154	0.158	0.158	0.158	0.158	0.158	0.154	0.150	0.150	0.150	0.150	0.150	0.150	0.150	0.150	0.150	
0.150	0.150	0.150	0.150	0.150	0.150	0.150	0.150	0.150	0.150	0.150	0.150	0.154	0.158	0.158	0.158	0.158	0.158	0.154	0.150	0.150	0.150	0.150	0.150	0.150	0.150	0.150	0.150	
0.150	0.150	0.150	0.150	0.150	0.150	0.150	0.150	0.150	0.150	0.150	0.150	0.154	0.158	0.158	0.158	0.158	0.154	0.154	0.150	0.150	0.150	0.150	0.150	0.150	0.150	0.150	0.150	
0.150	0.150	0.150	0.150	0.150	0.150	0.150	0.150	0.150	0.150	0.150	0.150	0.154	0.158	0.158	0.158	0.158	0.154	0.150	0.150	0.150	0.150	0.150	0.150	0.150	0.150	0.150	0.150	
0.150	0.150	0.150	0.150	0.150	0.150	0.150	0.150	0.150	0.150	0.150	0.150	0.154	0.158	0.158	0.158	0.158	0.154	0.150	0.150	0.150	0.150	0.150	0.150	0.150	0.150	0.150	0.150	
0.150	0.150	0.150	0.150	0.150	0.150	0.150	0.150	0.150	0.150	0.150	0.150	0.154	0.158	0.158	0.158	0.158	0.154	0.150	0.150	0.150	0.150	0.150	0.150	0.150	0.150	0.150	0.150	
0.150	0.150	0.150	0.150	0.150	0.150	0.150	0.150	0.150	0.150	0.150	0.150	0.154	0.158	0.158	0.158	0.158	0.154	0.150	0.150	0.150	0.150	0.150	0.150	0.150	0.150	0.150	0.150	
0.150	0.150	0.150	0.150	0.150	0.150	0.150	0.150	0.150	0.150	0.150	0.150	0.154	0.158	0.158	0.158	0.158	0.154	0.150	0.150	0.150	0.150	0.150	0.150	0.150	0.150	0.150	0.150	
0.150	0.150	0.150	0.150	0.150	0.150	0.150	0.150	0.150	0.150	0.150	0.150	0.154	0.158	0.158	0.158	0.158	0.154	0.150	0.150	0.150	0.150	0.150	0.150	0.150	0.150	0.150	0.150	
0.150	0.150	0.150	0.150	0.150	0.150	0.150	0.150	0.150	0.150	0.150	0.150	0.154	0.158	0.158	0.158	0.158	0.154	0.150	0.150	0.150	0.150	0.150	0.150	0.150	0.150	0.150	0.150	
0.150	0.150	0.150	0.150	0.150	0.150	0.150	0.150	0.150	0.150	0.150	0.150	0.154	0.158	0.158	0.158	0.158	0.154	0.150	0.150	0.150	0.150	0.150	0.150	0.150	0.150	0.150	0.150	
0.150	0.150	0.150	0.150	0.150	0.150	0.150	0.150	0.150	0.150	0.150	0.150	0.154	0.158	0.158	0.158	0.158	0.154	0.150	0.150	0.150	0.150	0.150	0.150	0.150	0.150	0.150	0.125	
0.150	0.150	0.150	0.150	0.150	0.150	0.150	0.150	0.150	0.150	0.150	0.150	0.154	0.158	0.158	0.158	0.158	0.154	0.150	0.150	0.150	0.150	0.150	0.150	0.150	0.150	0.150	0.125	
0.150	0.150	0.150	0.150	0.150	0.150	0.150	0.150	0.150	0.150	0.150	0.150	0.154	0.158	0.158	0.158	0.158	0.154	0.150	0.150	0.150	0.150	0.150	0.150	0.150	0.150	0.150	0.125	
0.173	0.150	0.150	0.150	0.150	0.150	0.150	0.150	0.150	0.150	0.150	0.150	0.154	0.158	0.158	0.158	0.158	0.154	0.150	0.150	0.150	0.150	0.150	0.150	0.150	0.150	0.125	0.125	
0.173	0.150	0.150	0.150	0.150	0.150	0.150	0.150	0.150	0.150	0.150	0.150	0.154	0.158	0.158	0.158	0.158	0.154	0.150	0.150	0.150	0.150	0.150	0.150	0.150	0.150	0.125	0.100	
0.173	0.173	0.150	0.150	0.150	0.150	0.150	0.150	0.150	0.150	0.150	0.150	0.154	0.158	0.158	0.158	0.158	0.154	0.150	0.150	0.150	0.150	0.150	0.150	0.150	0.125	0.125	0.100	
0.195	0.173	0.150	0.150	0.150	0.150	0.150	0.150	0.150	0.150	0.150	0.150	0.154	0.158	0.158	0.158	0.158	0.154	0.150	0.150	0.150	0.150	0.150	0.150	0.150	0.125	0.100	0.100	
0.195	0.173	0.173	0.150	0.150	0.150	0.150	0.150	0.150	0.150	0.150	0.150	0.154	0.158	0.158	0.158	0.158	0.154	0.150	0.150	0.150	0.150	0.150	0.150	0.125	0.125	0.100	0.100	
0.195	0.195	0.173	0.150	0.150	0.150	0.150	0.150	0.150	0.150	0.150	0.150	0.154	0.158	0.158	0.158	0.158	0.154	0.150	0.150	0.150	0.150	0.150	0.150	0.125	0.100	0.100	0.100	
0.195	0.195	0.173	0.173	0.150	0.150	0.150	0.150	0.150	0.150	0.150	0.150	0.154	0.158	0.158	0.158	0.154	0.154	0.150	0.150	0.150	0.150	0.150	0.125	0.125	0.100	0.100	0.100	
0.195	0.195	0.195	0.173	0.173	0.150	0.150	0.150	0.150	0.150	0.150	0.150	0.154	0.158	0.158	0.158	0.154	0.150	0.150	0.150	0.150	0.150	0.150	0.125	0.100	0.100	0.100	0.100	
0.195	0.195	0.195	0.195	0.173	0.150	0.150	0.150	0.150	0.150	0.150	0.150	0.154	0.158	0.158	0.158	0.154	0.150	0.150	0.150	0.150	0.150	0.125	0.125	0.100	0.100	0.100	0.100	
0.195	0.195	0.195	0.195	0.173	0.173	0.150	0.150	0.150	0.150	0.150	0.150	0.163	0.158	0.158	0.158	0.154	0.150	0.150	0.150	0.150	0.150	0.125	0.100	0.100	0.100	0.100	0.100	
0.195	0.195	0.195	0.195	0.195	0.173	0.150	0.150	0.150	0.150	0.150	0.150	0.163	0.158	0.158	0.158	0.154	0.150	0.150	0.150	0.150	0.150	0.125	0.100	0.100	0.100	0.100	0.100	
0.195	0.195	0.195	0.195	0.195	0.173	0.173	0.150	0.150	0.150	0.150	0.165	0.163	0.169	0.158	0.158	0.154	0.150	0.150	0.150	0.150	0.125	0.125	0.100	0.100	0.100	0.100	0.100	
0.195	0.195	0.195	0.195	0.195	0.195	0.173	0.150	0.150	0.150	0.150	0.165	0.180	0.169	0.158	0.158	0.154	0.150	0.150	0.150	0.150	0.125	0.100	0.100	0.100	0.100	0.100	0.100	
0.195	0.195	0.195	0.195	0.195	0.195	0.173	0.173	0.150	0.150	0.150	0.165	0.180	0.169	0.158	0.158	0.154	0.150	0.150	0.150	0.125	0.125	0.100	0.100	0.100	0.100	0.100	0.100	
0.195	0.195	0.195	0.195	0.195	0.195	0.195	0.127	0.150	0.150	0.150	0.165	0.180	0.169	0.169	0.158	0.154	0.150	0.150	0.138	0.125	0.100	0.100	0.100	0.100	0.100	0.100	0.100	
0.195	0.195	0.195	0.195	0.195	0.195	0.195	0.127	0.093	0.093	0.103	0.129	0.180	0.180	0.154	0.142	0.134	0.127	0.138	0.138	0.113	0.100	0.100	0.100	0.100	0.100	0.100	0.100	
0.195	0.195	0.195	0.195	0.195	0.195	0.195	0.115	0.035	0.093	0.080	0.118	0.138	0.161	0.153	0.125	0.114	0.127	0.126	0.125	0.113	0.100	0.100	0.100	0.100	0.100	0.125	0.125	
0.195	0.195	0.195	0.195	0.195	0.195	0.174	0.128	0.035	0.064	0.064	0.056	0.116	0.151	0.151	0.125	0.114	0.103	0.168	0.138	0.125	0.133	0.125	0.125	0.125	0.125	0.125	0.150	
0.195	0.195	0.195	0.174	0.174	0.174	0.174	0.094	0.096	0.068	0.052	0.028	0.078	0.177	0.362	0.395	0.168	0.189	0.163	0.138	0.150	0.133	0.150	0.150	0.150	0.150	0.150	0.150	
0.174	0.174	0.174	0.174	0.152	0.152	0.152	0.152	0.126	0.100	0.050	0.000	0.088	0.481	0.481	0.530	0.530	0.275	0.213	0.150	0.150	0.150	0.150	0.150	0.150	0.150	0.150	0.150	
0.000	0.000	0.000	0.000	0.000	0.000	0.000	0.000	0.100	0.100	0.050	0.000	0.321	0.481	0.785	0.785	0.275	0.275	0.275	0.000	0.000	0.150	0.150	0.150	0.150	0.150	0.150	0.150	
0.000	0.000	0.000	0.000	0.000	0.000	0.000	0.000	0.000	0.000	0.000	0.000	0.893	0.893	0.893	0.893	0.000	0.000	0.000	0.000	0.000	0.000	0.000	0.000	0.000	0.000	0.000	0.000	
0.000	0.000	0.000	0.000	0.000	0.000	0.000	0.000	0.000	0.000	0.000	0.000	1.001	1.001	1.001	1.001	0.000	0.000	0.000	0.000	0.000	0.000	0.000	0.000	0.000	0.000	0.000	0.000	
0.000	0.000	0.000	0.000	0.000	0.000	0.000	0.000	0.000	0.000	0.000	0.000	1.001	1.001	1.001	1.001	0.000	0.000	0.000	0.000	0.000	0.000	0.000	0.000	0.000	0.000	0.000	0.000	
0.000	0.000	0.000	0.000	0.000	0.000	0.000	0.000	0.000	0.000	0.000	0.000	1.001	1.001	1.001	1.001	0.000	0.000	0.000	0.000	0.000	0.000	0.000	0.000	0.000	0.000	0.000	0.000	
