0.075	0.075	0.075	0.075	0.128	0.128	0.180	0.180	0.180	0.180	0.180	0.180	0.180	0.180	0.180	0.180	0.180	0.180	0.180	0.180	0.180	0.180	0.180	0.180	0.180	0.180	0.180	0.180	
0.075	0.075	0.075	0.075	0.075	0.128	0.180	0.180	0.180	0.180	0.180	0.180	0.180	0.180	0.180	0.180	0.180	0.180	0.180	0.180	0.180	0.180	0.180	0.180	0.180	0.180	0.180	0.180	
0.075	0.075	0.075	0.075	0.075	0.128	0.180	0.180	0.180	0.180	0.180	0.180	0.180	0.180	0.180	0.180	0.180	0.180	0.180	0.180	0.180	0.180	0.180	0.180	0.180	0.180	0.180	0.180	
0.075	0.075	0.075	0.075	0.075	0.128	0.180	0.180	0.180	0.180	0.180	0.180	0.180	0.180	0.180	0.180	0.180	0.180	0.180	0.180	0.180	0.180	0.180	0.180	0.180	0.180	0.180	0.180	
0.075	0.075	0.075	0.075	0.075	0.128	0.180	0.180	0.180	0.180	0.180	0.180	0.180	0.180	0.180	0.180	0.180	0.180	0.180	0.180	0.180	0.180	0.180	0.180	0.180	0.180	0.180	0.180	
0.075	0.075	0.075	0.075	0.075	0.128	0.180	0.180	0.180	0.180	0.180	0.180	0.180	0.180	0.180	0.180	0.180	0.180	0.180	0.180	0.180	0.180	0.180	0.180	0.180	0.180	0.180	0.180	
0.075	0.075	0.075	0.075	0.075	0.128	0.180	0.180	0.180	0.180	0.180	0.180	0.180	0.180	0.180	0.180	0.180	0.180	0.180	0.180	0.180	0.180	0.180	0.180	0.180	0.180	0.180	0.180	
0.075	0.075	0.075	0.075	0.075	0.128	0.128	0.180	0.180	0.180	0.180	0.180	0.180	0.180	0.180	0.180	0.180	0.180	0.180	0.180	0.180	0.180	0.180	0.180	0.180	0.180	0.180	0.180	
0.075	0.075	0.075	0.075	0.075	0.075	0.128	0.180	0.180	0.180	0.180	0.180	0.180	0.180	0.180	0.180	0.180	0.180	0.180	0.180	0.180	0.180	0.180	0.180	0.180	0.180	0.180	0.180	
0.075	0.075	0.075	0.075	0.075	0.075	0.128	0.180	0.180	0.180	0.180	0.180	0.180	0.180	0.180	0.180	0.180	0.180	0.180	0.180	0.180	0.180	0.180	0.180	0.180	0.180	0.180	0.180	
0.075	0.075	0.075	0.075	0.075	0.075	0.128	0.180	0.180	0.180	0.180	0.180	0.180	0.180	0.180	0.180	0.180	0.180	0.180	0.180	0.180	0.180	0.180	0.180	0.180	0.180	0.180	0.180	
0.075	0.075	0.075	0.075	0.075	0.075	0.128	0.180	0.180	0.180	0.180	0.180	0.180	0.180	0.180	0.180	0.180	0.180	0.180	0.180	0.180	0.180	0.180	0.180	0.180	0.180	0.180	0.180	
0.075	0.075	0.075	0.075	0.075	0.075	0.128	0.180	0.180	0.180	0.180	0.180	0.180	0.180	0.180	0.180	0.180	0.180	0.180	0.180	0.180	0.180	0.180	0.180	0.180	0.180	0.180	0.180	
0.075	0.075	0.075	0.075	0.075	0.075	0.128	0.128	0.180	0.180	0.180	0.180	0.180	0.180	0.180	0.180	0.180	0.180	0.180	0.180	0.180	0.180	0.180	0.180	0.180	0.180	0.180	0.180	
0.075	0.075	0.075	0.075	0.075	0.075	0.075	0.128	0.180	0.180	0.180	0.180	0.180	0.180	0.180	0.180	0.180	0.180	0.180	0.180	0.180	0.180	0.180	0.180	0.180	0.180	0.180	0.180	
0.075	0.075	0.075	0.075	0.075	0.075	0.075	0.128	0.180	0.180	0.180	0.180	0.180	0.180	0.180	0.180	0.180	0.180	0.180	0.180	0.180	0.180	0.180	0.180	0.180	0.180	0.180	0.180	
0.075	0.075	0.075	0.075	0.075	0.075	0.075	0.128	0.180	0.180	0.180	0.180	0.180	0.180	0.180	0.180	0.180	0.180	0.180	0.180	0.180	0.180	0.180	0.180	0.180	0.180	0.180	0.180	
0.075	0.075	0.075	0.075	0.075	0.075	0.075	0.128	0.180	0.180	0.180	0.180	0.180	0.180	0.180	0.180	0.180	0.180	0.180	0.180	0.180	0.180	0.180	0.180	0.180	0.180	0.180	0.180	
0.075	0.075	0.075	0.075	0.075	0.075	0.075	0.128	0.180	0.180	0.180	0.180	0.180	0.180	0.180	0.180	0.180	0.180	0.180	0.180	0.180	0.180	0.180	0.180	0.180	0.180	0.180	0.180	
0.075	0.075	0.075	0.075	0.075	0.075	0.075	0.128	0.128	0.180	0.180	0.180	0.180	0.180	0.180	0.180	0.180	0.180	0.180	0.180	0.180	0.180	0.180	0.180	0.180	0.180	0.180	0.180	
0.075	0.075	0.075	0.075	0.075	0.075	0.075	0.075	0.128	0.180	0.180	0.180	0.180	0.180	0.180	0.180	0.180	0.180	0.180	0.180	0.180	0.180	0.180	0.180	0.180	0.180	0.180	0.180	
0.075	0.075	0.075	0.075	0.075	0.075	0.075	0.075	0.128	0.180	0.180	0.180	0.180	0.180	0.180	0.180	0.180	0.180	0.180	0.180	0.180	0.180	0.180	0.180	0.180	0.180	0.180	0.180	
0.075	0.075	0.075	0.075	0.075	0.075	0.075	0.075	0.128	0.180	0.180	0.180	0.180	0.180	0.180	0.180	0.180	0.180	0.180	0.180	0.180	0.180	0.180	0.180	0.180	0.180	0.180	0.180	
0.075	0.075	0.075	0.075	0.075	0.075	0.075	0.075	0.128	0.180	0.180	0.180	0.180	0.180	0.180	0.180	0.180	0.180	0.180	0.180	0.180	0.180	0.180	0.180	0.180	0.180	0.180	0.180	
0.075	0.075	0.075	0.075	0.075	0.075	0.075	0.075	0.128	0.180	0.180	0.180	0.180	0.180	0.180	0.180	0.180	0.180	0.180	0.180	0.180	0.180	0.180	0.180	0.180	0.180	0.180	0.180	
0.075	0.075	0.075	0.075	0.075	0.075	0.075	0.075	0.128	0.180	0.180	0.180	0.180	0.180	0.180	0.180	0.180	0.180	0.180	0.180	0.180	0.180	0.180	0.180	0.180	0.180	0.180	0.180	
0.075	0.075	0.075	0.075	0.075	0.075	0.075	0.075	0.128	0.128	0.180	0.180	0.180	0.180	0.180	0.180	0.180	0.180	0.180	0.180	0.180	0.180	0.180	0.180	0.180	0.180	0.180	0.103	
0.075	0.075	0.075	0.075	0.075	0.075	0.075	0.075	0.075	0.128	0.180	0.180	0.180	0.180	0.180	0.180	0.180	0.180	0.180	0.180	0.180	0.180	0.180	0.180	0.180	0.180	0.180	0.103	
0.075	0.075	0.075	0.075	0.075	0.075	0.075	0.075	0.075	0.128	0.180	0.180	0.180	0.180	0.180	0.180	0.180	0.180	0.180	0.180	0.180	0.180	0.180	0.180	0.180	0.180	0.103	0.103	
0.075	0.075	0.075	0.075	0.075	0.075	0.075	0.075	0.075	0.128	0.180	0.180	0.180	0.180	0.180	0.180	0.180	0.180	0.180	0.180	0.180	0.180	0.180	0.180	0.180	0.180	0.103	0.025	
0.075	0.075	0.075	0.075	0.075	0.075	0.075	0.075	0.075	0.128	0.180	0.180	0.180	0.180	0.180	0.180	0.180	0.180	0.180	0.180	0.180	0.180	0.180	0.180	0.180	0.103	0.103	0.025	
0.075	0.075	0.075	0.075	0.075	0.075	0.075	0.075	0.075	0.128	0.180	0.180	0.180	0.180	0.180	0.180	0.180	0.180	0.180	0.180	0.180	0.180	0.180	0.180	0.180	0.103	0.025	0.025	
0.075	0.075	0.075	0.075	0.075	0.075	0.075	0.075	0.075	0.128	0.128	0.180	0.180	0.180	0.180	0.180	0.180	0.180	0.180	0.180	0.180	0.180	0.180	0.180	0.103	0.103	0.025	0.025	
0.075	0.075	0.075	0.075	0.075	0.075	0.075	0.075	0.075	0.075	0.128	0.180	0.180	0.180	0.180	0.180	0.180	0.180	0.180	0.180	0.180	0.180	0.180	0.180	0.103	0.025	0.025	0.025	
0.075	0.075	0.075	0.075	0.075	0.075	0.075	0.075	0.075	0.075	0.119	0.180	0.180	0.180	0.180	0.180	0.180	0.180	0.180	0.180	0.180	0.180	0.180	0.103	0.103	0.025	0.025	0.025	
0.075	0.075	0.075	0.075	0.075	0.075	0.075	0.075	0.075	0.075	0.119	0.180	0.180	0.180	0.180	0.180	0.180	0.180	0.180	0.180	0.180	0.180	0.180	0.103	0.025	0.025	0.025	0.025	
0.075	0.075	0.075	0.075	0.075	0.075	0.075	0.075	0.075	0.075	0.119	0.180	0.180	0.180	0.180	0.180	0.180	0.180	0.180	0.180	0.180	0.180	0.103	0.103	0.025	0.025	0.025	0.025	
0.075	0.075	0.075	0.075	0.075	0.075	0.075	0.075	0.075	0.075	0.119	0.142	0.180	0.180	0.180	0.180	0.180	0.180	0.180	0.180	0.180	0.180	0.103	0.025	0.025	0.025	0.025	0.025	
0.075	0.075	0.075	0.075	0.075	0.075	0.075	0.075	0.075	0.075	0.089	0.142	0.180	0.180	0.180	0.180	0.180	0.180	0.180	0.180	0.180	0.103	0.103	0.025	0.025	0.025	0.025	0.025	
0.075	0.075	0.075	0.075	0.075	0.075	0.075	0.075	0.075	0.075	0.089	0.142	0.180	0.180	0.180	0.180	0.180	0.180	0.180	0.180	0.180	0.103	0.025	0.025	0.025	0.025	0.025	0.025	
0.075	0.075	0.075	0.075	0.075	0.075	0.075	0.075	0.075	0.075	0.089	0.142	0.180	0.180	0.180	0.180	0.180	0.180	0.180	0.180	0.103	0.103	0.025	0.025	0.025	0.025	0.025	0.025	
0.075	0.075	0.075	0.075	0.075	0.075	0.075	0.075	0.075	0.075	0.089	0.142	0.142	0.180	0.180	0.180	0.180	0.180	0.180	0.180	0.103	0.025	0.025	0.025	0.025	0.025	0.025	0.025	
0.075	0.075	0.075	0.075	0.075	0.075	0.075	0.075	0.075	0.075	0.089	0.103	0.142	0.180	0.180	0.180	0.180	0.180	0.180	0.103	0.103	0.025	0.025	0.025	0.025	0.025	0.025	0.025	
0.075	0.075	0.075	0.075	0.075	0.075	0.075	0.075	0.075	0.075	0.089	0.103	0.142	0.180	0.180	0.180	0.180	0.180	0.180	0.103	0.025	0.025	0.025	0.025	0.025	0.025	0.025	0.025	
0.075	0.075	0.075	0.075	0.075	0.075	0.075	0.075	0.075	0.075	0.089	0.103	0.142	0.180	0.180	0.180	0.180	0.180	0.103	0.103	0.025	0.025	0.025	0.025	0.025	0.025	0.025	0.025	
0.075	0.075	0.075	0.075	0.075	0.075	0.075	0.075	0.075	0.075	0.089	0.103	0.288	0.380	0.180	0.180	0.180	0.180	0.103	0.025	0.025	0.025	0.025	0.025	0.025	0.025	0.025	0.025	
0.075	0.075	0.075	0.075	0.075	0.075	0.075	0.075	0.075	0.075	0.089	0.103	0.341	0.380	0.380	0.180	0.180	0.103	0.103	0.025	0.025	0.025	0.025	0.025	0.025	0.025	0.025	0.025	
0.075	0.075	0.075	0.075	0.075	0.075	0.075	0.075	0.075	0.075	0.089	0.103	0.341	0.580	0.380	0.180	0.180	0.103	0.025	0.025	0.025	0.025	0.025	0.025	0.025	0.025	0.025	0.025	
0.075	0.075	0.075	0.075	0.075	0.075	0.075	0.075	0.075	0.075	0.089	0.103	0.341	0.580	0.380	0.380	0.103	0.103	0.025	0.025	0.025	0.025	0.025	0.025	0.025	0.025	0.025	0.025	
0.075	0.075	0.075	0.075	0.075	0.075	0.075	0.075	0.075	0.075	0.089	0.103	0.341	0.580	0.580	0.380	0.103	0.025	0.025	0.025	0.025	0.025	0.025	0.025	0.025	0.025	0.025	0.025	
0.000	0.000	0.000	0.000	0.000	0.000	0.000	0.000	0.000	0.000	0.000	0.000	0.341	0.580	0.580	0.380	0.103	0.025	0.025	0.025	0.025	0.025	0.025	0.025	0.025	0.025	0.025	0.025	
0.000	0.000	0.000	0.000	0.000	0.000	0.000	0.000	0.000	0.000	0.000	0.000	0.791	0.791	0.791	0.791	0.000	0.000	0.000	0.000	0.000	0.000	0.000	0.000	0.000	0.000	0.000	0.000	
0.000	0.000	0.000	0.000	0.000	0.000	0.000	0.000	0.000	0.000	0.000	0.000	1.001	1.001	1.001	1.001	0.000	0.000	0.000	0.000	0.000	0.000	0.000	0.000	0.000	0.000	0.000	0.000	
0.000	0.000	0.000	0.000	0.000	0.000	0.000	0.000	0.000	0.000	0.000	0.000	1.001	1.001	1.001	1.001	0.000	0.000	0.000	0.000	0.000	0.000	0.000	0.000	0.000	0.000	0.000	0.000	
0.000	0.000	0.000	0.000	0.000	0.000	0.000	0.000	0.000	0.000	0.000	0.000	1.001	1.001	1.001	1.001	0.000	0.000	0.000	0.000	0.000	0.000	0.000	0.000	0.000	0.000	0.000	0.000	
