0.180	0.180	0.180	0.180	0.180	0.180	0.180	0.180	0.180	0.180	0.180	0.180	0.180	0.180	0.180	0.180	0.180	0.180	0.180	0.180	0.180	0.180	0.180	0.180	0.180	0.180	0.180	0.180	
0.180	0.180	0.180	0.180	0.180	0.180	0.180	0.180	0.180	0.180	0.180	0.180	0.180	0.180	0.180	0.180	0.180	0.180	0.180	0.180	0.180	0.180	0.180	0.180	0.180	0.180	0.180	0.180	
0.180	0.180	0.180	0.180	0.180	0.180	0.180	0.180	0.180	0.180	0.180	0.180	0.180	0.180	0.180	0.180	0.180	0.180	0.180	0.180	0.180	0.180	0.180	0.180	0.180	0.180	0.180	0.180	
0.180	0.180	0.180	0.180	0.180	0.180	0.180	0.180	0.180	0.180	0.180	0.180	0.180	0.180	0.180	0.180	0.180	0.180	0.180	0.180	0.180	0.180	0.180	0.180	0.180	0.180	0.180	0.180	
0.180	0.180	0.180	0.180	0.180	0.180	0.180	0.180	0.180	0.180	0.180	0.180	0.180	0.180	0.180	0.180	0.180	0.180	0.180	0.180	0.180	0.180	0.180	0.180	0.180	0.180	0.180	0.180	
0.180	0.180	0.180	0.180	0.180	0.180	0.180	0.180	0.180	0.180	0.180	0.180	0.180	0.180	0.180	0.180	0.180	0.180	0.180	0.180	0.180	0.180	0.180	0.180	0.180	0.180	0.180	0.180	
0.180	0.180	0.180	0.180	0.180	0.180	0.180	0.180	0.180	0.180	0.180	0.180	0.180	0.180	0.180	0.180	0.180	0.180	0.180	0.180	0.180	0.180	0.180	0.180	0.180	0.180	0.180	0.180	
0.180	0.180	0.180	0.180	0.180	0.180	0.180	0.180	0.180	0.180	0.180	0.180	0.180	0.180	0.180	0.180	0.180	0.180	0.180	0.180	0.180	0.180	0.180	0.180	0.180	0.180	0.180	0.180	
0.180	0.180	0.180	0.180	0.180	0.180	0.180	0.180	0.180	0.180	0.180	0.180	0.180	0.180	0.180	0.180	0.180	0.180	0.180	0.180	0.180	0.180	0.180	0.180	0.180	0.180	0.180	0.180	
0.180	0.180	0.180	0.180	0.180	0.180	0.180	0.180	0.180	0.180	0.180	0.180	0.180	0.180	0.180	0.180	0.180	0.180	0.180	0.180	0.180	0.180	0.180	0.180	0.180	0.180	0.180	0.180	
0.180	0.180	0.180	0.180	0.180	0.180	0.180	0.180	0.180	0.180	0.180	0.180	0.180	0.180	0.180	0.180	0.180	0.180	0.180	0.180	0.180	0.180	0.180	0.180	0.180	0.180	0.180	0.191	
0.180	0.180	0.180	0.180	0.180	0.180	0.180	0.180	0.180	0.180	0.180	0.180	0.180	0.180	0.180	0.180	0.180	0.180	0.180	0.180	0.180	0.180	0.180	0.180	0.180	0.180	0.180	0.191	
0.180	0.180	0.180	0.180	0.180	0.180	0.180	0.180	0.180	0.180	0.180	0.180	0.180	0.180	0.180	0.180	0.180	0.180	0.180	0.180	0.180	0.180	0.180	0.180	0.180	0.180	0.191	0.191	
0.180	0.180	0.180	0.180	0.180	0.180	0.180	0.180	0.180	0.180	0.180	0.180	0.180	0.180	0.180	0.180	0.180	0.180	0.180	0.180	0.180	0.180	0.180	0.180	0.180	0.180	0.191	0.202	
0.180	0.180	0.180	0.180	0.180	0.180	0.180	0.180	0.180	0.180	0.180	0.180	0.180	0.180	0.180	0.180	0.180	0.180	0.180	0.180	0.180	0.180	0.180	0.180	0.180	0.180	0.191	0.202	
0.180	0.180	0.180	0.180	0.180	0.180	0.180	0.180	0.180	0.180	0.180	0.180	0.180	0.180	0.180	0.180	0.180	0.180	0.180	0.180	0.180	0.180	0.180	0.180	0.180	0.191	0.191	0.202	
0.191	0.180	0.180	0.180	0.180	0.180	0.180	0.180	0.180	0.180	0.180	0.180	0.180	0.180	0.180	0.180	0.180	0.180	0.180	0.180	0.180	0.180	0.180	0.180	0.180	0.191	0.202	0.202	
0.191	0.180	0.180	0.180	0.180	0.180	0.180	0.180	0.180	0.180	0.180	0.180	0.180	0.180	0.180	0.180	0.180	0.180	0.180	0.180	0.180	0.180	0.180	0.180	0.180	0.191	0.202	0.202	
0.191	0.191	0.180	0.180	0.180	0.180	0.180	0.180	0.180	0.180	0.180	0.180	0.180	0.180	0.180	0.180	0.180	0.180	0.180	0.180	0.180	0.180	0.180	0.180	0.191	0.191	0.202	0.202	
0.202	0.191	0.180	0.180	0.180	0.180	0.180	0.180	0.180	0.180	0.180	0.180	0.180	0.180	0.180	0.180	0.180	0.180	0.180	0.180	0.180	0.180	0.180	0.180	0.191	0.202	0.202	0.202	
0.202	0.191	0.191	0.180	0.180	0.180	0.180	0.180	0.180	0.180	0.180	0.180	0.180	0.180	0.180	0.180	0.180	0.180	0.180	0.180	0.180	0.180	0.180	0.191	0.191	0.202	0.202	0.202	
0.202	0.202	0.191	0.180	0.180	0.180	0.180	0.180	0.180	0.180	0.180	0.180	0.180	0.180	0.180	0.180	0.180	0.180	0.180	0.180	0.180	0.180	0.180	0.191	0.202	0.202	0.202	0.202	
0.202	0.202	0.191	0.191	0.180	0.180	0.180	0.180	0.180	0.180	0.180	0.180	0.180	0.180	0.180	0.180	0.180	0.180	0.180	0.180	0.180	0.180	0.180	0.191	0.202	0.202	0.202	0.202	
0.202	0.202	0.202	0.191	0.180	0.180	0.180	0.180	0.180	0.180	0.180	0.180	0.180	0.180	0.180	0.180	0.180	0.180	0.180	0.180	0.180	0.180	0.191	0.191	0.202	0.202	0.202	0.202	
0.202	0.202	0.202	0.191	0.191	0.180	0.180	0.180	0.180	0.180	0.180	0.180	0.180	0.180	0.180	0.180	0.180	0.180	0.180	0.180	0.180	0.180	0.191	0.202	0.202	0.202	0.202	0.202	
0.202	0.202	0.202	0.202	0.191	0.180	0.180	0.180	0.180	0.180	0.180	0.180	0.180	0.180	0.180	0.180	0.180	0.180	0.180	0.180	0.180	0.191	0.191	0.202	0.202	0.202	0.202	0.202	
0.202	0.202	0.202	0.202	0.191	0.191	0.180	0.180	0.180	0.180	0.180	0.180	0.180	0.180	0.180	0.180	0.180	0.180	0.180	0.180	0.180	0.191	0.202	0.202	0.202	0.202	0.202	0.202	
0.202	0.202	0.202	0.202	0.202	0.191	0.180	0.180	0.180	0.180	0.180	0.180	0.180	0.180	0.180	0.180	0.180	0.180	0.180	0.180	0.180	0.191	0.202	0.202	0.202	0.202	0.202	0.202	
0.202	0.202	0.202	0.202	0.202	0.191	0.191	0.180	0.180	0.180	0.180	0.180	0.180	0.180	0.180	0.180	0.180	0.180	0.180	0.180	0.191	0.191	0.202	0.202	0.202	0.202	0.202	0.202	
0.202	0.202	0.202	0.202	0.202	0.202	0.191	0.180	0.180	0.180	0.180	0.180	0.180	0.180	0.180	0.180	0.180	0.180	0.180	0.180	0.191	0.202	0.202	0.202	0.202	0.202	0.202	0.202	
0.202	0.202	0.202	0.202	0.202	0.202	0.191	0.191	0.180	0.180	0.180	0.180	0.180	0.180	0.180	0.180	0.180	0.180	0.180	0.180	0.191	0.202	0.202	0.202	0.202	0.202	0.202	0.202	
0.204	0.202	0.202	0.202	0.202	0.202	0.202	0.191	0.180	0.180	0.180	0.180	0.180	0.180	0.180	0.180	0.180	0.180	0.180	0.191	0.191	0.202	0.202	0.202	0.202	0.202	0.202	0.202	
0.204	0.204	0.202	0.202	0.202	0.202	0.202	0.191	0.191	0.180	0.180	0.180	0.180	0.180	0.180	0.180	0.180	0.180	0.180	0.191	0.202	0.202	0.202	0.202	0.202	0.202	0.202	0.202	
0.206	0.204	0.204	0.202	0.202	0.202	0.202	0.202	0.191	0.180	0.180	0.180	0.180	0.180	0.180	0.180	0.180	0.180	0.191	0.191	0.202	0.202	0.202	0.202	0.202	0.202	0.202	0.202	
0.206	0.206	0.204	0.204	0.202	0.202	0.202	0.202	0.191	0.191	0.180	0.180	0.180	0.180	0.180	0.180	0.180	0.180	0.191	0.202	0.202	0.202	0.202	0.202	0.202	0.202	0.202	0.202	
0.206	0.206	0.206	0.204	0.202	0.202	0.202	0.202	0.202	0.191	0.180	0.180	0.180	0.180	0.180	0.180	0.180	0.180	0.191	0.202	0.202	0.202	0.202	0.202	0.202	0.202	0.202	0.202	
0.206	0.206	0.206	0.204	0.204	0.202	0.202	0.202	0.202	0.191	0.191	0.180	0.180	0.180	0.180	0.180	0.180	0.191	0.191	0.202	0.202	0.202	0.202	0.202	0.202	0.202	0.202	0.202	
0.206	0.206	0.206	0.206	0.204	0.204	0.202	0.202	0.202	0.202	0.191	0.180	0.180	0.180	0.180	0.180	0.180	0.191	0.202	0.202	0.202	0.202	0.202	0.202	0.202	0.202	0.202	0.202	
0.206	0.206	0.206	0.206	0.206	0.204	0.204	0.202	0.202	0.202	0.170	0.170	0.154	0.163	0.180	0.180	0.180	0.191	0.202	0.202	0.202	0.202	0.202	0.202	0.202	0.202	0.202	0.202	
0.206	0.206	0.206	0.206	0.206	0.206	0.204	0.204	0.202	0.202	0.165	0.127	0.127	0.145	0.154	0.154	0.191	0.191	0.202	0.202	0.202	0.202	0.202	0.202	0.202	0.202	0.202	0.202	
0.206	0.206	0.206	0.206	0.206	0.206	0.206	0.204	0.187	0.177	0.160	0.128	0.115	0.119	0.127	0.154	0.165	0.177	0.177	0.202	0.202	0.202	0.202	0.202	0.202	0.202	0.202	0.202	
0.148	0.170	0.206	0.206	0.206	0.206	0.206	0.206	0.179	0.152	0.128	0.128	0.103	0.115	0.127	0.140	0.140	0.152	0.185	0.202	0.202	0.202	0.202	0.202	0.202	0.202	0.152	0.152	
0.119	0.119	0.148	0.170	0.170	0.170	0.170	0.170	0.155	0.140	0.128	0.110	0.102	0.111	0.115	0.128	0.128	0.152	0.169	0.177	0.202	0.202	0.202	0.202	0.152	0.152	0.152	0.103	
0.103	0.103	0.119	0.119	0.135	0.135	0.135	0.135	0.131	0.127	0.114	0.114	0.102	0.102	0.103	0.115	0.128	0.140	0.144	0.177	0.177	0.177	0.152	0.152	0.152	0.103	0.103	0.103	
0.103	0.103	0.103	0.119	0.119	0.119	0.119	0.119	0.109	0.099	0.106	0.113	0.100	0.098	0.097	0.107	0.120	0.127	0.140	0.152	0.152	0.128	0.128	0.103	0.103	0.103	0.103	0.103	
0.103	0.103	0.103	0.103	0.103	0.114	0.119	0.103	0.087	0.071	0.098	0.113	0.113	0.098	0.083	0.116	0.120	0.106	0.135	0.177	0.177	0.152	0.103	0.103	0.103	0.103	0.064	0.064	
0.079	0.079	0.103	0.103	0.103	0.103	0.103	0.079	0.077	0.035	0.065	0.063	0.114	0.101	0.083	0.095	0.141	0.096	0.126	0.126	0.202	0.152	0.103	0.103	0.103	0.064	0.064	0.025	
0.056	0.079	0.079	0.079	0.079	0.077	0.078	0.079	0.063	0.040	0.000	0.076	0.114	0.089	0.075	0.097	0.073	0.073	0.050	0.084	0.076	0.110	0.064	0.064	0.064	0.064	0.025	0.025	
0.056	0.056	0.056	0.056	0.079	0.070	0.053	0.053	0.046	0.030	0.020	0.043	0.064	0.060	0.072	0.055	0.050	0.038	0.025	0.025	0.076	0.025	0.051	0.064	0.025	0.025	0.025	0.025	
0.056	0.056	0.056	0.056	0.056	0.053	0.050	0.047	0.046	0.035	0.030	0.025	0.051	0.054	0.030	0.055	0.045	0.025	0.013	0.000	0.013	0.025	0.025	0.025	0.025	0.025	0.025	0.025	
0.000	0.000	0.000	0.000	0.000	0.000	0.000	0.000	0.000	0.000	0.000	0.000	0.025	0.025	0.030	0.035	0.000	0.000	0.000	0.000	0.000	0.000	0.000	0.000	0.000	0.000	0.000	0.000	
0.000	0.000	0.000	0.000	0.000	0.000	0.000	0.000	0.000	0.000	0.000	0.000	0.025	0.025	0.030	0.035	0.000	0.000	0.000	0.000	0.000	0.000	0.000	0.000	0.000	0.000	0.000	0.000	
0.000	0.000	0.000	0.000	0.000	0.000	0.000	0.000	0.000	0.000	0.000	0.000	0.025	0.025	0.030	0.035	0.000	0.000	0.000	0.000	0.000	0.000	0.000	0.000	0.000	0.000	0.000	0.000	
0.000	0.000	0.000	0.000	0.000	0.000	0.000	0.000	0.000	0.000	0.000	0.000	0.025	0.025	0.030	0.035	0.000	0.000	0.000	0.000	0.000	0.000	0.000	0.000	0.000	0.000	0.000	0.000	
0.000	0.000	0.000	0.000	0.000	0.000	0.000	0.000	0.000	0.000	0.000	0.000	0.025	0.025	0.030	0.035	0.000	0.000	0.000	0.000	0.000	0.000	0.000	0.000	0.000	0.000	0.000	0.000	
