0.851	0.851	0.851	0.851	0.851	0.851	0.851	0.851	0.851	0.851	0.851	0.851	0.851	0.851	0.851	0.851	0.851	0.901	0.901	0.950	0.928	0.906	0.906	0.906	0.906	0.906	0.906	0.906	
0.896	0.851	0.851	0.851	0.851	0.851	0.851	0.851	0.851	0.851	0.851	0.851	0.851	0.851	0.851	0.851	0.851	0.901	0.950	0.950	0.928	0.906	0.906	0.906	0.906	0.906	0.906	0.906	
0.896	0.851	0.851	0.851	0.851	0.851	0.851	0.851	0.851	0.851	0.851	0.851	0.851	0.851	0.851	0.851	0.851	0.901	0.950	0.928	0.928	0.906	0.906	0.906	0.906	0.906	0.906	0.906	
0.896	0.896	0.851	0.851	0.851	0.851	0.851	0.851	0.851	0.851	0.851	0.851	0.851	0.851	0.851	0.851	0.901	0.901	0.950	0.928	0.906	0.906	0.906	0.906	0.906	0.906	0.906	0.906	
0.941	0.896	0.851	0.851	0.851	0.851	0.851	0.851	0.851	0.851	0.851	0.851	0.851	0.851	0.851	0.851	0.901	0.950	0.950	0.928	0.906	0.906	0.906	0.906	0.906	0.906	0.906	0.906	
0.941	0.896	0.896	0.851	0.851	0.851	0.851	0.851	0.851	0.851	0.851	0.851	0.851	0.851	0.851	0.901	0.901	0.950	0.950	0.928	0.906	0.906	0.906	0.906	0.906	0.906	0.906	0.906	
0.941	0.941	0.896	0.896	0.851	0.851	0.851	0.851	0.851	0.851	0.851	0.851	0.851	0.851	0.851	0.901	0.950	0.950	0.950	0.928	0.906	0.906	0.906	0.906	0.906	0.906	0.906	0.906	
0.941	0.941	0.941	0.896	0.851	0.851	0.851	0.851	0.851	0.851	0.851	0.851	0.851	0.851	0.901	0.901	0.950	0.950	0.950	0.890	0.906	0.906	0.906	0.906	0.906	0.906	0.906	0.906	
0.941	0.941	0.941	0.896	0.896	0.851	0.851	0.851	0.851	0.851	0.851	0.851	0.851	0.851	0.901	0.950	0.950	0.950	0.882	0.890	0.906	0.906	0.906	0.906	0.906	0.906	0.906	0.906	
0.941	0.941	0.941	0.941	0.896	0.851	0.851	0.851	0.851	0.851	0.851	0.851	0.851	0.901	0.901	0.950	0.950	0.950	0.882	0.860	0.906	0.906	0.906	0.906	0.906	0.906	0.906	0.906	
0.941	0.941	0.941	0.941	0.896	0.896	0.851	0.851	0.851	0.851	0.851	0.851	0.851	0.901	0.950	0.950	0.950	0.882	0.882	0.860	0.906	0.906	0.906	0.906	0.906	0.906	0.906	0.906	
0.941	0.941	0.941	0.941	0.941	0.896	0.896	0.851	0.851	0.851	0.851	0.851	0.901	0.901	0.950	0.950	0.950	0.882	0.814	0.860	0.906	0.906	0.906	0.906	0.906	0.906	0.906	0.906	
0.941	0.941	0.941	0.941	0.941	0.941	0.876	0.843	0.851	0.851	0.851	0.851	0.901	0.950	0.950	0.950	0.950	0.882	0.814	0.860	0.906	0.906	0.906	0.906	0.906	0.906	0.906	0.906	
0.941	0.941	0.941	0.941	0.941	0.941	0.888	0.843	0.843	0.851	0.851	0.851	0.901	0.950	0.950	0.950	0.882	0.882	0.814	0.860	0.860	0.906	0.906	0.906	0.906	0.906	0.906	0.906	
0.941	0.941	0.941	0.941	0.941	0.941	0.888	0.834	0.843	0.843	0.843	0.901	0.901	0.950	0.950	0.950	0.882	0.814	0.814	0.814	0.860	0.906	0.906	0.906	0.906	0.906	0.906	0.906	
0.941	0.941	0.941	0.941	0.941	0.941	0.888	0.834	0.834	0.834	0.871	0.891	0.938	0.950	0.950	0.950	0.882	0.814	0.814	0.814	0.860	0.906	0.906	0.906	0.906	0.906	0.906	0.906	
0.941	0.941	0.941	0.941	0.941	0.941	0.888	0.834	0.834	0.834	0.880	0.926	0.938	0.938	0.950	0.882	0.882	0.814	0.814	0.814	0.860	0.906	0.906	0.906	0.906	0.906	0.906	0.906	
0.941	0.941	0.941	0.941	0.941	0.941	0.888	0.834	0.834	0.880	0.880	0.926	0.926	0.938	0.943	0.905	0.883	0.814	0.814	0.814	0.860	0.906	0.906	0.906	0.906	0.906	0.906	0.906	
0.941	0.941	0.941	0.941	0.941	0.941	0.888	0.834	0.847	0.880	0.926	0.926	0.926	0.939	0.939	0.951	0.882	0.847	0.847	0.827	0.835	0.845	0.845	0.845	0.845	0.845	0.845	0.906	
0.835	0.835	0.835	0.835	0.835	0.835	0.821	0.808	0.847	0.854	0.854	0.926	0.939	0.939	0.951	0.951	0.916	0.881	0.881	0.827	0.785	0.785	0.785	0.785	0.785	0.785	0.845	0.845	
0.728	0.728	0.728	0.728	0.728	0.728	0.755	0.781	0.781	0.781	0.854	0.854	0.939	0.951	0.951	0.951	0.916	0.881	0.881	0.833	0.785	0.785	0.785	0.785	0.785	0.785	0.785	0.785	
0.728	0.728	0.728	0.728	0.728	0.728	0.755	0.781	0.781	0.781	0.781	0.859	0.859	0.951	0.951	0.951	0.916	0.881	0.881	0.833	0.785	0.785	0.785	0.785	0.785	0.785	0.785	0.785	
0.728	0.728	0.728	0.728	0.728	0.728	0.755	0.755	0.781	0.781	0.781	0.779	0.864	0.864	0.864	0.916	0.916	0.881	0.881	0.833	0.785	0.785	0.785	0.785	0.785	0.785	0.785	0.785	
0.728	0.728	0.728	0.728	0.728	0.728	0.831	0.814	0.781	0.781	0.779	0.779	0.777	0.777	0.864	0.870	0.881	0.881	0.881	0.833	0.785	0.785	0.785	0.785	0.785	0.785	0.785	0.785	
0.728	0.728	0.728	0.728	0.728	0.831	0.831	0.857	0.743	0.648	0.691	0.777	0.777	0.777	0.777	0.869	0.869	0.916	0.916	0.827	0.738	0.738	0.738	0.738	0.738	0.738	0.738	0.738	
0.728	0.728	0.728	0.831	0.831	0.831	0.933	0.933	0.724	0.515	0.646	0.646	0.777	0.777	0.777	0.876	0.950	0.950	0.950	0.821	0.691	0.691	0.691	0.691	0.691	0.691	0.691	0.691	
0.825	0.825	0.861	0.861	0.928	0.933	0.933	0.933	0.724	0.515	0.515	0.646	0.731	0.838	0.838	0.876	0.950	0.950	0.950	0.821	0.691	0.691	0.691	0.691	0.691	0.691	0.691	0.691	
0.000	0.922	0.922	0.922	0.928	0.928	0.933	0.933	0.724	0.515	0.515	0.515	0.731	0.900	0.900	0.925	0.925	0.950	0.950	0.821	0.691	0.691	0.691	0.691	0.691	0.691	0.691	0.691	
0.922	0.922	0.922	0.922	0.922	0.928	0.928	0.928	0.724	0.515	0.471	0.471	0.614	0.663	0.900	0.900	0.925	0.950	0.950	0.821	0.821	0.691	0.691	0.691	0.691	0.691	0.691	0.691	
0.922	0.922	0.922	0.922	0.922	0.922	0.922	0.928	0.755	0.471	0.471	0.426	0.426	0.663	0.900	0.900	0.925	0.950	0.836	0.836	0.788	0.707	0.707	0.707	0.691	0.691	0.691	0.691	
0.922	0.922	0.922	0.922	0.922	0.922	0.785	0.785	0.785	0.530	0.426	0.426	0.426	0.663	0.663	0.900	0.852	0.819	0.836	0.722	0.722	0.722	0.722	0.707	0.707	0.707	0.707	0.707	
0.922	0.922	0.922	0.922	0.922	0.785	0.785	0.649	0.649	0.619	0.604	0.604	0.426	0.426	0.733	0.733	0.802	0.713	0.713	0.722	0.722	0.722	0.722	0.722	0.722	0.722	0.722	0.707	
0.841	0.841	0.841	0.841	0.841	0.777	0.649	0.649	0.649	0.715	0.781	0.604	0.703	0.703	0.663	0.802	0.704	0.704	0.713	0.722	0.722	0.722	0.722	0.722	0.722	0.722	0.852	0.852	
0.759	0.759	0.759	0.759	0.759	0.704	0.704	0.649	0.649	0.715	0.781	0.781	0.841	0.900	0.900	0.802	0.704	0.704	0.713	0.713	0.722	0.722	0.722	0.852	0.852	0.852	0.852	0.982	
0.759	0.759	0.759	0.759	0.759	0.759	0.704	0.704	0.663	0.663	0.781	0.781	0.841	0.900	0.900	0.802	0.704	0.704	0.692	0.702	0.795	0.852	0.852	0.852	0.982	0.982	0.982	0.982	
0.759	0.759	0.759	0.759	0.759	0.759	0.759	0.656	0.604	0.670	0.670	0.670	0.841	0.900	0.900	0.802	0.761	0.692	0.692	0.680	0.831	0.982	0.982	0.982	0.982	0.982	0.982	0.982	
0.759	0.759	0.759	0.759	0.759	0.759	0.659	0.659	0.559	0.559	0.559	0.682	0.682	0.693	0.900	0.790	0.761	0.680	0.680	0.680	0.831	0.982	0.982	0.982	0.982	0.982	0.982	0.982	
0.759	0.759	0.759	0.759	0.649	0.649	0.619	0.549	0.559	0.559	0.559	0.522	0.485	0.693	0.687	0.685	0.678	0.680	0.680	0.680	0.831	0.982	0.982	0.982	0.982	0.982	0.982	0.982	
0.759	0.759	0.649	0.649	0.649	0.540	0.540	0.549	0.549	0.549	0.522	0.522	0.485	0.485	0.580	0.675	0.635	0.615	0.680	0.831	0.831	0.982	0.982	0.982	0.982	0.982	0.982	0.982	
0.649	0.649	0.649	0.540	0.540	0.540	0.540	0.540	0.540	0.512	0.494	0.485	0.485	0.580	0.580	0.675	0.613	0.615	0.615	0.738	0.766	0.982	0.982	0.982	0.982	0.982	0.982	0.982	
0.649	0.540	0.540	0.540	0.540	0.540	0.540	0.540	0.488	0.488	0.461	0.461	0.472	0.580	0.675	0.675	0.613	0.551	0.551	0.551	0.766	0.766	0.982	0.982	0.982	0.982	0.982	0.982	
0.540	0.540	0.540	0.540	0.540	0.540	0.540	0.445	0.442	0.437	0.437	0.365	0.468	0.484	0.484	0.675	0.613	0.551	0.551	0.551	0.551	0.766	0.766	0.982	0.982	0.982	0.982	0.982	
0.540	0.540	0.540	0.540	0.445	0.445	0.445	0.445	0.394	0.394	0.437	0.365	0.293	0.293	0.484	0.506	0.613	0.551	0.551	0.551	0.551	0.551	0.766	0.766	0.982	0.982	0.982	0.982	
0.445	0.445	0.445	0.445	0.445	0.351	0.351	0.351	0.351	0.394	0.331	0.312	0.293	0.249	0.249	0.425	0.477	0.477	0.477	0.477	0.477	0.551	0.388	0.586	0.604	0.604	0.604	0.604	
0.372	0.288	0.288	0.288	0.288	0.288	0.288	0.351	0.351	0.279	0.279	0.249	0.235	0.249	0.206	0.305	0.403	0.403	0.403	0.403	0.477	0.393	0.388	0.225	0.225	0.225	0.225	0.225	
0.225	0.225	0.225	0.225	0.225	0.225	0.288	0.288	0.288	0.261	0.206	0.206	0.206	0.206	0.206	0.305	0.403	0.403	0.403	0.403	0.314	0.314	0.225	0.225	0.225	0.225	0.225	0.225	
0.225	0.225	0.225	0.225	0.225	0.225	0.225	0.225	0.225	0.250	0.262	0.262	0.208	0.155	0.155	0.237	0.403	0.403	0.277	0.259	0.314	0.225	0.225	0.225	0.225	0.225	0.225	0.225	
0.225	0.225	0.225	0.225	0.225	0.225	0.225	0.225	0.175	0.223	0.318	0.318	0.211	0.103	0.103	0.266	0.347	0.282	0.277	0.187	0.225	0.225	0.225	0.225	0.225	0.225	0.225	0.225	
0.225	0.225	0.225	0.225	0.225	0.225	0.225	0.175	0.175	0.222	0.222	0.601	0.435	0.494	0.197	0.197	0.292	0.221	0.150	0.187	0.225	0.225	0.225	0.225	0.225	0.225	0.225	0.225	
0.225	0.225	0.225	0.225	0.225	0.175	0.175	0.175	0.125	0.125	0.222	0.443	0.885	0.494	0.426	0.292	0.292	0.221	0.150	0.187	0.225	0.225	0.225	0.225	0.225	0.225	0.225	0.225	
0.000	0.000	0.000	0.000	0.000	0.000	0.000	0.125	0.125	0.125	0.125	0.125	0.885	0.885	0.588	0.726	0.292	0.292	0.000	0.225	0.225	0.225	0.225	0.225	0.225	0.225	0.225	0.225	
0.000	0.000	0.000	0.000	0.000	0.000	0.000	0.000	0.000	0.000	0.000	0.000	0.943	0.943	0.943	0.726	0.000	0.000	0.000	0.000	0.000	0.000	0.000	0.000	0.000	0.000	0.000	0.000	
0.000	0.000	0.000	0.000	0.000	0.000	0.000	0.000	0.000	0.000	0.000	0.000	1.001	1.001	1.001	1.001	0.000	0.000	0.000	0.000	0.000	0.000	0.000	0.000	0.000	0.000	0.000	0.000	
0.000	0.000	0.000	0.000	0.000	0.000	0.000	0.000	0.000	0.000	0.000	0.000	1.001	1.001	1.001	1.001	0.000	0.000	0.000	0.000	0.000	0.000	0.000	0.000	0.000	0.000	0.000	0.000	
0.000	0.000	0.000	0.000	0.000	0.000	0.000	0.000	0.000	0.000	0.000	0.000	1.001	1.001	1.001	1.001	0.000	0.000	0.000	0.000	0.000	0.000	0.000	0.000	0.000	0.000	0.000	0.000	
