0.056	0.056	0.056	0.056	0.056	0.056	0.056	0.056	0.056	0.103	0.150	0.150	0.150	0.150	0.150	0.150	0.150	0.150	0.150	0.150	0.150	0.087	0.025	0.025	0.025	0.025	0.025	0.025	
0.056	0.056	0.056	0.056	0.056	0.056	0.056	0.056	0.056	0.103	0.150	0.150	0.150	0.150	0.150	0.150	0.150	0.150	0.150	0.150	0.150	0.087	0.025	0.025	0.025	0.025	0.025	0.025	
0.056	0.056	0.056	0.056	0.056	0.056	0.056	0.056	0.056	0.103	0.150	0.150	0.150	0.150	0.150	0.150	0.150	0.150	0.150	0.150	0.150	0.087	0.025	0.025	0.025	0.025	0.025	0.025	
0.056	0.056	0.056	0.056	0.056	0.056	0.056	0.056	0.056	0.103	0.150	0.150	0.150	0.150	0.150	0.150	0.150	0.150	0.150	0.150	0.150	0.087	0.025	0.025	0.025	0.025	0.025	0.025	
0.056	0.056	0.056	0.056	0.056	0.056	0.056	0.056	0.056	0.103	0.103	0.150	0.150	0.150	0.150	0.150	0.150	0.150	0.150	0.150	0.150	0.087	0.025	0.025	0.025	0.025	0.025	0.025	
0.056	0.056	0.056	0.056	0.056	0.056	0.056	0.056	0.056	0.056	0.103	0.150	0.150	0.150	0.150	0.150	0.150	0.150	0.150	0.150	0.150	0.087	0.025	0.025	0.025	0.025	0.025	0.025	
0.056	0.056	0.056	0.056	0.056	0.056	0.056	0.056	0.056	0.056	0.103	0.150	0.150	0.150	0.150	0.150	0.150	0.150	0.150	0.150	0.150	0.087	0.025	0.025	0.025	0.025	0.025	0.025	
0.056	0.056	0.056	0.056	0.056	0.056	0.056	0.056	0.056	0.056	0.103	0.150	0.150	0.150	0.150	0.150	0.150	0.150	0.150	0.150	0.087	0.087	0.025	0.025	0.025	0.025	0.025	0.025	
0.056	0.056	0.056	0.056	0.056	0.056	0.056	0.056	0.056	0.056	0.103	0.150	0.150	0.150	0.150	0.150	0.150	0.150	0.150	0.150	0.087	0.025	0.025	0.025	0.025	0.025	0.025	0.025	
0.056	0.056	0.056	0.056	0.056	0.056	0.056	0.056	0.056	0.056	0.103	0.150	0.150	0.150	0.150	0.150	0.150	0.150	0.150	0.150	0.087	0.025	0.025	0.025	0.025	0.025	0.025	0.025	
0.056	0.056	0.056	0.056	0.056	0.056	0.056	0.056	0.056	0.056	0.103	0.150	0.150	0.150	0.150	0.150	0.150	0.150	0.150	0.150	0.087	0.025	0.025	0.025	0.025	0.025	0.025	0.025	
0.056	0.056	0.056	0.056	0.056	0.056	0.056	0.056	0.056	0.056	0.103	0.150	0.150	0.150	0.150	0.150	0.150	0.150	0.150	0.150	0.087	0.025	0.025	0.025	0.025	0.025	0.025	0.025	
0.056	0.056	0.056	0.056	0.056	0.056	0.056	0.056	0.056	0.056	0.103	0.150	0.150	0.150	0.150	0.150	0.150	0.150	0.150	0.150	0.087	0.025	0.025	0.025	0.025	0.025	0.025	0.025	
0.056	0.056	0.056	0.056	0.056	0.056	0.056	0.056	0.056	0.056	0.103	0.150	0.150	0.150	0.150	0.150	0.150	0.150	0.150	0.150	0.087	0.025	0.025	0.025	0.025	0.025	0.025	0.025	
0.056	0.056	0.056	0.056	0.056	0.056	0.056	0.056	0.056	0.056	0.103	0.150	0.150	0.150	0.150	0.150	0.150	0.150	0.150	0.150	0.087	0.025	0.025	0.025	0.025	0.025	0.025	0.025	
0.056	0.056	0.056	0.056	0.056	0.056	0.056	0.056	0.056	0.056	0.103	0.150	0.150	0.150	0.150	0.150	0.150	0.150	0.150	0.087	0.087	0.025	0.025	0.025	0.025	0.025	0.025	0.025	
0.056	0.056	0.056	0.056	0.056	0.056	0.056	0.056	0.056	0.056	0.103	0.150	0.150	0.150	0.150	0.150	0.150	0.150	0.150	0.087	0.025	0.025	0.025	0.025	0.025	0.025	0.025	0.025	
0.056	0.056	0.056	0.056	0.056	0.056	0.056	0.056	0.056	0.056	0.103	0.150	0.150	0.150	0.150	0.150	0.150	0.150	0.150	0.087	0.025	0.025	0.025	0.025	0.025	0.025	0.025	0.025	
0.056	0.056	0.056	0.056	0.056	0.056	0.056	0.056	0.056	0.056	0.103	0.150	0.150	0.150	0.150	0.150	0.150	0.150	0.150	0.087	0.025	0.025	0.025	0.025	0.025	0.025	0.025	0.025	
0.056	0.056	0.056	0.056	0.056	0.056	0.056	0.056	0.056	0.056	0.103	0.150	0.150	0.150	0.150	0.150	0.150	0.150	0.150	0.087	0.025	0.025	0.025	0.025	0.025	0.025	0.025	0.025	
0.056	0.056	0.056	0.056	0.056	0.056	0.056	0.056	0.056	0.056	0.103	0.103	0.150	0.150	0.150	0.150	0.150	0.150	0.150	0.087	0.025	0.025	0.025	0.025	0.025	0.025	0.025	0.025	
0.056	0.056	0.056	0.056	0.056	0.056	0.056	0.056	0.056	0.056	0.056	0.103	0.150	0.150	0.150	0.150	0.150	0.150	0.150	0.087	0.025	0.025	0.025	0.025	0.025	0.025	0.025	0.025	
0.056	0.056	0.056	0.056	0.056	0.056	0.056	0.056	0.056	0.056	0.056	0.103	0.150	0.150	0.150	0.150	0.150	0.150	0.150	0.087	0.025	0.025	0.025	0.025	0.025	0.025	0.025	0.025	
0.056	0.056	0.056	0.056	0.056	0.056	0.056	0.056	0.056	0.056	0.056	0.103	0.150	0.150	0.150	0.150	0.150	0.150	0.087	0.087	0.025	0.025	0.025	0.025	0.025	0.025	0.025	0.025	
0.056	0.056	0.056	0.056	0.056	0.056	0.056	0.056	0.056	0.056	0.056	0.103	0.150	0.150	0.150	0.150	0.150	0.150	0.087	0.025	0.025	0.025	0.025	0.025	0.025	0.025	0.025	0.025	
0.056	0.056	0.056	0.056	0.056	0.056	0.056	0.056	0.056	0.056	0.056	0.103	0.150	0.150	0.150	0.150	0.150	0.150	0.087	0.025	0.025	0.025	0.025	0.025	0.025	0.025	0.025	0.025	
0.056	0.056	0.056	0.056	0.056	0.056	0.056	0.056	0.056	0.056	0.056	0.103	0.150	0.150	0.150	0.150	0.150	0.150	0.087	0.025	0.025	0.025	0.025	0.025	0.025	0.025	0.025	0.025	
0.079	0.056	0.056	0.056	0.056	0.056	0.056	0.056	0.056	0.056	0.056	0.103	0.150	0.150	0.150	0.150	0.150	0.150	0.087	0.025	0.025	0.025	0.025	0.025	0.025	0.025	0.025	0.113	
0.079	0.056	0.056	0.056	0.056	0.056	0.056	0.056	0.056	0.056	0.056	0.103	0.150	0.150	0.150	0.150	0.150	0.150	0.087	0.025	0.025	0.025	0.025	0.025	0.025	0.025	0.025	0.113	
0.079	0.079	0.056	0.056	0.056	0.056	0.056	0.056	0.056	0.056	0.056	0.103	0.150	0.150	0.150	0.150	0.150	0.150	0.087	0.025	0.025	0.025	0.025	0.025	0.025	0.025	0.113	0.113	
0.103	0.079	0.056	0.056	0.056	0.056	0.056	0.056	0.056	0.056	0.056	0.103	0.150	0.150	0.150	0.150	0.150	0.150	0.087	0.025	0.025	0.025	0.025	0.025	0.025	0.025	0.113	0.202	
0.103	0.079	0.079	0.056	0.056	0.056	0.056	0.056	0.056	0.056	0.056	0.103	0.150	0.150	0.150	0.150	0.150	0.087	0.087	0.025	0.025	0.025	0.025	0.025	0.025	0.113	0.113	0.202	
0.103	0.103	0.079	0.056	0.056	0.056	0.056	0.056	0.056	0.056	0.056	0.103	0.150	0.150	0.150	0.150	0.150	0.087	0.025	0.025	0.025	0.025	0.025	0.025	0.025	0.113	0.202	0.202	
0.103	0.103	0.079	0.079	0.056	0.056	0.056	0.056	0.056	0.056	0.056	0.103	0.150	0.150	0.150	0.150	0.150	0.087	0.025	0.025	0.025	0.025	0.025	0.025	0.025	0.113	0.202	0.202	
0.103	0.103	0.103	0.079	0.056	0.056	0.056	0.056	0.056	0.056	0.056	0.087	0.103	0.150	0.150	0.150	0.150	0.087	0.025	0.025	0.025	0.025	0.025	0.025	0.113	0.113	0.202	0.202	
0.103	0.103	0.103	0.079	0.079	0.056	0.056	0.056	0.056	0.056	0.056	0.056	0.103	0.150	0.150	0.150	0.150	0.087	0.025	0.025	0.025	0.025	0.025	0.025	0.113	0.202	0.202	0.202	
0.103	0.103	0.103	0.103	0.079	0.056	0.056	0.056	0.056	0.056	0.056	0.056	0.103	0.150	0.150	0.150	0.150	0.087	0.025	0.025	0.025	0.025	0.025	0.113	0.113	0.202	0.202	0.202	
0.103	0.103	0.103	0.103	0.079	0.079	0.056	0.056	0.056	0.056	0.056	0.056	0.103	0.150	0.150	0.150	0.150	0.087	0.025	0.025	0.025	0.025	0.025	0.113	0.202	0.202	0.202	0.202	
0.103	0.103	0.103	0.103	0.103	0.079	0.056	0.056	0.056	0.056	0.056	0.056	0.103	0.150	0.150	0.150	0.087	0.087	0.025	0.025	0.025	0.025	0.113	0.113	0.202	0.202	0.202	0.202	
0.103	0.103	0.103	0.103	0.103	0.079	0.079	0.056	0.056	0.056	0.056	0.056	0.103	0.103	0.150	0.150	0.087	0.025	0.025	0.025	0.025	0.025	0.102	0.202	0.202	0.202	0.202	0.202	
0.103	0.103	0.103	0.103	0.103	0.103	0.079	0.056	0.056	0.056	0.056	0.056	0.056	0.103	0.150	0.150	0.087	0.025	0.025	0.025	0.025	0.052	0.102	0.202	0.202	0.202	0.202	0.202	
0.103	0.103	0.103	0.103	0.103	0.103	0.079	0.079	0.056	0.056	0.056	0.056	0.056	0.103	0.150	0.150	0.087	0.025	0.025	0.025	0.052	0.052	0.140	0.202	0.202	0.202	0.202	0.202	
0.089	0.103	0.103	0.103	0.103	0.103	0.103	0.079	0.056	0.056	0.056	0.056	0.056	0.103	0.150	0.150	0.087	0.025	0.025	0.052	0.052	0.140	0.140	0.202	0.202	0.202	0.202	0.202	
0.089	0.089	0.089	0.103	0.103	0.103	0.103	0.079	0.083	0.073	0.090	0.079	0.056	0.103	0.100	0.154	0.111	0.025	0.052	0.052	0.079	0.140	0.202	0.202	0.202	0.202	0.202	0.202	
0.075	0.075	0.089	0.089	0.089	0.103	0.103	0.097	0.097	0.073	0.090	0.090	0.072	0.046	0.083	0.158	0.080	0.040	0.053	0.079	0.079	0.140	0.202	0.202	0.202	0.202	0.202	0.202	
0.065	0.065	0.075	0.075	0.089	0.089	0.089	0.091	0.090	0.090	0.108	0.125	0.080	0.035	0.097	0.158	0.107	0.056	0.082	0.082	0.102	0.135	0.202	0.202	0.202	0.202	0.151	0.151	
0.056	0.065	0.065	0.075	0.075	0.075	0.086	0.091	0.085	0.094	0.109	0.150	0.124	0.124	0.106	0.129	0.106	0.090	0.084	0.095	0.105	0.163	0.163	0.163	0.151	0.151	0.151	0.100	
0.056	0.056	0.065	0.065	0.065	0.075	0.060	0.079	0.065	0.080	0.112	0.133	0.212	0.169	0.125	0.114	0.103	0.113	0.118	0.106	0.112	0.125	0.100	0.125	0.151	0.100	0.100	0.100	
0.056	0.056	0.056	0.056	0.065	0.052	0.060	0.052	0.051	0.081	0.079	0.133	0.144	0.323	0.360	0.125	0.125	0.114	0.112	0.106	0.113	0.100	0.100	0.088	0.100	0.100	0.100	0.100	
0.056	0.056	0.056	0.056	0.056	0.040	0.025	0.038	0.038	0.050	0.062	0.075	0.366	0.366	0.478	0.146	0.135	0.125	0.113	0.100	0.100	0.088	0.075	0.088	0.100	0.100	0.100	0.100	
0.056	0.056	0.056	0.056	0.056	0.056	0.025	0.025	0.000	0.000	0.000	0.000	0.442	0.810	0.478	0.478	0.000	0.000	0.000	0.000	0.000	0.075	0.075	0.075	0.000	0.000	0.000	0.000	
0.000	0.000	0.000	0.000	0.000	0.000	0.000	0.000	0.000	0.000	0.000	0.000	0.810	0.810	0.810	0.810	0.000	0.000	0.000	0.000	0.000	0.000	0.000	0.000	0.000	0.000	0.000	0.000	
0.000	0.000	0.000	0.000	0.000	0.000	0.000	0.000	0.000	0.000	0.000	0.000	0.905	0.905	0.905	0.905	0.000	0.000	0.000	0.000	0.000	0.000	0.000	0.000	0.000	0.000	0.000	0.000	
0.000	0.000	0.000	0.000	0.000	0.000	0.000	0.000	0.000	0.000	0.000	0.000	1.000	1.000	1.000	1.000	0.000	0.000	0.000	0.000	0.000	0.000	0.000	0.000	0.000	0.000	0.000	0.000	
0.000	0.000	0.000	0.000	0.000	0.000	0.000	0.000	0.000	0.000	0.000	0.000	1.000	1.000	1.000	1.000	0.000	0.000	0.000	0.000	0.000	0.000	0.000	0.000	0.000	0.000	0.000	0.000	
