0.177	0.177	0.177	0.177	0.177	0.177	0.177	0.177	0.177	0.177	0.177	0.177	0.177	0.177	0.177	0.179	0.182	0.182	0.182	0.182	0.182	0.182	0.182	0.179	0.175	0.175	0.175	0.175	
0.177	0.177	0.177	0.177	0.177	0.177	0.177	0.177	0.177	0.177	0.177	0.177	0.177	0.177	0.177	0.179	0.182	0.182	0.182	0.182	0.182	0.182	0.182	0.179	0.175	0.175	0.175	0.175	
0.177	0.177	0.177	0.177	0.177	0.177	0.177	0.177	0.177	0.177	0.177	0.177	0.177	0.177	0.177	0.179	0.182	0.182	0.182	0.182	0.182	0.182	0.179	0.179	0.175	0.175	0.175	0.175	
0.177	0.177	0.177	0.177	0.177	0.177	0.177	0.177	0.177	0.177	0.177	0.177	0.177	0.177	0.177	0.179	0.182	0.182	0.182	0.182	0.182	0.182	0.179	0.175	0.175	0.175	0.175	0.175	
0.177	0.177	0.177	0.177	0.177	0.177	0.177	0.177	0.177	0.177	0.177	0.177	0.177	0.177	0.177	0.179	0.182	0.182	0.182	0.182	0.182	0.182	0.179	0.175	0.175	0.175	0.175	0.175	
0.177	0.177	0.177	0.177	0.177	0.177	0.177	0.177	0.177	0.177	0.177	0.177	0.177	0.177	0.177	0.179	0.182	0.182	0.182	0.182	0.182	0.182	0.179	0.175	0.175	0.175	0.175	0.175	
0.177	0.177	0.177	0.177	0.177	0.177	0.177	0.177	0.177	0.177	0.177	0.177	0.177	0.177	0.177	0.179	0.182	0.182	0.182	0.182	0.182	0.182	0.179	0.175	0.175	0.175	0.175	0.175	
0.177	0.177	0.177	0.177	0.177	0.177	0.177	0.177	0.177	0.177	0.177	0.177	0.177	0.177	0.179	0.179	0.182	0.182	0.182	0.182	0.182	0.182	0.179	0.175	0.175	0.175	0.175	0.175	
0.177	0.177	0.177	0.177	0.177	0.177	0.177	0.177	0.177	0.177	0.177	0.177	0.177	0.177	0.179	0.182	0.182	0.182	0.182	0.182	0.182	0.179	0.179	0.175	0.175	0.175	0.175	0.175	
0.177	0.177	0.177	0.177	0.177	0.177	0.177	0.177	0.177	0.177	0.177	0.177	0.177	0.177	0.179	0.182	0.182	0.182	0.182	0.182	0.182	0.179	0.175	0.175	0.175	0.175	0.175	0.175	
0.177	0.177	0.177	0.177	0.177	0.177	0.177	0.177	0.177	0.177	0.177	0.177	0.177	0.177	0.179	0.182	0.182	0.182	0.182	0.182	0.182	0.179	0.175	0.175	0.175	0.175	0.175	0.175	
0.177	0.177	0.177	0.177	0.177	0.177	0.177	0.177	0.177	0.177	0.177	0.177	0.177	0.177	0.179	0.182	0.182	0.182	0.182	0.182	0.182	0.179	0.175	0.175	0.175	0.175	0.175	0.175	
0.177	0.177	0.177	0.177	0.177	0.177	0.177	0.177	0.177	0.177	0.177	0.177	0.177	0.177	0.179	0.182	0.182	0.182	0.182	0.182	0.182	0.179	0.175	0.175	0.175	0.175	0.175	0.175	
0.177	0.177	0.177	0.177	0.177	0.177	0.177	0.177	0.177	0.177	0.177	0.177	0.177	0.177	0.179	0.182	0.182	0.182	0.182	0.182	0.179	0.179	0.175	0.175	0.175	0.175	0.175	0.175	
0.177	0.177	0.177	0.177	0.177	0.177	0.177	0.177	0.177	0.177	0.177	0.177	0.177	0.177	0.179	0.182	0.182	0.182	0.182	0.182	0.179	0.175	0.175	0.175	0.175	0.175	0.175	0.175	
0.177	0.177	0.177	0.177	0.177	0.177	0.177	0.177	0.177	0.177	0.177	0.177	0.177	0.177	0.179	0.182	0.182	0.182	0.182	0.182	0.179	0.175	0.175	0.175	0.175	0.175	0.175	0.168	
0.177	0.177	0.177	0.177	0.177	0.177	0.177	0.177	0.177	0.177	0.177	0.177	0.177	0.177	0.179	0.182	0.182	0.182	0.182	0.182	0.179	0.175	0.175	0.175	0.175	0.175	0.175	0.168	
0.177	0.177	0.177	0.177	0.177	0.177	0.177	0.177	0.177	0.177	0.177	0.177	0.177	0.177	0.179	0.182	0.182	0.182	0.182	0.182	0.179	0.175	0.175	0.175	0.175	0.175	0.175	0.168	
0.177	0.177	0.177	0.177	0.177	0.177	0.177	0.177	0.177	0.177	0.177	0.177	0.177	0.177	0.179	0.182	0.182	0.182	0.182	0.179	0.179	0.175	0.175	0.175	0.175	0.175	0.168	0.168	
0.177	0.177	0.177	0.177	0.177	0.177	0.177	0.177	0.177	0.177	0.177	0.177	0.177	0.179	0.179	0.182	0.182	0.182	0.182	0.179	0.175	0.175	0.175	0.175	0.175	0.175	0.168	0.160	
0.177	0.177	0.177	0.177	0.177	0.177	0.177	0.177	0.177	0.177	0.177	0.177	0.177	0.179	0.182	0.182	0.182	0.182	0.182	0.179	0.175	0.175	0.175	0.175	0.175	0.175	0.168	0.160	
0.177	0.177	0.177	0.177	0.177	0.177	0.177	0.177	0.177	0.177	0.177	0.177	0.177	0.179	0.182	0.182	0.182	0.182	0.182	0.179	0.175	0.175	0.175	0.175	0.175	0.168	0.168	0.160	
0.177	0.177	0.177	0.177	0.177	0.177	0.177	0.177	0.177	0.177	0.177	0.177	0.177	0.179	0.182	0.182	0.182	0.182	0.182	0.179	0.175	0.175	0.175	0.175	0.175	0.168	0.160	0.160	
0.177	0.177	0.177	0.177	0.177	0.177	0.177	0.177	0.177	0.177	0.177	0.177	0.177	0.179	0.182	0.182	0.182	0.182	0.182	0.179	0.175	0.175	0.175	0.175	0.175	0.168	0.160	0.160	
0.177	0.177	0.177	0.177	0.177	0.177	0.177	0.177	0.177	0.177	0.177	0.177	0.177	0.179	0.182	0.182	0.182	0.182	0.179	0.179	0.175	0.175	0.175	0.175	0.168	0.168	0.160	0.160	
0.177	0.177	0.177	0.177	0.177	0.177	0.177	0.177	0.177	0.177	0.177	0.177	0.177	0.179	0.182	0.182	0.182	0.182	0.179	0.175	0.175	0.175	0.175	0.175	0.168	0.160	0.160	0.160	
0.177	0.177	0.177	0.177	0.177	0.177	0.177	0.177	0.177	0.177	0.177	0.177	0.177	0.179	0.182	0.182	0.182	0.182	0.179	0.175	0.175	0.175	0.175	0.175	0.168	0.160	0.160	0.160	
0.177	0.177	0.177	0.177	0.177	0.177	0.177	0.177	0.177	0.177	0.177	0.177	0.177	0.179	0.182	0.182	0.182	0.182	0.179	0.175	0.175	0.175	0.175	0.175	0.168	0.160	0.160	0.160	
0.128	0.177	0.177	0.177	0.177	0.177	0.177	0.177	0.177	0.177	0.177	0.177	0.177	0.179	0.182	0.182	0.182	0.182	0.179	0.175	0.175	0.175	0.175	0.168	0.168	0.160	0.160	0.160	
0.128	0.128	0.177	0.177	0.177	0.177	0.177	0.177	0.177	0.177	0.177	0.177	0.177	0.179	0.182	0.182	0.182	0.179	0.179	0.175	0.175	0.175	0.175	0.168	0.160	0.160	0.160	0.160	
0.079	0.128	0.177	0.177	0.177	0.177	0.177	0.177	0.177	0.177	0.177	0.177	0.179	0.179	0.182	0.182	0.182	0.179	0.175	0.175	0.175	0.175	0.175	0.168	0.160	0.160	0.160	0.160	
0.079	0.128	0.128	0.177	0.177	0.177	0.177	0.177	0.177	0.177	0.177	0.177	0.179	0.182	0.182	0.182	0.182	0.179	0.175	0.175	0.175	0.175	0.168	0.168	0.160	0.160	0.160	0.160	
0.079	0.079	0.128	0.128	0.177	0.177	0.177	0.177	0.177	0.177	0.177	0.177	0.179	0.182	0.182	0.182	0.182	0.179	0.175	0.175	0.175	0.175	0.168	0.160	0.160	0.160	0.160	0.160	
0.079	0.079	0.079	0.128	0.177	0.177	0.177	0.177	0.177	0.177	0.177	0.177	0.179	0.182	0.182	0.182	0.182	0.179	0.175	0.175	0.175	0.175	0.168	0.160	0.160	0.160	0.160	0.160	
0.075	0.079	0.079	0.128	0.128	0.177	0.177	0.177	0.177	0.177	0.177	0.177	0.179	0.182	0.182	0.182	0.179	0.179	0.175	0.175	0.175	0.168	0.168	0.160	0.160	0.160	0.160	0.160	
0.075	0.075	0.079	0.079	0.128	0.128	0.177	0.177	0.177	0.177	0.177	0.177	0.179	0.182	0.182	0.182	0.179	0.175	0.175	0.175	0.175	0.168	0.160	0.160	0.160	0.160	0.160	0.160	
0.071	0.075	0.079	0.079	0.079	0.128	0.177	0.177	0.177	0.177	0.177	0.177	0.179	0.182	0.182	0.182	0.179	0.175	0.175	0.175	0.175	0.168	0.160	0.160	0.160	0.160	0.160	0.160	
0.071	0.075	0.075	0.079	0.079	0.128	0.128	0.177	0.177	0.177	0.177	0.177	0.179	0.182	0.182	0.182	0.179	0.175	0.175	0.175	0.168	0.168	0.160	0.160	0.160	0.160	0.160	0.098	
0.071	0.071	0.075	0.075	0.079	0.079	0.128	0.128	0.177	0.177	0.177	0.177	0.179	0.182	0.182	0.182	0.179	0.175	0.175	0.175	0.168	0.160	0.160	0.160	0.160	0.160	0.098	0.098	
0.071	0.071	0.071	0.075	0.075	0.079	0.079	0.128	0.177	0.177	0.177	0.177	0.179	0.182	0.182	0.166	0.169	0.175	0.175	0.175	0.168	0.160	0.160	0.160	0.160	0.098	0.098	0.035	
0.071	0.071	0.071	0.071	0.075	0.079	0.079	0.128	0.128	0.177	0.177	0.177	0.179	0.182	0.182	0.166	0.163	0.175	0.175	0.168	0.168	0.160	0.160	0.160	0.098	0.098	0.035	0.035	
0.071	0.071	0.071	0.071	0.075	0.075	0.079	0.079	0.128	0.128	0.177	0.179	0.179	0.182	0.166	0.166	0.163	0.175	0.175	0.168	0.160	0.160	0.160	0.098	0.098	0.035	0.035	0.035	
0.075	0.075	0.071	0.071	0.071	0.075	0.075	0.079	0.079	0.123	0.144	0.157	0.135	0.147	0.148	0.150	0.163	0.175	0.175	0.168	0.160	0.160	0.098	0.098	0.035	0.035	0.035	0.035	
0.079	0.075	0.075	0.071	0.071	0.071	0.075	0.075	0.079	0.095	0.112	0.112	0.112	0.112	0.131	0.150	0.162	0.168	0.165	0.168	0.160	0.098	0.098	0.035	0.035	0.035	0.074	0.074	
0.079	0.079	0.075	0.075	0.071	0.071	0.071	0.084	0.091	0.110	0.129	0.118	0.112	0.112	0.141	0.155	0.157	0.160	0.140	0.130	0.098	0.098	0.035	0.035	0.074	0.074	0.074	0.112	
0.079	0.079	0.079	0.075	0.075	0.075	0.083	0.083	0.103	0.124	0.146	0.124	0.107	0.125	0.125	0.160	0.137	0.160	0.130	0.100	0.068	0.068	0.035	0.074	0.074	0.112	0.068	0.068	
0.065	0.065	0.079	0.079	0.079	0.075	0.073	0.089	0.084	0.108	0.127	0.136	0.132	0.177	0.171	0.167	0.137	0.102	0.105	0.086	0.102	0.088	0.074	0.074	0.112	0.068	0.068	0.025	
0.050	0.065	0.065	0.065	0.079	0.076	0.075	0.075	0.075	0.075	0.127	0.160	0.171	0.177	0.251	0.171	0.090	0.073	0.056	0.086	0.103	0.097	0.097	0.112	0.068	0.068	0.025	0.025	
0.050	0.050	0.050	0.065	0.068	0.077	0.075	0.075	0.075	0.075	0.103	0.097	0.156	0.154	0.282	0.239	0.083	0.080	0.078	0.086	0.093	0.089	0.093	0.071	0.068	0.025	0.025	0.025	
0.050	0.050	0.050	0.050	0.063	0.075	0.075	0.075	0.075	0.075	0.075	0.097	0.056	0.297	0.282	0.307	0.075	0.087	0.100	0.100	0.087	0.075	0.075	0.050	0.025	0.025	0.025	0.025	
0.000	0.000	0.000	0.000	0.000	0.000	0.000	0.000	0.000	0.000	0.000	0.000	0.056	0.297	0.539	0.307	0.000	0.000	0.000	0.100	0.100	0.000	0.000	0.000	0.000	0.000	0.000	0.000	
0.000	0.000	0.000	0.000	0.000	0.000	0.000	0.000	0.000	0.000	0.000	0.000	0.532	0.532	0.770	0.539	0.000	0.000	0.000	0.000	0.000	0.000	0.000	0.000	0.000	0.000	0.000	0.000	
0.000	0.000	0.000	0.000	0.000	0.000	0.000	0.000	0.000	0.000	0.000	0.000	1.001	1.001	0.770	0.770	0.000	0.000	0.000	0.000	0.000	0.000	0.000	0.000	0.000	0.000	0.000	0.000	
0.000	0.000	0.000	0.000	0.000	0.000	0.000	0.000	0.000	0.000	0.000	0.000	1.001	1.001	1.001	1.001	0.000	0.000	0.000	0.000	0.000	0.000	0.000	0.000	0.000	0.000	0.000	0.000	
0.000	0.000	0.000	0.000	0.000	0.000	0.000	0.000	0.000	0.000	0.000	0.000	1.001	1.001	1.001	1.001	0.000	0.000	0.000	0.000	0.000	0.000	0.000	0.000	0.000	0.000	0.000	0.000	
