0.146	0.146	0.146	0.146	0.146	0.146	0.146	0.123	0.100	0.100	0.100	0.100	0.100	0.100	0.100	0.100	0.100	0.100	0.100	0.100	0.100	0.100	0.100	0.100	0.100	0.100	0.100	0.100	
0.146	0.146	0.146	0.146	0.146	0.146	0.146	0.123	0.100	0.100	0.100	0.100	0.100	0.100	0.100	0.100	0.100	0.100	0.100	0.100	0.100	0.100	0.100	0.100	0.100	0.100	0.100	0.100	
0.146	0.146	0.146	0.146	0.146	0.146	0.146	0.123	0.100	0.100	0.100	0.100	0.100	0.100	0.100	0.100	0.100	0.100	0.100	0.100	0.100	0.100	0.100	0.100	0.100	0.100	0.100	0.100	
0.146	0.146	0.146	0.146	0.146	0.146	0.146	0.123	0.123	0.100	0.100	0.100	0.100	0.100	0.100	0.100	0.100	0.100	0.100	0.100	0.100	0.100	0.100	0.100	0.100	0.100	0.100	0.100	
0.146	0.146	0.146	0.146	0.146	0.146	0.146	0.146	0.123	0.100	0.100	0.100	0.100	0.100	0.100	0.100	0.100	0.100	0.100	0.100	0.100	0.100	0.100	0.100	0.100	0.100	0.100	0.100	
0.146	0.146	0.146	0.146	0.146	0.146	0.146	0.146	0.123	0.100	0.100	0.100	0.100	0.100	0.100	0.100	0.100	0.100	0.100	0.100	0.100	0.100	0.100	0.100	0.100	0.100	0.100	0.100	
0.146	0.146	0.146	0.146	0.146	0.146	0.146	0.146	0.123	0.100	0.100	0.100	0.100	0.100	0.100	0.100	0.100	0.100	0.100	0.100	0.100	0.100	0.100	0.100	0.100	0.100	0.100	0.100	
0.146	0.146	0.146	0.146	0.146	0.146	0.146	0.146	0.123	0.100	0.100	0.100	0.100	0.100	0.100	0.100	0.100	0.100	0.100	0.100	0.100	0.100	0.100	0.100	0.100	0.100	0.100	0.100	
0.146	0.146	0.146	0.146	0.146	0.146	0.146	0.146	0.123	0.100	0.100	0.100	0.100	0.100	0.100	0.100	0.100	0.100	0.100	0.100	0.100	0.100	0.100	0.100	0.100	0.100	0.100	0.100	
0.146	0.146	0.146	0.146	0.146	0.146	0.146	0.146	0.123	0.100	0.100	0.100	0.100	0.100	0.100	0.100	0.100	0.100	0.100	0.100	0.100	0.100	0.100	0.100	0.100	0.100	0.100	0.100	
0.146	0.146	0.146	0.146	0.146	0.146	0.146	0.146	0.123	0.123	0.100	0.100	0.100	0.100	0.100	0.100	0.100	0.100	0.100	0.100	0.100	0.100	0.100	0.100	0.100	0.100	0.100	0.100	
0.135	0.146	0.146	0.146	0.146	0.146	0.146	0.146	0.146	0.123	0.100	0.100	0.100	0.100	0.100	0.100	0.100	0.100	0.100	0.100	0.100	0.100	0.100	0.100	0.100	0.100	0.100	0.100	
0.135	0.146	0.146	0.146	0.146	0.146	0.146	0.146	0.146	0.123	0.100	0.100	0.100	0.100	0.100	0.100	0.100	0.100	0.100	0.100	0.100	0.100	0.100	0.100	0.100	0.100	0.100	0.100	
0.135	0.146	0.146	0.146	0.146	0.146	0.146	0.146	0.146	0.123	0.100	0.100	0.100	0.100	0.100	0.100	0.100	0.100	0.100	0.100	0.100	0.100	0.100	0.100	0.100	0.100	0.100	0.100	
0.135	0.146	0.146	0.146	0.146	0.146	0.146	0.146	0.146	0.123	0.100	0.100	0.100	0.100	0.100	0.100	0.100	0.100	0.100	0.100	0.100	0.100	0.100	0.100	0.100	0.100	0.100	0.100	
0.135	0.135	0.146	0.146	0.146	0.146	0.146	0.146	0.146	0.123	0.100	0.100	0.100	0.100	0.100	0.100	0.100	0.100	0.100	0.100	0.100	0.100	0.100	0.100	0.100	0.100	0.100	0.100	
0.125	0.135	0.146	0.146	0.146	0.146	0.146	0.146	0.146	0.123	0.100	0.100	0.100	0.100	0.100	0.100	0.100	0.100	0.100	0.100	0.100	0.100	0.100	0.100	0.100	0.100	0.100	0.100	
0.125	0.135	0.146	0.146	0.146	0.146	0.146	0.146	0.146	0.123	0.123	0.100	0.100	0.100	0.100	0.100	0.100	0.100	0.100	0.100	0.100	0.100	0.100	0.100	0.100	0.100	0.100	0.100	
0.125	0.135	0.146	0.146	0.146	0.146	0.146	0.146	0.146	0.146	0.123	0.100	0.100	0.100	0.100	0.100	0.100	0.100	0.100	0.100	0.100	0.100	0.100	0.100	0.100	0.100	0.100	0.100	
0.125	0.135	0.135	0.146	0.146	0.146	0.146	0.146	0.146	0.146	0.123	0.100	0.100	0.100	0.100	0.100	0.100	0.100	0.100	0.100	0.100	0.100	0.100	0.100	0.100	0.100	0.100	0.100	
0.125	0.125	0.135	0.146	0.146	0.146	0.146	0.146	0.146	0.146	0.123	0.100	0.100	0.100	0.100	0.100	0.100	0.100	0.100	0.100	0.100	0.100	0.100	0.100	0.100	0.100	0.100	0.100	
0.125	0.125	0.135	0.146	0.146	0.146	0.146	0.146	0.146	0.146	0.123	0.100	0.100	0.100	0.100	0.100	0.100	0.100	0.100	0.100	0.100	0.100	0.100	0.100	0.100	0.100	0.100	0.100	
0.125	0.125	0.135	0.135	0.146	0.146	0.146	0.146	0.146	0.146	0.123	0.100	0.100	0.100	0.100	0.100	0.100	0.100	0.100	0.100	0.100	0.100	0.100	0.100	0.100	0.100	0.100	0.100	
0.125	0.125	0.125	0.135	0.146	0.146	0.146	0.146	0.146	0.146	0.123	0.100	0.100	0.100	0.100	0.100	0.100	0.100	0.100	0.100	0.100	0.100	0.100	0.100	0.100	0.100	0.100	0.100	
0.125	0.125	0.125	0.135	0.146	0.146	0.146	0.146	0.146	0.146	0.123	0.123	0.100	0.100	0.100	0.100	0.100	0.100	0.100	0.100	0.100	0.100	0.100	0.100	0.100	0.100	0.100	0.100	
0.125	0.125	0.125	0.135	0.146	0.146	0.146	0.146	0.146	0.146	0.146	0.123	0.100	0.100	0.100	0.100	0.100	0.100	0.100	0.100	0.100	0.100	0.100	0.100	0.100	0.100	0.100	0.075	
0.125	0.125	0.125	0.135	0.135	0.146	0.146	0.146	0.146	0.146	0.146	0.123	0.100	0.100	0.100	0.100	0.100	0.100	0.100	0.100	0.100	0.100	0.100	0.100	0.100	0.100	0.100	0.075	
0.125	0.125	0.125	0.125	0.135	0.146	0.146	0.146	0.146	0.146	0.146	0.123	0.100	0.100	0.100	0.100	0.100	0.100	0.100	0.100	0.100	0.100	0.100	0.100	0.100	0.100	0.075	0.075	
0.125	0.125	0.125	0.125	0.135	0.146	0.146	0.146	0.146	0.146	0.146	0.123	0.100	0.100	0.100	0.100	0.100	0.100	0.100	0.100	0.100	0.100	0.100	0.100	0.100	0.100	0.075	0.050	
0.125	0.125	0.125	0.125	0.135	0.135	0.146	0.146	0.146	0.146	0.146	0.123	0.100	0.100	0.100	0.100	0.100	0.100	0.100	0.100	0.100	0.100	0.100	0.100	0.100	0.075	0.075	0.050	
0.125	0.125	0.125	0.125	0.125	0.135	0.146	0.146	0.146	0.146	0.146	0.123	0.100	0.100	0.100	0.100	0.100	0.100	0.100	0.100	0.100	0.100	0.100	0.100	0.100	0.075	0.050	0.050	
0.125	0.125	0.125	0.125	0.125	0.135	0.146	0.146	0.146	0.146	0.146	0.123	0.100	0.100	0.100	0.100	0.100	0.100	0.100	0.100	0.100	0.100	0.100	0.100	0.075	0.075	0.050	0.050	
0.125	0.125	0.125	0.125	0.125	0.135	0.146	0.146	0.146	0.146	0.146	0.123	0.123	0.100	0.100	0.100	0.100	0.100	0.100	0.100	0.100	0.100	0.100	0.075	0.075	0.050	0.050	0.050	
0.125	0.125	0.125	0.125	0.125	0.135	0.135	0.146	0.146	0.146	0.146	0.146	0.123	0.100	0.100	0.100	0.100	0.100	0.100	0.100	0.100	0.100	0.100	0.075	0.050	0.050	0.050	0.050	
0.125	0.125	0.125	0.125	0.125	0.125	0.135	0.146	0.146	0.146	0.146	0.146	0.123	0.100	0.100	0.100	0.100	0.100	0.100	0.100	0.100	0.100	0.075	0.075	0.050	0.050	0.050	0.050	
0.125	0.125	0.125	0.125	0.125	0.125	0.135	0.146	0.146	0.146	0.146	0.146	0.123	0.100	0.100	0.100	0.100	0.100	0.100	0.100	0.100	0.100	0.075	0.050	0.050	0.050	0.050	0.050	
0.125	0.125	0.125	0.125	0.125	0.125	0.135	0.135	0.146	0.146	0.146	0.146	0.123	0.100	0.100	0.100	0.100	0.100	0.100	0.100	0.100	0.075	0.075	0.050	0.050	0.050	0.050	0.050	
0.125	0.125	0.125	0.125	0.125	0.125	0.125	0.135	0.146	0.146	0.146	0.146	0.123	0.100	0.100	0.100	0.100	0.100	0.100	0.100	0.100	0.075	0.050	0.050	0.050	0.050	0.050	0.025	
0.125	0.125	0.125	0.125	0.125	0.125	0.125	0.135	0.146	0.146	0.146	0.146	0.123	0.100	0.100	0.100	0.100	0.100	0.100	0.100	0.075	0.075	0.050	0.050	0.050	0.050	0.025	0.025	
0.125	0.125	0.125	0.125	0.125	0.125	0.125	0.135	0.146	0.146	0.146	0.146	0.123	0.123	0.100	0.100	0.100	0.100	0.100	0.100	0.075	0.050	0.050	0.050	0.050	0.025	0.025	0.000	
0.090	0.125	0.125	0.125	0.125	0.125	0.125	0.135	0.135	0.146	0.146	0.146	0.140	0.127	0.100	0.100	0.100	0.100	0.100	0.075	0.075	0.050	0.050	0.050	0.025	0.025	0.000	0.000	
0.090	0.090	0.090	0.125	0.125	0.125	0.125	0.125	0.135	0.146	0.146	0.146	0.140	0.103	0.087	0.100	0.100	0.100	0.100	0.075	0.050	0.050	0.050	0.050	0.025	0.000	0.000	0.000	
0.056	0.056	0.090	0.090	0.125	0.125	0.125	0.125	0.135	0.146	0.146	0.146	0.140	0.105	0.087	0.100	0.100	0.100	0.075	0.075	0.050	0.050	0.050	0.025	0.025	0.000	0.000	0.000	
0.056	0.056	0.056	0.090	0.090	0.125	0.125	0.125	0.135	0.146	0.146	0.140	0.140	0.105	0.087	0.087	0.100	0.100	0.075	0.050	0.050	0.050	0.025	0.025	0.000	0.000	0.000	0.000	
0.056	0.056	0.056	0.056	0.090	0.090	0.125	0.125	0.135	0.135	0.146	0.140	0.135	0.105	0.075	0.087	0.117	0.109	0.109	0.050	0.050	0.025	0.025	0.000	0.000	0.000	0.000	0.025	
0.090	0.090	0.056	0.056	0.056	0.090	0.090	0.090	0.087	0.086	0.085	0.102	0.135	0.105	0.075	0.126	0.126	0.177	0.076	0.025	0.025	0.025	0.000	0.000	0.000	0.025	0.025	0.025	
0.125	0.090	0.090	0.090	0.056	0.056	0.056	0.077	0.087	0.038	0.025	0.080	0.096	0.109	0.087	0.117	0.138	0.088	0.088	0.025	0.017	0.000	0.000	0.000	0.025	0.025	0.050	0.050	
0.125	0.125	0.125	0.090	0.090	0.090	0.056	0.078	0.050	0.083	0.083	0.076	0.076	0.114	0.100	0.244	0.222	0.160	0.037	0.000	0.017	0.025	0.025	0.025	0.025	0.050	0.050	0.050	
0.125	0.125	0.125	0.125	0.125	0.090	0.103	0.078	0.089	0.117	0.100	0.104	0.109	0.111	0.111	0.204	0.388	0.232	0.037	0.042	0.025	0.033	0.025	0.050	0.050	0.050	0.050	0.050	
0.125	0.125	0.125	0.125	0.125	0.125	0.126	0.127	0.127	0.151	0.175	0.133	0.090	0.108	0.125	0.257	0.196	0.232	0.075	0.062	0.050	0.050	0.050	0.050	0.050	0.050	0.050	0.050	
0.000	0.000	0.000	0.000	0.000	0.000	0.127	0.127	0.000	0.175	0.175	0.133	0.090	0.108	0.125	0.125	0.196	0.075	0.075	0.062	0.050	0.050	0.050	0.050	0.050	0.050	0.050	0.050	
0.000	0.000	0.000	0.000	0.000	0.000	0.000	0.000	0.000	0.000	0.000	0.000	0.090	0.108	0.125	0.125	0.000	0.000	0.000	0.000	0.000	0.000	0.000	0.000	0.000	0.000	0.000	0.000	
0.000	0.000	0.000	0.000	0.000	0.000	0.000	0.000	0.000	0.000	0.000	0.000	0.546	0.405	0.563	0.563	0.000	0.000	0.000	0.000	0.000	0.000	0.000	0.000	0.000	0.000	0.000	0.000	
0.000	0.000	0.000	0.000	0.000	0.000	0.000	0.000	0.000	0.000	0.000	0.000	1.001	1.001	1.001	1.001	0.000	0.000	0.000	0.000	0.000	0.000	0.000	0.000	0.000	0.000	0.000	0.000	
0.000	0.000	0.000	0.000	0.000	0.000	0.000	0.000	0.000	0.000	0.000	0.000	1.001	1.001	1.001	1.001	0.000	0.000	0.000	0.000	0.000	0.000	0.000	0.000	0.000	0.000	0.000	0.000	
