0.025	0.025	0.025	0.025	0.025	0.025	0.025	0.025	0.025	0.025	0.025	0.025	0.025	0.025	0.025	0.025	0.040	0.056	0.056	0.095	0.095	0.135	0.135	0.135	0.135	0.135	0.135	0.135	
0.025	0.025	0.025	0.025	0.025	0.025	0.025	0.025	0.025	0.025	0.025	0.025	0.025	0.025	0.025	0.025	0.040	0.056	0.056	0.095	0.135	0.135	0.135	0.135	0.135	0.135	0.135	0.135	
0.025	0.025	0.025	0.025	0.025	0.025	0.025	0.025	0.025	0.025	0.025	0.025	0.025	0.025	0.025	0.025	0.040	0.056	0.056	0.095	0.135	0.135	0.135	0.135	0.135	0.135	0.135	0.135	
0.025	0.025	0.025	0.025	0.025	0.025	0.025	0.025	0.025	0.025	0.025	0.025	0.025	0.025	0.025	0.025	0.040	0.056	0.056	0.095	0.135	0.135	0.135	0.135	0.135	0.135	0.135	0.135	
0.025	0.025	0.025	0.025	0.025	0.025	0.025	0.025	0.025	0.025	0.025	0.025	0.025	0.025	0.025	0.025	0.040	0.056	0.056	0.095	0.135	0.135	0.135	0.135	0.135	0.135	0.135	0.135	
0.025	0.025	0.025	0.025	0.025	0.025	0.025	0.025	0.025	0.025	0.025	0.025	0.025	0.025	0.025	0.025	0.040	0.056	0.056	0.095	0.135	0.135	0.135	0.135	0.135	0.135	0.135	0.135	
0.025	0.025	0.025	0.025	0.025	0.025	0.025	0.025	0.025	0.025	0.025	0.025	0.025	0.025	0.025	0.025	0.040	0.056	0.056	0.095	0.135	0.135	0.135	0.135	0.135	0.135	0.135	0.135	
0.025	0.025	0.025	0.025	0.025	0.025	0.025	0.025	0.025	0.025	0.025	0.025	0.025	0.025	0.025	0.040	0.040	0.056	0.056	0.095	0.135	0.135	0.135	0.135	0.135	0.135	0.135	0.135	
0.025	0.025	0.025	0.025	0.025	0.025	0.025	0.025	0.025	0.025	0.025	0.025	0.025	0.025	0.025	0.040	0.056	0.056	0.056	0.095	0.135	0.135	0.135	0.135	0.135	0.135	0.135	0.135	
0.025	0.025	0.025	0.025	0.025	0.025	0.025	0.025	0.025	0.025	0.025	0.025	0.025	0.025	0.025	0.040	0.056	0.056	0.095	0.095	0.135	0.135	0.135	0.135	0.135	0.135	0.135	0.135	
0.025	0.025	0.025	0.025	0.025	0.025	0.025	0.025	0.025	0.025	0.025	0.025	0.025	0.025	0.025	0.040	0.056	0.056	0.095	0.135	0.135	0.135	0.135	0.135	0.135	0.135	0.135	0.135	
0.025	0.025	0.025	0.025	0.025	0.025	0.025	0.025	0.025	0.025	0.025	0.025	0.025	0.025	0.025	0.040	0.056	0.056	0.095	0.135	0.135	0.135	0.135	0.135	0.135	0.135	0.135	0.135	
0.025	0.025	0.025	0.025	0.025	0.025	0.025	0.025	0.025	0.025	0.025	0.025	0.025	0.025	0.025	0.040	0.056	0.056	0.095	0.135	0.135	0.135	0.135	0.135	0.135	0.135	0.135	0.135	
0.025	0.025	0.025	0.025	0.025	0.025	0.025	0.025	0.025	0.025	0.025	0.025	0.025	0.025	0.025	0.040	0.056	0.056	0.095	0.135	0.135	0.135	0.135	0.135	0.135	0.135	0.135	0.135	
0.025	0.025	0.025	0.025	0.025	0.025	0.025	0.025	0.025	0.025	0.025	0.025	0.025	0.025	0.025	0.040	0.056	0.056	0.095	0.135	0.135	0.135	0.135	0.135	0.135	0.135	0.135	0.135	
0.025	0.025	0.025	0.025	0.025	0.025	0.025	0.025	0.025	0.025	0.025	0.025	0.025	0.025	0.040	0.040	0.056	0.056	0.095	0.135	0.135	0.135	0.135	0.135	0.135	0.135	0.135	0.135	
0.025	0.025	0.025	0.025	0.025	0.025	0.025	0.025	0.025	0.025	0.025	0.025	0.025	0.025	0.040	0.056	0.056	0.056	0.095	0.135	0.135	0.135	0.135	0.135	0.135	0.135	0.135	0.135	
0.025	0.025	0.025	0.025	0.025	0.025	0.025	0.025	0.025	0.025	0.025	0.025	0.025	0.025	0.040	0.056	0.056	0.056	0.095	0.135	0.135	0.135	0.135	0.135	0.135	0.135	0.135	0.135	
0.025	0.025	0.025	0.025	0.025	0.025	0.025	0.025	0.025	0.025	0.025	0.025	0.025	0.025	0.040	0.056	0.056	0.056	0.095	0.135	0.135	0.135	0.135	0.135	0.135	0.135	0.135	0.135	
0.025	0.025	0.025	0.025	0.025	0.025	0.025	0.025	0.025	0.025	0.025	0.025	0.025	0.025	0.040	0.056	0.056	0.095	0.095	0.135	0.135	0.135	0.135	0.135	0.135	0.135	0.135	0.135	
0.025	0.025	0.025	0.025	0.025	0.025	0.025	0.025	0.025	0.025	0.025	0.025	0.025	0.025	0.040	0.056	0.056	0.095	0.135	0.135	0.135	0.135	0.135	0.135	0.135	0.135	0.135	0.135	
0.025	0.025	0.025	0.025	0.025	0.025	0.025	0.025	0.025	0.025	0.025	0.025	0.025	0.025	0.040	0.056	0.056	0.095	0.135	0.135	0.135	0.135	0.135	0.135	0.135	0.135	0.135	0.135	
0.025	0.025	0.025	0.025	0.025	0.025	0.025	0.025	0.025	0.025	0.025	0.025	0.025	0.025	0.040	0.056	0.056	0.095	0.135	0.135	0.135	0.135	0.135	0.135	0.135	0.135	0.135	0.135	
0.025	0.025	0.025	0.025	0.025	0.025	0.025	0.025	0.025	0.025	0.025	0.025	0.025	0.040	0.040	0.056	0.056	0.095	0.135	0.135	0.135	0.135	0.135	0.135	0.135	0.135	0.135	0.135	
0.025	0.025	0.025	0.025	0.025	0.025	0.025	0.025	0.025	0.025	0.025	0.025	0.025	0.040	0.056	0.056	0.056	0.095	0.135	0.135	0.135	0.135	0.135	0.135	0.135	0.135	0.135	0.135	
0.025	0.025	0.025	0.025	0.025	0.025	0.025	0.025	0.025	0.025	0.025	0.025	0.025	0.040	0.056	0.056	0.056	0.095	0.135	0.135	0.135	0.135	0.135	0.135	0.135	0.135	0.135	0.135	
0.025	0.025	0.025	0.025	0.025	0.025	0.025	0.025	0.025	0.025	0.025	0.025	0.025	0.040	0.056	0.056	0.056	0.095	0.135	0.135	0.135	0.135	0.135	0.135	0.135	0.135	0.135	0.080	
0.025	0.025	0.025	0.025	0.025	0.025	0.025	0.025	0.025	0.025	0.025	0.025	0.025	0.040	0.056	0.056	0.056	0.095	0.135	0.135	0.135	0.135	0.135	0.135	0.135	0.135	0.135	0.080	
0.025	0.025	0.025	0.025	0.025	0.025	0.025	0.025	0.025	0.025	0.025	0.025	0.025	0.040	0.056	0.056	0.095	0.095	0.135	0.135	0.135	0.135	0.135	0.135	0.135	0.135	0.080	0.080	
0.025	0.025	0.025	0.025	0.025	0.025	0.025	0.025	0.025	0.025	0.025	0.025	0.025	0.040	0.056	0.056	0.095	0.135	0.135	0.135	0.135	0.135	0.135	0.135	0.135	0.135	0.080	0.025	
0.025	0.025	0.025	0.025	0.025	0.025	0.025	0.025	0.025	0.025	0.025	0.025	0.025	0.040	0.056	0.056	0.095	0.135	0.135	0.135	0.135	0.135	0.135	0.135	0.135	0.080	0.080	0.025	
0.052	0.025	0.025	0.025	0.025	0.025	0.025	0.025	0.025	0.025	0.025	0.025	0.040	0.040	0.056	0.056	0.095	0.135	0.135	0.135	0.135	0.135	0.135	0.135	0.135	0.080	0.025	0.025	
0.065	0.052	0.025	0.025	0.025	0.025	0.025	0.025	0.025	0.025	0.025	0.025	0.040	0.056	0.056	0.056	0.095	0.135	0.135	0.135	0.135	0.135	0.135	0.135	0.080	0.080	0.025	0.025	
0.085	0.065	0.052	0.025	0.025	0.025	0.025	0.025	0.025	0.025	0.025	0.025	0.040	0.056	0.056	0.056	0.095	0.135	0.135	0.135	0.135	0.135	0.135	0.080	0.080	0.025	0.025	0.025	
0.090	0.085	0.052	0.052	0.025	0.025	0.025	0.025	0.025	0.025	0.025	0.025	0.040	0.056	0.056	0.056	0.095	0.135	0.135	0.135	0.135	0.135	0.135	0.080	0.025	0.025	0.025	0.025	
0.090	0.085	0.085	0.052	0.052	0.025	0.025	0.025	0.025	0.025	0.025	0.025	0.040	0.056	0.056	0.056	0.095	0.135	0.135	0.135	0.135	0.135	0.080	0.080	0.025	0.025	0.025	0.025	
0.090	0.090	0.085	0.079	0.052	0.025	0.025	0.025	0.025	0.025	0.025	0.025	0.040	0.056	0.056	0.056	0.095	0.135	0.135	0.135	0.135	0.135	0.080	0.025	0.025	0.025	0.025	0.025	
0.090	0.090	0.085	0.085	0.052	0.052	0.025	0.025	0.025	0.025	0.025	0.025	0.040	0.056	0.056	0.056	0.095	0.135	0.135	0.135	0.135	0.080	0.080	0.025	0.025	0.025	0.025	0.025	
0.090	0.090	0.090	0.085	0.085	0.052	0.052	0.025	0.025	0.025	0.025	0.025	0.040	0.056	0.056	0.106	0.106	0.135	0.135	0.135	0.135	0.080	0.025	0.025	0.025	0.025	0.025	0.025	
0.090	0.090	0.090	0.090	0.085	0.079	0.052	0.052	0.025	0.025	0.025	0.025	0.040	0.056	0.056	0.092	0.131	0.135	0.135	0.135	0.080	0.080	0.025	0.025	0.025	0.025	0.025	0.025	
0.090	0.090	0.090	0.090	0.085	0.085	0.079	0.052	0.052	0.025	0.025	0.040	0.025	0.056	0.092	0.092	0.131	0.135	0.135	0.135	0.080	0.025	0.025	0.025	0.025	0.025	0.025	0.025	
0.090	0.090	0.090	0.090	0.090	0.085	0.079	0.079	0.052	0.052	0.025	0.040	0.056	0.056	0.092	0.127	0.131	0.135	0.135	0.080	0.080	0.025	0.025	0.025	0.025	0.025	0.025	0.025	
0.073	0.090	0.090	0.090	0.090	0.085	0.085	0.079	0.079	0.060	0.050	0.052	0.067	0.063	0.085	0.127	0.131	0.135	0.080	0.080	0.025	0.025	0.025	0.025	0.025	0.025	0.025	0.040	
0.073	0.073	0.073	0.090	0.090	0.090	0.085	0.085	0.079	0.077	0.075	0.075	0.073	0.071	0.108	0.126	0.130	0.135	0.098	0.025	0.025	0.025	0.025	0.025	0.025	0.040	0.040	0.040	
0.056	0.056	0.073	0.073	0.090	0.090	0.095	0.090	0.090	0.091	0.093	0.086	0.072	0.071	0.098	0.125	0.130	0.135	0.065	0.065	0.028	0.025	0.025	0.025	0.040	0.040	0.056	0.056	
0.056	0.056	0.056	0.073	0.073	0.073	0.090	0.090	0.100	0.106	0.112	0.086	0.071	0.158	0.176	0.125	0.122	0.120	0.085	0.035	0.030	0.025	0.025	0.040	0.040	0.056	0.056	0.028	
0.053	0.053	0.056	0.056	0.056	0.075	0.085	0.076	0.075	0.087	0.089	0.096	0.088	0.202	0.229	0.188	0.116	0.092	0.068	0.047	0.044	0.048	0.051	0.040	0.056	0.028	0.028	0.028	
0.050	0.053	0.053	0.053	0.053	0.062	0.079	0.060	0.050	0.050	0.089	0.106	0.172	0.213	0.334	0.220	0.106	0.071	0.035	0.048	0.071	0.048	0.051	0.056	0.028	0.028	0.000	0.000	
0.050	0.050	0.050	0.053	0.052	0.065	0.060	0.065	0.050	0.060	0.078	0.175	0.223	0.445	0.497	0.287	0.078	0.064	0.045	0.052	0.049	0.048	0.040	0.027	0.028	0.000	0.000	0.000	
0.050	0.050	0.050	0.050	0.050	0.050	0.050	0.050	0.050	0.065	0.079	0.210	0.340	0.500	0.660	0.355	0.050	0.050	0.050	0.050	0.038	0.025	0.025	0.013	0.000	0.000	0.000	0.000	
0.000	0.000	0.000	0.000	0.000	0.000	0.000	0.050	0.050	0.050	0.000	0.340	0.673	0.668	0.833	0.572	0.000	0.050	0.050	0.050	0.038	0.025	0.025	0.025	0.000	0.000	0.000	0.000	
0.000	0.000	0.000	0.000	0.000	0.000	0.000	0.000	0.000	0.000	0.000	0.000	1.005	1.005	1.005	1.005	0.000	0.000	0.000	0.000	0.000	0.000	0.000	0.000	0.000	0.000	0.000	0.000	
0.000	0.000	0.000	0.000	0.000	0.000	0.000	0.000	0.000	0.000	0.000	0.000	1.005	1.005	1.005	1.005	0.000	0.000	0.000	0.000	0.000	0.000	0.000	0.000	0.000	0.000	0.000	0.000	
0.000	0.000	0.000	0.000	0.000	0.000	0.000	0.000	0.000	0.000	0.000	0.000	1.005	1.005	1.005	1.005	0.000	0.000	0.000	0.000	0.000	0.000	0.000	0.000	0.000	0.000	0.000	0.000	
0.000	0.000	0.000	0.000	0.000	0.000	0.000	0.000	0.000	0.000	0.000	0.000	1.005	1.005	1.005	1.005	0.000	0.000	0.000	0.000	0.000	0.000	0.000	0.000	0.000	0.000	0.000	0.000	
