0.180	0.180	0.180	0.180	0.180	0.180	0.180	0.180	0.180	0.180	0.180	0.180	0.180	0.180	0.165	0.150	0.150	0.150	0.150	0.150	0.150	0.150	0.150	0.150	0.150	0.150	0.130	0.112	
0.180	0.180	0.180	0.180	0.180	0.180	0.180	0.180	0.180	0.180	0.180	0.180	0.180	0.180	0.165	0.150	0.150	0.150	0.150	0.150	0.150	0.150	0.150	0.150	0.150	0.139	0.130	0.112	
0.180	0.180	0.180	0.180	0.180	0.180	0.180	0.180	0.180	0.180	0.180	0.180	0.180	0.180	0.165	0.150	0.150	0.150	0.150	0.150	0.150	0.150	0.150	0.150	0.150	0.139	0.120	0.112	
0.180	0.180	0.180	0.180	0.180	0.180	0.180	0.180	0.180	0.180	0.180	0.180	0.180	0.180	0.165	0.150	0.150	0.150	0.150	0.150	0.150	0.150	0.150	0.150	0.150	0.139	0.120	0.112	
0.180	0.180	0.180	0.180	0.180	0.180	0.180	0.180	0.180	0.180	0.180	0.180	0.180	0.180	0.165	0.150	0.150	0.150	0.150	0.150	0.150	0.150	0.150	0.150	0.150	0.130	0.120	0.112	
0.180	0.180	0.180	0.180	0.180	0.180	0.180	0.180	0.180	0.180	0.180	0.180	0.180	0.180	0.165	0.150	0.150	0.150	0.150	0.150	0.150	0.150	0.150	0.150	0.139	0.130	0.112	0.112	
0.180	0.180	0.180	0.180	0.180	0.180	0.180	0.180	0.180	0.180	0.180	0.180	0.180	0.180	0.165	0.150	0.150	0.150	0.150	0.150	0.150	0.150	0.150	0.150	0.139	0.120	0.112	0.112	
0.180	0.180	0.180	0.180	0.180	0.180	0.180	0.180	0.180	0.180	0.180	0.180	0.180	0.180	0.165	0.150	0.150	0.150	0.150	0.150	0.150	0.150	0.150	0.150	0.139	0.120	0.112	0.112	
0.180	0.180	0.180	0.180	0.180	0.180	0.180	0.180	0.180	0.180	0.180	0.180	0.180	0.165	0.165	0.150	0.150	0.150	0.150	0.150	0.150	0.150	0.150	0.150	0.139	0.120	0.112	0.112	
0.180	0.180	0.180	0.180	0.180	0.180	0.180	0.180	0.180	0.180	0.180	0.180	0.180	0.165	0.150	0.150	0.150	0.150	0.150	0.150	0.150	0.150	0.150	0.139	0.139	0.120	0.112	0.112	
0.180	0.180	0.180	0.180	0.180	0.180	0.180	0.180	0.180	0.180	0.180	0.180	0.180	0.165	0.150	0.150	0.150	0.150	0.150	0.150	0.150	0.150	0.150	0.139	0.120	0.120	0.112	0.112	
0.180	0.180	0.180	0.180	0.180	0.180	0.180	0.180	0.180	0.180	0.180	0.180	0.180	0.165	0.150	0.150	0.150	0.150	0.150	0.150	0.150	0.150	0.150	0.139	0.120	0.112	0.112	0.112	
0.180	0.180	0.180	0.180	0.180	0.180	0.180	0.180	0.180	0.180	0.180	0.180	0.180	0.165	0.150	0.150	0.150	0.150	0.150	0.150	0.150	0.150	0.150	0.139	0.120	0.112	0.112	0.112	
0.180	0.180	0.180	0.180	0.180	0.180	0.180	0.180	0.180	0.180	0.180	0.180	0.180	0.165	0.150	0.150	0.150	0.150	0.150	0.150	0.150	0.150	0.139	0.139	0.120	0.112	0.112	0.112	
0.180	0.180	0.180	0.180	0.180	0.180	0.180	0.180	0.180	0.180	0.180	0.180	0.180	0.165	0.150	0.150	0.150	0.150	0.150	0.150	0.150	0.150	0.139	0.127	0.120	0.112	0.112	0.112	
0.180	0.180	0.180	0.180	0.180	0.180	0.180	0.180	0.180	0.180	0.180	0.180	0.180	0.165	0.150	0.150	0.150	0.150	0.150	0.150	0.150	0.150	0.139	0.127	0.120	0.112	0.112	0.112	
0.180	0.180	0.180	0.180	0.180	0.180	0.180	0.180	0.180	0.180	0.180	0.180	0.180	0.165	0.150	0.150	0.150	0.150	0.150	0.150	0.150	0.150	0.139	0.120	0.120	0.112	0.112	0.112	
0.180	0.180	0.180	0.180	0.180	0.180	0.180	0.180	0.180	0.180	0.180	0.180	0.180	0.165	0.150	0.150	0.150	0.150	0.150	0.150	0.150	0.139	0.139	0.120	0.112	0.112	0.112	0.112	
0.180	0.180	0.180	0.180	0.180	0.180	0.180	0.180	0.180	0.180	0.180	0.180	0.180	0.165	0.150	0.150	0.150	0.150	0.150	0.150	0.150	0.139	0.127	0.120	0.112	0.112	0.112	0.112	
0.180	0.180	0.180	0.180	0.180	0.180	0.180	0.180	0.180	0.180	0.180	0.180	0.180	0.165	0.150	0.150	0.150	0.150	0.150	0.150	0.150	0.139	0.127	0.120	0.112	0.112	0.112	0.112	
0.180	0.180	0.180	0.180	0.180	0.180	0.180	0.180	0.180	0.180	0.180	0.180	0.180	0.165	0.150	0.150	0.150	0.150	0.150	0.150	0.150	0.139	0.127	0.120	0.112	0.112	0.112	0.112	
0.180	0.180	0.180	0.180	0.180	0.180	0.180	0.180	0.180	0.180	0.180	0.180	0.180	0.165	0.150	0.150	0.150	0.150	0.150	0.150	0.139	0.139	0.120	0.120	0.112	0.112	0.112	0.112	
0.180	0.180	0.180	0.180	0.180	0.180	0.180	0.180	0.180	0.180	0.180	0.180	0.180	0.165	0.150	0.150	0.150	0.150	0.150	0.150	0.139	0.127	0.120	0.112	0.112	0.112	0.112	0.112	
0.180	0.180	0.180	0.180	0.180	0.180	0.180	0.180	0.180	0.180	0.180	0.180	0.180	0.165	0.150	0.150	0.150	0.150	0.150	0.150	0.139	0.127	0.120	0.112	0.112	0.112	0.112	0.112	
0.103	0.180	0.180	0.180	0.180	0.180	0.180	0.180	0.180	0.180	0.180	0.180	0.180	0.165	0.150	0.150	0.150	0.150	0.150	0.150	0.139	0.127	0.120	0.112	0.112	0.112	0.112	0.112	
0.103	0.180	0.180	0.180	0.180	0.180	0.180	0.180	0.180	0.180	0.180	0.180	0.180	0.165	0.150	0.150	0.150	0.150	0.150	0.139	0.139	0.127	0.120	0.112	0.112	0.112	0.112	0.112	
0.103	0.103	0.180	0.180	0.180	0.180	0.180	0.180	0.180	0.180	0.180	0.180	0.180	0.165	0.150	0.150	0.150	0.150	0.150	0.139	0.127	0.127	0.120	0.112	0.112	0.112	0.112	0.112	
0.025	0.103	0.180	0.180	0.180	0.180	0.180	0.180	0.180	0.180	0.180	0.180	0.165	0.165	0.150	0.150	0.150	0.150	0.150	0.139	0.127	0.120	0.120	0.112	0.112	0.112	0.112	0.112	
0.025	0.103	0.103	0.180	0.180	0.180	0.180	0.180	0.180	0.180	0.180	0.180	0.165	0.150	0.150	0.150	0.150	0.150	0.150	0.139	0.127	0.120	0.112	0.112	0.112	0.112	0.112	0.112	
0.025	0.025	0.103	0.180	0.180	0.180	0.180	0.180	0.180	0.180	0.180	0.180	0.165	0.150	0.150	0.150	0.150	0.150	0.139	0.139	0.127	0.120	0.112	0.112	0.112	0.112	0.112	0.112	
0.025	0.025	0.103	0.103	0.180	0.180	0.180	0.180	0.180	0.180	0.180	0.180	0.165	0.150	0.150	0.150	0.150	0.150	0.139	0.127	0.127	0.120	0.112	0.112	0.112	0.112	0.112	0.112	
0.025	0.025	0.025	0.103	0.103	0.180	0.180	0.180	0.180	0.180	0.180	0.180	0.165	0.150	0.150	0.150	0.150	0.150	0.139	0.127	0.127	0.120	0.112	0.112	0.112	0.112	0.112	0.112	
0.025	0.025	0.025	0.025	0.103	0.180	0.180	0.180	0.180	0.180	0.180	0.180	0.165	0.150	0.150	0.150	0.150	0.150	0.139	0.127	0.127	0.120	0.112	0.112	0.112	0.112	0.112	0.112	
0.025	0.025	0.025	0.025	0.103	0.103	0.180	0.180	0.180	0.180	0.180	0.180	0.165	0.150	0.150	0.150	0.150	0.139	0.139	0.127	0.120	0.120	0.112	0.112	0.112	0.112	0.112	0.112	
0.025	0.025	0.025	0.025	0.025	0.103	0.180	0.180	0.180	0.180	0.180	0.180	0.165	0.150	0.150	0.150	0.150	0.139	0.127	0.127	0.120	0.112	0.112	0.112	0.112	0.112	0.112	0.112	
0.048	0.025	0.025	0.025	0.025	0.103	0.103	0.180	0.180	0.180	0.180	0.180	0.165	0.150	0.150	0.150	0.150	0.139	0.127	0.127	0.120	0.112	0.112	0.112	0.112	0.112	0.112	0.112	
0.048	0.048	0.025	0.025	0.025	0.025	0.103	0.180	0.180	0.180	0.180	0.180	0.165	0.150	0.150	0.150	0.150	0.139	0.127	0.127	0.120	0.112	0.112	0.112	0.112	0.112	0.112	0.112	
0.071	0.048	0.048	0.025	0.025	0.025	0.103	0.103	0.180	0.180	0.180	0.180	0.165	0.150	0.150	0.150	0.139	0.139	0.127	0.127	0.120	0.112	0.112	0.112	0.112	0.112	0.112	0.112	
0.071	0.071	0.048	0.025	0.025	0.025	0.025	0.103	0.180	0.180	0.180	0.180	0.165	0.150	0.150	0.150	0.139	0.127	0.127	0.120	0.120	0.112	0.112	0.112	0.112	0.112	0.112	0.112	
0.071	0.071	0.048	0.048	0.025	0.025	0.025	0.103	0.103	0.180	0.180	0.180	0.165	0.150	0.150	0.150	0.139	0.127	0.127	0.120	0.112	0.112	0.112	0.112	0.112	0.112	0.095	0.095	
0.071	0.071	0.071	0.048	0.048	0.025	0.025	0.025	0.103	0.180	0.180	0.180	0.165	0.150	0.150	0.151	0.143	0.127	0.127	0.120	0.112	0.112	0.112	0.112	0.112	0.095	0.095	0.079	
0.060	0.071	0.071	0.071	0.048	0.048	0.025	0.025	0.103	0.103	0.180	0.180	0.165	0.150	0.151	0.151	0.140	0.127	0.127	0.120	0.112	0.112	0.112	0.112	0.095	0.095	0.079	0.079	
0.060	0.060	0.071	0.071	0.071	0.048	0.048	0.025	0.025	0.117	0.163	0.163	0.144	0.125	0.134	0.152	0.140	0.127	0.127	0.120	0.112	0.112	0.095	0.095	0.095	0.079	0.079	0.079	
0.050	0.060	0.060	0.071	0.071	0.071	0.048	0.048	0.040	0.076	0.146	0.123	0.123	0.100	0.126	0.152	0.135	0.126	0.109	0.110	0.112	0.095	0.095	0.079	0.079	0.079	0.079	0.102	
0.050	0.050	0.060	0.060	0.060	0.071	0.071	0.051	0.040	0.116	0.146	0.131	0.100	0.113	0.126	0.139	0.134	0.126	0.114	0.101	0.094	0.095	0.079	0.079	0.079	0.102	0.102	0.076	
0.050	0.050	0.050	0.050	0.060	0.060	0.073	0.067	0.056	0.101	0.146	0.119	0.119	0.112	0.118	0.125	0.121	0.125	0.108	0.090	0.085	0.079	0.079	0.102	0.102	0.102	0.075	0.075	
0.038	0.038	0.050	0.050	0.050	0.065	0.073	0.065	0.060	0.084	0.098	0.123	0.112	0.219	0.169	0.118	0.121	0.098	0.090	0.083	0.091	0.102	0.102	0.102	0.125	0.075	0.075	0.025	
0.025	0.038	0.038	0.038	0.050	0.058	0.062	0.063	0.058	0.050	0.089	0.129	0.112	0.183	0.219	0.219	0.112	0.084	0.056	0.086	0.103	0.118	0.125	0.125	0.075	0.075	0.025	0.025	
0.025	0.025	0.025	0.038	0.042	0.050	0.062	0.058	0.050	0.050	0.071	0.081	0.109	0.181	0.326	0.163	0.081	0.079	0.078	0.086	0.109	0.114	0.125	0.092	0.075	0.025	0.025	0.025	
0.025	0.025	0.025	0.025	0.037	0.050	0.050	0.050	0.050	0.050	0.050	0.089	0.109	0.216	0.302	0.368	0.050	0.075	0.100	0.100	0.113	0.125	0.125	0.075	0.025	0.025	0.025	0.025	
0.000	0.000	0.000	0.000	0.000	0.000	0.000	0.050	0.050	0.050	0.050	0.050	0.106	0.416	0.416	0.388	0.050	0.050	0.000	0.000	0.125	0.125	0.125	0.000	0.000	0.000	0.000	0.000	
0.000	0.000	0.000	0.000	0.000	0.000	0.000	0.000	0.000	0.000	0.000	0.000	0.416	0.416	0.727	0.727	0.000	0.000	0.000	0.000	0.000	0.000	0.000	0.000	0.000	0.000	0.000	0.000	
0.000	0.000	0.000	0.000	0.000	0.000	0.000	0.000	0.000	0.000	0.000	0.000	0.727	0.727	0.727	0.727	0.000	0.000	0.000	0.000	0.000	0.000	0.000	0.000	0.000	0.000	0.000	0.000	
0.000	0.000	0.000	0.000	0.000	0.000	0.000	0.000	0.000	0.000	0.000	0.000	0.727	0.727	0.727	0.727	0.000	0.000	0.000	0.000	0.000	0.000	0.000	0.000	0.000	0.000	0.000	0.000	
0.000	0.000	0.000	0.000	0.000	0.000	0.000	0.000	0.000	0.000	0.000	0.000	0.727	0.727	0.727	0.727	0.000	0.000	0.000	0.000	0.000	0.000	0.000	0.000	0.000	0.000	0.000	0.000	
