0.180	0.180	0.180	0.180	0.180	0.180	0.180	0.180	0.180	0.180	0.180	0.180	0.180	0.180	0.180	0.180	0.180	0.180	0.180	0.180	0.180	0.180	0.180	0.180	0.180	0.180	0.180	0.180	
0.180	0.180	0.180	0.180	0.180	0.180	0.180	0.180	0.180	0.180	0.180	0.180	0.180	0.180	0.180	0.180	0.180	0.180	0.180	0.180	0.180	0.180	0.180	0.180	0.180	0.180	0.180	0.180	
0.180	0.180	0.180	0.180	0.180	0.180	0.180	0.180	0.180	0.180	0.180	0.180	0.180	0.180	0.180	0.180	0.180	0.180	0.180	0.180	0.180	0.180	0.180	0.180	0.180	0.180	0.180	0.180	
0.180	0.180	0.180	0.180	0.180	0.180	0.180	0.180	0.180	0.180	0.180	0.180	0.180	0.180	0.180	0.180	0.180	0.180	0.180	0.180	0.180	0.180	0.180	0.180	0.180	0.180	0.180	0.180	
0.180	0.180	0.180	0.180	0.180	0.180	0.180	0.180	0.180	0.180	0.180	0.180	0.180	0.180	0.180	0.180	0.180	0.180	0.180	0.180	0.180	0.180	0.180	0.180	0.180	0.180	0.180	0.180	
0.180	0.180	0.180	0.180	0.180	0.180	0.180	0.180	0.180	0.180	0.180	0.180	0.180	0.180	0.180	0.180	0.180	0.180	0.180	0.180	0.180	0.180	0.180	0.180	0.180	0.180	0.180	0.191	
0.180	0.180	0.180	0.180	0.180	0.180	0.180	0.180	0.180	0.180	0.180	0.180	0.180	0.180	0.180	0.180	0.180	0.180	0.180	0.180	0.180	0.180	0.180	0.180	0.180	0.180	0.180	0.191	
0.180	0.180	0.180	0.180	0.180	0.180	0.180	0.180	0.180	0.180	0.180	0.180	0.180	0.180	0.180	0.180	0.180	0.180	0.180	0.180	0.180	0.180	0.180	0.180	0.180	0.180	0.180	0.191	
0.180	0.180	0.180	0.180	0.180	0.180	0.180	0.180	0.180	0.180	0.180	0.180	0.180	0.180	0.180	0.180	0.180	0.180	0.180	0.180	0.180	0.180	0.180	0.180	0.180	0.180	0.191	0.191	
0.180	0.180	0.180	0.180	0.180	0.180	0.180	0.180	0.180	0.180	0.180	0.180	0.180	0.180	0.180	0.180	0.180	0.180	0.180	0.180	0.180	0.180	0.180	0.180	0.180	0.180	0.191	0.208	
0.180	0.180	0.180	0.180	0.180	0.180	0.180	0.180	0.180	0.180	0.180	0.180	0.180	0.180	0.180	0.180	0.180	0.180	0.180	0.180	0.180	0.180	0.180	0.180	0.180	0.191	0.191	0.208	
0.180	0.180	0.180	0.180	0.180	0.180	0.180	0.180	0.180	0.180	0.180	0.180	0.180	0.180	0.180	0.180	0.180	0.180	0.180	0.180	0.180	0.180	0.180	0.180	0.180	0.191	0.202	0.208	
0.180	0.180	0.180	0.180	0.180	0.180	0.180	0.180	0.180	0.180	0.180	0.180	0.180	0.180	0.180	0.180	0.180	0.180	0.180	0.180	0.180	0.180	0.180	0.180	0.191	0.191	0.208	0.208	
0.180	0.180	0.180	0.180	0.180	0.180	0.180	0.180	0.180	0.180	0.180	0.180	0.180	0.180	0.180	0.180	0.180	0.180	0.180	0.180	0.180	0.180	0.180	0.180	0.191	0.202	0.208	0.214	
0.180	0.180	0.180	0.180	0.180	0.180	0.180	0.180	0.180	0.180	0.180	0.180	0.180	0.180	0.180	0.180	0.180	0.180	0.180	0.180	0.180	0.180	0.180	0.180	0.191	0.202	0.208	0.214	
0.180	0.180	0.180	0.180	0.180	0.180	0.180	0.180	0.180	0.180	0.180	0.180	0.180	0.180	0.180	0.180	0.180	0.180	0.180	0.180	0.180	0.180	0.180	0.191	0.191	0.208	0.208	0.214	
0.180	0.180	0.180	0.180	0.180	0.180	0.180	0.180	0.180	0.180	0.180	0.180	0.180	0.180	0.180	0.180	0.180	0.180	0.180	0.180	0.180	0.180	0.180	0.191	0.202	0.208	0.214	0.214	
0.181	0.180	0.180	0.180	0.180	0.180	0.180	0.180	0.180	0.180	0.180	0.180	0.180	0.180	0.180	0.180	0.180	0.180	0.180	0.180	0.180	0.180	0.191	0.191	0.208	0.208	0.214	0.214	
0.181	0.180	0.180	0.180	0.180	0.180	0.180	0.180	0.180	0.180	0.180	0.180	0.180	0.180	0.180	0.180	0.180	0.180	0.180	0.180	0.180	0.180	0.191	0.202	0.208	0.214	0.214	0.214	
0.181	0.181	0.180	0.180	0.180	0.180	0.180	0.180	0.180	0.180	0.180	0.180	0.180	0.180	0.180	0.180	0.180	0.180	0.180	0.180	0.180	0.191	0.191	0.202	0.208	0.214	0.214	0.214	
0.182	0.181	0.180	0.180	0.180	0.180	0.180	0.180	0.180	0.180	0.180	0.180	0.180	0.180	0.180	0.180	0.180	0.180	0.180	0.180	0.180	0.191	0.202	0.208	0.208	0.214	0.214	0.214	
0.182	0.181	0.181	0.180	0.180	0.180	0.180	0.180	0.180	0.180	0.180	0.180	0.180	0.180	0.180	0.180	0.180	0.180	0.180	0.180	0.180	0.191	0.202	0.208	0.214	0.214	0.214	0.214	
0.182	0.182	0.181	0.180	0.180	0.180	0.180	0.180	0.180	0.180	0.180	0.180	0.180	0.180	0.180	0.180	0.180	0.180	0.180	0.180	0.191	0.191	0.202	0.208	0.214	0.214	0.214	0.214	
0.182	0.182	0.181	0.181	0.180	0.180	0.180	0.180	0.180	0.180	0.180	0.180	0.180	0.180	0.180	0.180	0.180	0.180	0.180	0.180	0.191	0.202	0.208	0.208	0.214	0.214	0.214	0.214	
0.182	0.182	0.182	0.181	0.180	0.180	0.180	0.180	0.180	0.180	0.180	0.180	0.180	0.180	0.180	0.180	0.180	0.180	0.180	0.191	0.191	0.202	0.208	0.214	0.214	0.214	0.214	0.214	
0.182	0.182	0.182	0.181	0.181	0.180	0.180	0.180	0.180	0.180	0.180	0.180	0.180	0.180	0.180	0.180	0.180	0.180	0.180	0.191	0.202	0.208	0.208	0.214	0.214	0.214	0.214	0.214	
0.182	0.182	0.182	0.182	0.181	0.181	0.180	0.180	0.180	0.180	0.180	0.180	0.180	0.180	0.180	0.180	0.180	0.180	0.191	0.191	0.202	0.208	0.214	0.214	0.214	0.214	0.214	0.214	
0.182	0.182	0.182	0.182	0.182	0.181	0.180	0.180	0.180	0.180	0.180	0.180	0.180	0.180	0.180	0.180	0.180	0.180	0.191	0.202	0.202	0.208	0.214	0.214	0.214	0.214	0.214	0.214	
0.182	0.182	0.182	0.182	0.182	0.181	0.181	0.180	0.180	0.180	0.180	0.180	0.180	0.180	0.180	0.180	0.180	0.180	0.191	0.202	0.208	0.208	0.214	0.214	0.214	0.214	0.214	0.214	
0.182	0.182	0.182	0.182	0.182	0.182	0.181	0.180	0.180	0.180	0.180	0.180	0.180	0.180	0.180	0.180	0.180	0.191	0.191	0.202	0.208	0.214	0.214	0.214	0.214	0.214	0.214	0.214	
0.182	0.182	0.182	0.182	0.182	0.182	0.181	0.181	0.180	0.180	0.180	0.180	0.180	0.180	0.180	0.180	0.180	0.191	0.202	0.202	0.208	0.214	0.214	0.214	0.214	0.214	0.214	0.214	
0.194	0.182	0.182	0.182	0.182	0.182	0.182	0.181	0.180	0.180	0.180	0.180	0.180	0.180	0.180	0.180	0.191	0.191	0.202	0.208	0.208	0.214	0.214	0.214	0.214	0.214	0.214	0.214	
0.194	0.194	0.182	0.182	0.182	0.182	0.182	0.181	0.181	0.180	0.180	0.180	0.180	0.180	0.180	0.180	0.191	0.202	0.202	0.208	0.214	0.214	0.214	0.214	0.214	0.214	0.214	0.198	
0.206	0.194	0.194	0.182	0.182	0.182	0.182	0.182	0.181	0.180	0.180	0.180	0.180	0.180	0.180	0.191	0.191	0.202	0.208	0.208	0.214	0.214	0.214	0.214	0.214	0.214	0.198	0.198	
0.206	0.206	0.194	0.182	0.182	0.182	0.182	0.182	0.181	0.181	0.180	0.180	0.180	0.180	0.180	0.191	0.202	0.202	0.208	0.214	0.214	0.214	0.214	0.214	0.214	0.198	0.198	0.182	
0.206	0.206	0.194	0.194	0.182	0.182	0.182	0.182	0.182	0.181	0.180	0.180	0.180	0.180	0.180	0.191	0.202	0.202	0.208	0.214	0.214	0.214	0.214	0.214	0.198	0.198	0.182	0.182	
0.206	0.206	0.206	0.194	0.194	0.182	0.182	0.182	0.182	0.181	0.181	0.180	0.180	0.180	0.191	0.191	0.202	0.208	0.208	0.214	0.214	0.214	0.214	0.198	0.198	0.182	0.182	0.182	
0.206	0.206	0.206	0.206	0.194	0.194	0.182	0.182	0.182	0.182	0.181	0.180	0.180	0.180	0.191	0.202	0.202	0.208	0.214	0.214	0.214	0.214	0.198	0.198	0.182	0.182	0.182	0.182	
0.206	0.206	0.206	0.206	0.206	0.194	0.194	0.182	0.182	0.182	0.166	0.166	0.157	0.172	0.191	0.202	0.202	0.208	0.214	0.214	0.214	0.198	0.198	0.182	0.182	0.182	0.182	0.182	
0.206	0.206	0.206	0.206	0.206	0.206	0.194	0.194	0.182	0.182	0.158	0.135	0.135	0.157	0.168	0.168	0.208	0.208	0.214	0.214	0.198	0.198	0.182	0.182	0.182	0.182	0.182	0.182	
0.206	0.206	0.206	0.206	0.206	0.206	0.206	0.194	0.172	0.155	0.148	0.130	0.131	0.132	0.135	0.168	0.175	0.183	0.183	0.198	0.198	0.182	0.182	0.182	0.182	0.182	0.182	0.182	
0.148	0.170	0.206	0.206	0.206	0.206	0.206	0.206	0.167	0.127	0.127	0.127	0.127	0.131	0.135	0.143	0.143	0.152	0.183	0.198	0.182	0.182	0.182	0.182	0.182	0.182	0.143	0.143	
0.119	0.148	0.148	0.170	0.170	0.170	0.170	0.170	0.142	0.114	0.118	0.109	0.127	0.122	0.119	0.130	0.128	0.152	0.162	0.167	0.182	0.182	0.182	0.182	0.143	0.143	0.143	0.103	
0.103	0.103	0.119	0.119	0.135	0.135	0.135	0.135	0.117	0.100	0.100	0.109	0.114	0.110	0.103	0.103	0.136	0.152	0.152	0.167	0.167	0.167	0.146	0.143	0.143	0.103	0.103	0.103	
0.103	0.103	0.103	0.119	0.119	0.119	0.112	0.112	0.104	0.095	0.097	0.100	0.100	0.098	0.097	0.115	0.113	0.152	0.152	0.152	0.152	0.128	0.128	0.103	0.103	0.103	0.103	0.103	
0.103	0.103	0.103	0.103	0.103	0.109	0.112	0.090	0.090	0.090	0.097	0.100	0.100	0.091	0.083	0.098	0.116	0.111	0.140	0.184	0.184	0.157	0.103	0.103	0.103	0.103	0.064	0.064	
0.077	0.077	0.103	0.103	0.103	0.097	0.090	0.085	0.086	0.045	0.063	0.050	0.102	0.093	0.083	0.090	0.106	0.091	0.145	0.145	0.215	0.159	0.103	0.103	0.103	0.064	0.064	0.025	
0.050	0.077	0.077	0.077	0.077	0.081	0.081	0.085	0.085	0.049	0.000	0.068	0.102	0.089	0.075	0.085	0.070	0.070	0.075	0.097	0.080	0.114	0.064	0.064	0.064	0.064	0.025	0.025	
0.050	0.050	0.050	0.050	0.077	0.068	0.065	0.065	0.052	0.035	0.008	0.034	0.052	0.068	0.063	0.055	0.050	0.050	0.033	0.037	0.080	0.025	0.051	0.064	0.025	0.025	0.025	0.025	
0.050	0.050	0.050	0.050	0.050	0.050	0.050	0.051	0.052	0.025	0.013	0.000	0.043	0.064	0.030	0.055	0.045	0.025	0.013	0.000	0.013	0.025	0.025	0.025	0.025	0.025	0.025	0.025	
0.000	0.000	0.000	0.000	0.000	0.000	0.000	0.000	0.025	0.025	0.013	0.000	0.013	0.025	0.030	0.035	0.030	0.025	0.000	0.000	0.000	0.000	0.000	0.000	0.000	0.000	0.000	0.000	
0.000	0.000	0.000	0.000	0.000	0.000	0.000	0.000	0.000	0.000	0.000	0.000	0.025	0.025	0.030	0.035	0.000	0.000	0.000	0.000	0.000	0.000	0.000	0.000	0.000	0.000	0.000	0.000	
0.000	0.000	0.000	0.000	0.000	0.000	0.000	0.000	0.000	0.000	0.000	0.000	0.025	0.025	0.030	0.035	0.000	0.000	0.000	0.000	0.000	0.000	0.000	0.000	0.000	0.000	0.000	0.000	
0.000	0.000	0.000	0.000	0.000	0.000	0.000	0.000	0.000	0.000	0.000	0.000	0.025	0.025	0.030	0.035	0.000	0.000	0.000	0.000	0.000	0.000	0.000	0.000	0.000	0.000	0.000	0.000	
0.000	0.000	0.000	0.000	0.000	0.000	0.000	0.000	0.000	0.000	0.000	0.000	0.025	0.025	0.030	0.035	0.000	0.000	0.000	0.000	0.000	0.000	0.000	0.000	0.000	0.000	0.000	0.000	
