0.426	0.426	0.426	0.426	0.388	0.350	0.350	0.350	0.350	0.350	0.350	0.350	0.350	0.350	0.350	0.350	0.350	0.350	0.350	0.350	0.350	0.350	0.350	0.350	0.350	0.375	0.375	0.401	
0.426	0.426	0.426	0.426	0.388	0.388	0.350	0.350	0.350	0.350	0.350	0.350	0.350	0.350	0.350	0.350	0.350	0.350	0.350	0.350	0.350	0.350	0.350	0.350	0.350	0.375	0.401	0.401	
0.426	0.426	0.426	0.426	0.426	0.388	0.350	0.350	0.350	0.350	0.350	0.350	0.350	0.350	0.350	0.350	0.350	0.350	0.350	0.350	0.350	0.350	0.350	0.350	0.350	0.375	0.401	0.401	
0.426	0.426	0.426	0.426	0.426	0.388	0.350	0.350	0.350	0.350	0.350	0.350	0.350	0.350	0.350	0.350	0.350	0.350	0.350	0.350	0.350	0.350	0.350	0.350	0.375	0.375	0.401	0.401	
0.426	0.426	0.426	0.426	0.426	0.388	0.350	0.350	0.350	0.350	0.350	0.350	0.350	0.350	0.350	0.350	0.350	0.350	0.350	0.350	0.350	0.350	0.350	0.350	0.375	0.401	0.401	0.401	
0.426	0.426	0.426	0.426	0.426	0.388	0.350	0.350	0.350	0.350	0.350	0.350	0.350	0.350	0.350	0.350	0.350	0.350	0.350	0.350	0.350	0.350	0.350	0.350	0.375	0.401	0.401	0.401	
0.426	0.426	0.426	0.426	0.426	0.388	0.388	0.350	0.350	0.350	0.350	0.350	0.350	0.350	0.350	0.350	0.350	0.350	0.350	0.350	0.350	0.350	0.350	0.375	0.375	0.401	0.401	0.401	
0.426	0.426	0.426	0.426	0.426	0.426	0.388	0.350	0.350	0.350	0.350	0.350	0.350	0.350	0.350	0.350	0.350	0.350	0.350	0.350	0.350	0.350	0.350	0.375	0.401	0.401	0.401	0.401	
0.426	0.426	0.426	0.426	0.426	0.426	0.388	0.350	0.350	0.350	0.350	0.350	0.350	0.350	0.350	0.350	0.350	0.350	0.350	0.350	0.350	0.350	0.375	0.375	0.401	0.401	0.401	0.401	
0.426	0.426	0.426	0.426	0.426	0.426	0.388	0.350	0.350	0.350	0.350	0.350	0.350	0.350	0.350	0.350	0.350	0.350	0.350	0.350	0.350	0.350	0.375	0.401	0.401	0.401	0.401	0.401	
0.426	0.426	0.426	0.426	0.426	0.426	0.388	0.350	0.350	0.350	0.350	0.350	0.350	0.350	0.350	0.350	0.350	0.350	0.350	0.350	0.350	0.350	0.375	0.401	0.401	0.401	0.401	0.426	
0.426	0.426	0.426	0.426	0.426	0.426	0.388	0.350	0.350	0.350	0.350	0.350	0.350	0.350	0.350	0.350	0.350	0.350	0.350	0.350	0.350	0.375	0.375	0.401	0.401	0.401	0.401	0.426	
0.426	0.426	0.426	0.426	0.426	0.426	0.388	0.388	0.350	0.350	0.350	0.350	0.350	0.350	0.350	0.350	0.350	0.350	0.350	0.350	0.350	0.375	0.401	0.401	0.401	0.401	0.426	0.426	
0.426	0.426	0.426	0.426	0.426	0.426	0.426	0.388	0.350	0.350	0.350	0.350	0.350	0.350	0.350	0.350	0.350	0.350	0.350	0.350	0.350	0.375	0.401	0.401	0.401	0.401	0.426	0.451	
0.426	0.426	0.426	0.426	0.426	0.426	0.426	0.388	0.350	0.350	0.350	0.350	0.350	0.350	0.350	0.350	0.350	0.350	0.350	0.350	0.375	0.375	0.401	0.401	0.401	0.426	0.426	0.451	
0.426	0.426	0.426	0.426	0.426	0.426	0.426	0.388	0.350	0.350	0.350	0.350	0.350	0.350	0.350	0.350	0.350	0.350	0.350	0.350	0.375	0.401	0.401	0.401	0.401	0.426	0.451	0.451	
0.426	0.426	0.426	0.426	0.426	0.426	0.426	0.388	0.350	0.350	0.350	0.350	0.350	0.350	0.350	0.350	0.350	0.350	0.350	0.375	0.375	0.401	0.401	0.401	0.401	0.426	0.451	0.451	
0.426	0.426	0.426	0.426	0.426	0.426	0.426	0.388	0.388	0.350	0.350	0.350	0.350	0.350	0.350	0.350	0.350	0.350	0.350	0.375	0.401	0.401	0.401	0.401	0.426	0.426	0.451	0.451	
0.426	0.426	0.426	0.426	0.426	0.426	0.426	0.426	0.388	0.350	0.350	0.350	0.350	0.350	0.350	0.350	0.350	0.350	0.350	0.375	0.401	0.401	0.401	0.401	0.426	0.451	0.451	0.451	
0.426	0.426	0.426	0.426	0.426	0.426	0.426	0.426	0.388	0.350	0.350	0.350	0.350	0.350	0.350	0.350	0.350	0.350	0.375	0.375	0.401	0.401	0.401	0.426	0.426	0.451	0.451	0.451	
0.426	0.426	0.426	0.426	0.426	0.426	0.426	0.426	0.388	0.350	0.350	0.350	0.350	0.350	0.350	0.350	0.350	0.350	0.375	0.401	0.401	0.401	0.401	0.426	0.451	0.451	0.451	0.451	
0.426	0.426	0.426	0.426	0.426	0.426	0.426	0.426	0.388	0.350	0.350	0.350	0.350	0.350	0.350	0.350	0.350	0.350	0.375	0.401	0.401	0.401	0.401	0.426	0.451	0.451	0.451	0.451	
0.426	0.426	0.426	0.426	0.426	0.426	0.426	0.426	0.388	0.388	0.350	0.350	0.350	0.350	0.350	0.350	0.350	0.375	0.375	0.401	0.401	0.401	0.426	0.426	0.451	0.451	0.451	0.451	
0.426	0.426	0.426	0.426	0.426	0.426	0.426	0.426	0.426	0.388	0.350	0.350	0.350	0.350	0.350	0.350	0.350	0.375	0.401	0.401	0.401	0.401	0.426	0.451	0.451	0.451	0.451	0.451	
0.426	0.426	0.426	0.426	0.426	0.426	0.426	0.426	0.426	0.388	0.350	0.350	0.350	0.350	0.350	0.350	0.375	0.375	0.401	0.401	0.401	0.426	0.426	0.451	0.451	0.451	0.451	0.451	
0.426	0.426	0.426	0.426	0.426	0.426	0.426	0.426	0.426	0.388	0.350	0.350	0.350	0.350	0.350	0.350	0.375	0.401	0.401	0.401	0.401	0.426	0.451	0.451	0.451	0.451	0.451	0.451	
0.426	0.426	0.426	0.426	0.426	0.426	0.426	0.426	0.426	0.388	0.350	0.350	0.350	0.350	0.350	0.350	0.375	0.401	0.401	0.401	0.426	0.426	0.451	0.451	0.451	0.451	0.451	0.451	
0.426	0.426	0.426	0.426	0.426	0.426	0.426	0.426	0.426	0.388	0.350	0.350	0.350	0.350	0.350	0.375	0.375	0.401	0.401	0.401	0.426	0.451	0.451	0.451	0.451	0.451	0.451	0.451	
0.426	0.426	0.426	0.426	0.426	0.426	0.426	0.426	0.426	0.388	0.388	0.350	0.350	0.350	0.350	0.375	0.401	0.401	0.401	0.401	0.392	0.451	0.451	0.451	0.451	0.451	0.451	0.451	
0.426	0.426	0.426	0.426	0.426	0.426	0.426	0.426	0.426	0.426	0.388	0.350	0.350	0.350	0.375	0.375	0.401	0.401	0.401	0.392	0.392	0.451	0.451	0.451	0.451	0.451	0.451	0.451	
0.426	0.426	0.426	0.426	0.426	0.426	0.426	0.426	0.426	0.426	0.388	0.350	0.350	0.350	0.375	0.401	0.401	0.401	0.363	0.392	0.451	0.451	0.451	0.451	0.451	0.451	0.451	0.451	
0.426	0.426	0.426	0.426	0.426	0.426	0.426	0.426	0.426	0.426	0.388	0.350	0.350	0.350	0.375	0.401	0.401	0.363	0.363	0.388	0.451	0.451	0.451	0.451	0.451	0.451	0.451	0.451	
0.426	0.426	0.426	0.426	0.426	0.426	0.426	0.426	0.426	0.426	0.388	0.350	0.350	0.375	0.375	0.401	0.401	0.363	0.326	0.388	0.451	0.451	0.451	0.451	0.451	0.451	0.451	0.451	
0.426	0.426	0.426	0.426	0.426	0.426	0.426	0.426	0.426	0.426	0.388	0.388	0.350	0.375	0.401	0.401	0.363	0.363	0.326	0.388	0.451	0.451	0.451	0.451	0.451	0.451	0.451	0.451	
0.426	0.426	0.426	0.426	0.426	0.426	0.426	0.426	0.426	0.426	0.363	0.359	0.326	0.351	0.401	0.363	0.363	0.326	0.388	0.388	0.451	0.451	0.451	0.451	0.451	0.451	0.451	0.451	
0.426	0.426	0.426	0.426	0.426	0.426	0.426	0.426	0.451	0.464	0.410	0.301	0.301	0.334	0.334	0.343	0.326	0.326	0.388	0.451	0.451	0.451	0.451	0.451	0.451	0.451	0.451	0.451	
0.426	0.426	0.426	0.426	0.426	0.426	0.426	0.464	0.464	0.502	0.402	0.402	0.301	0.301	0.301	0.313	0.293	0.289	0.388	0.451	0.451	0.451	0.451	0.451	0.451	0.451	0.451	0.451	
0.426	0.426	0.426	0.468	0.468	0.468	0.468	0.479	0.506	0.502	0.379	0.353	0.278	0.286	0.301	0.276	0.276	0.289	0.343	0.367	0.425	0.425	0.451	0.451	0.451	0.451	0.451	0.451	
0.468	0.468	0.468	0.468	0.510	0.510	0.510	0.510	0.506	0.422	0.379	0.255	0.255	0.269	0.276	0.268	0.251	0.251	0.326	0.326	0.400	0.425	0.425	0.425	0.425	0.425	0.425	0.425	
0.510	0.510	0.510	0.510	0.510	0.510	0.510	0.510	0.358	0.368	0.231	0.255	0.253	0.253	0.251	0.251	0.235	0.226	0.284	0.400	0.400	0.400	0.400	0.400	0.400	0.400	0.400	0.400	
0.356	0.356	0.356	0.356	0.356	0.356	0.356	0.358	0.358	0.206	0.221	0.228	0.236	0.226	0.251	0.226	0.226	0.202	0.301	0.400	0.400	0.400	0.400	0.400	0.400	0.400	0.400	0.400	
0.202	0.202	0.202	0.202	0.202	0.202	0.356	0.306	0.204	0.206	0.204	0.202	0.202	0.209	0.213	0.209	0.202	0.202	0.292	0.292	0.338	0.338	0.338	0.338	0.338	0.292	0.292	0.301	
0.202	0.202	0.202	0.202	0.202	0.202	0.202	0.202	0.187	0.179	0.187	0.176	0.188	0.184	0.175	0.188	0.184	0.189	0.218	0.275	0.275	0.275	0.275	0.238	0.238	0.238	0.202	0.202	
0.202	0.202	0.202	0.202	0.202	0.202	0.202	0.202	0.177	0.152	0.152	0.164	0.175	0.175	0.175	0.176	0.176	0.177	0.226	0.275	0.275	0.238	0.238	0.238	0.202	0.202	0.202	0.129	
0.193	0.193	0.252	0.252	0.252	0.252	0.252	0.252	0.198	0.143	0.154	0.154	0.175	0.158	0.150	0.159	0.151	0.141	0.186	0.194	0.238	0.238	0.202	0.202	0.202	0.129	0.129	0.129	
0.075	0.189	0.189	0.189	0.302	0.302	0.302	0.302	0.187	0.135	0.135	0.148	0.155	0.145	0.125	0.125	0.133	0.141	0.106	0.194	0.202	0.202	0.202	0.202	0.129	0.129	0.056	0.056	
0.075	0.075	0.075	0.189	0.189	0.189	0.302	0.214	0.187	0.145	0.156	0.149	0.135	0.103	0.109	0.125	0.116	0.116	0.105	0.137	0.152	0.202	0.129	0.129	0.129	0.056	0.056	0.056	
0.075	0.075	0.075	0.075	0.075	0.189	0.145	0.169	0.125	0.109	0.088	0.156	0.139	0.092	0.087	0.087	0.125	0.115	0.111	0.103	0.118	0.102	0.129	0.056	0.056	0.056	0.056	0.056	
0.075	0.075	0.075	0.075	0.075	0.075	0.077	0.102	0.068	0.063	0.088	0.124	0.141	0.123	0.165	0.152	0.177	0.125	0.114	0.093	0.077	0.053	0.056	0.056	0.056	0.056	0.056	0.056	
0.075	0.075	0.075	0.075	0.075	0.075	0.077	0.079	0.040	0.000	0.000	0.098	0.195	0.332	0.319	0.280	0.202	0.125	0.125	0.093	0.050	0.053	0.056	0.056	0.056	0.056	0.056	0.056	
0.000	0.000	0.000	0.000	0.000	0.000	0.000	0.000	0.000	0.000	0.000	0.000	0.473	0.473	0.516	0.516	0.000	0.125	0.000	0.050	0.050	0.050	0.000	0.000	0.000	0.000	0.000	0.000	
0.000	0.000	0.000	0.000	0.000	0.000	0.000	0.000	0.000	0.000	0.000	0.000	0.752	0.752	0.752	0.752	0.000	0.000	0.000	0.000	0.000	0.000	0.000	0.000	0.000	0.000	0.000	0.000	
0.000	0.000	0.000	0.000	0.000	0.000	0.000	0.000	0.000	0.000	0.000	0.000	0.752	0.752	0.752	0.752	0.000	0.000	0.000	0.000	0.000	0.000	0.000	0.000	0.000	0.000	0.000	0.000	
0.000	0.000	0.000	0.000	0.000	0.000	0.000	0.000	0.000	0.000	0.000	0.000	0.752	0.752	0.752	0.752	0.000	0.000	0.000	0.000	0.000	0.000	0.000	0.000	0.000	0.000	0.000	0.000	
0.000	0.000	0.000	0.000	0.000	0.000	0.000	0.000	0.000	0.000	0.000	0.000	0.752	0.752	0.752	0.752	0.000	0.000	0.000	0.000	0.000	0.000	0.000	0.000	0.000	0.000	0.000	0.000	
