1.031	1.031	1.031	1.031	0.980	0.930	0.930	0.930	0.731	0.532	0.532	0.443	0.354	0.354	0.354	0.354	0.354	0.633	0.912	0.912	0.912	0.912	0.912	0.912	0.912	0.912	0.912	0.912	
1.031	1.031	1.031	1.031	0.980	0.930	0.930	0.930	0.731	0.532	0.532	0.443	0.354	0.354	0.354	0.354	0.354	0.633	0.912	0.912	0.912	0.912	0.912	0.912	0.912	0.912	0.912	0.912	
1.031	1.031	1.031	1.031	0.980	0.930	0.930	0.930	0.731	0.532	0.532	0.443	0.354	0.354	0.354	0.354	0.354	0.633	0.912	0.912	0.912	0.912	0.912	0.912	0.912	0.912	0.912	0.912	
1.031	1.031	1.031	0.980	0.980	0.930	0.930	0.930	0.731	0.532	0.696	0.582	0.607	0.354	0.642	0.642	0.642	0.732	0.912	0.912	0.912	0.912	0.912	0.912	0.912	0.912	0.912	0.912	
1.031	1.031	1.031	0.980	0.930	0.930	0.930	0.930	0.731	0.696	0.696	0.860	0.715	0.642	0.642	0.930	0.930	0.921	0.912	0.912	0.912	0.912	0.912	0.948	0.966	0.966	0.966	0.966	
0.952	0.952	0.952	0.961	0.971	0.971	0.971	0.971	0.833	0.696	0.860	0.860	0.895	0.930	0.930	0.930	0.930	0.921	0.912	0.912	0.912	0.912	0.966	0.966	1.020	1.020	1.020	1.020	
0.873	0.873	0.873	0.942	1.011	1.011	1.011	1.011	0.936	0.936	0.860	0.860	0.895	0.930	0.930	0.930	0.930	0.951	0.962	0.962	0.912	0.966	0.966	1.020	1.020	1.020	1.020	1.020	
0.873	0.873	0.873	0.942	0.942	1.011	1.011	1.011	1.011	0.936	0.908	0.856	0.881	0.891	0.930	0.930	0.971	0.971	1.011	0.962	0.981	0.981	1.020	1.020	1.020	1.020	1.020	1.020	
0.873	0.873	0.873	0.928	0.956	1.011	1.011	1.011	1.011	0.931	0.931	0.851	0.851	0.891	0.891	0.931	0.971	1.011	1.011	1.011	1.011	1.015	1.020	1.020	1.020	1.020	1.020	1.020	
0.873	0.873	0.873	0.928	0.997	0.997	1.011	1.011	1.011	0.931	0.851	0.851	0.851	0.851	0.851	0.931	1.011	1.011	1.011	1.011	1.011	1.015	1.015	1.020	1.020	1.020	1.020	1.020	
0.873	0.873	0.928	0.928	0.982	0.997	0.997	1.011	1.011	0.931	0.851	0.851	0.851	0.851	0.851	0.916	0.948	1.011	1.011	1.011	1.011	1.011	1.015	1.015	1.020	1.020	1.020	1.020	
0.873	0.873	0.928	0.982	0.982	0.982	0.997	0.997	0.931	0.931	0.851	0.851	0.851	0.851	0.868	0.868	0.948	0.948	1.011	1.011	1.011	1.011	1.011	1.015	1.020	1.020	1.020	1.020	
0.873	0.928	0.928	0.982	0.982	0.982	0.982	0.782	0.800	0.603	0.851	0.851	0.851	0.885	0.868	0.885	0.885	0.948	0.948	0.948	1.011	1.011	1.011	0.883	0.883	0.819	0.819	0.819	
0.746	0.825	0.800	0.800	0.982	0.668	0.668	0.668	0.354	0.603	0.708	0.885	0.885	0.885	0.881	0.885	0.885	0.885	0.885	0.948	0.948	0.815	0.815	0.815	0.618	0.618	0.618	0.618	
0.618	0.618	0.618	0.800	0.651	0.668	0.354	0.354	0.354	0.354	0.636	0.919	0.919	0.919	0.881	0.861	0.885	0.885	0.885	0.885	0.838	0.838	0.618	0.618	0.618	0.618	0.618	0.618	
0.618	0.618	0.618	0.618	0.486	0.354	0.354	0.354	0.354	0.354	0.636	0.919	0.919	0.919	0.879	0.861	0.861	0.885	0.885	0.935	0.829	0.802	0.618	0.618	0.618	0.618	0.618	0.618	
0.618	0.618	0.618	0.618	0.486	0.354	0.354	0.354	0.354	0.354	0.636	0.919	0.919	0.919	0.879	0.838	0.861	0.861	0.935	0.935	0.985	0.802	0.618	0.618	0.618	0.618	0.618	0.618	
0.618	0.618	0.618	0.618	0.664	0.687	0.687	0.687	0.687	0.687	0.764	0.919	0.919	0.919	0.879	0.838	0.838	0.903	0.903	0.985	0.985	0.802	0.802	0.618	0.618	0.618	0.618	0.618	
0.800	0.800	0.800	0.800	0.904	1.020	1.020	1.020	1.020	1.020	0.970	0.970	0.960	0.960	0.919	0.919	0.919	0.941	0.985	0.985	0.985	0.985	0.802	0.618	0.618	0.618	0.618	0.812	
0.982	0.982	0.982	0.989	0.999	1.008	1.020	1.020	1.020	1.020	1.020	0.980	0.960	1.000	1.000	1.000	1.000	0.992	0.992	0.985	0.985	0.985	0.661	0.661	0.812	0.812	0.812	0.812	
0.982	0.982	0.982	0.989	0.996	1.008	1.008	1.020	1.020	1.020	1.020	1.010	1.000	1.000	1.000	1.000	1.000	1.000	0.992	0.985	0.683	0.683	0.683	0.500	0.668	1.005	1.005	1.005	
0.982	0.982	0.989	0.989	0.996	0.996	1.008	1.008	1.020	1.020	1.010	1.010	1.000	1.000	1.000	1.000	1.000	1.000	0.992	0.683	0.683	0.381	0.381	0.381	0.693	1.005	1.005	1.005	
0.982	0.982	0.989	0.996	0.996	0.996	0.996	1.008	0.992	0.778	0.791	0.775	0.985	1.000	1.000	1.000	1.000	1.000	0.789	0.683	0.381	0.381	0.381	0.693	0.693	1.005	1.005	1.005	
0.982	0.989	0.989	0.996	0.996	0.996	0.996	0.978	0.978	0.657	0.354	0.662	0.985	0.985	0.985	1.000	1.000	1.000	0.784	0.676	0.676	0.676	0.676	0.786	0.988	1.005	1.005	1.005	
0.982	0.987	0.989	0.989	0.989	0.989	0.980	0.978	0.960	0.657	0.354	0.662	0.971	0.971	0.985	0.985	0.985	0.985	0.985	0.971	0.971	0.971	0.971	0.971	0.988	0.988	1.005	1.005	
0.982	0.982	0.982	0.982	0.982	0.982	0.971	0.960	0.960	0.657	0.354	0.662	0.971	0.971	0.971	0.971	0.985	0.981	0.971	0.971	0.971	0.971	0.971	0.971	0.971	0.988	0.988	1.005	
0.982	0.982	0.982	0.982	0.982	0.982	0.971	0.960	0.960	0.657	0.354	0.662	0.971	0.971	0.971	0.971	0.716	0.801	0.716	0.971	0.971	0.971	0.971	0.971	0.971	0.971	0.988	0.988	
0.982	0.982	0.982	0.982	0.982	0.982	0.971	0.960	0.960	0.657	0.354	0.662	0.971	0.971	0.971	0.971	0.716	0.461	0.716	0.716	0.716	0.971	0.971	0.971	0.971	0.971	0.971	0.988	
0.982	0.982	0.982	0.982	0.982	0.982	0.975	0.971	0.971	0.657	0.354	0.662	0.971	0.971	0.971	0.716	0.716	0.461	0.461	0.461	0.716	0.716	0.716	0.971	0.971	0.971	0.971	0.971	
0.982	0.982	0.982	0.982	0.982	0.982	0.982	0.982	0.971	0.765	0.668	0.662	0.971	0.971	0.971	0.716	0.461	0.461	0.461	0.461	0.461	0.461	0.716	0.716	0.716	0.971	0.971	0.971	
0.982	0.982	0.982	0.982	0.982	0.982	0.982	0.982	0.982	0.982	0.668	0.769	0.971	0.971	0.817	0.817	0.461	0.461	0.461	0.461	0.461	0.461	0.461	0.461	0.716	0.716	0.716	0.971	
0.982	0.982	0.982	0.982	0.982	0.982	0.982	0.982	0.982	0.982	0.982	0.668	0.769	0.781	0.995	0.740	0.740	0.740	0.461	0.461	0.461	0.461	0.461	0.461	0.461	0.461	0.716	0.716	
0.982	0.982	0.982	0.982	0.982	0.982	0.982	0.982	0.982	0.668	0.668	0.668	0.354	0.793	1.020	1.020	1.020	0.740	0.740	0.740	0.461	0.461	0.461	0.461	0.461	0.461	0.461	0.461	
0.982	0.982	0.982	0.982	0.982	0.982	0.982	0.982	0.668	0.668	0.354	0.354	0.354	0.793	1.012	1.020	1.020	1.020	1.020	0.740	0.740	0.740	0.461	0.461	0.461	0.461	0.461	0.461	
0.866	0.638	0.581	0.581	0.581	0.581	0.505	0.505	0.668	0.354	0.354	0.354	0.679	0.679	1.012	1.012	1.020	1.020	1.020	1.020	1.020	0.740	0.740	0.740	0.461	0.461	0.461	0.461	
0.750	0.465	0.465	0.180	0.180	0.180	0.180	0.267	0.354	0.354	0.354	0.354	0.679	1.005	1.005	1.012	1.020	1.020	1.020	1.020	1.020	1.020	1.020	0.740	0.829	0.829	0.734	0.734	
0.750	0.750	0.465	0.465	0.465	0.180	0.180	0.267	0.484	0.636	0.354	0.679	0.679	1.005	1.005	1.012	1.012	1.020	1.020	1.020	1.020	1.013	1.013	1.013	1.013	1.006	1.006	1.006	
0.750	0.750	0.750	0.750	0.465	0.465	0.180	0.180	0.550	0.636	0.636	0.759	1.005	1.005	1.005	1.005	1.012	1.012	1.020	1.013	1.013	1.013	1.006	1.006	1.006	1.006	1.006	1.006	
0.750	0.750	0.750	0.750	0.750	0.465	0.465	0.180	0.550	0.919	0.919	0.962	1.005	1.005	1.005	1.005	1.005	0.961	1.013	1.013	1.006	1.006	1.006	1.006	1.006	1.006	1.006	0.994	
0.881	0.881	0.750	0.750	0.750	0.750	0.465	0.465	0.550	0.919	0.919	0.962	0.962	1.005	1.005	0.909	0.909	0.942	1.006	1.006	1.006	1.006	1.006	1.006	1.006	1.006	0.994	0.994	
1.012	0.881	0.881	0.881	0.750	0.750	0.750	0.465	0.678	0.891	0.891	0.669	0.716	0.681	0.909	0.909	0.814	0.910	0.910	1.006	1.006	1.006	1.006	1.006	1.006	0.994	0.994	0.982	
1.012	1.012	1.012	0.881	0.881	0.881	0.881	0.807	0.807	0.863	0.863	0.543	0.224	0.519	0.814	0.814	0.814	0.814	0.910	1.006	1.006	1.006	1.006	1.006	0.994	0.994	0.982	0.982	
1.012	1.012	1.012	1.012	1.012	1.012	0.875	0.807	0.863	0.863	0.543	0.543	0.224	0.519	0.519	0.814	0.814	0.814	0.910	1.006	1.006	1.006	1.006	0.994	0.994	0.982	0.982	0.982	
1.012	1.012	1.012	1.012	1.012	1.012	0.938	0.863	0.863	0.863	0.543	0.224	0.224	0.224	0.519	0.814	0.814	0.814	0.910	0.910	1.006	1.006	0.994	0.994	0.982	0.982	0.982	0.982	
1.012	1.012	1.012	1.012	1.012	1.012	0.938	0.863	0.863	0.863	0.543	0.224	0.224	0.224	0.519	0.814	0.814	0.814	0.814	0.910	1.006	0.994	0.994	0.982	0.982	0.982	0.982	0.982	
1.012	1.012	1.012	1.012	1.012	1.012	0.938	0.863	0.863	0.694	0.694	0.610	0.610	0.610	0.678	0.905	0.814	0.814	0.814	0.910	0.994	0.994	0.982	0.982	0.982	0.982	0.982	0.977	
1.012	1.012	1.012	1.012	1.012	1.012	0.727	0.584	0.721	0.721	0.650	0.996	0.996	0.996	0.799	0.804	0.708	0.708	0.708	0.807	0.864	0.982	0.982	0.982	0.982	0.977	0.977	0.977	
1.012	1.012	1.012	1.012	1.012	0.658	0.658	0.304	0.304	0.304	0.650	0.650	0.650	0.799	0.799	0.602	0.602	0.602	0.602	0.602	0.792	0.792	0.982	0.982	0.977	0.977	0.971	0.971	
1.012	1.012	1.012	1.012	0.658	0.658	0.304	0.304	0.304	0.304	0.304	0.304	0.650	0.634	0.602	0.602	0.602	0.602	0.602	0.602	0.602	0.792	0.982	0.977	0.977	0.971	0.971	0.971	
1.012	1.012	1.012	0.658	0.658	0.304	0.304	0.304	0.304	0.304	0.304	0.304	0.304	0.453	0.602	0.602	0.602	0.602	0.602	0.602	0.602	0.792	0.977	0.977	0.971	0.971	0.971	0.971	
0.000	0.000	0.000	0.304	0.304	0.304	0.304	0.304	0.304	0.304	0.304	0.304	0.304	0.453	0.602	0.602	0.000	0.000	0.000	0.000	0.000	0.000	0.000	0.000	0.000	0.000	0.000	0.000	
0.000	0.000	0.000	0.000	0.000	0.000	0.000	0.000	0.000	0.000	0.000	0.000	0.304	0.453	0.602	0.602	0.000	0.000	0.000	0.000	0.000	0.000	0.000	0.000	0.000	0.000	0.000	0.000	
0.000	0.000	0.000	0.000	0.000	0.000	0.000	0.000	0.000	0.000	0.000	0.000	0.304	0.453	0.602	0.602	0.000	0.000	0.000	0.000	0.000	0.000	0.000	0.000	0.000	0.000	0.000	0.000	
0.000	0.000	0.000	0.000	0.000	0.000	0.000	0.000	0.000	0.000	0.000	0.000	0.304	0.453	0.602	0.602	0.000	0.000	0.000	0.000	0.000	0.000	0.000	0.000	0.000	0.000	0.000	0.000	
0.000	0.000	0.000	0.000	0.000	0.000	0.000	0.000	0.000	0.000	0.000	0.000	0.304	0.453	0.602	0.602	0.000	0.000	0.000	0.000	0.000	0.000	0.000	0.000	0.000	0.000	0.000	0.000	
