1.020	0.911	0.911	0.802	0.802	0.802	0.802	0.802	0.802	0.802	0.802	0.802	0.802	0.802	0.802	0.876	0.951	0.951	0.951	0.952	0.952	0.953	0.953	0.953	0.953	0.953	0.953	0.953	
1.020	1.020	0.911	0.802	0.802	0.802	0.802	0.802	0.802	0.802	0.802	0.802	0.802	0.802	0.802	0.876	0.951	0.951	0.951	0.952	0.953	0.953	0.953	0.953	0.953	0.953	0.953	0.953	
1.020	1.020	0.911	0.911	0.802	0.802	0.802	0.802	0.802	0.802	0.802	0.802	0.802	0.802	0.876	0.876	0.951	0.951	0.951	0.952	0.953	0.953	0.953	0.953	0.953	0.953	0.953	0.953	
1.020	1.020	1.020	0.911	0.802	0.802	0.802	0.802	0.802	0.802	0.802	0.802	0.802	0.802	0.876	0.951	0.951	0.951	0.951	0.952	0.953	0.953	0.953	0.953	0.953	0.953	0.953	0.953	
1.020	1.020	1.020	0.911	0.911	0.802	0.802	0.802	0.802	0.802	0.802	0.802	0.802	0.876	0.876	0.951	0.951	0.951	0.951	0.952	0.953	0.953	0.953	0.953	0.953	0.953	0.953	0.953	
1.020	1.020	1.020	1.020	0.911	0.802	0.802	0.802	0.802	0.802	0.802	0.802	0.802	0.876	0.951	0.951	0.951	0.951	0.951	0.952	0.953	0.953	0.953	0.953	0.953	0.953	0.953	0.953	
1.020	1.020	1.020	1.020	0.911	0.802	0.802	0.802	0.802	0.802	0.802	0.802	0.802	0.876	0.951	0.951	0.951	0.951	0.952	0.952	0.953	0.953	0.953	0.953	0.953	0.953	0.953	0.953	
1.020	1.020	1.020	1.020	0.911	0.911	0.802	0.802	0.802	0.802	0.802	0.802	0.876	0.876	0.951	0.951	0.951	0.951	0.891	0.862	0.953	0.953	0.953	0.953	0.953	0.953	0.953	0.953	
1.020	1.020	1.020	1.020	1.020	0.911	0.802	0.802	0.802	0.802	0.802	0.802	0.876	0.951	0.951	0.951	0.951	0.951	0.861	0.862	0.953	0.953	0.953	0.953	0.953	0.953	0.953	0.953	
1.020	1.020	1.020	1.020	1.020	0.911	0.887	0.802	0.802	0.802	0.802	0.802	0.876	0.951	0.951	0.951	0.951	0.861	0.861	0.862	0.953	0.953	0.953	0.953	0.953	0.953	0.953	0.953	
1.020	1.020	1.020	1.020	1.020	1.020	0.887	0.820	0.820	0.802	0.802	0.876	0.876	0.951	0.951	0.951	0.951	0.861	0.770	0.862	0.862	0.953	0.953	0.953	0.953	0.953	0.953	0.953	
1.020	1.020	1.020	1.020	1.020	0.929	0.929	0.839	0.820	0.820	0.802	0.876	0.951	0.951	0.951	0.951	0.861	0.861	0.770	0.770	0.862	0.953	0.953	0.953	0.953	0.953	0.953	0.953	
1.020	1.020	1.020	1.020	1.020	0.929	0.839	0.839	0.839	0.820	0.855	0.893	0.939	0.951	0.951	0.951	0.861	0.770	0.770	0.770	0.862	0.953	0.953	0.953	0.953	0.953	0.953	0.953	
1.020	1.020	1.020	1.020	1.020	0.929	0.839	0.839	0.839	0.882	0.882	0.926	0.939	0.939	0.951	0.861	0.861	0.770	0.770	0.770	0.862	0.862	0.953	0.953	0.953	0.953	0.953	0.953	
1.020	1.020	1.020	1.020	1.020	0.929	0.839	0.839	0.839	0.882	0.926	0.926	0.926	0.959	0.959	0.907	0.885	0.770	0.770	0.770	0.770	0.862	0.953	0.953	0.953	0.953	0.953	0.953	
1.020	1.020	1.020	1.020	1.020	0.929	0.839	0.839	0.882	0.882	0.926	0.926	0.926	0.963	1.000	1.000	0.885	0.868	0.770	0.770	0.829	0.870	0.920	0.920	0.920	0.920	0.920	0.953	
0.898	0.898	0.898	0.898	0.898	0.873	0.847	0.847	0.874	0.891	0.891	0.926	0.963	0.963	1.000	1.000	0.917	0.868	0.802	0.802	0.831	0.888	0.888	0.888	0.888	0.888	0.920	0.920	
0.776	0.776	0.776	0.776	0.776	0.816	0.816	0.856	0.856	0.856	0.891	0.891	0.963	1.000	1.000	1.000	0.917	0.834	0.834	0.834	0.861	0.888	0.888	0.888	0.888	0.888	0.888	0.888	
0.776	0.776	0.776	0.776	0.776	0.776	0.816	0.856	0.856	0.856	0.856	0.940	0.968	0.988	1.000	1.000	0.917	0.834	0.834	0.834	0.861	0.888	0.888	0.888	0.888	0.888	0.888	0.888	
0.776	0.776	0.776	0.776	0.776	0.776	0.816	0.856	0.856	0.856	0.916	0.916	0.976	0.988	0.988	0.937	0.917	0.834	0.834	0.834	0.861	0.888	0.888	0.888	0.888	0.888	0.888	0.888	
0.776	0.776	0.776	0.776	0.776	0.776	0.882	0.936	0.856	0.856	0.916	0.976	0.976	0.976	0.976	0.937	0.834	0.834	0.834	0.834	0.861	0.888	0.888	0.888	0.888	0.888	0.888	0.888	
0.776	0.776	0.776	0.776	0.776	0.896	0.896	0.936	0.933	0.920	0.920	0.976	0.976	0.976	0.976	0.920	0.920	0.892	0.892	0.892	0.841	0.790	0.790	0.790	0.790	0.790	0.790	0.790	
0.776	0.776	0.776	0.896	0.896	0.896	1.015	1.015	0.971	0.928	0.952	0.952	0.976	0.976	0.926	0.934	0.950	0.950	0.950	0.950	0.821	0.691	0.691	0.691	0.691	0.691	0.691	0.691	
0.891	0.891	0.891	0.933	1.011	1.015	1.015	1.015	0.971	0.928	0.928	0.952	0.927	0.926	0.926	0.913	0.913	0.950	0.950	0.950	0.821	0.691	0.691	0.691	0.691	0.691	0.691	0.691	
1.007	1.007	1.007	1.007	1.011	1.011	1.015	0.971	0.971	0.928	0.928	0.928	0.945	0.876	0.876	0.876	0.913	0.950	0.950	0.950	0.821	0.691	0.691	0.691	0.691	0.691	0.691	0.691	
1.007	1.007	1.007	1.007	1.007	1.011	1.011	0.983	0.928	0.928	0.928	0.964	0.935	0.939	0.876	0.876	0.913	0.950	0.950	0.821	0.821	0.691	0.691	0.691	0.691	0.691	0.691	0.691	
1.007	1.007	1.007	1.007	1.007	1.007	1.007	0.983	0.928	0.964	0.964	0.964	1.001	0.939	0.876	0.876	0.913	0.913	0.950	0.796	0.719	0.719	0.691	0.691	0.691	0.691	0.691	0.691	
1.007	1.007	1.007	1.007	1.007	1.007	0.840	0.869	0.893	0.964	1.001	1.001	1.001	0.939	0.939	0.876	0.930	0.937	0.893	0.848	0.746	0.719	0.719	0.719	0.719	0.719	0.691	0.691	
1.007	1.007	1.007	1.007	1.007	0.840	0.840	0.673	0.882	0.986	0.986	1.001	1.001	1.001	0.944	0.937	0.930	0.983	0.864	0.864	0.746	0.746	0.746	0.746	0.746	0.719	0.719	0.719	
0.958	0.958	0.958	0.958	0.863	0.840	0.673	0.673	0.822	0.971	0.986	0.986	0.975	0.977	0.977	0.968	0.983	0.983	0.983	0.864	0.746	0.746	0.746	0.746	0.746	0.746	0.864	0.864	
0.910	0.910	0.910	0.910	0.792	0.792	0.673	0.673	0.822	0.971	0.971	0.971	0.962	0.953	0.953	0.968	0.983	0.983	0.983	0.864	0.746	0.746	0.746	0.864	0.864	0.864	0.864	0.982	
0.910	0.910	0.910	0.910	0.910	0.792	0.673	0.673	0.822	0.971	0.971	0.971	0.962	0.953	0.953	0.968	0.968	0.983	0.983	0.827	0.827	0.864	0.864	0.864	0.982	0.982	0.982	0.982	
0.910	0.910	0.910	0.910	0.910	0.792	0.792	0.673	0.752	0.792	0.971	0.971	0.962	0.953	0.953	0.953	0.968	0.868	0.868	0.868	0.827	0.982	0.982	0.982	0.982	0.982	0.982	0.982	
0.910	0.910	0.910	0.910	0.910	0.910	0.732	0.643	0.643	0.792	0.792	0.805	0.805	0.953	0.953	0.953	0.896	0.868	0.752	0.752	0.867	0.867	0.982	0.982	0.982	0.982	0.982	0.982	
0.910	0.910	0.910	0.910	0.910	0.804	0.740	0.613	0.613	0.613	0.613	0.648	0.818	0.818	0.879	0.977	0.902	0.752	0.752	0.752	0.752	0.867	0.982	0.982	0.982	0.982	0.982	0.982	
0.910	0.910	0.910	0.804	0.804	0.804	0.655	0.655	0.613	0.613	0.648	0.648	0.682	0.841	0.841	1.000	0.876	0.876	0.752	0.752	0.752	0.867	0.982	0.982	0.982	0.982	0.982	0.982	
0.910	0.804	0.804	0.804	0.697	0.697	0.697	0.655	0.655	0.613	0.648	0.682	0.682	0.841	1.000	1.000	1.000	0.811	0.716	0.752	0.752	0.867	0.982	0.982	0.982	0.982	0.982	0.982	
0.804	0.804	0.697	0.697	0.697	0.697	0.697	0.697	0.629	0.642	0.624	0.682	0.682	0.841	1.000	1.000	0.840	0.840	0.716	0.716	0.716	0.805	0.982	0.982	0.982	0.982	0.982	0.982	
0.697	0.697	0.697	0.697	0.697	0.697	0.697	0.697	0.637	0.577	0.630	0.630	0.682	0.841	1.000	1.000	0.840	0.679	0.679	0.679	0.679	0.805	0.831	0.982	0.982	0.982	0.982	0.982	
0.697	0.697	0.697	0.697	0.697	0.697	0.697	0.637	0.637	0.577	0.577	0.547	0.660	0.688	0.691	0.840	0.840	0.679	0.679	0.679	0.679	0.679	0.831	0.831	0.831	0.982	0.982	0.982	
0.697	0.697	0.697	0.697	0.697	0.552	0.552	0.560	0.492	0.577	0.577	0.479	0.381	0.381	0.691	0.687	0.679	0.679	0.679	0.679	0.679	0.679	0.679	0.679	0.831	0.831	0.982	0.982	
0.697	0.697	0.552	0.552	0.552	0.552	0.407	0.407	0.492	0.492	0.455	0.479	0.381	0.381	0.381	0.488	0.541	0.541	0.541	0.679	0.679	0.679	0.679	0.679	0.679	0.637	0.616	0.616	
0.552	0.552	0.552	0.407	0.407	0.407	0.407	0.407	0.407	0.407	0.348	0.318	0.381	0.315	0.315	0.345	0.403	0.403	0.541	0.541	0.541	0.541	0.444	0.444	0.465	0.465	0.250	0.250	
0.382	0.382	0.382	0.382	0.382	0.382	0.407	0.407	0.407	0.331	0.331	0.318	0.295	0.315	0.250	0.327	0.403	0.403	0.403	0.403	0.403	0.327	0.327	0.250	0.250	0.250	0.250	0.250	
0.358	0.358	0.358	0.358	0.358	0.382	0.382	0.382	0.382	0.340	0.255	0.255	0.252	0.250	0.250	0.327	0.403	0.403	0.403	0.403	0.403	0.327	0.250	0.250	0.250	0.250	0.250	0.250	
0.358	0.358	0.358	0.358	0.358	0.358	0.358	0.358	0.358	0.258	0.208	0.208	0.275	0.285	0.250	0.338	0.382	0.382	0.382	0.321	0.284	0.327	0.250	0.250	0.250	0.250	0.250	0.250	
0.358	0.358	0.358	0.358	0.358	0.358	0.358	0.358	0.358	0.259	0.160	0.208	0.245	0.285	0.285	0.310	0.361	0.361	0.280	0.280	0.225	0.250	0.250	0.250	0.250	0.250	0.250	0.250	
0.358	0.358	0.358	0.358	0.358	0.358	0.358	0.231	0.207	0.207	0.160	0.168	0.218	0.320	0.320	0.340	0.361	0.361	0.280	0.200	0.225	0.250	0.250	0.250	0.250	0.250	0.250	0.250	
0.358	0.358	0.358	0.231	0.231	0.231	0.231	0.231	0.103	0.132	0.146	0.168	0.248	0.415	0.535	0.477	0.361	0.280	0.280	0.200	0.225	0.250	0.250	0.250	0.250	0.250	0.250	0.250	
0.231	0.231	0.231	0.231	0.103	0.103	0.103	0.103	0.103	0.103	0.139	0.175	0.175	0.463	0.750	0.555	0.437	0.280	0.200	0.200	0.225	0.250	0.250	0.250	0.250	0.250	0.250	0.250	
0.103	0.103	0.103	0.103	0.103	0.103	0.103	0.103	0.103	0.103	0.139	0.175	0.463	0.463	0.750	0.750	0.437	0.200	0.200	0.200	0.225	0.250	0.250	0.250	0.250	0.250	0.250	0.250	
0.000	0.000	0.000	0.000	0.000	0.000	0.000	0.000	0.000	0.000	0.000	0.000	0.642	0.875	0.875	0.750	0.000	0.000	0.000	0.000	0.000	0.000	0.000	0.000	0.000	0.000	0.000	0.000	
0.000	0.000	0.000	0.000	0.000	0.000	0.000	0.000	0.000	0.000	0.000	0.000	1.000	1.000	0.875	0.875	0.000	0.000	0.000	0.000	0.000	0.000	0.000	0.000	0.000	0.000	0.000	0.000	
0.000	0.000	0.000	0.000	0.000	0.000	0.000	0.000	0.000	0.000	0.000	0.000	1.000	1.000	1.000	1.000	0.000	0.000	0.000	0.000	0.000	0.000	0.000	0.000	0.000	0.000	0.000	0.000	
0.000	0.000	0.000	0.000	0.000	0.000	0.000	0.000	0.000	0.000	0.000	0.000	1.000	1.000	1.000	1.000	0.000	0.000	0.000	0.000	0.000	0.000	0.000	0.000	0.000	0.000	0.000	0.000	
