0.375	0.375	0.375	0.375	0.375	0.375	0.375	0.376	0.376	0.376	0.376	0.376	0.376	0.376	0.376	0.376	0.376	0.376	0.376	0.376	0.376	0.376	0.376	0.376	0.400	0.425	0.425	0.425	
0.375	0.375	0.375	0.375	0.375	0.375	0.375	0.376	0.376	0.376	0.376	0.376	0.376	0.376	0.376	0.376	0.376	0.376	0.376	0.376	0.376	0.376	0.376	0.400	0.400	0.425	0.425	0.425	
0.375	0.375	0.375	0.375	0.375	0.375	0.375	0.376	0.376	0.376	0.376	0.376	0.376	0.376	0.376	0.376	0.376	0.376	0.376	0.376	0.376	0.376	0.376	0.400	0.425	0.425	0.425	0.425	
0.375	0.375	0.375	0.375	0.375	0.375	0.375	0.375	0.376	0.376	0.376	0.376	0.376	0.376	0.376	0.376	0.376	0.376	0.376	0.376	0.376	0.376	0.376	0.400	0.425	0.425	0.425	0.425	
0.375	0.375	0.375	0.375	0.375	0.375	0.375	0.375	0.376	0.376	0.376	0.376	0.376	0.376	0.376	0.376	0.376	0.376	0.376	0.376	0.376	0.376	0.400	0.400	0.425	0.425	0.425	0.425	
0.375	0.375	0.375	0.375	0.375	0.375	0.375	0.375	0.376	0.376	0.376	0.376	0.376	0.376	0.376	0.376	0.376	0.376	0.376	0.376	0.376	0.376	0.400	0.425	0.425	0.425	0.425	0.425	
0.375	0.375	0.375	0.375	0.375	0.375	0.375	0.375	0.376	0.376	0.376	0.376	0.376	0.376	0.376	0.376	0.376	0.376	0.376	0.376	0.376	0.376	0.400	0.425	0.425	0.425	0.425	0.425	
0.375	0.375	0.375	0.375	0.375	0.375	0.375	0.375	0.376	0.376	0.376	0.376	0.376	0.376	0.376	0.376	0.376	0.376	0.376	0.376	0.376	0.400	0.400	0.425	0.425	0.425	0.425	0.463	
0.375	0.375	0.375	0.375	0.375	0.375	0.375	0.375	0.376	0.376	0.376	0.376	0.376	0.376	0.376	0.376	0.376	0.376	0.376	0.376	0.376	0.400	0.425	0.425	0.425	0.425	0.425	0.463	
0.375	0.375	0.375	0.375	0.375	0.375	0.375	0.375	0.376	0.376	0.376	0.376	0.376	0.376	0.376	0.376	0.376	0.376	0.376	0.376	0.376	0.400	0.425	0.425	0.425	0.425	0.425	0.463	
0.375	0.375	0.375	0.375	0.375	0.375	0.375	0.375	0.376	0.376	0.376	0.376	0.376	0.376	0.376	0.376	0.376	0.376	0.376	0.376	0.400	0.400	0.425	0.425	0.425	0.425	0.463	0.463	
0.375	0.375	0.375	0.375	0.375	0.375	0.375	0.375	0.375	0.376	0.376	0.376	0.376	0.376	0.376	0.376	0.376	0.376	0.376	0.376	0.400	0.425	0.425	0.425	0.425	0.425	0.463	0.500	
0.375	0.375	0.375	0.375	0.375	0.375	0.375	0.375	0.375	0.376	0.376	0.376	0.376	0.376	0.376	0.376	0.376	0.376	0.376	0.376	0.400	0.425	0.425	0.425	0.425	0.463	0.463	0.500	
0.375	0.375	0.375	0.375	0.375	0.375	0.375	0.375	0.375	0.376	0.376	0.376	0.376	0.376	0.376	0.376	0.376	0.376	0.376	0.400	0.400	0.425	0.425	0.425	0.425	0.463	0.500	0.500	
0.375	0.375	0.375	0.375	0.375	0.375	0.375	0.375	0.375	0.376	0.376	0.376	0.376	0.376	0.376	0.376	0.376	0.376	0.376	0.400	0.425	0.425	0.425	0.425	0.425	0.463	0.500	0.500	
0.375	0.375	0.375	0.375	0.375	0.375	0.375	0.375	0.375	0.376	0.376	0.376	0.376	0.376	0.376	0.376	0.376	0.376	0.376	0.400	0.425	0.425	0.425	0.425	0.463	0.463	0.500	0.500	
0.375	0.375	0.375	0.375	0.375	0.375	0.375	0.375	0.375	0.376	0.376	0.376	0.376	0.376	0.376	0.376	0.376	0.376	0.400	0.400	0.425	0.425	0.425	0.425	0.463	0.500	0.500	0.500	
0.375	0.375	0.375	0.375	0.375	0.375	0.375	0.375	0.375	0.376	0.376	0.376	0.376	0.376	0.376	0.376	0.376	0.376	0.400	0.425	0.425	0.425	0.425	0.463	0.463	0.500	0.500	0.500	
0.375	0.375	0.375	0.375	0.375	0.375	0.375	0.375	0.375	0.375	0.376	0.376	0.376	0.376	0.376	0.376	0.376	0.376	0.400	0.425	0.425	0.425	0.425	0.463	0.500	0.500	0.500	0.500	
0.375	0.375	0.375	0.375	0.375	0.375	0.375	0.375	0.375	0.375	0.376	0.376	0.376	0.376	0.376	0.376	0.376	0.400	0.400	0.425	0.425	0.425	0.425	0.463	0.500	0.500	0.500	0.500	
0.375	0.375	0.375	0.375	0.375	0.375	0.375	0.375	0.375	0.375	0.376	0.376	0.376	0.376	0.376	0.376	0.376	0.400	0.425	0.425	0.425	0.425	0.463	0.463	0.500	0.500	0.500	0.500	
0.375	0.375	0.375	0.375	0.375	0.375	0.375	0.375	0.375	0.375	0.376	0.376	0.376	0.376	0.376	0.376	0.376	0.400	0.425	0.425	0.425	0.425	0.463	0.500	0.500	0.500	0.500	0.500	
0.375	0.375	0.375	0.375	0.375	0.375	0.375	0.375	0.375	0.375	0.376	0.376	0.376	0.376	0.376	0.376	0.400	0.400	0.425	0.425	0.425	0.425	0.463	0.500	0.500	0.500	0.500	0.500	
0.375	0.375	0.375	0.375	0.375	0.375	0.375	0.375	0.375	0.375	0.376	0.376	0.376	0.376	0.376	0.376	0.400	0.425	0.425	0.425	0.425	0.463	0.463	0.500	0.500	0.500	0.500	0.500	
0.375	0.375	0.375	0.375	0.375	0.375	0.375	0.375	0.375	0.375	0.376	0.376	0.376	0.376	0.376	0.376	0.400	0.425	0.425	0.425	0.425	0.463	0.500	0.500	0.500	0.500	0.500	0.500	
0.375	0.375	0.375	0.375	0.375	0.375	0.375	0.375	0.375	0.375	0.375	0.376	0.376	0.376	0.376	0.400	0.400	0.425	0.425	0.425	0.463	0.463	0.500	0.500	0.500	0.500	0.500	0.500	
0.375	0.375	0.375	0.375	0.375	0.375	0.375	0.375	0.375	0.375	0.375	0.376	0.376	0.376	0.376	0.400	0.425	0.425	0.425	0.425	0.463	0.500	0.500	0.500	0.500	0.500	0.500	0.500	
0.375	0.375	0.375	0.375	0.375	0.375	0.375	0.375	0.375	0.375	0.375	0.376	0.376	0.376	0.376	0.400	0.425	0.425	0.425	0.425	0.463	0.500	0.500	0.500	0.500	0.500	0.500	0.500	
0.375	0.375	0.375	0.375	0.375	0.375	0.375	0.375	0.375	0.375	0.375	0.376	0.376	0.376	0.400	0.400	0.425	0.425	0.425	0.463	0.463	0.500	0.500	0.500	0.500	0.500	0.500	0.500	
0.375	0.375	0.375	0.375	0.375	0.375	0.375	0.375	0.375	0.375	0.375	0.376	0.376	0.376	0.400	0.425	0.425	0.425	0.425	0.463	0.500	0.500	0.500	0.500	0.500	0.500	0.500	0.500	
0.375	0.375	0.375	0.375	0.375	0.375	0.375	0.375	0.375	0.375	0.375	0.376	0.376	0.376	0.400	0.425	0.425	0.425	0.400	0.434	0.500	0.500	0.500	0.500	0.500	0.500	0.500	0.500	
0.375	0.375	0.375	0.375	0.375	0.375	0.375	0.375	0.375	0.375	0.375	0.376	0.376	0.400	0.400	0.425	0.425	0.400	0.400	0.438	0.500	0.500	0.500	0.500	0.500	0.500	0.500	0.500	
0.375	0.375	0.375	0.375	0.375	0.375	0.375	0.375	0.375	0.375	0.375	0.376	0.376	0.400	0.425	0.425	0.400	0.400	0.438	0.500	0.500	0.500	0.500	0.500	0.500	0.500	0.500	0.500	
0.375	0.375	0.375	0.375	0.375	0.375	0.375	0.375	0.375	0.375	0.351	0.351	0.338	0.367	0.425	0.425	0.400	0.376	0.438	0.500	0.500	0.500	0.500	0.500	0.500	0.500	0.500	0.500	
0.375	0.375	0.375	0.375	0.375	0.375	0.375	0.375	0.384	0.388	0.359	0.301	0.301	0.363	0.350	0.375	0.400	0.376	0.438	0.500	0.500	0.500	0.500	0.500	0.500	0.500	0.500	0.500	
0.375	0.375	0.375	0.375	0.375	0.375	0.375	0.375	0.388	0.401	0.351	0.351	0.301	0.313	0.313	0.350	0.350	0.376	0.438	0.500	0.500	0.500	0.500	0.500	0.500	0.500	0.500	0.500	
0.375	0.375	0.375	0.375	0.388	0.388	0.388	0.392	0.392	0.401	0.326	0.318	0.301	0.313	0.325	0.325	0.326	0.326	0.384	0.400	0.500	0.500	0.500	0.500	0.500	0.500	0.500	0.500	
0.388	0.388	0.388	0.388	0.388	0.400	0.400	0.400	0.400	0.351	0.326	0.276	0.276	0.292	0.325	0.301	0.301	0.276	0.351	0.400	0.463	0.463	0.463	0.463	0.463	0.463	0.463	0.463	
0.400	0.400	0.400	0.400	0.400	0.400	0.400	0.400	0.400	0.320	0.251	0.251	0.251	0.268	0.276	0.276	0.276	0.276	0.351	0.425	0.425	0.425	0.425	0.425	0.425	0.425	0.425	0.425	
0.301	0.301	0.301	0.301	0.301	0.400	0.400	0.313	0.313	0.293	0.239	0.226	0.226	0.239	0.226	0.243	0.243	0.251	0.309	0.425	0.425	0.425	0.425	0.425	0.425	0.425	0.425	0.425	
0.202	0.202	0.202	0.202	0.301	0.301	0.276	0.276	0.226	0.226	0.226	0.226	0.213	0.213	0.226	0.226	0.226	0.226	0.326	0.326	0.375	0.375	0.375	0.375	0.375	0.375	0.375	0.425	
0.202	0.202	0.202	0.202	0.202	0.202	0.202	0.214	0.214	0.201	0.200	0.200	0.200	0.209	0.213	0.218	0.213	0.226	0.276	0.326	0.326	0.326	0.326	0.326	0.326	0.326	0.315	0.315	
0.202	0.202	0.202	0.202	0.202	0.202	0.202	0.202	0.201	0.201	0.188	0.184	0.188	0.192	0.200	0.188	0.201	0.202	0.243	0.326	0.326	0.326	0.326	0.261	0.261	0.261	0.261	0.195	
0.202	0.202	0.202	0.202	0.202	0.202	0.185	0.185	0.181	0.175	0.176	0.176	0.177	0.176	0.176	0.176	0.177	0.177	0.251	0.326	0.261	0.261	0.261	0.261	0.195	0.195	0.195	0.137	
0.131	0.131	0.185	0.185	0.185	0.185	0.185	0.168	0.157	0.151	0.160	0.146	0.156	0.154	0.152	0.164	0.151	0.151	0.209	0.215	0.261	0.195	0.195	0.195	0.195	0.137	0.137	0.137	
0.025	0.096	0.096	0.096	0.168	0.168	0.168	0.168	0.136	0.127	0.127	0.146	0.135	0.143	0.152	0.140	0.145	0.125	0.125	0.137	0.195	0.195	0.195	0.137	0.137	0.137	0.079	0.079	
0.025	0.025	0.025	0.096	0.096	0.096	0.140	0.140	0.136	0.110	0.109	0.117	0.135	0.137	0.135	0.140	0.126	0.126	0.108	0.137	0.143	0.195	0.137	0.137	0.079	0.079	0.079	0.079	
0.025	0.025	0.025	0.025	0.025	0.096	0.082	0.068	0.112	0.076	0.090	0.112	0.115	0.130	0.126	0.131	0.134	0.102	0.080	0.090	0.112	0.104	0.137	0.079	0.079	0.079	0.079	0.079	
0.025	0.025	0.025	0.025	0.025	0.025	0.025	0.068	0.054	0.076	0.058	0.076	0.109	0.118	0.133	0.133	0.141	0.083	0.058	0.055	0.070	0.065	0.079	0.079	0.079	0.079	0.079	0.079	
0.025	0.025	0.025	0.025	0.025	0.025	0.025	0.025	0.025	0.025	0.025	0.068	0.112	0.206	0.216	0.261	0.083	0.083	0.025	0.038	0.050	0.065	0.079	0.079	0.079	0.079	0.079	0.079	
0.000	0.000	0.000	0.000	0.000	0.000	0.000	0.000	0.025	0.025	0.000	0.000	0.246	0.246	0.381	0.261	0.000	0.000	0.000	0.000	0.000	0.000	0.000	0.000	0.000	0.000	0.000	0.000	
0.000	0.000	0.000	0.000	0.000	0.000	0.000	0.000	0.000	0.000	0.000	0.000	0.693	0.693	0.693	0.381	0.000	0.000	0.000	0.000	0.000	0.000	0.000	0.000	0.000	0.000	0.000	0.000	
0.000	0.000	0.000	0.000	0.000	0.000	0.000	0.000	0.000	0.000	0.000	0.000	1.005	1.005	0.693	0.693	0.000	0.000	0.000	0.000	0.000	0.000	0.000	0.000	0.000	0.000	0.000	0.000	
0.000	0.000	0.000	0.000	0.000	0.000	0.000	0.000	0.000	0.000	0.000	0.000	1.005	1.005	1.005	1.005	0.000	0.000	0.000	0.000	0.000	0.000	0.000	0.000	0.000	0.000	0.000	0.000	
0.000	0.000	0.000	0.000	0.000	0.000	0.000	0.000	0.000	0.000	0.000	0.000	1.005	1.005	1.005	1.005	0.000	0.000	0.000	0.000	0.000	0.000	0.000	0.000	0.000	0.000	0.000	0.000	
