0.400	0.400	0.400	0.400	0.400	0.412	0.425	0.425	0.425	0.425	0.425	0.425	0.425	0.425	0.425	0.425	0.425	0.425	0.425	0.425	0.425	0.425	0.425	0.450	0.450	0.475	0.475	0.475	
0.400	0.400	0.400	0.400	0.400	0.412	0.425	0.425	0.425	0.425	0.425	0.425	0.425	0.425	0.425	0.425	0.425	0.425	0.425	0.425	0.425	0.425	0.425	0.450	0.475	0.475	0.475	0.475	
0.400	0.400	0.400	0.400	0.400	0.412	0.412	0.425	0.425	0.425	0.425	0.425	0.425	0.425	0.425	0.425	0.425	0.425	0.425	0.425	0.425	0.425	0.425	0.450	0.475	0.475	0.475	0.475	
0.400	0.400	0.400	0.400	0.400	0.400	0.412	0.425	0.425	0.425	0.425	0.425	0.425	0.425	0.425	0.425	0.425	0.425	0.425	0.425	0.425	0.425	0.450	0.450	0.475	0.475	0.475	0.500	
0.400	0.400	0.400	0.400	0.400	0.400	0.412	0.425	0.425	0.425	0.425	0.425	0.425	0.425	0.425	0.425	0.425	0.425	0.425	0.425	0.425	0.425	0.450	0.475	0.475	0.475	0.475	0.500	
0.400	0.400	0.400	0.400	0.400	0.400	0.412	0.425	0.425	0.425	0.425	0.425	0.425	0.425	0.425	0.425	0.425	0.425	0.425	0.425	0.425	0.425	0.450	0.475	0.475	0.475	0.475	0.500	
0.400	0.400	0.400	0.400	0.400	0.400	0.412	0.425	0.425	0.425	0.425	0.425	0.425	0.425	0.425	0.425	0.425	0.425	0.425	0.425	0.425	0.450	0.450	0.475	0.475	0.475	0.500	0.500	
0.400	0.400	0.400	0.400	0.400	0.400	0.412	0.425	0.425	0.425	0.425	0.425	0.425	0.425	0.425	0.425	0.425	0.425	0.425	0.425	0.425	0.450	0.475	0.475	0.475	0.475	0.500	0.525	
0.400	0.400	0.400	0.400	0.400	0.400	0.412	0.412	0.425	0.425	0.425	0.425	0.425	0.425	0.425	0.425	0.425	0.425	0.425	0.425	0.425	0.450	0.475	0.475	0.475	0.475	0.500	0.525	
0.400	0.400	0.400	0.400	0.400	0.400	0.400	0.412	0.425	0.425	0.425	0.425	0.425	0.425	0.425	0.425	0.425	0.425	0.425	0.425	0.450	0.450	0.475	0.475	0.475	0.500	0.500	0.525	
0.400	0.400	0.400	0.400	0.400	0.400	0.400	0.412	0.425	0.425	0.425	0.425	0.425	0.425	0.425	0.425	0.425	0.425	0.425	0.425	0.450	0.475	0.475	0.475	0.475	0.500	0.525	0.525	
0.400	0.400	0.400	0.400	0.400	0.400	0.400	0.412	0.425	0.425	0.425	0.425	0.425	0.425	0.425	0.425	0.425	0.425	0.425	0.425	0.450	0.475	0.475	0.475	0.475	0.500	0.525	0.525	
0.400	0.400	0.400	0.400	0.400	0.400	0.400	0.412	0.425	0.425	0.425	0.425	0.425	0.425	0.425	0.425	0.425	0.425	0.425	0.450	0.450	0.475	0.475	0.475	0.500	0.500	0.525	0.525	
0.400	0.400	0.400	0.400	0.400	0.400	0.400	0.412	0.425	0.425	0.425	0.425	0.425	0.425	0.425	0.425	0.425	0.425	0.425	0.450	0.475	0.475	0.475	0.475	0.500	0.525	0.525	0.525	
0.400	0.400	0.400	0.400	0.400	0.400	0.400	0.412	0.412	0.425	0.425	0.425	0.425	0.425	0.425	0.425	0.425	0.425	0.425	0.450	0.475	0.475	0.475	0.475	0.500	0.525	0.525	0.525	
0.400	0.400	0.400	0.400	0.400	0.400	0.400	0.400	0.412	0.425	0.425	0.425	0.425	0.425	0.425	0.425	0.425	0.425	0.450	0.450	0.475	0.475	0.475	0.500	0.500	0.525	0.525	0.525	
0.400	0.400	0.400	0.400	0.400	0.400	0.400	0.400	0.412	0.425	0.425	0.425	0.425	0.425	0.425	0.425	0.425	0.425	0.450	0.475	0.475	0.475	0.475	0.500	0.525	0.525	0.525	0.525	
0.400	0.400	0.400	0.400	0.400	0.400	0.400	0.400	0.412	0.425	0.425	0.425	0.425	0.425	0.425	0.425	0.425	0.425	0.450	0.475	0.475	0.475	0.500	0.500	0.525	0.525	0.525	0.525	
0.400	0.400	0.400	0.400	0.400	0.400	0.400	0.400	0.412	0.425	0.425	0.425	0.425	0.425	0.425	0.425	0.425	0.450	0.450	0.475	0.475	0.475	0.500	0.525	0.525	0.525	0.525	0.525	
0.400	0.400	0.400	0.400	0.400	0.400	0.400	0.400	0.412	0.425	0.425	0.425	0.425	0.425	0.425	0.425	0.425	0.450	0.475	0.475	0.475	0.475	0.500	0.525	0.525	0.525	0.525	0.525	
0.400	0.400	0.400	0.400	0.400	0.400	0.400	0.400	0.412	0.412	0.425	0.425	0.425	0.425	0.425	0.425	0.425	0.450	0.475	0.475	0.475	0.500	0.500	0.525	0.525	0.525	0.525	0.525	
0.400	0.400	0.400	0.400	0.400	0.400	0.400	0.400	0.400	0.412	0.425	0.425	0.425	0.425	0.425	0.425	0.450	0.450	0.475	0.475	0.475	0.500	0.525	0.525	0.525	0.525	0.525	0.525	
0.400	0.400	0.400	0.400	0.400	0.400	0.400	0.400	0.400	0.412	0.425	0.425	0.425	0.425	0.425	0.425	0.450	0.475	0.475	0.475	0.475	0.500	0.525	0.525	0.525	0.525	0.525	0.525	
0.413	0.400	0.400	0.400	0.400	0.400	0.400	0.400	0.400	0.412	0.425	0.425	0.425	0.425	0.425	0.425	0.450	0.475	0.475	0.475	0.500	0.500	0.525	0.525	0.525	0.525	0.525	0.525	
0.413	0.413	0.400	0.400	0.400	0.400	0.400	0.400	0.400	0.412	0.425	0.425	0.425	0.425	0.425	0.450	0.450	0.475	0.475	0.475	0.500	0.525	0.525	0.525	0.525	0.525	0.525	0.525	
0.426	0.413	0.413	0.400	0.400	0.400	0.400	0.400	0.400	0.412	0.425	0.425	0.425	0.425	0.425	0.450	0.475	0.475	0.475	0.475	0.500	0.525	0.525	0.525	0.525	0.525	0.525	0.525	
0.426	0.426	0.413	0.413	0.400	0.400	0.400	0.400	0.400	0.412	0.412	0.425	0.425	0.425	0.425	0.450	0.475	0.475	0.475	0.500	0.500	0.525	0.525	0.525	0.525	0.525	0.525	0.525	
0.426	0.426	0.426	0.413	0.400	0.400	0.400	0.400	0.400	0.400	0.412	0.425	0.425	0.425	0.450	0.450	0.475	0.475	0.475	0.500	0.525	0.525	0.525	0.525	0.525	0.525	0.525	0.525	
0.426	0.426	0.426	0.413	0.413	0.400	0.400	0.400	0.400	0.400	0.412	0.425	0.425	0.425	0.450	0.475	0.475	0.475	0.475	0.500	0.525	0.525	0.525	0.525	0.525	0.525	0.525	0.525	
0.426	0.426	0.426	0.426	0.413	0.413	0.400	0.400	0.400	0.400	0.412	0.425	0.425	0.425	0.450	0.475	0.475	0.475	0.500	0.500	0.525	0.525	0.525	0.525	0.525	0.525	0.525	0.525	
0.426	0.426	0.426	0.426	0.426	0.413	0.413	0.400	0.400	0.400	0.412	0.425	0.425	0.450	0.450	0.475	0.475	0.438	0.467	0.525	0.525	0.525	0.525	0.525	0.525	0.525	0.525	0.525	
0.426	0.426	0.426	0.426	0.426	0.426	0.413	0.413	0.400	0.400	0.412	0.425	0.425	0.450	0.475	0.475	0.475	0.438	0.463	0.525	0.525	0.525	0.525	0.525	0.525	0.525	0.525	0.525	
0.426	0.426	0.426	0.426	0.426	0.426	0.426	0.413	0.413	0.400	0.412	0.412	0.425	0.450	0.475	0.475	0.438	0.438	0.463	0.525	0.525	0.525	0.525	0.525	0.525	0.525	0.525	0.525	
0.426	0.426	0.426	0.426	0.426	0.426	0.426	0.426	0.392	0.375	0.367	0.392	0.387	0.417	0.400	0.417	0.438	0.401	0.463	0.525	0.525	0.525	0.525	0.525	0.525	0.525	0.525	0.525	
0.426	0.426	0.426	0.426	0.426	0.426	0.426	0.426	0.388	0.351	0.350	0.350	0.350	0.363	0.363	0.417	0.388	0.401	0.463	0.525	0.525	0.525	0.525	0.525	0.525	0.525	0.525	0.525	
0.426	0.426	0.426	0.426	0.426	0.376	0.376	0.368	0.368	0.351	0.351	0.350	0.350	0.363	0.376	0.376	0.368	0.363	0.432	0.500	0.500	0.525	0.525	0.525	0.525	0.525	0.525	0.525	
0.376	0.376	0.376	0.376	0.376	0.376	0.326	0.326	0.338	0.318	0.314	0.326	0.313	0.334	0.376	0.351	0.351	0.326	0.400	0.475	0.500	0.500	0.500	0.500	0.500	0.500	0.500	0.500	
0.326	0.326	0.326	0.326	0.326	0.326	0.326	0.326	0.326	0.318	0.276	0.276	0.276	0.309	0.326	0.326	0.326	0.326	0.400	0.475	0.475	0.475	0.475	0.475	0.475	0.475	0.475	0.475	
0.275	0.326	0.326	0.326	0.326	0.326	0.326	0.288	0.288	0.284	0.263	0.276	0.276	0.276	0.276	0.301	0.278	0.278	0.344	0.475	0.475	0.475	0.475	0.475	0.475	0.475	0.475	0.475	
0.275	0.275	0.275	0.275	0.275	0.275	0.267	0.288	0.250	0.250	0.250	0.251	0.259	0.251	0.276	0.253	0.253	0.230	0.369	0.438	0.438	0.438	0.475	0.475	0.475	0.475	0.475	0.475	
0.225	0.225	0.225	0.225	0.225	0.225	0.237	0.237	0.250	0.250	0.237	0.225	0.225	0.234	0.239	0.236	0.230	0.230	0.316	0.401	0.401	0.438	0.438	0.438	0.438	0.438	0.438	0.438	
0.225	0.225	0.225	0.225	0.225	0.225	0.225	0.237	0.217	0.212	0.217	0.200	0.213	0.209	0.202	0.216	0.211	0.215	0.277	0.401	0.401	0.401	0.401	0.401	0.401	0.312	0.312	0.312	
0.225	0.225	0.225	0.225	0.225	0.225	0.225	0.225	0.200	0.175	0.175	0.200	0.213	0.201	0.202	0.201	0.201	0.200	0.300	0.401	0.401	0.401	0.312	0.312	0.312	0.312	0.224	0.224	
0.225	0.225	0.225	0.204	0.204	0.204	0.204	0.204	0.194	0.164	0.176	0.176	0.200	0.185	0.177	0.185	0.176	0.200	0.250	0.244	0.312	0.312	0.312	0.224	0.224	0.224	0.224	0.162	
0.161	0.161	0.161	0.204	0.182	0.182	0.182	0.182	0.170	0.164	0.152	0.167	0.175	0.167	0.152	0.152	0.167	0.175	0.175	0.187	0.224	0.224	0.224	0.224	0.224	0.162	0.162	0.162	
0.075	0.075	0.129	0.129	0.129	0.182	0.182	0.147	0.149	0.152	0.152	0.142	0.150	0.151	0.127	0.116	0.127	0.150	0.150	0.148	0.224	0.224	0.224	0.162	0.162	0.162	0.100	0.100	
0.075	0.075	0.075	0.075	0.129	0.123	0.147	0.147	0.132	0.130	0.139	0.142	0.133	0.138	0.127	0.079	0.115	0.100	0.110	0.148	0.147	0.131	0.162	0.162	0.100	0.100	0.100	0.100	
0.075	0.075	0.075	0.075	0.075	0.093	0.097	0.112	0.112	0.087	0.125	0.163	0.150	0.125	0.102	0.121	0.119	0.107	0.073	0.071	0.085	0.124	0.100	0.100	0.100	0.100	0.100	0.100	
0.075	0.075	0.075	0.075	0.075	0.075	0.097	0.107	0.080	0.087	0.075	0.117	0.163	0.154	0.139	0.139	0.117	0.117	0.073	0.082	0.085	0.100	0.100	0.100	0.100	0.100	0.100	0.100	
0.075	0.075	0.075	0.075	0.075	0.075	0.089	0.103	0.064	0.025	0.025	0.113	0.559	0.345	0.135	0.146	0.123	0.075	0.075	0.088	0.100	0.100	0.100	0.100	0.100	0.100	0.100	0.100	
0.000	0.000	0.000	0.000	0.000	0.000	0.103	0.103	0.103	0.025	0.025	0.025	0.559	0.526	0.526	0.135	0.000	0.000	0.000	0.100	0.100	0.100	0.000	0.000	0.000	0.000	0.000	0.000	
0.000	0.000	0.000	0.000	0.000	0.000	0.000	0.000	0.000	0.000	0.000	0.000	0.917	0.917	0.526	0.526	0.000	0.000	0.000	0.000	0.000	0.000	0.000	0.000	0.000	0.000	0.000	0.000	
0.000	0.000	0.000	0.000	0.000	0.000	0.000	0.000	0.000	0.000	0.000	0.000	0.917	0.917	0.917	0.917	0.000	0.000	0.000	0.000	0.000	0.000	0.000	0.000	0.000	0.000	0.000	0.000	
0.000	0.000	0.000	0.000	0.000	0.000	0.000	0.000	0.000	0.000	0.000	0.000	0.917	0.917	0.917	0.917	0.000	0.000	0.000	0.000	0.000	0.000	0.000	0.000	0.000	0.000	0.000	0.000	
0.000	0.000	0.000	0.000	0.000	0.000	0.000	0.000	0.000	0.000	0.000	0.000	0.917	0.917	0.917	0.917	0.000	0.000	0.000	0.000	0.000	0.000	0.000	0.000	0.000	0.000	0.000	0.000	
