0.180	0.180	0.180	0.180	0.180	0.180	0.180	0.180	0.180	0.180	0.180	0.180	0.180	0.180	0.180	0.180	0.185	0.190	0.190	0.190	0.190	0.190	0.190	0.190	0.190	0.190	0.190	0.190	
0.180	0.180	0.180	0.180	0.180	0.180	0.180	0.180	0.180	0.180	0.180	0.180	0.180	0.180	0.180	0.180	0.185	0.190	0.190	0.190	0.190	0.190	0.190	0.190	0.190	0.190	0.190	0.190	
0.180	0.180	0.180	0.180	0.180	0.180	0.180	0.180	0.180	0.180	0.180	0.180	0.180	0.180	0.180	0.180	0.185	0.190	0.190	0.190	0.190	0.190	0.190	0.190	0.190	0.190	0.190	0.190	
0.180	0.180	0.180	0.180	0.180	0.180	0.180	0.180	0.180	0.180	0.180	0.180	0.180	0.180	0.180	0.180	0.185	0.190	0.190	0.190	0.190	0.190	0.190	0.190	0.190	0.190	0.190	0.190	
0.180	0.180	0.180	0.180	0.180	0.180	0.180	0.180	0.180	0.180	0.180	0.180	0.180	0.180	0.180	0.180	0.185	0.190	0.190	0.190	0.190	0.190	0.190	0.190	0.190	0.190	0.190	0.190	
0.180	0.180	0.180	0.180	0.180	0.180	0.180	0.180	0.180	0.180	0.180	0.180	0.180	0.180	0.180	0.180	0.185	0.190	0.190	0.190	0.190	0.190	0.190	0.190	0.190	0.190	0.190	0.190	
0.180	0.180	0.180	0.180	0.180	0.180	0.180	0.180	0.180	0.180	0.180	0.180	0.180	0.180	0.180	0.180	0.185	0.190	0.190	0.190	0.190	0.190	0.190	0.190	0.190	0.190	0.190	0.190	
0.180	0.180	0.180	0.180	0.180	0.180	0.180	0.180	0.180	0.180	0.180	0.180	0.180	0.180	0.180	0.180	0.185	0.190	0.190	0.190	0.190	0.190	0.190	0.190	0.190	0.190	0.190	0.190	
0.180	0.180	0.180	0.180	0.180	0.180	0.180	0.180	0.180	0.180	0.180	0.180	0.180	0.180	0.180	0.180	0.185	0.190	0.190	0.190	0.190	0.190	0.190	0.190	0.190	0.190	0.190	0.190	
0.180	0.180	0.180	0.180	0.180	0.180	0.180	0.180	0.180	0.180	0.180	0.180	0.180	0.180	0.180	0.180	0.185	0.190	0.190	0.190	0.190	0.190	0.190	0.190	0.190	0.190	0.190	0.190	
0.180	0.180	0.180	0.180	0.180	0.180	0.180	0.180	0.180	0.180	0.180	0.180	0.180	0.180	0.180	0.180	0.185	0.190	0.190	0.190	0.190	0.190	0.190	0.190	0.190	0.190	0.190	0.190	
0.180	0.180	0.180	0.180	0.180	0.180	0.180	0.180	0.180	0.180	0.180	0.180	0.180	0.180	0.180	0.180	0.185	0.190	0.190	0.190	0.190	0.190	0.190	0.190	0.190	0.190	0.190	0.190	
0.180	0.180	0.180	0.180	0.180	0.180	0.180	0.180	0.180	0.180	0.180	0.180	0.180	0.180	0.180	0.180	0.185	0.190	0.190	0.190	0.190	0.190	0.190	0.190	0.190	0.190	0.190	0.190	
0.180	0.180	0.180	0.180	0.180	0.180	0.180	0.180	0.180	0.180	0.180	0.180	0.180	0.180	0.180	0.180	0.185	0.190	0.190	0.190	0.190	0.190	0.190	0.190	0.190	0.190	0.190	0.190	
0.180	0.180	0.180	0.180	0.180	0.180	0.180	0.180	0.180	0.180	0.180	0.180	0.180	0.180	0.180	0.180	0.185	0.190	0.190	0.190	0.190	0.190	0.190	0.190	0.190	0.190	0.190	0.190	
0.180	0.180	0.180	0.180	0.180	0.180	0.180	0.180	0.180	0.180	0.180	0.180	0.180	0.180	0.180	0.180	0.185	0.190	0.190	0.190	0.190	0.190	0.190	0.190	0.190	0.190	0.190	0.190	
0.118	0.180	0.180	0.180	0.180	0.180	0.180	0.180	0.180	0.180	0.180	0.180	0.180	0.180	0.180	0.180	0.185	0.190	0.190	0.190	0.190	0.190	0.190	0.190	0.190	0.190	0.190	0.190	
0.118	0.180	0.180	0.180	0.180	0.180	0.180	0.180	0.180	0.180	0.180	0.180	0.180	0.180	0.180	0.180	0.185	0.190	0.190	0.190	0.190	0.190	0.190	0.190	0.190	0.190	0.190	0.190	
0.118	0.118	0.180	0.180	0.180	0.180	0.180	0.180	0.180	0.180	0.180	0.180	0.180	0.180	0.180	0.180	0.185	0.190	0.190	0.190	0.190	0.190	0.190	0.190	0.190	0.190	0.190	0.190	
0.056	0.118	0.180	0.180	0.180	0.180	0.180	0.180	0.180	0.180	0.180	0.180	0.180	0.180	0.180	0.180	0.185	0.190	0.190	0.190	0.190	0.190	0.190	0.190	0.190	0.190	0.190	0.190	
0.056	0.118	0.180	0.180	0.180	0.180	0.180	0.180	0.180	0.180	0.180	0.180	0.180	0.180	0.180	0.180	0.185	0.190	0.190	0.190	0.190	0.190	0.190	0.190	0.190	0.190	0.190	0.190	
0.056	0.118	0.118	0.180	0.180	0.180	0.180	0.180	0.180	0.180	0.180	0.180	0.180	0.180	0.180	0.180	0.185	0.190	0.190	0.190	0.190	0.190	0.190	0.190	0.190	0.190	0.190	0.190	
0.056	0.056	0.118	0.180	0.180	0.180	0.180	0.180	0.180	0.180	0.180	0.180	0.180	0.180	0.180	0.180	0.185	0.190	0.190	0.190	0.190	0.190	0.190	0.190	0.190	0.190	0.190	0.190	
0.056	0.056	0.118	0.118	0.180	0.180	0.180	0.180	0.180	0.180	0.180	0.180	0.180	0.180	0.180	0.180	0.185	0.190	0.190	0.190	0.190	0.190	0.190	0.190	0.190	0.190	0.190	0.190	
0.056	0.056	0.056	0.118	0.180	0.180	0.180	0.180	0.180	0.180	0.180	0.180	0.180	0.180	0.180	0.180	0.185	0.190	0.190	0.190	0.190	0.190	0.190	0.190	0.190	0.190	0.190	0.190	
0.056	0.056	0.056	0.118	0.180	0.180	0.180	0.180	0.180	0.180	0.180	0.180	0.180	0.180	0.180	0.180	0.185	0.190	0.190	0.190	0.190	0.190	0.190	0.190	0.190	0.190	0.190	0.190	
0.056	0.056	0.056	0.118	0.118	0.180	0.180	0.180	0.180	0.180	0.180	0.180	0.180	0.180	0.180	0.180	0.185	0.190	0.190	0.190	0.190	0.190	0.190	0.190	0.190	0.190	0.190	0.190	
0.056	0.056	0.056	0.056	0.118	0.180	0.180	0.180	0.180	0.180	0.180	0.180	0.180	0.180	0.180	0.185	0.185	0.190	0.190	0.190	0.190	0.190	0.190	0.190	0.190	0.190	0.190	0.190	
0.056	0.056	0.056	0.056	0.118	0.180	0.180	0.180	0.180	0.180	0.180	0.180	0.180	0.180	0.180	0.185	0.190	0.190	0.190	0.190	0.190	0.190	0.190	0.190	0.190	0.190	0.190	0.190	
0.056	0.056	0.056	0.056	0.118	0.118	0.180	0.180	0.180	0.180	0.180	0.180	0.180	0.180	0.180	0.185	0.190	0.190	0.190	0.190	0.190	0.190	0.190	0.190	0.190	0.190	0.190	0.190	
0.056	0.056	0.056	0.056	0.056	0.118	0.180	0.180	0.180	0.180	0.180	0.180	0.180	0.180	0.180	0.185	0.190	0.190	0.190	0.190	0.190	0.190	0.190	0.190	0.190	0.190	0.190	0.190	
0.056	0.056	0.056	0.056	0.056	0.118	0.118	0.180	0.180	0.180	0.180	0.180	0.180	0.180	0.180	0.185	0.190	0.190	0.190	0.190	0.190	0.190	0.190	0.190	0.190	0.190	0.190	0.190	
0.056	0.056	0.056	0.056	0.056	0.056	0.118	0.180	0.180	0.180	0.180	0.180	0.180	0.180	0.180	0.185	0.190	0.190	0.190	0.190	0.190	0.190	0.190	0.190	0.190	0.190	0.190	0.190	
0.056	0.056	0.056	0.056	0.056	0.056	0.118	0.180	0.180	0.180	0.180	0.180	0.180	0.180	0.180	0.185	0.190	0.190	0.190	0.190	0.190	0.190	0.190	0.190	0.190	0.190	0.190	0.133	
0.056	0.056	0.056	0.056	0.056	0.056	0.118	0.118	0.180	0.180	0.180	0.180	0.180	0.180	0.180	0.185	0.190	0.190	0.190	0.190	0.190	0.190	0.190	0.190	0.190	0.190	0.133	0.133	
0.056	0.056	0.056	0.056	0.056	0.056	0.056	0.118	0.180	0.180	0.180	0.180	0.180	0.180	0.180	0.185	0.190	0.190	0.190	0.190	0.190	0.190	0.190	0.190	0.190	0.190	0.133	0.075	
0.056	0.056	0.056	0.056	0.056	0.056	0.056	0.118	0.118	0.180	0.180	0.180	0.180	0.180	0.180	0.185	0.190	0.190	0.190	0.190	0.190	0.190	0.190	0.190	0.190	0.133	0.133	0.149	
0.067	0.056	0.056	0.056	0.056	0.056	0.056	0.056	0.118	0.180	0.180	0.180	0.180	0.180	0.180	0.185	0.190	0.190	0.190	0.190	0.190	0.190	0.190	0.190	0.133	0.133	0.149	0.149	
0.067	0.056	0.056	0.056	0.056	0.056	0.056	0.056	0.154	0.203	0.180	0.180	0.180	0.180	0.180	0.185	0.190	0.190	0.190	0.190	0.190	0.190	0.190	0.133	0.133	0.075	0.149	0.224	
0.067	0.067	0.056	0.056	0.056	0.056	0.056	0.056	0.140	0.203	0.180	0.180	0.180	0.180	0.180	0.185	0.190	0.190	0.190	0.190	0.190	0.190	0.133	0.133	0.075	0.149	0.149	0.224	
0.079	0.067	0.067	0.056	0.056	0.056	0.056	0.056	0.140	0.154	0.203	0.180	0.180	0.180	0.180	0.185	0.190	0.190	0.190	0.190	0.190	0.133	0.133	0.075	0.075	0.149	0.224	0.224	
0.079	0.079	0.067	0.067	0.056	0.056	0.056	0.056	0.056	0.140	0.203	0.180	0.180	0.180	0.180	0.185	0.190	0.190	0.190	0.190	0.190	0.133	0.075	0.075	0.149	0.149	0.224	0.224	
0.079	0.079	0.079	0.067	0.056	0.056	0.056	0.056	0.056	0.140	0.203	0.203	0.180	0.180	0.180	0.185	0.190	0.190	0.190	0.190	0.133	0.133	0.075	0.149	0.149	0.224	0.224	0.224	
0.079	0.079	0.079	0.067	0.067	0.056	0.056	0.056	0.056	0.140	0.225	0.203	0.180	0.180	0.180	0.185	0.190	0.190	0.190	0.133	0.133	0.075	0.075	0.149	0.224	0.224	0.224	0.224	
0.079	0.079	0.079	0.079	0.067	0.067	0.056	0.056	0.056	0.140	0.140	0.203	0.203	0.180	0.180	0.185	0.190	0.190	0.133	0.133	0.075	0.075	0.149	0.149	0.224	0.224	0.224	0.224	
0.079	0.079	0.079	0.079	0.079	0.067	0.067	0.056	0.056	0.056	0.140	0.225	0.203	0.203	0.180	0.165	0.190	0.133	0.133	0.075	0.075	0.149	0.149	0.224	0.224	0.224	0.224	0.224	
0.079	0.079	0.079	0.079	0.079	0.079	0.067	0.056	0.056	0.056	0.140	0.225	0.176	0.178	0.154	0.144	0.158	0.130	0.075	0.075	0.075	0.149	0.224	0.224	0.224	0.224	0.224	0.224	
0.079	0.079	0.079	0.079	0.079	0.079	0.067	0.071	0.067	0.067	0.120	0.244	0.260	0.277	0.127	0.126	0.125	0.109	0.101	0.100	0.141	0.149	0.224	0.224	0.224	0.224	0.224	0.224	
0.079	0.079	0.079	0.079	0.079	0.079	0.079	0.079	0.067	0.071	0.079	0.253	0.427	0.362	0.329	0.261	0.261	0.126	0.109	0.100	0.174	0.174	0.224	0.224	0.224	0.224	0.224	0.224	
0.079	0.079	0.079	0.079	0.079	0.079	0.079	0.079	0.079	0.079	0.079	0.253	0.427	0.479	0.532	0.532	0.329	0.127	0.126	0.125	0.125	0.174	0.224	0.224	0.224	0.224	0.224	0.224	
0.079	0.079	0.079	0.079	0.079	0.079	0.079	0.079	0.000	0.000	0.000	0.000	0.714	0.653	0.532	0.532	0.329	0.000	0.000	0.000	0.000	0.000	0.000	0.000	0.000	0.000	0.000	0.000	
0.000	0.000	0.000	0.000	0.000	0.000	0.000	0.000	0.000	0.000	0.000	0.000	0.714	0.766	0.766	0.766	0.000	0.000	0.000	0.000	0.000	0.000	0.000	0.000	0.000	0.000	0.000	0.000	
0.000	0.000	0.000	0.000	0.000	0.000	0.000	0.000	0.000	0.000	0.000	0.000	1.001	1.001	1.001	1.001	0.000	0.000	0.000	0.000	0.000	0.000	0.000	0.000	0.000	0.000	0.000	0.000	
0.000	0.000	0.000	0.000	0.000	0.000	0.000	0.000	0.000	0.000	0.000	0.000	1.001	1.001	1.001	1.001	0.000	0.000	0.000	0.000	0.000	0.000	0.000	0.000	0.000	0.000	0.000	0.000	
0.000	0.000	0.000	0.000	0.000	0.000	0.000	0.000	0.000	0.000	0.000	0.000	1.001	1.001	1.001	1.001	0.000	0.000	0.000	0.000	0.000	0.000	0.000	0.000	0.000	0.000	0.000	0.000	
