0.135	0.135	0.135	0.135	0.203	0.270	0.270	0.270	0.270	0.270	0.270	0.270	0.270	0.270	0.270	0.270	0.270	0.270	0.270	0.236	0.202	0.202	0.202	0.202	0.202	0.202	0.202	0.202	
0.135	0.135	0.135	0.135	0.203	0.270	0.270	0.270	0.270	0.270	0.270	0.270	0.270	0.270	0.270	0.270	0.270	0.270	0.236	0.236	0.202	0.202	0.202	0.202	0.202	0.202	0.202	0.202	
0.135	0.135	0.135	0.135	0.203	0.270	0.270	0.270	0.270	0.270	0.270	0.270	0.270	0.270	0.270	0.270	0.270	0.270	0.236	0.202	0.202	0.202	0.202	0.202	0.202	0.202	0.202	0.202	
0.135	0.135	0.135	0.135	0.203	0.203	0.270	0.270	0.270	0.270	0.270	0.270	0.270	0.270	0.270	0.270	0.270	0.270	0.236	0.202	0.202	0.202	0.202	0.202	0.202	0.202	0.202	0.202	
0.135	0.135	0.135	0.135	0.135	0.203	0.270	0.270	0.270	0.270	0.270	0.270	0.270	0.270	0.270	0.270	0.270	0.270	0.236	0.202	0.202	0.202	0.202	0.202	0.202	0.202	0.202	0.202	
0.135	0.135	0.135	0.135	0.135	0.203	0.270	0.270	0.270	0.270	0.270	0.270	0.270	0.270	0.270	0.270	0.270	0.270	0.236	0.202	0.202	0.202	0.202	0.202	0.202	0.202	0.202	0.202	
0.135	0.135	0.135	0.135	0.135	0.203	0.270	0.270	0.270	0.270	0.270	0.270	0.270	0.270	0.270	0.270	0.270	0.270	0.236	0.202	0.202	0.202	0.202	0.202	0.202	0.202	0.202	0.202	
0.135	0.135	0.135	0.135	0.135	0.203	0.270	0.270	0.270	0.270	0.270	0.270	0.270	0.270	0.270	0.270	0.270	0.270	0.236	0.202	0.202	0.202	0.202	0.202	0.202	0.202	0.202	0.202	
0.135	0.135	0.135	0.135	0.135	0.203	0.270	0.270	0.270	0.270	0.270	0.270	0.270	0.270	0.270	0.270	0.270	0.270	0.236	0.202	0.202	0.202	0.202	0.202	0.202	0.202	0.202	0.202	
0.135	0.135	0.135	0.135	0.135	0.203	0.203	0.270	0.270	0.270	0.270	0.270	0.270	0.270	0.270	0.270	0.270	0.270	0.236	0.202	0.202	0.202	0.202	0.202	0.202	0.202	0.202	0.202	
0.135	0.135	0.135	0.135	0.135	0.135	0.203	0.270	0.270	0.270	0.270	0.270	0.270	0.270	0.270	0.270	0.270	0.270	0.236	0.202	0.202	0.202	0.202	0.202	0.202	0.202	0.202	0.202	
0.135	0.135	0.135	0.135	0.135	0.135	0.203	0.270	0.270	0.270	0.270	0.270	0.270	0.270	0.270	0.270	0.270	0.270	0.236	0.202	0.202	0.202	0.202	0.202	0.202	0.202	0.202	0.202	
0.135	0.135	0.135	0.135	0.135	0.135	0.203	0.270	0.270	0.270	0.270	0.270	0.270	0.270	0.270	0.270	0.270	0.270	0.236	0.202	0.202	0.202	0.202	0.202	0.202	0.202	0.202	0.202	
0.135	0.135	0.135	0.135	0.135	0.135	0.203	0.270	0.270	0.270	0.270	0.270	0.270	0.270	0.270	0.270	0.270	0.270	0.236	0.202	0.202	0.202	0.202	0.202	0.202	0.202	0.202	0.202	
0.135	0.135	0.135	0.135	0.135	0.135	0.203	0.270	0.270	0.270	0.270	0.270	0.270	0.270	0.270	0.270	0.270	0.236	0.236	0.202	0.202	0.202	0.202	0.202	0.202	0.202	0.202	0.202	
0.135	0.135	0.135	0.135	0.135	0.135	0.203	0.270	0.270	0.270	0.270	0.270	0.270	0.270	0.270	0.270	0.270	0.236	0.202	0.202	0.202	0.202	0.202	0.202	0.202	0.202	0.202	0.202	
0.135	0.135	0.135	0.135	0.135	0.135	0.203	0.203	0.270	0.270	0.270	0.270	0.270	0.270	0.270	0.270	0.270	0.236	0.202	0.202	0.202	0.202	0.202	0.202	0.202	0.202	0.202	0.202	
0.135	0.135	0.135	0.135	0.135	0.135	0.135	0.203	0.270	0.270	0.270	0.270	0.270	0.270	0.270	0.270	0.270	0.236	0.202	0.202	0.202	0.202	0.202	0.202	0.202	0.202	0.202	0.202	
0.135	0.135	0.135	0.135	0.135	0.135	0.135	0.203	0.270	0.270	0.270	0.270	0.270	0.270	0.270	0.270	0.270	0.236	0.202	0.202	0.202	0.202	0.202	0.202	0.202	0.202	0.202	0.202	
0.135	0.135	0.135	0.135	0.135	0.135	0.135	0.203	0.270	0.270	0.270	0.270	0.270	0.270	0.270	0.270	0.270	0.236	0.202	0.202	0.202	0.202	0.202	0.202	0.202	0.202	0.202	0.202	
0.135	0.135	0.135	0.135	0.135	0.135	0.135	0.203	0.270	0.270	0.270	0.270	0.270	0.270	0.270	0.270	0.270	0.236	0.202	0.202	0.202	0.202	0.202	0.202	0.202	0.202	0.202	0.202	
0.135	0.135	0.135	0.135	0.135	0.135	0.135	0.203	0.270	0.270	0.270	0.270	0.270	0.270	0.270	0.270	0.270	0.236	0.202	0.202	0.202	0.202	0.202	0.202	0.202	0.202	0.202	0.202	
0.135	0.135	0.135	0.135	0.135	0.135	0.135	0.203	0.203	0.270	0.270	0.270	0.270	0.270	0.270	0.270	0.270	0.236	0.202	0.202	0.202	0.202	0.202	0.202	0.202	0.202	0.202	0.202	
0.135	0.135	0.135	0.135	0.135	0.135	0.135	0.135	0.203	0.270	0.270	0.270	0.270	0.270	0.270	0.270	0.270	0.236	0.202	0.202	0.202	0.202	0.202	0.202	0.202	0.202	0.202	0.202	
0.135	0.135	0.135	0.135	0.135	0.135	0.135	0.135	0.203	0.270	0.270	0.270	0.270	0.270	0.270	0.270	0.270	0.236	0.202	0.202	0.202	0.202	0.202	0.202	0.202	0.202	0.202	0.202	
0.135	0.135	0.135	0.135	0.135	0.135	0.135	0.135	0.203	0.270	0.270	0.270	0.270	0.270	0.270	0.270	0.270	0.236	0.202	0.202	0.202	0.202	0.202	0.202	0.202	0.202	0.202	0.202	
0.135	0.135	0.135	0.135	0.135	0.135	0.135	0.135	0.203	0.270	0.270	0.270	0.270	0.270	0.270	0.270	0.270	0.236	0.202	0.202	0.202	0.202	0.202	0.202	0.202	0.202	0.202	0.202	
0.135	0.135	0.135	0.135	0.135	0.135	0.135	0.135	0.203	0.270	0.270	0.270	0.270	0.270	0.270	0.270	0.236	0.236	0.202	0.202	0.202	0.202	0.202	0.202	0.202	0.202	0.202	0.202	
0.135	0.135	0.135	0.135	0.135	0.135	0.135	0.135	0.203	0.203	0.270	0.270	0.270	0.270	0.270	0.270	0.236	0.202	0.202	0.202	0.202	0.202	0.202	0.202	0.202	0.202	0.202	0.202	
0.135	0.135	0.135	0.135	0.135	0.135	0.135	0.135	0.135	0.203	0.270	0.270	0.270	0.270	0.270	0.270	0.236	0.202	0.202	0.202	0.202	0.202	0.202	0.202	0.202	0.202	0.202	0.202	
0.135	0.135	0.135	0.135	0.135	0.135	0.135	0.135	0.135	0.203	0.270	0.270	0.270	0.270	0.270	0.270	0.236	0.202	0.202	0.202	0.202	0.202	0.202	0.202	0.202	0.202	0.202	0.202	
0.135	0.135	0.135	0.135	0.135	0.135	0.135	0.135	0.135	0.203	0.270	0.270	0.270	0.270	0.270	0.270	0.236	0.202	0.202	0.202	0.202	0.202	0.202	0.202	0.202	0.202	0.202	0.202	
0.135	0.135	0.135	0.135	0.135	0.135	0.135	0.135	0.135	0.203	0.270	0.270	0.270	0.270	0.270	0.270	0.236	0.202	0.202	0.202	0.202	0.202	0.202	0.202	0.202	0.202	0.202	0.202	
0.135	0.135	0.135	0.135	0.135	0.135	0.135	0.135	0.135	0.203	0.270	0.270	0.270	0.270	0.270	0.270	0.236	0.202	0.202	0.202	0.202	0.202	0.202	0.202	0.202	0.202	0.202	0.202	
0.135	0.135	0.135	0.135	0.135	0.135	0.135	0.135	0.135	0.203	0.270	0.270	0.270	0.270	0.270	0.270	0.236	0.202	0.202	0.202	0.202	0.202	0.202	0.202	0.202	0.202	0.202	0.202	
0.135	0.135	0.135	0.135	0.135	0.135	0.135	0.135	0.135	0.203	0.203	0.270	0.270	0.270	0.270	0.270	0.236	0.202	0.202	0.202	0.202	0.202	0.202	0.202	0.202	0.202	0.202	0.202	
0.135	0.135	0.135	0.135	0.135	0.135	0.135	0.135	0.135	0.135	0.203	0.270	0.270	0.270	0.270	0.270	0.236	0.202	0.202	0.202	0.202	0.202	0.202	0.202	0.202	0.202	0.202	0.202	
0.135	0.135	0.135	0.135	0.135	0.135	0.135	0.135	0.135	0.135	0.203	0.270	0.270	0.270	0.270	0.270	0.236	0.202	0.202	0.202	0.202	0.202	0.202	0.202	0.202	0.202	0.202	0.202	
0.135	0.135	0.135	0.135	0.135	0.135	0.135	0.135	0.135	0.135	0.203	0.270	0.270	0.270	0.270	0.270	0.236	0.202	0.202	0.202	0.202	0.202	0.202	0.202	0.202	0.202	0.202	0.202	
0.135	0.135	0.135	0.135	0.135	0.135	0.135	0.135	0.135	0.135	0.203	0.270	0.270	0.270	0.270	0.270	0.236	0.202	0.202	0.202	0.202	0.202	0.202	0.202	0.202	0.202	0.202	0.202	
0.119	0.135	0.135	0.135	0.135	0.135	0.135	0.135	0.135	0.135	0.203	0.270	0.270	0.270	0.270	0.236	0.236	0.202	0.202	0.202	0.202	0.202	0.202	0.202	0.202	0.202	0.202	0.202	
0.119	0.119	0.119	0.135	0.135	0.135	0.135	0.135	0.135	0.135	0.203	0.203	0.270	0.270	0.270	0.236	0.202	0.202	0.202	0.202	0.202	0.202	0.202	0.202	0.202	0.202	0.151	0.151	
0.103	0.103	0.119	0.119	0.135	0.135	0.135	0.135	0.135	0.135	0.135	0.203	0.270	0.270	0.270	0.236	0.202	0.202	0.202	0.202	0.202	0.202	0.202	0.202	0.202	0.151	0.151	0.100	
0.103	0.103	0.103	0.119	0.119	0.135	0.135	0.135	0.135	0.135	0.135	0.203	0.270	0.270	0.270	0.236	0.202	0.202	0.202	0.202	0.202	0.202	0.202	0.202	0.151	0.151	0.100	0.100	
0.103	0.103	0.103	0.103	0.119	0.119	0.135	0.135	0.135	0.135	0.135	0.203	0.270	0.270	0.270	0.229	0.202	0.202	0.202	0.202	0.202	0.202	0.151	0.151	0.151	0.100	0.100	0.100	
0.103	0.103	0.103	0.103	0.103	0.119	0.119	0.119	0.135	0.135	0.135	0.203	0.270	0.270	0.243	0.229	0.208	0.202	0.202	0.202	0.202	0.151	0.151	0.100	0.100	0.100	0.100	0.100	
0.103	0.103	0.103	0.103	0.103	0.103	0.103	0.119	0.119	0.135	0.135	0.203	0.270	0.270	0.243	0.215	0.208	0.202	0.202	0.202	0.151	0.151	0.100	0.100	0.100	0.100	0.100	0.100	
0.103	0.103	0.103	0.103	0.103	0.103	0.103	0.103	0.119	0.119	0.168	0.202	0.236	0.243	0.243	0.215	0.147	0.113	0.151	0.151	0.151	0.100	0.100	0.100	0.100	0.100	0.100	0.100	
0.103	0.103	0.103	0.103	0.103	0.103	0.103	0.103	0.103	0.146	0.168	0.202	0.426	0.431	0.511	0.120	0.120	0.113	0.109	0.100	0.100	0.100	0.100	0.100	0.100	0.100	0.100	0.100	
0.103	0.103	0.103	0.103	0.103	0.103	0.103	0.103	0.103	0.152	0.202	0.202	0.504	0.807	0.511	0.349	0.025	0.025	0.062	0.100	0.100	0.100	0.100	0.100	0.100	0.100	0.100	0.100	
0.000	0.000	0.000	0.000	0.000	0.000	0.000	0.000	0.000	0.000	0.000	0.000	0.504	0.807	0.807	0.416	0.000	0.000	0.100	0.100	0.100	0.100	0.100	0.100	0.100	0.100	0.100	0.100	
0.000	0.000	0.000	0.000	0.000	0.000	0.000	0.000	0.000	0.000	0.000	0.000	0.807	0.807	0.904	0.904	0.000	0.000	0.000	0.000	0.000	0.000	0.000	0.000	0.000	0.000	0.000	0.000	
0.000	0.000	0.000	0.000	0.000	0.000	0.000	0.000	0.000	0.000	0.000	0.000	0.904	0.904	0.904	1.001	0.000	0.000	0.000	0.000	0.000	0.000	0.000	0.000	0.000	0.000	0.000	0.000	
0.000	0.000	0.000	0.000	0.000	0.000	0.000	0.000	0.000	0.000	0.000	0.000	1.001	1.001	1.001	1.001	0.000	0.000	0.000	0.000	0.000	0.000	0.000	0.000	0.000	0.000	0.000	0.000	
0.000	0.000	0.000	0.000	0.000	0.000	0.000	0.000	0.000	0.000	0.000	0.000	1.001	1.001	1.001	1.001	0.000	0.000	0.000	0.000	0.000	0.000	0.000	0.000	0.000	0.000	0.000	0.000	
