1.001	1.001	1.001	1.001	1.001	0.814	0.627	0.627	0.627	0.627	0.627	0.627	0.701	0.775	0.775	0.775	0.775	0.775	0.867	0.958	0.958	0.958	0.958	0.958	0.958	0.958	0.958	0.958	
1.001	1.001	1.001	1.001	1.001	0.814	0.627	0.627	0.627	0.627	0.627	0.627	0.701	0.775	0.775	0.775	0.775	0.775	0.867	0.958	0.958	0.958	0.958	0.958	0.958	0.958	0.958	0.958	
1.001	1.001	1.001	1.001	1.001	0.814	0.627	0.627	0.627	0.627	0.627	0.627	0.701	0.775	0.775	0.775	0.775	0.775	0.867	0.958	0.958	0.958	0.958	0.958	0.958	0.958	0.958	0.958	
1.001	1.001	1.001	1.001	1.001	0.814	0.627	0.627	0.627	0.627	0.627	0.627	0.701	0.775	0.775	0.775	0.775	0.775	0.867	0.958	0.958	0.958	0.958	0.958	0.958	0.958	0.958	0.958	
1.001	1.001	1.001	1.001	1.001	0.853	0.779	0.627	0.627	0.627	0.627	0.701	0.701	0.775	0.775	0.775	0.775	0.775	0.823	0.958	0.958	0.958	0.958	0.958	0.958	0.958	0.958	0.958	
1.001	1.001	1.001	1.001	1.001	0.966	0.779	0.779	0.627	0.627	0.627	0.701	0.775	0.775	0.775	0.775	0.775	0.756	0.823	0.847	0.958	0.958	0.958	0.958	0.958	0.958	0.958	0.958	
1.001	1.001	1.001	1.001	1.001	0.966	0.930	0.779	0.779	0.627	0.627	0.701	0.775	0.775	0.775	0.775	0.775	0.756	0.736	0.847	0.847	0.958	0.958	0.958	0.958	0.958	0.958	0.958	
1.001	1.001	1.001	1.001	0.966	0.966	0.930	0.930	0.779	0.779	0.714	0.734	0.788	0.775	0.775	0.775	0.756	0.756	0.736	0.736	0.847	0.847	0.958	0.958	0.958	0.958	0.958	0.958	
1.001	1.001	1.001	1.001	0.966	0.930	0.930	0.930	0.930	0.786	0.714	0.800	0.788	0.859	0.888	0.888	0.837	0.736	0.736	0.736	0.736	0.847	0.847	0.958	0.958	0.958	0.958	0.958	
1.001	1.001	1.001	1.001	0.966	0.930	0.930	0.930	0.865	0.865	0.800	0.800	0.800	0.900	1.000	1.000	0.868	0.868	0.736	0.736	0.736	0.736	0.847	0.847	0.958	0.958	0.958	0.958	
1.001	1.001	1.001	1.001	0.966	0.930	0.930	0.930	0.865	0.800	0.800	0.800	0.900	0.900	1.000	1.000	1.000	0.868	0.736	0.736	0.736	0.863	0.863	0.895	0.974	0.974	0.974	0.974	
0.940	0.940	0.940	0.940	0.904	0.872	0.868	0.868	0.846	0.803	0.800	0.800	0.900	1.000	1.000	1.000	1.000	0.806	0.709	0.709	0.863	0.863	0.991	0.991	0.991	0.991	0.991	0.991	
0.879	0.879	0.879	0.879	0.879	0.843	0.806	0.806	0.806	0.803	0.803	0.863	0.909	1.000	1.000	1.000	0.841	0.841	0.682	0.709	0.803	0.991	0.991	0.991	0.991	0.991	0.991	0.991	
0.879	0.879	0.879	0.879	0.879	0.843	0.806	0.806	0.806	0.806	0.844	0.863	0.963	0.963	0.963	1.000	0.841	0.682	0.682	0.682	0.836	0.991	0.991	0.991	0.991	0.991	0.991	0.991	
0.879	0.879	0.879	0.879	0.879	0.898	0.806	0.806	0.806	0.806	0.866	0.926	0.926	0.926	0.963	0.870	0.841	0.682	0.682	0.682	0.836	0.836	0.991	0.991	0.991	0.991	0.991	0.991	
0.879	0.879	0.879	0.879	0.944	0.898	0.907	0.907	0.806	0.866	0.866	0.926	0.926	0.926	0.926	0.804	0.682	0.682	0.682	0.682	0.682	0.836	0.991	0.991	0.991	0.991	0.991	0.991	
0.879	0.879	0.879	0.944	0.944	1.008	1.008	0.907	0.871	0.844	0.926	0.926	0.926	0.926	0.926	0.811	0.754	0.754	0.754	0.754	0.682	0.836	0.991	0.991	0.991	0.991	0.991	0.991	
0.879	0.879	0.944	0.944	1.008	1.008	1.008	0.904	0.904	0.863	0.863	0.926	0.926	0.926	0.851	0.843	0.825	0.825	0.825	0.754	0.754	0.767	0.780	0.780	0.780	0.780	0.780	0.780	
0.934	0.934	0.959	0.998	1.008	1.008	0.904	0.904	0.800	0.800	0.863	0.909	0.901	0.851	0.851	0.801	0.801	0.825	0.825	0.825	0.698	0.698	0.570	0.570	0.570	0.570	0.570	0.570	
0.989	0.989	0.989	0.998	0.998	0.998	0.904	0.800	0.800	0.800	0.901	0.901	0.889	0.889	0.777	0.777	0.801	0.825	0.825	0.825	0.698	0.570	0.570	0.570	0.570	0.570	0.570	0.570	
0.989	0.989	0.989	0.989	0.989	0.932	0.904	0.800	0.800	0.901	0.901	1.001	1.001	0.889	0.777	0.777	0.801	0.801	0.825	0.825	0.698	0.570	0.570	0.570	0.570	0.570	0.570	0.570	
0.989	0.989	0.989	0.989	0.989	0.895	0.895	0.800	0.800	0.901	1.001	1.001	1.001	0.889	0.777	0.777	0.777	0.801	0.919	0.803	0.803	0.570	0.570	0.570	0.570	0.570	0.570	0.570	
0.989	0.989	0.989	0.989	0.989	0.989	0.929	0.898	0.898	0.933	1.001	1.001	1.001	0.889	0.889	0.777	0.895	0.872	0.919	1.013	0.748	0.616	0.570	0.570	0.570	0.570	0.570	0.570	
0.992	0.992	0.992	0.992	0.896	0.896	0.896	0.996	0.996	0.999	0.999	0.999	1.001	0.939	0.885	0.827	0.889	1.013	1.013	1.013	0.837	0.616	0.616	0.616	0.616	0.616	0.570	0.780	
0.995	0.995	0.995	0.995	0.850	0.704	0.850	0.996	0.996	0.996	0.996	0.958	0.958	0.939	0.876	0.876	0.945	1.013	1.013	1.013	0.837	0.662	0.662	0.662	0.662	0.740	0.740	0.780	
0.995	0.995	0.995	0.995	0.850	0.704	0.850	0.850	0.996	0.996	0.996	0.936	0.876	0.876	0.876	0.876	0.945	1.013	1.013	1.013	0.837	0.662	0.662	0.662	0.825	0.825	0.989	0.989	
0.995	0.995	0.995	0.995	0.850	0.704	0.704	0.850	0.850	0.996	0.996	0.936	0.876	0.876	0.876	0.876	0.945	0.945	1.013	0.837	0.837	0.662	0.825	0.825	0.825	0.989	0.989	0.989	
0.995	0.995	0.995	0.995	0.850	0.704	0.704	0.704	0.850	0.996	0.996	0.936	0.876	0.876	0.876	0.876	0.876	0.945	0.886	0.811	0.711	0.803	0.825	0.989	0.989	0.989	0.989	0.989	
0.995	0.995	0.995	0.995	0.850	0.704	0.704	0.759	0.838	0.905	0.940	0.961	0.944	0.876	0.876	0.876	0.876	0.883	0.886	0.759	0.759	0.874	0.874	0.989	0.989	0.989	0.989	0.989	
0.995	0.995	0.995	0.995	0.898	0.838	0.759	0.759	0.814	0.814	0.913	1.011	0.959	0.934	0.934	0.934	0.934	0.875	0.759	0.759	0.759	0.759	0.874	0.874	0.989	0.989	0.989	0.989	
0.995	0.995	0.995	0.995	0.995	0.905	0.905	0.814	0.814	0.814	0.913	1.011	1.001	0.991	0.991	0.991	0.991	0.875	0.759	0.759	0.759	0.759	0.759	0.874	0.989	0.989	0.989	0.989	
0.995	0.995	0.995	0.995	0.995	0.995	0.905	0.905	0.814	0.913	0.913	1.011	1.001	0.991	0.991	0.991	0.991	0.856	0.789	0.759	0.759	0.759	0.759	0.874	0.874	0.989	0.989	0.989	
0.995	0.995	0.995	0.995	0.995	0.995	0.905	0.905	0.814	0.913	1.011	1.011	1.001	0.991	0.991	0.991	0.905	0.905	0.789	0.789	0.789	0.759	0.759	0.759	0.874	0.989	0.989	0.989	
0.995	0.995	0.995	0.995	0.995	0.995	0.995	0.905	0.905	0.913	1.011	1.011	1.001	0.991	0.991	0.991	0.905	0.819	0.819	0.819	0.789	0.789	0.789	0.759	0.874	0.874	0.989	0.989	
0.995	0.995	0.995	0.995	0.995	0.995	0.995	0.846	0.836	0.841	0.854	0.854	1.001	0.991	0.991	0.905	0.905	0.819	0.819	0.819	0.819	0.819	0.789	0.789	0.789	0.874	0.874	0.989	
0.995	0.995	0.995	0.995	0.995	0.846	0.846	0.846	0.697	0.697	0.697	0.772	0.827	0.800	0.806	0.905	0.819	0.819	0.819	0.819	0.819	0.819	0.819	0.819	0.789	0.789	0.856	0.989	
0.995	0.995	0.995	0.995	0.846	0.846	0.697	0.697	0.697	0.697	0.697	0.653	0.609	0.609	0.857	0.915	0.819	0.819	0.819	0.819	0.819	0.819	0.819	0.819	0.819	0.819	0.856	0.904	
0.995	0.695	0.695	0.695	0.696	0.546	0.546	0.697	0.697	0.697	0.653	0.653	0.609	0.609	0.810	0.915	0.915	0.915	0.915	0.819	0.819	0.819	0.819	0.819	0.819	0.819	0.819	0.904	
0.695	0.695	0.395	0.395	0.395	0.395	0.546	0.546	0.546	0.567	0.653	0.609	0.609	0.609	0.810	1.011	1.011	1.011	0.915	0.915	0.915	0.915	0.819	0.819	0.819	0.819	0.819	0.819	
0.395	0.395	0.395	0.395	0.395	0.395	0.395	0.395	0.395	0.502	0.609	0.609	0.609	0.609	0.776	1.011	1.011	1.011	1.011	1.011	1.011	0.915	0.915	0.915	0.915	0.819	0.609	0.609	
0.427	0.427	0.427	0.395	0.395	0.395	0.395	0.395	0.395	0.496	0.547	0.547	0.600	0.658	0.776	0.859	1.011	1.011	1.011	1.011	1.011	1.011	1.011	1.011	0.743	0.743	0.609	0.400	
0.460	0.460	0.427	0.427	0.427	0.427	0.427	0.427	0.440	0.440	0.485	0.485	0.600	0.707	0.707	0.859	1.011	1.011	1.011	1.011	1.011	1.011	1.011	0.706	0.706	0.400	0.400	0.400	
0.460	0.460	0.460	0.460	0.460	0.460	0.460	0.427	0.447	0.485	0.485	0.485	0.596	0.707	0.707	0.859	0.859	1.011	1.011	1.011	0.763	0.763	0.642	0.642	0.400	0.400	0.400	0.400	
0.460	0.460	0.460	0.460	0.460	0.460	0.460	0.460	0.473	0.473	0.485	0.413	0.511	0.524	0.707	0.707	0.859	0.744	0.763	0.763	0.763	0.515	0.457	0.400	0.400	0.400	0.400	0.400	
0.460	0.460	0.460	0.460	0.460	0.460	0.460	0.460	0.364	0.405	0.365	0.365	0.340	0.524	0.524	0.641	0.699	0.611	0.515	0.515	0.515	0.515	0.457	0.400	0.400	0.400	0.400	0.400	
0.460	0.460	0.460	0.460	0.460	0.460	0.460	0.364	0.364	0.269	0.269	0.305	0.340	0.340	0.608	0.641	0.695	0.515	0.515	0.515	0.515	0.474	0.457	0.400	0.400	0.400	0.400	0.400	
0.644	0.644	0.644	0.644	0.644	0.644	0.644	0.519	0.549	0.269	0.269	0.305	0.340	0.608	0.608	0.875	0.695	0.515	0.515	0.515	0.510	0.474	0.453	0.400	0.400	0.400	0.400	0.400	
0.828	0.828	0.828	0.828	0.828	0.828	0.828	0.828	0.549	0.416	0.210	0.331	0.452	0.593	0.720	0.875	0.695	0.695	0.515	0.510	0.510	0.506	0.453	0.400	0.400	0.400	0.400	0.400	
0.828	0.828	0.828	0.828	0.828	0.828	0.828	0.828	0.828	0.416	0.150	0.357	0.357	0.564	0.720	0.875	0.875	0.695	0.510	0.510	0.506	0.506	0.453	0.400	0.400	0.400	0.400	0.400	
0.828	0.828	0.828	0.828	0.828	0.828	0.828	0.828	0.489	0.489	0.150	0.150	0.357	0.564	0.720	0.720	0.875	0.632	0.510	0.506	0.506	0.506	0.453	0.400	0.400	0.400	0.400	0.400	
0.000	0.828	0.828	0.828	0.828	0.828	0.828	0.828	0.489	0.150	0.150	0.150	0.357	0.782	0.782	0.813	0.875	0.691	0.506	0.506	0.506	0.506	0.000	0.000	0.000	0.000	0.000	0.000	
0.000	0.000	0.000	0.000	0.000	0.000	0.000	0.000	0.000	0.000	0.000	0.000	0.782	0.782	1.000	1.000	0.000	0.000	0.000	0.000	0.000	0.000	0.000	0.000	0.000	0.000	0.000	0.000	
0.000	0.000	0.000	0.000	0.000	0.000	0.000	0.000	0.000	0.000	0.000	0.000	1.000	1.000	1.000	1.000	0.000	0.000	0.000	0.000	0.000	0.000	0.000	0.000	0.000	0.000	0.000	0.000	
0.000	0.000	0.000	0.000	0.000	0.000	0.000	0.000	0.000	0.000	0.000	0.000	1.000	1.000	1.000	1.000	0.000	0.000	0.000	0.000	0.000	0.000	0.000	0.000	0.000	0.000	0.000	0.000	
0.000	0.000	0.000	0.000	0.000	0.000	0.000	0.000	0.000	0.000	0.000	0.000	1.000	1.000	1.000	1.000	0.000	0.000	0.000	0.000	0.000	0.000	0.000	0.000	0.000	0.000	0.000	0.000	
