0.106	0.106	0.106	0.106	0.106	0.106	0.106	0.106	0.106	0.106	0.106	0.106	0.106	0.106	0.106	0.106	0.106	0.106	0.106	0.106	0.106	0.106	0.106	0.106	0.106	0.106	0.124	0.141	
0.106	0.106	0.106	0.106	0.106	0.106	0.106	0.106	0.106	0.106	0.106	0.106	0.106	0.106	0.106	0.106	0.106	0.106	0.106	0.106	0.106	0.106	0.106	0.106	0.106	0.106	0.124	0.141	
0.106	0.106	0.106	0.106	0.106	0.106	0.106	0.106	0.106	0.106	0.106	0.106	0.106	0.106	0.106	0.106	0.106	0.106	0.106	0.106	0.106	0.106	0.106	0.106	0.106	0.106	0.124	0.141	
0.106	0.106	0.106	0.106	0.106	0.106	0.106	0.106	0.106	0.106	0.106	0.106	0.106	0.106	0.106	0.106	0.106	0.106	0.106	0.106	0.106	0.106	0.106	0.106	0.106	0.106	0.124	0.141	
0.106	0.106	0.106	0.106	0.106	0.106	0.106	0.106	0.106	0.106	0.106	0.106	0.106	0.106	0.106	0.106	0.106	0.106	0.106	0.106	0.106	0.106	0.106	0.106	0.106	0.124	0.124	0.141	
0.106	0.106	0.106	0.106	0.106	0.106	0.106	0.106	0.106	0.106	0.106	0.106	0.106	0.106	0.106	0.106	0.106	0.106	0.106	0.106	0.106	0.106	0.106	0.106	0.106	0.124	0.141	0.141	
0.106	0.106	0.106	0.106	0.106	0.106	0.106	0.106	0.106	0.106	0.106	0.106	0.106	0.106	0.106	0.106	0.106	0.106	0.106	0.106	0.106	0.106	0.106	0.106	0.106	0.124	0.141	0.141	
0.106	0.106	0.106	0.106	0.106	0.106	0.106	0.106	0.106	0.106	0.106	0.106	0.106	0.106	0.106	0.106	0.106	0.106	0.106	0.106	0.106	0.106	0.106	0.106	0.106	0.124	0.141	0.141	
0.106	0.106	0.106	0.106	0.106	0.106	0.106	0.106	0.106	0.106	0.106	0.106	0.106	0.106	0.106	0.106	0.106	0.106	0.106	0.106	0.106	0.106	0.106	0.106	0.124	0.124	0.141	0.141	
0.106	0.106	0.106	0.106	0.106	0.106	0.106	0.106	0.106	0.106	0.106	0.106	0.106	0.106	0.106	0.106	0.106	0.106	0.106	0.106	0.106	0.106	0.106	0.106	0.124	0.141	0.141	0.141	
0.106	0.106	0.106	0.106	0.106	0.106	0.106	0.106	0.106	0.106	0.106	0.106	0.106	0.106	0.106	0.106	0.106	0.106	0.106	0.106	0.106	0.106	0.106	0.106	0.124	0.141	0.141	0.141	
0.106	0.106	0.106	0.106	0.106	0.106	0.106	0.106	0.106	0.106	0.106	0.106	0.106	0.106	0.106	0.106	0.106	0.106	0.106	0.106	0.106	0.106	0.106	0.106	0.124	0.141	0.141	0.141	
0.106	0.106	0.106	0.106	0.106	0.106	0.106	0.106	0.106	0.106	0.106	0.106	0.106	0.106	0.106	0.106	0.106	0.106	0.106	0.106	0.106	0.106	0.106	0.106	0.124	0.141	0.141	0.141	
0.106	0.106	0.106	0.106	0.106	0.106	0.106	0.106	0.106	0.106	0.106	0.106	0.106	0.106	0.106	0.106	0.106	0.106	0.106	0.106	0.106	0.106	0.106	0.124	0.124	0.141	0.141	0.141	
0.106	0.106	0.106	0.106	0.106	0.106	0.106	0.106	0.106	0.106	0.106	0.106	0.106	0.106	0.106	0.106	0.106	0.106	0.106	0.106	0.106	0.106	0.106	0.124	0.141	0.141	0.141	0.141	
0.106	0.106	0.106	0.106	0.106	0.106	0.106	0.106	0.106	0.106	0.106	0.106	0.106	0.106	0.106	0.106	0.106	0.106	0.106	0.106	0.106	0.106	0.106	0.124	0.141	0.141	0.141	0.141	
0.071	0.106	0.106	0.106	0.106	0.106	0.106	0.106	0.106	0.106	0.106	0.106	0.106	0.106	0.106	0.106	0.106	0.106	0.106	0.106	0.106	0.106	0.106	0.101	0.141	0.141	0.141	0.141	
0.071	0.106	0.106	0.106	0.106	0.106	0.106	0.106	0.106	0.106	0.106	0.106	0.106	0.106	0.106	0.106	0.106	0.106	0.106	0.106	0.106	0.106	0.081	0.101	0.141	0.141	0.141	0.141	
0.071	0.071	0.106	0.106	0.106	0.106	0.106	0.106	0.106	0.106	0.106	0.106	0.106	0.106	0.106	0.106	0.106	0.106	0.106	0.106	0.106	0.106	0.101	0.099	0.141	0.141	0.141	0.141	
0.035	0.071	0.106	0.106	0.106	0.106	0.106	0.106	0.106	0.106	0.106	0.106	0.106	0.106	0.106	0.106	0.106	0.106	0.106	0.106	0.106	0.106	0.101	0.141	0.141	0.141	0.141	0.141	
0.035	0.071	0.106	0.106	0.106	0.106	0.106	0.106	0.106	0.106	0.106	0.106	0.106	0.106	0.106	0.106	0.106	0.106	0.106	0.106	0.106	0.081	0.101	0.141	0.141	0.141	0.141	0.141	
0.035	0.071	0.071	0.106	0.106	0.106	0.106	0.106	0.106	0.106	0.106	0.106	0.106	0.106	0.106	0.106	0.106	0.106	0.106	0.106	0.106	0.081	0.099	0.141	0.141	0.141	0.141	0.141	
0.035	0.035	0.071	0.106	0.106	0.106	0.106	0.106	0.106	0.106	0.106	0.106	0.106	0.106	0.106	0.106	0.106	0.106	0.106	0.106	0.106	0.081	0.099	0.141	0.141	0.141	0.141	0.141	
0.035	0.035	0.071	0.106	0.106	0.106	0.106	0.106	0.106	0.106	0.106	0.106	0.106	0.106	0.106	0.106	0.106	0.106	0.106	0.106	0.106	0.081	0.099	0.141	0.141	0.141	0.141	0.141	
0.035	0.035	0.071	0.071	0.106	0.106	0.106	0.106	0.106	0.106	0.106	0.106	0.106	0.106	0.106	0.106	0.106	0.106	0.106	0.106	0.081	0.081	0.099	0.141	0.141	0.141	0.141	0.141	
0.035	0.035	0.035	0.071	0.106	0.106	0.106	0.106	0.106	0.106	0.106	0.106	0.106	0.106	0.106	0.106	0.106	0.106	0.106	0.106	0.081	0.099	0.099	0.141	0.141	0.141	0.141	0.141	
0.035	0.035	0.035	0.071	0.071	0.106	0.106	0.106	0.106	0.106	0.106	0.106	0.106	0.106	0.106	0.106	0.106	0.106	0.106	0.106	0.081	0.099	0.141	0.141	0.141	0.141	0.141	0.141	
0.035	0.035	0.035	0.035	0.071	0.106	0.106	0.106	0.106	0.106	0.106	0.106	0.106	0.106	0.106	0.106	0.106	0.106	0.106	0.081	0.081	0.099	0.141	0.141	0.141	0.141	0.141	0.141	
0.035	0.035	0.035	0.035	0.071	0.106	0.106	0.106	0.106	0.106	0.106	0.106	0.106	0.106	0.106	0.106	0.106	0.106	0.106	0.081	0.056	0.099	0.141	0.141	0.141	0.141	0.141	0.141	
0.035	0.035	0.035	0.035	0.071	0.071	0.106	0.106	0.106	0.106	0.106	0.106	0.106	0.106	0.106	0.106	0.106	0.106	0.106	0.081	0.056	0.099	0.141	0.141	0.141	0.141	0.141	0.141	
0.035	0.035	0.035	0.035	0.035	0.071	0.106	0.106	0.106	0.106	0.106	0.106	0.106	0.106	0.106	0.106	0.106	0.106	0.106	0.081	0.056	0.099	0.141	0.141	0.141	0.141	0.141	0.141	
0.035	0.035	0.035	0.035	0.035	0.071	0.106	0.106	0.106	0.106	0.106	0.106	0.106	0.106	0.106	0.106	0.106	0.106	0.081	0.081	0.056	0.099	0.141	0.141	0.141	0.141	0.141	0.141	
0.035	0.035	0.035	0.035	0.035	0.071	0.071	0.106	0.106	0.106	0.106	0.106	0.106	0.106	0.106	0.106	0.106	0.106	0.081	0.056	0.099	0.099	0.141	0.141	0.141	0.141	0.141	0.141	
0.035	0.035	0.035	0.035	0.035	0.035	0.071	0.106	0.106	0.106	0.106	0.106	0.106	0.106	0.106	0.106	0.106	0.106	0.081	0.056	0.099	0.141	0.141	0.141	0.141	0.141	0.141	0.141	
0.035	0.035	0.035	0.035	0.035	0.035	0.071	0.106	0.106	0.106	0.106	0.106	0.106	0.106	0.106	0.106	0.106	0.106	0.081	0.056	0.099	0.141	0.141	0.141	0.141	0.141	0.141	0.141	
0.030	0.035	0.035	0.035	0.035	0.035	0.071	0.071	0.106	0.106	0.106	0.106	0.106	0.106	0.106	0.106	0.106	0.081	0.081	0.056	0.099	0.141	0.141	0.141	0.141	0.141	0.141	0.141	
0.030	0.030	0.035	0.035	0.035	0.035	0.035	0.071	0.106	0.106	0.106	0.106	0.106	0.106	0.106	0.106	0.106	0.081	0.056	0.056	0.099	0.141	0.141	0.141	0.141	0.141	0.141	0.141	
0.025	0.030	0.030	0.035	0.035	0.035	0.035	0.071	0.071	0.106	0.106	0.106	0.106	0.106	0.106	0.106	0.106	0.081	0.056	0.056	0.099	0.141	0.141	0.141	0.141	0.141	0.141	0.141	
0.025	0.025	0.030	0.035	0.035	0.035	0.035	0.035	0.071	0.106	0.106	0.106	0.106	0.106	0.106	0.106	0.081	0.081	0.056	0.056	0.099	0.141	0.141	0.141	0.141	0.141	0.141	0.141	
0.025	0.025	0.030	0.030	0.035	0.035	0.035	0.035	0.071	0.106	0.106	0.106	0.106	0.106	0.106	0.106	0.081	0.056	0.056	0.099	0.099	0.141	0.141	0.141	0.141	0.141	0.141	0.141	
0.025	0.025	0.025	0.030	0.030	0.035	0.035	0.035	0.071	0.071	0.106	0.106	0.106	0.106	0.106	0.106	0.066	0.056	0.056	0.099	0.141	0.141	0.141	0.141	0.141	0.141	0.141	0.138	
0.025	0.025	0.025	0.025	0.030	0.030	0.035	0.035	0.035	0.071	0.106	0.106	0.106	0.106	0.106	0.071	0.066	0.056	0.056	0.099	0.141	0.141	0.141	0.141	0.141	0.138	0.138	0.138	
0.025	0.025	0.025	0.025	0.025	0.030	0.030	0.035	0.035	0.081	0.105	0.105	0.087	0.078	0.071	0.071	0.046	0.056	0.056	0.099	0.141	0.141	0.141	0.138	0.138	0.138	0.135	0.135	
0.025	0.025	0.025	0.025	0.025	0.025	0.030	0.030	0.035	0.069	0.103	0.086	0.078	0.078	0.064	0.035	0.049	0.049	0.056	0.084	0.141	0.141	0.138	0.138	0.135	0.135	0.135	0.135	
0.025	0.025	0.025	0.025	0.025	0.025	0.025	0.037	0.043	0.063	0.103	0.086	0.050	0.038	0.037	0.039	0.039	0.056	0.056	0.099	0.111	0.138	0.138	0.135	0.135	0.135	0.105	0.105	
0.025	0.025	0.025	0.025	0.025	0.025	0.013	0.025	0.050	0.086	0.086	0.086	0.089	0.062	0.068	0.025	0.040	0.056	0.056	0.056	0.082	0.135	0.135	0.135	0.142	0.120	0.120	0.075	
0.025	0.025	0.025	0.025	0.025	0.017	0.013	0.025	0.033	0.069	0.078	0.106	0.109	0.112	0.080	0.064	0.058	0.053	0.054	0.054	0.082	0.114	0.142	0.142	0.120	0.112	0.075	0.075	
0.025	0.025	0.025	0.025	0.025	0.017	0.013	0.000	0.025	0.050	0.064	0.129	0.181	0.238	0.163	0.103	0.059	0.050	0.050	0.052	0.056	0.102	0.150	0.150	0.112	0.075	0.075	0.075	
0.025	0.025	0.025	0.025	0.025	0.025	0.013	0.017	0.025	0.037	0.043	0.181	0.326	0.238	0.189	0.134	0.059	0.042	0.050	0.053	0.069	0.102	0.125	0.112	0.112	0.075	0.075	0.075	
0.025	0.025	0.025	0.025	0.025	0.025	0.025	0.025	0.025	0.030	0.035	0.181	0.490	0.418	0.465	0.150	0.025	0.038	0.050	0.050	0.075	0.100	0.125	0.108	0.075	0.075	0.075	0.075	
0.000	0.000	0.000	0.000	0.000	0.000	0.000	0.000	0.000	0.000	0.000	0.000	0.490	0.654	0.465	0.318	0.025	0.038	0.050	0.050	0.000	0.000	0.100	0.100	0.000	0.000	0.000	0.000	
0.000	0.000	0.000	0.000	0.000	0.000	0.000	0.000	0.000	0.000	0.000	0.000	0.654	0.654	0.654	0.654	0.000	0.000	0.000	0.000	0.000	0.000	0.000	0.000	0.000	0.000	0.000	0.000	
0.000	0.000	0.000	0.000	0.000	0.000	0.000	0.000	0.000	0.000	0.000	0.000	0.654	0.828	0.828	0.828	0.000	0.000	0.000	0.000	0.000	0.000	0.000	0.000	0.000	0.000	0.000	0.000	
0.000	0.000	0.000	0.000	0.000	0.000	0.000	0.000	0.000	0.000	0.000	0.000	0.828	0.828	1.001	1.001	0.000	0.000	0.000	0.000	0.000	0.000	0.000	0.000	0.000	0.000	0.000	0.000	
0.000	0.000	0.000	0.000	0.000	0.000	0.000	0.000	0.000	0.000	0.000	0.000	1.001	1.001	1.001	1.001	0.000	0.000	0.000	0.000	0.000	0.000	0.000	0.000	0.000	0.000	0.000	0.000	
