0.202	0.202	0.202	0.202	0.202	0.202	0.202	0.202	0.202	0.202	0.202	0.202	0.202	0.202	0.202	0.202	0.202	0.202	0.202	0.202	0.202	0.202	0.202	0.202	0.202	0.202	0.202	0.202	
0.202	0.202	0.202	0.202	0.202	0.202	0.202	0.202	0.202	0.202	0.202	0.202	0.202	0.202	0.202	0.202	0.202	0.202	0.202	0.202	0.202	0.202	0.202	0.202	0.202	0.202	0.202	0.202	
0.202	0.202	0.202	0.202	0.202	0.202	0.202	0.202	0.202	0.202	0.202	0.202	0.202	0.202	0.202	0.202	0.202	0.202	0.202	0.202	0.202	0.202	0.202	0.202	0.202	0.202	0.202	0.216	
0.202	0.202	0.202	0.202	0.202	0.202	0.202	0.202	0.202	0.202	0.202	0.202	0.202	0.202	0.202	0.202	0.202	0.202	0.202	0.202	0.202	0.202	0.202	0.202	0.202	0.202	0.202	0.216	
0.202	0.202	0.202	0.202	0.202	0.202	0.202	0.202	0.202	0.202	0.202	0.202	0.202	0.202	0.202	0.202	0.202	0.202	0.202	0.202	0.202	0.202	0.202	0.202	0.202	0.202	0.216	0.216	
0.202	0.202	0.202	0.202	0.202	0.202	0.202	0.202	0.202	0.202	0.202	0.202	0.202	0.202	0.202	0.202	0.202	0.202	0.202	0.202	0.202	0.202	0.202	0.202	0.202	0.202	0.216	0.230	
0.202	0.202	0.202	0.202	0.202	0.202	0.202	0.202	0.202	0.202	0.202	0.202	0.202	0.202	0.202	0.202	0.202	0.202	0.202	0.202	0.202	0.202	0.202	0.202	0.202	0.202	0.216	0.230	
0.202	0.202	0.202	0.202	0.202	0.202	0.202	0.202	0.202	0.202	0.202	0.202	0.202	0.202	0.202	0.202	0.202	0.202	0.202	0.202	0.202	0.202	0.202	0.202	0.202	0.216	0.216	0.230	
0.202	0.202	0.202	0.202	0.202	0.202	0.202	0.202	0.202	0.202	0.202	0.202	0.202	0.202	0.202	0.202	0.202	0.202	0.202	0.202	0.202	0.202	0.202	0.202	0.202	0.216	0.230	0.230	
0.202	0.202	0.202	0.202	0.202	0.202	0.202	0.202	0.202	0.202	0.202	0.202	0.202	0.202	0.202	0.202	0.202	0.202	0.202	0.202	0.202	0.202	0.202	0.202	0.216	0.216	0.230	0.216	
0.202	0.202	0.202	0.202	0.202	0.202	0.202	0.202	0.202	0.202	0.202	0.202	0.202	0.202	0.202	0.202	0.202	0.202	0.202	0.202	0.202	0.202	0.202	0.202	0.216	0.230	0.230	0.216	
0.202	0.202	0.202	0.202	0.202	0.202	0.202	0.202	0.202	0.202	0.202	0.202	0.202	0.202	0.202	0.202	0.202	0.202	0.202	0.202	0.202	0.202	0.202	0.202	0.216	0.230	0.230	0.216	
0.202	0.202	0.202	0.202	0.202	0.202	0.202	0.202	0.202	0.202	0.202	0.202	0.202	0.202	0.202	0.202	0.202	0.202	0.202	0.202	0.202	0.202	0.202	0.216	0.216	0.230	0.216	0.216	
0.202	0.202	0.202	0.202	0.202	0.202	0.202	0.202	0.202	0.202	0.202	0.202	0.202	0.202	0.202	0.202	0.202	0.202	0.202	0.202	0.202	0.202	0.202	0.216	0.230	0.230	0.216	0.202	
0.202	0.202	0.202	0.202	0.202	0.202	0.202	0.202	0.202	0.202	0.202	0.202	0.202	0.202	0.202	0.202	0.202	0.202	0.202	0.202	0.202	0.202	0.216	0.216	0.230	0.216	0.216	0.202	
0.202	0.202	0.202	0.202	0.202	0.202	0.202	0.202	0.202	0.202	0.202	0.202	0.202	0.202	0.202	0.202	0.202	0.202	0.202	0.202	0.202	0.202	0.216	0.230	0.230	0.216	0.202	0.202	
0.202	0.202	0.202	0.202	0.202	0.202	0.202	0.202	0.202	0.202	0.202	0.202	0.202	0.202	0.202	0.202	0.202	0.202	0.202	0.202	0.202	0.216	0.216	0.230	0.230	0.216	0.202	0.202	
0.214	0.202	0.202	0.202	0.202	0.202	0.202	0.202	0.202	0.202	0.202	0.202	0.202	0.202	0.202	0.202	0.202	0.202	0.202	0.202	0.202	0.216	0.230	0.230	0.216	0.216	0.202	0.202	
0.214	0.214	0.202	0.202	0.202	0.202	0.202	0.202	0.202	0.202	0.202	0.202	0.202	0.202	0.202	0.202	0.202	0.202	0.202	0.202	0.202	0.216	0.230	0.230	0.216	0.202	0.202	0.202	
0.226	0.214	0.202	0.202	0.202	0.202	0.202	0.202	0.202	0.202	0.202	0.202	0.202	0.202	0.202	0.202	0.202	0.202	0.202	0.202	0.216	0.216	0.230	0.216	0.216	0.202	0.202	0.202	
0.226	0.214	0.214	0.202	0.202	0.202	0.202	0.202	0.202	0.202	0.202	0.202	0.202	0.202	0.202	0.202	0.202	0.202	0.202	0.202	0.216	0.230	0.230	0.216	0.202	0.202	0.202	0.202	
0.226	0.226	0.214	0.202	0.202	0.202	0.202	0.202	0.202	0.202	0.202	0.202	0.202	0.202	0.202	0.202	0.202	0.202	0.202	0.216	0.216	0.230	0.230	0.216	0.202	0.202	0.202	0.202	
0.226	0.226	0.214	0.214	0.202	0.202	0.202	0.202	0.202	0.202	0.202	0.202	0.202	0.202	0.202	0.202	0.202	0.202	0.202	0.216	0.230	0.230	0.216	0.216	0.202	0.202	0.202	0.202	
0.226	0.226	0.226	0.214	0.202	0.202	0.202	0.202	0.202	0.202	0.202	0.202	0.202	0.202	0.202	0.202	0.202	0.202	0.202	0.216	0.230	0.230	0.216	0.202	0.202	0.202	0.202	0.202	
0.226	0.226	0.226	0.214	0.214	0.202	0.202	0.202	0.202	0.202	0.202	0.202	0.202	0.202	0.202	0.202	0.202	0.202	0.216	0.216	0.230	0.216	0.216	0.202	0.202	0.202	0.202	0.202	
0.226	0.226	0.226	0.226	0.214	0.202	0.202	0.202	0.202	0.202	0.202	0.202	0.202	0.202	0.202	0.202	0.202	0.202	0.216	0.230	0.230	0.216	0.202	0.202	0.202	0.202	0.202	0.202	
0.226	0.226	0.226	0.226	0.214	0.214	0.202	0.202	0.202	0.202	0.202	0.202	0.202	0.202	0.202	0.202	0.202	0.216	0.216	0.230	0.230	0.216	0.202	0.202	0.202	0.202	0.202	0.202	
0.226	0.226	0.226	0.226	0.226	0.214	0.202	0.202	0.202	0.202	0.202	0.202	0.202	0.202	0.202	0.202	0.202	0.216	0.230	0.230	0.216	0.216	0.202	0.202	0.202	0.202	0.202	0.202	
0.226	0.226	0.226	0.226	0.226	0.214	0.214	0.202	0.202	0.202	0.202	0.202	0.202	0.202	0.202	0.202	0.202	0.216	0.230	0.230	0.216	0.202	0.202	0.202	0.202	0.202	0.202	0.202	
0.226	0.226	0.226	0.226	0.226	0.226	0.214	0.202	0.202	0.202	0.202	0.202	0.202	0.202	0.202	0.202	0.216	0.216	0.230	0.216	0.216	0.202	0.202	0.202	0.202	0.202	0.202	0.214	
0.238	0.226	0.226	0.226	0.226	0.226	0.214	0.214	0.202	0.202	0.202	0.202	0.202	0.202	0.202	0.202	0.216	0.230	0.230	0.216	0.202	0.202	0.202	0.202	0.202	0.202	0.214	0.214	
0.238	0.238	0.226	0.226	0.226	0.226	0.226	0.214	0.202	0.202	0.202	0.202	0.202	0.202	0.202	0.216	0.216	0.230	0.230	0.216	0.202	0.202	0.202	0.202	0.202	0.202	0.214	0.226	
0.250	0.238	0.238	0.226	0.226	0.226	0.226	0.214	0.214	0.202	0.202	0.202	0.202	0.202	0.202	0.216	0.230	0.230	0.216	0.216	0.202	0.202	0.202	0.202	0.202	0.214	0.214	0.226	
0.250	0.250	0.238	0.238	0.226	0.226	0.226	0.226	0.214	0.214	0.202	0.202	0.202	0.202	0.202	0.216	0.230	0.230	0.216	0.202	0.202	0.202	0.202	0.202	0.214	0.214	0.226	0.226	
0.250	0.250	0.250	0.238	0.238	0.226	0.226	0.226	0.226	0.214	0.202	0.202	0.202	0.202	0.216	0.216	0.230	0.216	0.216	0.202	0.202	0.202	0.202	0.214	0.214	0.226	0.226	0.226	
0.250	0.250	0.250	0.250	0.238	0.238	0.226	0.226	0.226	0.214	0.214	0.202	0.202	0.202	0.216	0.230	0.230	0.216	0.202	0.202	0.202	0.202	0.214	0.214	0.226	0.226	0.226	0.226	
0.250	0.250	0.250	0.250	0.250	0.238	0.226	0.226	0.226	0.226	0.214	0.202	0.202	0.216	0.216	0.230	0.230	0.216	0.202	0.202	0.202	0.214	0.214	0.226	0.226	0.226	0.226	0.226	
0.250	0.250	0.250	0.250	0.250	0.238	0.238	0.226	0.226	0.226	0.214	0.193	0.177	0.195	0.230	0.230	0.216	0.216	0.202	0.202	0.214	0.214	0.226	0.226	0.226	0.226	0.226	0.226	
0.250	0.250	0.250	0.250	0.250	0.250	0.238	0.238	0.226	0.226	0.189	0.189	0.152	0.178	0.190	0.230	0.216	0.202	0.202	0.214	0.214	0.226	0.226	0.226	0.226	0.226	0.226	0.226	
0.250	0.250	0.250	0.250	0.250	0.250	0.250	0.238	0.217	0.201	0.184	0.152	0.152	0.151	0.190	0.190	0.183	0.176	0.202	0.214	0.226	0.226	0.226	0.226	0.226	0.226	0.226	0.226	
0.250	0.250	0.250	0.250	0.250	0.250	0.250	0.250	0.212	0.175	0.160	0.160	0.152	0.151	0.150	0.150	0.150	0.176	0.193	0.214	0.226	0.226	0.226	0.226	0.226	0.226	0.226	0.226	
0.216	0.216	0.216	0.216	0.216	0.216	0.216	0.216	0.202	0.175	0.164	0.152	0.152	0.143	0.139	0.142	0.142	0.150	0.188	0.226	0.226	0.226	0.226	0.226	0.226	0.226	0.153	0.153	
0.129	0.129	0.182	0.182	0.182	0.182	0.182	0.182	0.169	0.163	0.145	0.135	0.128	0.128	0.127	0.127	0.143	0.151	0.176	0.184	0.201	0.201	0.201	0.201	0.160	0.153	0.153	0.079	
0.075	0.129	0.129	0.129	0.182	0.182	0.182	0.182	0.166	0.150	0.127	0.103	0.103	0.110	0.114	0.127	0.127	0.152	0.164	0.175	0.175	0.175	0.127	0.127	0.127	0.079	0.079	0.079	
0.075	0.075	0.075	0.129	0.129	0.120	0.143	0.143	0.135	0.127	0.109	0.091	0.091	0.094	0.100	0.100	0.126	0.139	0.151	0.164	0.164	0.135	0.127	0.079	0.079	0.079	0.079	0.057	
0.065	0.075	0.075	0.075	0.075	0.089	0.089	0.103	0.103	0.103	0.091	0.079	0.079	0.112	0.129	0.128	0.112	0.125	0.111	0.152	0.152	0.116	0.079	0.079	0.079	0.079	0.057	0.057	
0.065	0.065	0.065	0.075	0.075	0.075	0.078	0.079	0.087	0.065	0.072	0.073	0.093	0.114	0.158	0.142	0.133	0.090	0.111	0.104	0.152	0.116	0.079	0.079	0.057	0.057	0.057	0.035	
0.056	0.056	0.065	0.065	0.065	0.075	0.077	0.056	0.056	0.039	0.035	0.071	0.106	0.132	0.150	0.150	0.133	0.087	0.056	0.078	0.067	0.085	0.052	0.057	0.057	0.035	0.035	0.035	
0.056	0.056	0.056	0.056	0.065	0.069	0.065	0.052	0.040	0.039	0.045	0.072	0.303	0.330	0.265	0.088	0.083	0.074	0.035	0.040	0.025	0.025	0.046	0.057	0.035	0.035	0.035	0.035	
0.056	0.056	0.056	0.056	0.056	0.065	0.075	0.050	0.025	0.025	0.050	0.075	0.401	0.727	0.381	0.088	0.067	0.025	0.025	0.025	0.025	0.025	0.030	0.035	0.035	0.035	0.035	0.035	
0.000	0.000	0.000	0.000	0.000	0.075	0.075	0.075	0.000	0.000	0.000	0.000	0.602	0.589	0.589	0.035	0.000	0.000	0.025	0.000	0.000	0.000	0.000	0.000	0.000	0.000	0.000	0.000	
0.000	0.000	0.000	0.000	0.000	0.000	0.000	0.000	0.000	0.000	0.000	0.000	1.005	1.005	0.520	0.520	0.000	0.000	0.000	0.000	0.000	0.000	0.000	0.000	0.000	0.000	0.000	0.000	
0.000	0.000	0.000	0.000	0.000	0.000	0.000	0.000	0.000	0.000	0.000	0.000	1.005	1.005	1.005	1.005	0.000	0.000	0.000	0.000	0.000	0.000	0.000	0.000	0.000	0.000	0.000	0.000	
0.000	0.000	0.000	0.000	0.000	0.000	0.000	0.000	0.000	0.000	0.000	0.000	1.005	1.005	1.005	1.005	0.000	0.000	0.000	0.000	0.000	0.000	0.000	0.000	0.000	0.000	0.000	0.000	
0.000	0.000	0.000	0.000	0.000	0.000	0.000	0.000	0.000	0.000	0.000	0.000	1.005	1.005	1.005	1.005	0.000	0.000	0.000	0.000	0.000	0.000	0.000	0.000	0.000	0.000	0.000	0.000	
