0.206	0.206	0.206	0.206	0.206	0.206	0.206	0.206	0.206	0.206	0.191	0.175	0.175	0.175	0.175	0.175	0.175	0.175	0.175	0.175	0.175	0.175	0.175	0.175	0.175	0.175	0.175	0.175	
0.206	0.206	0.206	0.206	0.206	0.206	0.206	0.206	0.206	0.206	0.191	0.175	0.175	0.175	0.175	0.175	0.175	0.175	0.175	0.175	0.175	0.175	0.175	0.175	0.175	0.175	0.175	0.175	
0.206	0.206	0.206	0.206	0.206	0.206	0.206	0.206	0.206	0.206	0.191	0.175	0.175	0.175	0.175	0.175	0.175	0.175	0.175	0.175	0.175	0.175	0.175	0.175	0.175	0.175	0.175	0.175	
0.206	0.206	0.206	0.206	0.206	0.206	0.206	0.206	0.206	0.206	0.191	0.175	0.175	0.175	0.175	0.175	0.175	0.175	0.175	0.175	0.175	0.175	0.175	0.175	0.175	0.175	0.175	0.175	
0.206	0.206	0.206	0.206	0.206	0.206	0.206	0.206	0.206	0.206	0.191	0.175	0.175	0.175	0.175	0.175	0.175	0.175	0.175	0.175	0.175	0.175	0.175	0.175	0.175	0.175	0.175	0.175	
0.206	0.206	0.206	0.206	0.206	0.206	0.206	0.206	0.206	0.206	0.191	0.175	0.175	0.175	0.175	0.175	0.175	0.175	0.175	0.175	0.175	0.175	0.175	0.175	0.175	0.175	0.175	0.175	
0.206	0.206	0.206	0.206	0.206	0.206	0.206	0.206	0.206	0.206	0.191	0.175	0.175	0.175	0.175	0.175	0.175	0.175	0.175	0.175	0.175	0.175	0.175	0.175	0.175	0.175	0.175	0.175	
0.206	0.206	0.206	0.206	0.206	0.206	0.206	0.206	0.206	0.206	0.191	0.175	0.175	0.175	0.175	0.175	0.175	0.175	0.175	0.175	0.175	0.175	0.175	0.175	0.175	0.175	0.175	0.175	
0.206	0.206	0.206	0.206	0.206	0.206	0.206	0.206	0.206	0.206	0.191	0.191	0.175	0.175	0.175	0.175	0.175	0.175	0.175	0.175	0.175	0.175	0.175	0.175	0.175	0.175	0.175	0.175	
0.206	0.206	0.206	0.206	0.206	0.206	0.206	0.206	0.206	0.206	0.206	0.191	0.175	0.175	0.175	0.175	0.175	0.175	0.175	0.175	0.175	0.175	0.175	0.175	0.175	0.175	0.175	0.175	
0.206	0.206	0.206	0.206	0.206	0.206	0.206	0.206	0.206	0.206	0.206	0.191	0.175	0.175	0.175	0.175	0.175	0.175	0.175	0.175	0.175	0.175	0.175	0.175	0.175	0.175	0.175	0.175	
0.206	0.206	0.206	0.206	0.206	0.206	0.206	0.206	0.206	0.206	0.206	0.191	0.175	0.175	0.175	0.175	0.175	0.175	0.175	0.175	0.175	0.175	0.175	0.175	0.175	0.175	0.175	0.175	
0.206	0.206	0.206	0.206	0.206	0.206	0.206	0.206	0.206	0.206	0.206	0.191	0.175	0.175	0.175	0.175	0.175	0.175	0.175	0.175	0.175	0.175	0.175	0.175	0.175	0.175	0.175	0.175	
0.206	0.206	0.206	0.206	0.206	0.206	0.206	0.206	0.206	0.206	0.206	0.191	0.175	0.175	0.175	0.175	0.175	0.175	0.175	0.175	0.175	0.175	0.175	0.175	0.175	0.175	0.175	0.175	
0.167	0.206	0.206	0.206	0.206	0.206	0.206	0.206	0.206	0.206	0.206	0.191	0.175	0.175	0.175	0.175	0.175	0.175	0.175	0.175	0.175	0.175	0.175	0.175	0.175	0.175	0.175	0.175	
0.167	0.206	0.206	0.206	0.206	0.206	0.206	0.206	0.206	0.206	0.206	0.191	0.175	0.175	0.175	0.175	0.175	0.175	0.175	0.175	0.175	0.175	0.175	0.175	0.175	0.175	0.175	0.175	
0.167	0.206	0.206	0.206	0.206	0.206	0.206	0.206	0.206	0.206	0.206	0.191	0.175	0.175	0.175	0.175	0.175	0.175	0.175	0.175	0.175	0.175	0.175	0.175	0.175	0.175	0.175	0.175	
0.167	0.167	0.206	0.206	0.206	0.206	0.206	0.206	0.206	0.206	0.206	0.191	0.175	0.175	0.175	0.175	0.175	0.175	0.175	0.175	0.175	0.175	0.175	0.175	0.175	0.175	0.175	0.175	
0.127	0.167	0.206	0.206	0.206	0.206	0.206	0.206	0.206	0.206	0.206	0.191	0.175	0.175	0.175	0.175	0.175	0.175	0.175	0.175	0.175	0.175	0.175	0.175	0.175	0.175	0.175	0.175	
0.127	0.167	0.206	0.206	0.206	0.206	0.206	0.206	0.206	0.206	0.206	0.191	0.175	0.175	0.175	0.175	0.175	0.175	0.175	0.175	0.175	0.175	0.175	0.175	0.175	0.175	0.175	0.175	
0.127	0.167	0.167	0.206	0.206	0.206	0.206	0.206	0.206	0.206	0.206	0.191	0.191	0.175	0.175	0.175	0.175	0.175	0.175	0.175	0.175	0.175	0.175	0.175	0.175	0.175	0.175	0.175	
0.127	0.127	0.167	0.206	0.206	0.206	0.206	0.206	0.206	0.206	0.206	0.206	0.191	0.175	0.175	0.175	0.175	0.175	0.175	0.175	0.175	0.175	0.175	0.175	0.175	0.175	0.175	0.175	
0.127	0.127	0.167	0.206	0.206	0.206	0.206	0.206	0.206	0.206	0.206	0.206	0.191	0.175	0.175	0.175	0.175	0.175	0.175	0.175	0.175	0.175	0.175	0.175	0.175	0.175	0.175	0.175	
0.127	0.127	0.167	0.167	0.206	0.206	0.206	0.206	0.206	0.206	0.206	0.206	0.191	0.175	0.175	0.175	0.175	0.175	0.175	0.175	0.175	0.175	0.175	0.175	0.175	0.175	0.175	0.175	
0.127	0.127	0.127	0.167	0.206	0.206	0.206	0.206	0.206	0.206	0.206	0.206	0.191	0.175	0.175	0.175	0.175	0.175	0.175	0.175	0.175	0.175	0.175	0.175	0.175	0.175	0.175	0.175	
0.127	0.127	0.127	0.167	0.167	0.206	0.206	0.206	0.206	0.206	0.206	0.206	0.191	0.175	0.175	0.175	0.175	0.175	0.175	0.175	0.175	0.175	0.175	0.175	0.175	0.175	0.175	0.175	
0.127	0.127	0.127	0.127	0.167	0.206	0.206	0.206	0.206	0.206	0.206	0.206	0.191	0.175	0.175	0.175	0.175	0.175	0.175	0.175	0.175	0.175	0.175	0.175	0.175	0.175	0.175	0.175	
0.127	0.127	0.127	0.127	0.167	0.206	0.206	0.206	0.206	0.206	0.206	0.206	0.191	0.175	0.175	0.175	0.175	0.175	0.175	0.175	0.175	0.175	0.175	0.175	0.175	0.175	0.175	0.175	
0.127	0.127	0.127	0.127	0.167	0.167	0.206	0.206	0.206	0.206	0.206	0.206	0.191	0.175	0.175	0.175	0.175	0.175	0.175	0.175	0.175	0.175	0.175	0.175	0.175	0.175	0.175	0.175	
0.127	0.127	0.127	0.127	0.127	0.167	0.206	0.206	0.206	0.206	0.206	0.206	0.191	0.175	0.175	0.175	0.175	0.175	0.175	0.175	0.175	0.175	0.175	0.175	0.175	0.175	0.175	0.175	
0.127	0.127	0.127	0.127	0.127	0.167	0.206	0.206	0.206	0.206	0.206	0.206	0.191	0.175	0.175	0.175	0.175	0.175	0.175	0.175	0.175	0.175	0.175	0.175	0.175	0.175	0.175	0.100	
0.127	0.127	0.127	0.127	0.127	0.167	0.167	0.206	0.206	0.206	0.206	0.206	0.191	0.175	0.175	0.175	0.175	0.175	0.175	0.175	0.175	0.175	0.175	0.175	0.175	0.175	0.175	0.100	
0.127	0.127	0.127	0.127	0.127	0.127	0.167	0.206	0.206	0.206	0.206	0.206	0.191	0.175	0.175	0.175	0.175	0.175	0.175	0.175	0.175	0.175	0.175	0.175	0.175	0.175	0.100	0.100	
0.127	0.127	0.127	0.127	0.127	0.127	0.167	0.206	0.206	0.206	0.206	0.206	0.191	0.191	0.175	0.175	0.175	0.175	0.175	0.175	0.175	0.175	0.175	0.175	0.175	0.175	0.100	0.025	
0.127	0.127	0.127	0.127	0.127	0.127	0.167	0.167	0.206	0.206	0.206	0.206	0.206	0.191	0.175	0.175	0.175	0.175	0.175	0.175	0.175	0.175	0.175	0.175	0.175	0.100	0.100	0.025	
0.127	0.127	0.127	0.127	0.127	0.127	0.127	0.167	0.206	0.206	0.206	0.206	0.206	0.191	0.175	0.175	0.175	0.175	0.175	0.175	0.175	0.175	0.175	0.175	0.175	0.100	0.025	0.025	
0.127	0.127	0.127	0.127	0.127	0.127	0.127	0.167	0.206	0.206	0.206	0.206	0.206	0.191	0.175	0.175	0.175	0.175	0.175	0.175	0.175	0.175	0.175	0.175	0.100	0.100	0.025	0.025	
0.127	0.127	0.127	0.127	0.127	0.127	0.127	0.167	0.167	0.206	0.206	0.206	0.206	0.191	0.175	0.175	0.175	0.175	0.175	0.175	0.175	0.175	0.175	0.175	0.100	0.025	0.025	0.025	
0.127	0.127	0.127	0.127	0.127	0.127	0.127	0.127	0.167	0.206	0.206	0.206	0.206	0.191	0.175	0.175	0.175	0.175	0.175	0.175	0.175	0.175	0.175	0.100	0.100	0.025	0.025	0.025	
0.127	0.127	0.127	0.127	0.127	0.127	0.127	0.127	0.167	0.206	0.206	0.206	0.206	0.191	0.175	0.175	0.175	0.175	0.175	0.175	0.175	0.175	0.175	0.100	0.025	0.025	0.025	0.025	
0.127	0.127	0.127	0.127	0.127	0.127	0.127	0.127	0.167	0.167	0.206	0.206	0.206	0.191	0.175	0.175	0.175	0.175	0.175	0.175	0.175	0.175	0.100	0.100	0.025	0.025	0.025	0.025	
0.127	0.127	0.127	0.127	0.127	0.127	0.127	0.127	0.127	0.167	0.206	0.206	0.206	0.191	0.175	0.175	0.175	0.175	0.175	0.175	0.175	0.175	0.100	0.025	0.025	0.025	0.025	0.025	
0.127	0.127	0.127	0.127	0.127	0.127	0.127	0.127	0.127	0.167	0.206	0.206	0.206	0.191	0.175	0.175	0.175	0.175	0.175	0.175	0.175	0.100	0.100	0.025	0.025	0.025	0.025	0.025	
0.127	0.127	0.127	0.127	0.127	0.127	0.127	0.127	0.127	0.167	0.167	0.206	0.206	0.169	0.150	0.175	0.175	0.175	0.175	0.175	0.175	0.100	0.025	0.025	0.025	0.025	0.025	0.025	
0.127	0.127	0.127	0.127	0.127	0.127	0.127	0.127	0.127	0.127	0.141	0.206	0.166	0.166	0.142	0.150	0.158	0.175	0.175	0.175	0.100	0.100	0.025	0.025	0.025	0.025	0.025	0.038	
0.064	0.127	0.127	0.127	0.127	0.127	0.127	0.127	0.115	0.107	0.141	0.140	0.140	0.125	0.125	0.125	0.142	0.151	0.115	0.115	0.085	0.025	0.025	0.025	0.025	0.025	0.038	0.038	
0.064	0.064	0.064	0.064	0.127	0.127	0.127	0.119	0.115	0.097	0.097	0.085	0.098	0.110	0.125	0.126	0.126	0.151	0.119	0.056	0.040	0.025	0.025	0.025	0.038	0.038	0.038	0.050	
0.000	0.000	0.000	0.064	0.064	0.064	0.064	0.077	0.052	0.103	0.083	0.075	0.079	0.110	0.125	0.113	0.109	0.076	0.069	0.056	0.044	0.038	0.038	0.038	0.038	0.050	0.050	0.050	
0.000	0.000	0.000	0.000	0.000	0.000	0.042	0.064	0.052	0.053	0.079	0.067	0.210	0.181	0.125	0.100	0.101	0.076	0.040	0.044	0.053	0.042	0.038	0.050	0.050	0.050	0.050	0.050	
0.000	0.000	0.000	0.000	0.000	0.000	0.000	0.000	0.000	0.028	0.056	0.158	0.210	0.233	0.386	0.100	0.075	0.050	0.025	0.038	0.050	0.050	0.050	0.050	0.050	0.050	0.050	0.050	
0.000	0.000	0.000	0.000	0.000	0.000	0.000	0.000	0.000	0.028	0.056	0.198	0.340	0.671	0.473	0.539	0.075	0.075	0.000	0.050	0.050	0.000	0.000	0.000	0.000	0.000	0.000	0.000	
0.000	0.000	0.000	0.000	0.000	0.000	0.000	0.000	0.000	0.000	0.000	0.000	0.671	0.671	1.003	1.003	0.000	0.000	0.000	0.000	0.000	0.000	0.000	0.000	0.000	0.000	0.000	0.000	
0.000	0.000	0.000	0.000	0.000	0.000	0.000	0.000	0.000	0.000	0.000	0.000	1.003	1.003	1.003	1.003	0.000	0.000	0.000	0.000	0.000	0.000	0.000	0.000	0.000	0.000	0.000	0.000	
0.000	0.000	0.000	0.000	0.000	0.000	0.000	0.000	0.000	0.000	0.000	0.000	1.003	1.003	1.003	1.003	0.000	0.000	0.000	0.000	0.000	0.000	0.000	0.000	0.000	0.000	0.000	0.000	
0.000	0.000	0.000	0.000	0.000	0.000	0.000	0.000	0.000	0.000	0.000	0.000	1.003	1.003	1.003	1.003	0.000	0.000	0.000	0.000	0.000	0.000	0.000	0.000	0.000	0.000	0.000	0.000	
