0.275	0.275	0.275	0.275	0.275	0.275	0.275	0.275	0.275	0.275	0.275	0.275	0.275	0.275	0.275	0.275	0.275	0.275	0.275	0.275	0.275	0.275	0.275	0.275	0.275	0.275	0.275	0.275	
0.275	0.275	0.275	0.275	0.275	0.275	0.275	0.275	0.275	0.275	0.275	0.275	0.275	0.275	0.275	0.275	0.275	0.275	0.275	0.275	0.275	0.275	0.275	0.275	0.275	0.275	0.275	0.275	
0.275	0.275	0.275	0.275	0.275	0.275	0.275	0.275	0.275	0.275	0.275	0.275	0.275	0.275	0.275	0.275	0.275	0.275	0.275	0.275	0.275	0.275	0.275	0.275	0.275	0.275	0.275	0.275	
0.275	0.275	0.275	0.275	0.275	0.275	0.275	0.275	0.275	0.275	0.275	0.275	0.275	0.275	0.275	0.275	0.275	0.275	0.275	0.275	0.275	0.275	0.275	0.275	0.275	0.275	0.275	0.275	
0.338	0.275	0.275	0.275	0.275	0.275	0.275	0.275	0.275	0.275	0.275	0.275	0.275	0.275	0.275	0.275	0.275	0.275	0.275	0.275	0.275	0.275	0.275	0.275	0.275	0.275	0.275	0.275	
0.338	0.275	0.275	0.275	0.275	0.275	0.275	0.275	0.275	0.275	0.275	0.275	0.275	0.275	0.275	0.275	0.275	0.275	0.275	0.275	0.275	0.275	0.275	0.275	0.275	0.275	0.275	0.275	
0.338	0.275	0.275	0.275	0.275	0.275	0.275	0.275	0.275	0.275	0.275	0.275	0.275	0.275	0.275	0.275	0.275	0.275	0.275	0.275	0.275	0.275	0.275	0.275	0.275	0.275	0.275	0.275	
0.338	0.338	0.275	0.275	0.275	0.275	0.275	0.275	0.275	0.275	0.275	0.275	0.275	0.275	0.275	0.275	0.275	0.275	0.275	0.275	0.275	0.275	0.275	0.275	0.275	0.275	0.275	0.275	
0.400	0.338	0.275	0.275	0.275	0.275	0.275	0.275	0.275	0.275	0.275	0.275	0.275	0.275	0.275	0.275	0.275	0.275	0.275	0.275	0.275	0.275	0.275	0.275	0.275	0.275	0.275	0.275	
0.400	0.338	0.275	0.275	0.275	0.275	0.275	0.275	0.275	0.275	0.275	0.275	0.275	0.275	0.275	0.275	0.275	0.275	0.275	0.275	0.275	0.275	0.275	0.275	0.275	0.275	0.275	0.275	
0.400	0.338	0.338	0.275	0.275	0.275	0.275	0.275	0.275	0.275	0.275	0.275	0.275	0.275	0.275	0.275	0.275	0.275	0.275	0.275	0.275	0.275	0.275	0.275	0.275	0.275	0.275	0.275	
0.400	0.400	0.338	0.275	0.275	0.275	0.275	0.275	0.275	0.275	0.275	0.275	0.275	0.275	0.275	0.275	0.275	0.275	0.275	0.275	0.275	0.275	0.275	0.275	0.275	0.275	0.275	0.275	
0.400	0.400	0.338	0.275	0.275	0.275	0.275	0.275	0.275	0.275	0.275	0.275	0.275	0.275	0.275	0.275	0.275	0.275	0.275	0.275	0.275	0.275	0.275	0.275	0.275	0.275	0.275	0.275	
0.400	0.400	0.338	0.338	0.275	0.275	0.275	0.275	0.275	0.275	0.275	0.275	0.275	0.275	0.275	0.275	0.275	0.275	0.275	0.275	0.275	0.275	0.275	0.275	0.275	0.275	0.275	0.275	
0.400	0.400	0.400	0.338	0.275	0.275	0.275	0.275	0.275	0.275	0.275	0.275	0.275	0.275	0.275	0.275	0.275	0.275	0.275	0.275	0.275	0.275	0.275	0.275	0.275	0.275	0.275	0.263	
0.400	0.400	0.400	0.338	0.338	0.275	0.275	0.275	0.275	0.275	0.275	0.275	0.275	0.275	0.275	0.275	0.275	0.275	0.275	0.275	0.275	0.275	0.275	0.275	0.275	0.275	0.275	0.263	
0.400	0.400	0.400	0.400	0.338	0.275	0.275	0.275	0.275	0.275	0.275	0.275	0.275	0.275	0.275	0.275	0.275	0.275	0.275	0.275	0.275	0.275	0.275	0.275	0.275	0.275	0.263	0.263	
0.400	0.400	0.400	0.400	0.338	0.275	0.275	0.275	0.275	0.275	0.275	0.275	0.275	0.275	0.275	0.275	0.275	0.275	0.275	0.275	0.275	0.275	0.275	0.275	0.275	0.263	0.263	0.313	
0.400	0.400	0.400	0.400	0.338	0.338	0.275	0.275	0.275	0.275	0.275	0.275	0.275	0.275	0.275	0.275	0.275	0.275	0.275	0.275	0.275	0.275	0.275	0.275	0.275	0.263	0.251	0.313	
0.400	0.400	0.400	0.400	0.400	0.338	0.275	0.275	0.275	0.275	0.275	0.275	0.275	0.275	0.275	0.275	0.275	0.275	0.275	0.275	0.275	0.275	0.275	0.275	0.263	0.263	0.313	0.313	
0.400	0.400	0.400	0.400	0.400	0.338	0.275	0.275	0.275	0.275	0.275	0.275	0.275	0.275	0.275	0.275	0.275	0.275	0.275	0.275	0.275	0.275	0.275	0.275	0.263	0.251	0.313	0.375	
0.400	0.400	0.400	0.400	0.400	0.338	0.338	0.275	0.275	0.275	0.275	0.275	0.275	0.275	0.275	0.275	0.275	0.275	0.275	0.275	0.275	0.275	0.275	0.263	0.263	0.251	0.313	0.375	
0.400	0.400	0.400	0.400	0.400	0.400	0.338	0.275	0.275	0.275	0.275	0.275	0.275	0.275	0.275	0.275	0.275	0.275	0.275	0.275	0.275	0.275	0.275	0.263	0.251	0.313	0.313	0.375	
0.400	0.400	0.400	0.400	0.400	0.400	0.338	0.275	0.275	0.275	0.275	0.275	0.275	0.275	0.275	0.275	0.275	0.275	0.275	0.275	0.275	0.275	0.263	0.263	0.251	0.313	0.375	0.375	
0.400	0.400	0.400	0.400	0.400	0.400	0.338	0.338	0.275	0.275	0.275	0.275	0.275	0.275	0.275	0.275	0.275	0.275	0.275	0.275	0.275	0.275	0.263	0.251	0.313	0.313	0.375	0.375	
0.400	0.400	0.400	0.400	0.400	0.400	0.400	0.338	0.275	0.275	0.275	0.275	0.275	0.275	0.275	0.275	0.275	0.275	0.275	0.275	0.275	0.263	0.263	0.251	0.313	0.375	0.375	0.375	
0.400	0.400	0.400	0.400	0.400	0.400	0.400	0.338	0.338	0.275	0.275	0.275	0.275	0.275	0.275	0.275	0.275	0.275	0.275	0.275	0.275	0.263	0.251	0.313	0.313	0.375	0.375	0.375	
0.400	0.400	0.400	0.400	0.400	0.400	0.400	0.400	0.338	0.275	0.275	0.275	0.275	0.275	0.275	0.275	0.275	0.275	0.275	0.275	0.263	0.263	0.251	0.313	0.375	0.375	0.375	0.375	
0.400	0.400	0.400	0.400	0.400	0.400	0.400	0.400	0.338	0.275	0.275	0.275	0.275	0.275	0.275	0.275	0.275	0.275	0.275	0.275	0.263	0.251	0.313	0.313	0.375	0.375	0.375	0.375	
0.401	0.400	0.400	0.400	0.400	0.400	0.400	0.400	0.338	0.338	0.275	0.275	0.275	0.275	0.275	0.275	0.275	0.275	0.275	0.263	0.263	0.251	0.313	0.375	0.375	0.375	0.375	0.375	
0.401	0.401	0.400	0.400	0.400	0.400	0.400	0.400	0.400	0.338	0.275	0.275	0.275	0.275	0.275	0.275	0.275	0.275	0.275	0.263	0.251	0.313	0.313	0.375	0.375	0.375	0.375	0.375	
0.401	0.401	0.401	0.400	0.400	0.400	0.400	0.400	0.400	0.338	0.275	0.275	0.275	0.275	0.275	0.275	0.275	0.275	0.263	0.263	0.251	0.313	0.375	0.375	0.375	0.375	0.375	0.375	
0.401	0.401	0.401	0.401	0.400	0.400	0.400	0.400	0.400	0.338	0.338	0.275	0.275	0.275	0.275	0.275	0.275	0.275	0.263	0.251	0.313	0.313	0.375	0.375	0.375	0.375	0.375	0.375	
0.401	0.401	0.401	0.401	0.401	0.400	0.400	0.400	0.400	0.400	0.338	0.275	0.275	0.275	0.275	0.275	0.275	0.263	0.263	0.251	0.313	0.375	0.375	0.375	0.375	0.375	0.375	0.375	
0.401	0.401	0.401	0.401	0.401	0.400	0.400	0.400	0.400	0.400	0.338	0.275	0.275	0.275	0.275	0.275	0.263	0.263	0.251	0.251	0.313	0.375	0.375	0.375	0.375	0.375	0.375	0.375	
0.401	0.401	0.401	0.401	0.401	0.401	0.400	0.400	0.400	0.400	0.338	0.300	0.251	0.275	0.275	0.275	0.263	0.251	0.251	0.313	0.313	0.375	0.375	0.375	0.375	0.375	0.375	0.375	
0.401	0.401	0.401	0.401	0.401	0.401	0.401	0.400	0.400	0.400	0.313	0.313	0.251	0.259	0.275	0.263	0.263	0.251	0.251	0.313	0.375	0.375	0.375	0.375	0.375	0.375	0.375	0.375	
0.401	0.401	0.401	0.401	0.401	0.401	0.401	0.401	0.367	0.350	0.309	0.226	0.226	0.250	0.262	0.259	0.251	0.251	0.313	0.313	0.375	0.375	0.375	0.375	0.375	0.375	0.375	0.375	
0.401	0.401	0.401	0.401	0.401	0.401	0.401	0.350	0.350	0.300	0.239	0.239	0.208	0.222	0.250	0.250	0.234	0.226	0.276	0.375	0.375	0.375	0.375	0.375	0.375	0.375	0.375	0.375	
0.365	0.365	0.365	0.365	0.365	0.365	0.365	0.343	0.314	0.300	0.245	0.190	0.190	0.206	0.213	0.226	0.226	0.202	0.288	0.293	0.338	0.338	0.375	0.375	0.375	0.375	0.375	0.375	
0.329	0.329	0.329	0.329	0.329	0.329	0.329	0.329	0.269	0.238	0.222	0.190	0.190	0.184	0.213	0.209	0.177	0.202	0.251	0.251	0.301	0.338	0.338	0.338	0.338	0.338	0.338	0.338	
0.329	0.329	0.329	0.329	0.329	0.329	0.329	0.329	0.253	0.177	0.172	0.172	0.172	0.172	0.177	0.164	0.177	0.177	0.218	0.301	0.301	0.301	0.301	0.301	0.301	0.301	0.301	0.213	
0.277	0.277	0.277	0.277	0.277	0.277	0.277	0.244	0.244	0.177	0.163	0.150	0.150	0.159	0.163	0.160	0.152	0.152	0.227	0.301	0.301	0.301	0.301	0.301	0.213	0.213	0.213	0.213	
0.228	0.228	0.225	0.225	0.225	0.225	0.225	0.225	0.184	0.163	0.159	0.142	0.138	0.142	0.150	0.143	0.143	0.140	0.201	0.263	0.263	0.263	0.217	0.217	0.213	0.125	0.125	0.114	
0.165	0.228	0.228	0.228	0.228	0.228	0.225	0.225	0.187	0.150	0.155	0.155	0.125	0.133	0.138	0.134	0.127	0.127	0.176	0.225	0.225	0.175	0.175	0.125	0.125	0.125	0.114	0.114	
0.165	0.165	0.165	0.230	0.230	0.228	0.228	0.187	0.160	0.149	0.170	0.135	0.108	0.123	0.125	0.126	0.117	0.114	0.151	0.162	0.175	0.175	0.125	0.125	0.114	0.114	0.114	0.103	
0.100	0.100	0.165	0.165	0.230	0.230	0.230	0.168	0.106	0.148	0.190	0.140	0.090	0.108	0.072	0.102	0.108	0.100	0.100	0.144	0.158	0.125	0.125	0.114	0.114	0.103	0.103	0.103	
0.100	0.100	0.100	0.165	0.165	0.165	0.140	0.129	0.106	0.141	0.181	0.194	0.130	0.045	0.074	0.068	0.090	0.076	0.113	0.113	0.108	0.100	0.114	0.114	0.103	0.103	0.103	0.103	
0.100	0.100	0.100	0.100	0.100	0.165	0.127	0.078	0.095	0.117	0.214	0.301	0.112	0.028	0.018	0.038	0.040	0.068	0.062	0.100	0.100	0.100	0.101	0.103	0.103	0.103	0.103	0.103	
0.100	0.100	0.100	0.100	0.100	0.100	0.075	0.050	0.089	0.127	0.214	0.161	0.178	0.030	0.030	0.038	0.038	0.000	0.062	0.067	0.075	0.075	0.089	0.103	0.103	0.103	0.103	0.103	
0.000	0.000	0.000	0.000	0.000	0.000	0.000	0.000	0.000	0.127	0.127	0.092	0.056	0.046	0.035	0.035	0.000	0.000	0.000	0.000	0.000	0.000	0.000	0.000	0.000	0.000	0.000	0.000	
0.000	0.000	0.000	0.000	0.000	0.000	0.000	0.000	0.000	0.000	0.000	0.000	0.056	0.046	0.035	0.035	0.000	0.000	0.000	0.000	0.000	0.000	0.000	0.000	0.000	0.000	0.000	0.000	
0.000	0.000	0.000	0.000	0.000	0.000	0.000	0.000	0.000	0.000	0.000	0.000	0.056	0.046	0.035	0.035	0.000	0.000	0.000	0.000	0.000	0.000	0.000	0.000	0.000	0.000	0.000	0.000	
0.000	0.000	0.000	0.000	0.000	0.000	0.000	0.000	0.000	0.000	0.000	0.000	0.056	0.046	0.035	0.035	0.000	0.000	0.000	0.000	0.000	0.000	0.000	0.000	0.000	0.000	0.000	0.000	
0.000	0.000	0.000	0.000	0.000	0.000	0.000	0.000	0.000	0.000	0.000	0.000	0.056	0.046	0.035	0.035	0.000	0.000	0.000	0.000	0.000	0.000	0.000	0.000	0.000	0.000	0.000	0.000	
