0.500	0.500	0.500	0.539	0.577	0.577	0.577	0.577	0.577	0.577	0.577	0.577	0.577	0.577	0.577	0.577	0.577	0.577	0.577	0.577	0.577	0.577	0.577	0.577	0.577	0.577	0.589	0.601	
0.500	0.500	0.500	0.539	0.577	0.577	0.577	0.577	0.577	0.577	0.577	0.577	0.577	0.577	0.577	0.577	0.577	0.577	0.577	0.577	0.577	0.577	0.577	0.577	0.577	0.589	0.589	0.601	
0.500	0.500	0.500	0.539	0.539	0.577	0.577	0.577	0.577	0.577	0.577	0.577	0.577	0.577	0.577	0.577	0.577	0.577	0.577	0.577	0.577	0.577	0.577	0.577	0.577	0.589	0.601	0.601	
0.500	0.500	0.500	0.500	0.539	0.577	0.577	0.577	0.577	0.577	0.577	0.577	0.577	0.577	0.577	0.577	0.577	0.577	0.577	0.577	0.577	0.577	0.577	0.577	0.577	0.589	0.601	0.601	
0.500	0.500	0.500	0.500	0.539	0.577	0.577	0.577	0.577	0.577	0.577	0.577	0.577	0.577	0.577	0.577	0.577	0.577	0.577	0.577	0.577	0.577	0.577	0.577	0.589	0.589	0.601	0.601	
0.500	0.500	0.500	0.500	0.539	0.577	0.577	0.577	0.577	0.577	0.577	0.577	0.577	0.577	0.577	0.577	0.577	0.577	0.577	0.577	0.577	0.577	0.577	0.577	0.589	0.601	0.601	0.601	
0.500	0.500	0.500	0.500	0.539	0.539	0.577	0.577	0.577	0.577	0.577	0.577	0.577	0.577	0.577	0.577	0.577	0.577	0.577	0.577	0.577	0.577	0.577	0.577	0.589	0.601	0.601	0.601	
0.500	0.500	0.500	0.500	0.500	0.539	0.577	0.577	0.577	0.577	0.577	0.577	0.577	0.577	0.577	0.577	0.577	0.577	0.577	0.577	0.577	0.577	0.577	0.577	0.589	0.601	0.601	0.601	
0.500	0.500	0.500	0.500	0.500	0.539	0.577	0.577	0.577	0.577	0.577	0.577	0.577	0.577	0.577	0.577	0.577	0.577	0.577	0.577	0.577	0.577	0.577	0.589	0.589	0.601	0.601	0.601	
0.500	0.500	0.500	0.500	0.500	0.539	0.577	0.577	0.577	0.577	0.577	0.577	0.577	0.577	0.577	0.577	0.577	0.577	0.577	0.577	0.577	0.577	0.577	0.589	0.601	0.601	0.601	0.601	
0.500	0.500	0.500	0.500	0.500	0.539	0.539	0.577	0.577	0.577	0.577	0.577	0.577	0.577	0.577	0.577	0.577	0.577	0.577	0.577	0.577	0.577	0.577	0.589	0.601	0.601	0.601	0.601	
0.500	0.500	0.500	0.500	0.500	0.500	0.539	0.577	0.577	0.577	0.577	0.577	0.577	0.577	0.577	0.577	0.577	0.577	0.577	0.577	0.577	0.577	0.589	0.589	0.601	0.601	0.601	0.601	
0.500	0.500	0.500	0.500	0.500	0.500	0.539	0.577	0.577	0.577	0.577	0.577	0.577	0.577	0.577	0.577	0.577	0.577	0.577	0.577	0.577	0.577	0.589	0.601	0.601	0.601	0.601	0.601	
0.500	0.500	0.500	0.500	0.500	0.500	0.539	0.577	0.577	0.577	0.577	0.577	0.577	0.577	0.577	0.577	0.577	0.577	0.577	0.577	0.577	0.577	0.589	0.601	0.601	0.601	0.601	0.601	
0.500	0.500	0.500	0.500	0.500	0.500	0.539	0.539	0.577	0.577	0.577	0.577	0.577	0.577	0.577	0.577	0.577	0.577	0.577	0.577	0.577	0.589	0.589	0.601	0.601	0.601	0.601	0.601	
0.500	0.500	0.500	0.500	0.500	0.500	0.500	0.539	0.577	0.577	0.577	0.577	0.577	0.577	0.577	0.577	0.577	0.577	0.577	0.577	0.577	0.589	0.601	0.601	0.601	0.601	0.601	0.601	
0.500	0.500	0.500	0.500	0.500	0.500	0.500	0.539	0.577	0.577	0.577	0.577	0.577	0.577	0.577	0.577	0.577	0.577	0.577	0.577	0.577	0.589	0.601	0.601	0.601	0.601	0.601	0.601	
0.500	0.500	0.500	0.500	0.500	0.500	0.500	0.539	0.577	0.577	0.577	0.577	0.577	0.577	0.577	0.577	0.577	0.577	0.577	0.577	0.577	0.589	0.601	0.601	0.601	0.601	0.601	0.601	
0.500	0.500	0.500	0.500	0.500	0.500	0.500	0.539	0.539	0.577	0.577	0.577	0.577	0.577	0.577	0.577	0.577	0.577	0.577	0.577	0.589	0.589	0.601	0.601	0.601	0.601	0.601	0.601	
0.514	0.500	0.500	0.500	0.500	0.500	0.500	0.500	0.539	0.577	0.577	0.577	0.577	0.577	0.577	0.577	0.577	0.577	0.577	0.577	0.589	0.601	0.601	0.601	0.601	0.601	0.601	0.601	
0.514	0.514	0.500	0.500	0.500	0.500	0.500	0.500	0.539	0.577	0.577	0.577	0.577	0.577	0.577	0.577	0.577	0.577	0.577	0.577	0.589	0.601	0.601	0.601	0.601	0.601	0.601	0.601	
0.527	0.514	0.514	0.500	0.500	0.500	0.500	0.500	0.539	0.539	0.577	0.577	0.577	0.577	0.577	0.577	0.577	0.577	0.577	0.589	0.589	0.601	0.601	0.601	0.601	0.601	0.601	0.601	
0.527	0.527	0.514	0.500	0.500	0.500	0.500	0.500	0.500	0.539	0.577	0.577	0.577	0.577	0.577	0.577	0.577	0.577	0.577	0.589	0.601	0.601	0.601	0.601	0.601	0.601	0.601	0.601	
0.527	0.527	0.514	0.514	0.500	0.500	0.500	0.500	0.500	0.539	0.577	0.577	0.577	0.577	0.577	0.577	0.577	0.577	0.577	0.589	0.601	0.601	0.601	0.601	0.601	0.601	0.601	0.601	
0.527	0.527	0.527	0.514	0.514	0.500	0.500	0.500	0.500	0.539	0.577	0.577	0.577	0.577	0.577	0.577	0.577	0.577	0.589	0.589	0.601	0.601	0.601	0.601	0.601	0.601	0.601	0.601	
0.527	0.527	0.527	0.527	0.514	0.514	0.500	0.500	0.500	0.539	0.539	0.577	0.577	0.577	0.577	0.577	0.577	0.577	0.589	0.601	0.601	0.601	0.601	0.601	0.601	0.601	0.601	0.601	
0.527	0.527	0.527	0.527	0.527	0.514	0.500	0.500	0.500	0.500	0.539	0.577	0.577	0.577	0.577	0.577	0.577	0.577	0.589	0.601	0.601	0.601	0.601	0.601	0.601	0.601	0.601	0.601	
0.527	0.527	0.527	0.527	0.527	0.514	0.514	0.500	0.500	0.500	0.539	0.577	0.577	0.577	0.577	0.577	0.577	0.551	0.568	0.601	0.601	0.601	0.601	0.601	0.601	0.601	0.601	0.601	
0.527	0.527	0.527	0.527	0.527	0.527	0.514	0.514	0.500	0.500	0.539	0.577	0.577	0.577	0.577	0.577	0.551	0.551	0.563	0.601	0.601	0.601	0.601	0.601	0.601	0.601	0.601	0.601	
0.527	0.527	0.527	0.527	0.527	0.527	0.527	0.514	0.514	0.500	0.539	0.539	0.577	0.577	0.577	0.551	0.551	0.526	0.563	0.601	0.601	0.601	0.601	0.601	0.601	0.601	0.601	0.601	
0.527	0.527	0.527	0.527	0.527	0.527	0.527	0.527	0.484	0.463	0.459	0.509	0.514	0.535	0.513	0.534	0.526	0.526	0.563	0.601	0.601	0.601	0.601	0.601	0.601	0.601	0.601	0.601	
0.527	0.527	0.527	0.527	0.527	0.527	0.527	0.477	0.477	0.426	0.438	0.450	0.450	0.475	0.475	0.513	0.513	0.526	0.563	0.601	0.601	0.601	0.601	0.601	0.601	0.601	0.601	0.601	
0.527	0.527	0.527	0.527	0.527	0.490	0.490	0.469	0.426	0.426	0.438	0.438	0.450	0.475	0.501	0.501	0.513	0.484	0.519	0.551	0.563	0.563	0.563	0.563	0.563	0.563	0.563	0.563	
0.490	0.490	0.490	0.490	0.490	0.490	0.453	0.439	0.439	0.426	0.401	0.417	0.450	0.475	0.501	0.463	0.463	0.463	0.475	0.526	0.526	0.526	0.526	0.526	0.526	0.526	0.526	0.563	
0.453	0.453	0.453	0.453	0.453	0.453	0.453	0.453	0.439	0.418	0.401	0.413	0.413	0.438	0.450	0.463	0.425	0.425	0.475	0.526	0.526	0.526	0.526	0.526	0.526	0.526	0.526	0.526	
0.453	0.453	0.453	0.453	0.453	0.453	0.453	0.453	0.453	0.393	0.376	0.376	0.400	0.400	0.450	0.425	0.425	0.425	0.475	0.526	0.526	0.526	0.526	0.526	0.526	0.526	0.526	0.526	
0.453	0.453	0.453	0.453	0.453	0.453	0.453	0.402	0.402	0.393	0.363	0.376	0.400	0.425	0.425	0.392	0.392	0.375	0.438	0.501	0.501	0.501	0.501	0.501	0.501	0.501	0.526	0.526	
0.376	0.376	0.376	0.376	0.376	0.376	0.368	0.402	0.351	0.351	0.343	0.338	0.367	0.363	0.425	0.375	0.325	0.325	0.400	0.476	0.476	0.476	0.476	0.476	0.476	0.501	0.501	0.501	
0.300	0.300	0.300	0.300	0.300	0.300	0.325	0.325	0.351	0.351	0.326	0.301	0.301	0.360	0.368	0.368	0.325	0.325	0.400	0.476	0.476	0.476	0.476	0.476	0.476	0.476	0.476	0.476	
0.300	0.300	0.300	0.300	0.300	0.300	0.300	0.325	0.301	0.301	0.301	0.301	0.301	0.327	0.354	0.339	0.339	0.325	0.400	0.476	0.476	0.476	0.476	0.476	0.476	0.476	0.476	0.476	
0.300	0.300	0.300	0.300	0.300	0.300	0.300	0.300	0.276	0.251	0.276	0.259	0.293	0.293	0.354	0.307	0.313	0.293	0.422	0.550	0.550	0.550	0.550	0.550	0.550	0.550	0.550	0.550	
0.300	0.300	0.300	0.300	0.300	0.300	0.263	0.263	0.259	0.251	0.251	0.238	0.225	0.289	0.260	0.272	0.261	0.261	0.443	0.625	0.625	0.625	0.625	0.625	0.625	0.625	0.625	0.625	
0.263	0.263	0.263	0.263	0.263	0.263	0.263	0.226	0.226	0.226	0.225	0.225	0.225	0.213	0.260	0.231	0.231	0.231	0.363	0.625	0.625	0.625	0.625	0.625	0.625	0.401	0.401	0.401	
0.263	0.226	0.226	0.226	0.226	0.226	0.226	0.226	0.213	0.200	0.200	0.200	0.200	0.201	0.202	0.202	0.221	0.231	0.413	0.413	0.625	0.625	0.625	0.401	0.401	0.401	0.177	0.177	
0.263	0.226	0.226	0.226	0.226	0.213	0.213	0.213	0.209	0.200	0.200	0.188	0.175	0.188	0.173	0.171	0.182	0.202	0.202	0.413	0.334	0.401	0.401	0.401	0.177	0.177	0.177	0.177	
0.263	0.263	0.242	0.242	0.213	0.213	0.200	0.200	0.200	0.184	0.176	0.176	0.162	0.168	0.170	0.141	0.171	0.173	0.189	0.189	0.295	0.177	0.177	0.177	0.177	0.177	0.177	0.177	
0.300	0.300	0.300	0.250	0.250	0.250	0.200	0.200	0.365	0.294	0.152	0.139	0.153	0.160	0.151	0.141	0.116	0.136	0.177	0.177	0.177	0.177	0.177	0.177	0.177	0.177	0.177	0.177	
0.300	0.300	0.300	0.300	0.300	0.250	0.343	0.343	0.365	0.244	0.109	0.139	0.143	0.143	0.131	0.116	0.116	0.106	0.113	0.113	0.135	0.177	0.177	0.177	0.177	0.177	0.177	0.177	
0.300	0.300	0.300	0.300	0.300	0.300	0.300	0.415	0.530	0.290	0.087	0.087	0.090	0.099	0.091	0.073	0.070	0.070	0.092	0.113	0.113	0.113	0.177	0.177	0.177	0.177	0.177	0.177	
0.300	0.300	0.300	0.300	0.300	0.300	0.300	0.415	0.290	0.290	0.050	0.077	0.090	0.056	0.056	0.073	0.065	0.050	0.050	0.050	0.050	0.113	0.113	0.113	0.177	0.177	0.177	0.177	
0.000	0.300	0.300	0.300	0.300	0.300	0.300	0.300	0.290	0.050	0.050	0.053	0.056	0.056	0.056	0.056	0.053	0.050	0.050	0.050	0.000	0.000	0.000	0.000	0.000	0.000	0.000	0.000	
0.000	0.000	0.000	0.000	0.000	0.000	0.000	0.000	0.000	0.000	0.000	0.000	0.056	0.056	0.372	0.056	0.000	0.000	0.000	0.000	0.000	0.000	0.000	0.000	0.000	0.000	0.000	0.000	
0.000	0.000	0.000	0.000	0.000	0.000	0.000	0.000	0.000	0.000	0.000	0.000	0.530	0.530	0.372	0.530	0.000	0.000	0.000	0.000	0.000	0.000	0.000	0.000	0.000	0.000	0.000	0.000	
0.000	0.000	0.000	0.000	0.000	0.000	0.000	0.000	0.000	0.000	0.000	0.000	1.005	1.005	1.005	1.005	0.000	0.000	0.000	0.000	0.000	0.000	0.000	0.000	0.000	0.000	0.000	0.000	
0.000	0.000	0.000	0.000	0.000	0.000	0.000	0.000	0.000	0.000	0.000	0.000	1.005	1.005	1.005	1.005	0.000	0.000	0.000	0.000	0.000	0.000	0.000	0.000	0.000	0.000	0.000	0.000	
