0.000	0.000	0.000	0.000	0.000	0.000	0.000	0.000	0.000	0.000	0.076	0.152	0.152	0.152	0.152	0.152	0.152	0.152	0.089	0.025	0.025	0.025	0.025	0.025	0.025	0.025	0.025	0.025	
0.000	0.000	0.000	0.000	0.000	0.000	0.000	0.000	0.000	0.000	0.076	0.152	0.152	0.152	0.152	0.152	0.152	0.152	0.089	0.025	0.025	0.025	0.025	0.025	0.025	0.025	0.025	0.025	
0.000	0.000	0.000	0.000	0.000	0.000	0.000	0.000	0.000	0.000	0.076	0.152	0.152	0.152	0.152	0.152	0.152	0.152	0.089	0.025	0.025	0.025	0.025	0.025	0.025	0.025	0.025	0.025	
0.000	0.000	0.000	0.000	0.000	0.000	0.000	0.000	0.000	0.000	0.076	0.152	0.152	0.152	0.152	0.152	0.152	0.152	0.089	0.025	0.025	0.025	0.025	0.025	0.025	0.025	0.025	0.025	
0.000	0.000	0.000	0.000	0.000	0.000	0.000	0.000	0.000	0.000	0.076	0.076	0.152	0.152	0.152	0.152	0.152	0.152	0.089	0.025	0.025	0.025	0.025	0.025	0.025	0.025	0.025	0.025	
0.000	0.000	0.000	0.000	0.000	0.000	0.000	0.000	0.000	0.000	0.000	0.076	0.152	0.152	0.152	0.152	0.152	0.152	0.089	0.025	0.025	0.025	0.025	0.025	0.025	0.025	0.025	0.025	
0.000	0.000	0.000	0.000	0.000	0.000	0.000	0.000	0.000	0.000	0.000	0.076	0.152	0.152	0.152	0.152	0.152	0.152	0.089	0.025	0.025	0.025	0.025	0.025	0.025	0.025	0.025	0.025	
0.000	0.000	0.000	0.000	0.000	0.000	0.000	0.000	0.000	0.000	0.000	0.076	0.152	0.152	0.152	0.152	0.152	0.152	0.089	0.025	0.025	0.025	0.025	0.025	0.025	0.025	0.025	0.025	
0.000	0.000	0.000	0.000	0.000	0.000	0.000	0.000	0.000	0.000	0.000	0.076	0.152	0.152	0.152	0.152	0.152	0.152	0.089	0.025	0.025	0.025	0.025	0.025	0.025	0.025	0.025	0.025	
0.000	0.000	0.000	0.000	0.000	0.000	0.000	0.000	0.000	0.000	0.000	0.076	0.152	0.152	0.152	0.152	0.152	0.152	0.089	0.025	0.025	0.025	0.025	0.025	0.025	0.025	0.025	0.025	
0.000	0.000	0.000	0.000	0.000	0.000	0.000	0.000	0.000	0.000	0.000	0.076	0.152	0.152	0.152	0.152	0.152	0.152	0.089	0.025	0.025	0.025	0.025	0.025	0.025	0.025	0.025	0.025	
0.000	0.000	0.000	0.000	0.000	0.000	0.000	0.000	0.000	0.000	0.000	0.076	0.152	0.152	0.152	0.152	0.152	0.152	0.089	0.025	0.025	0.025	0.025	0.025	0.025	0.025	0.025	0.025	
0.000	0.000	0.000	0.000	0.000	0.000	0.000	0.000	0.000	0.000	0.000	0.076	0.152	0.152	0.152	0.152	0.152	0.152	0.089	0.025	0.025	0.025	0.025	0.025	0.025	0.025	0.025	0.025	
0.000	0.000	0.000	0.000	0.000	0.000	0.000	0.000	0.000	0.000	0.000	0.076	0.152	0.152	0.152	0.152	0.152	0.152	0.089	0.025	0.025	0.025	0.025	0.025	0.025	0.025	0.025	0.025	
0.000	0.000	0.000	0.000	0.000	0.000	0.000	0.000	0.000	0.000	0.000	0.076	0.152	0.152	0.152	0.152	0.152	0.089	0.089	0.025	0.025	0.025	0.025	0.025	0.025	0.025	0.025	0.025	
0.000	0.000	0.000	0.000	0.000	0.000	0.000	0.000	0.000	0.000	0.000	0.076	0.152	0.152	0.152	0.152	0.152	0.089	0.025	0.025	0.025	0.025	0.025	0.025	0.025	0.025	0.025	0.025	
0.000	0.000	0.000	0.000	0.000	0.000	0.000	0.000	0.000	0.000	0.000	0.076	0.152	0.152	0.152	0.152	0.152	0.089	0.025	0.025	0.025	0.025	0.025	0.025	0.025	0.025	0.025	0.025	
0.000	0.000	0.000	0.000	0.000	0.000	0.000	0.000	0.000	0.000	0.000	0.076	0.152	0.152	0.152	0.152	0.152	0.089	0.025	0.025	0.025	0.025	0.025	0.025	0.025	0.025	0.025	0.025	
0.000	0.000	0.000	0.000	0.000	0.000	0.000	0.000	0.000	0.000	0.000	0.076	0.152	0.152	0.152	0.152	0.152	0.089	0.025	0.025	0.025	0.025	0.025	0.025	0.025	0.025	0.025	0.025	
0.000	0.000	0.000	0.000	0.000	0.000	0.000	0.000	0.000	0.000	0.000	0.076	0.152	0.152	0.152	0.152	0.152	0.089	0.025	0.025	0.025	0.025	0.025	0.025	0.025	0.025	0.025	0.025	
0.000	0.000	0.000	0.000	0.000	0.000	0.000	0.000	0.000	0.000	0.000	0.076	0.152	0.152	0.152	0.152	0.152	0.089	0.025	0.025	0.025	0.025	0.025	0.025	0.025	0.025	0.025	0.025	
0.000	0.000	0.000	0.000	0.000	0.000	0.000	0.000	0.000	0.000	0.000	0.076	0.152	0.152	0.152	0.152	0.152	0.089	0.025	0.025	0.025	0.025	0.025	0.025	0.025	0.025	0.025	0.025	
0.000	0.000	0.000	0.000	0.000	0.000	0.000	0.000	0.000	0.000	0.000	0.076	0.152	0.152	0.152	0.152	0.152	0.089	0.025	0.025	0.025	0.025	0.025	0.025	0.025	0.025	0.025	0.025	
0.000	0.000	0.000	0.000	0.000	0.000	0.000	0.000	0.000	0.000	0.000	0.076	0.152	0.152	0.152	0.152	0.152	0.089	0.025	0.025	0.025	0.025	0.025	0.025	0.025	0.025	0.025	0.025	
0.000	0.000	0.000	0.000	0.000	0.000	0.000	0.000	0.000	0.000	0.000	0.076	0.152	0.152	0.152	0.152	0.152	0.089	0.025	0.025	0.025	0.025	0.025	0.025	0.025	0.025	0.025	0.025	
0.000	0.000	0.000	0.000	0.000	0.000	0.000	0.000	0.000	0.000	0.000	0.076	0.152	0.152	0.152	0.152	0.152	0.089	0.025	0.025	0.025	0.025	0.025	0.025	0.025	0.025	0.025	0.025	
0.000	0.000	0.000	0.000	0.000	0.000	0.000	0.000	0.000	0.000	0.000	0.076	0.152	0.152	0.152	0.152	0.152	0.089	0.025	0.025	0.025	0.025	0.025	0.025	0.025	0.025	0.025	0.025	
0.025	0.000	0.000	0.000	0.000	0.000	0.000	0.000	0.000	0.000	0.000	0.076	0.152	0.152	0.152	0.152	0.152	0.089	0.025	0.025	0.025	0.025	0.025	0.025	0.025	0.025	0.025	0.025	
0.025	0.000	0.000	0.000	0.000	0.000	0.000	0.000	0.000	0.000	0.000	0.076	0.152	0.152	0.152	0.152	0.152	0.089	0.025	0.025	0.025	0.025	0.025	0.025	0.025	0.025	0.025	0.025	
0.025	0.025	0.000	0.000	0.000	0.000	0.000	0.000	0.000	0.000	0.000	0.076	0.152	0.152	0.152	0.152	0.152	0.089	0.025	0.025	0.025	0.025	0.025	0.025	0.025	0.025	0.025	0.116	
0.050	0.025	0.000	0.000	0.000	0.000	0.000	0.000	0.000	0.000	0.000	0.076	0.076	0.152	0.152	0.152	0.152	0.089	0.025	0.025	0.025	0.025	0.025	0.025	0.025	0.025	0.025	0.116	
0.050	0.025	0.025	0.000	0.000	0.000	0.000	0.000	0.000	0.000	0.000	0.000	0.076	0.152	0.152	0.152	0.152	0.089	0.025	0.025	0.025	0.025	0.025	0.025	0.025	0.025	0.116	0.116	
0.050	0.050	0.025	0.000	0.000	0.000	0.000	0.000	0.000	0.000	0.000	0.000	0.076	0.152	0.152	0.152	0.152	0.089	0.025	0.025	0.025	0.025	0.025	0.025	0.025	0.025	0.116	0.206	
0.050	0.050	0.025	0.025	0.000	0.000	0.000	0.000	0.000	0.000	0.000	0.000	0.059	0.152	0.152	0.152	0.089	0.089	0.025	0.025	0.025	0.025	0.025	0.025	0.025	0.116	0.116	0.206	
0.050	0.050	0.050	0.025	0.000	0.000	0.000	0.000	0.000	0.000	0.000	0.013	0.059	0.152	0.152	0.152	0.089	0.025	0.025	0.025	0.025	0.025	0.025	0.025	0.025	0.116	0.206	0.206	
0.050	0.050	0.050	0.025	0.025	0.000	0.000	0.000	0.000	0.000	0.000	0.013	0.089	0.152	0.152	0.152	0.089	0.025	0.025	0.025	0.025	0.025	0.025	0.025	0.116	0.116	0.206	0.206	
0.050	0.050	0.050	0.050	0.025	0.000	0.000	0.000	0.000	0.000	0.000	0.013	0.089	0.152	0.152	0.152	0.089	0.025	0.025	0.025	0.025	0.025	0.025	0.025	0.116	0.206	0.206	0.206	
0.050	0.050	0.050	0.050	0.025	0.025	0.000	0.000	0.000	0.000	0.000	0.013	0.089	0.152	0.152	0.152	0.089	0.025	0.025	0.025	0.025	0.025	0.025	0.107	0.116	0.206	0.206	0.206	
0.050	0.050	0.050	0.050	0.050	0.025	0.000	0.000	0.000	0.000	0.000	0.013	0.089	0.089	0.152	0.152	0.089	0.025	0.025	0.025	0.025	0.025	0.058	0.107	0.206	0.206	0.206	0.206	
0.050	0.050	0.050	0.050	0.050	0.025	0.025	0.000	0.000	0.000	0.000	0.013	0.025	0.089	0.152	0.152	0.089	0.025	0.025	0.025	0.025	0.058	0.058	0.148	0.206	0.206	0.206	0.206	
0.050	0.050	0.050	0.050	0.050	0.050	0.025	0.000	0.000	0.000	0.000	0.013	0.025	0.089	0.152	0.152	0.089	0.025	0.025	0.025	0.025	0.058	0.148	0.148	0.206	0.206	0.206	0.206	
0.050	0.050	0.050	0.050	0.050	0.050	0.025	0.025	0.000	0.000	0.000	0.013	0.025	0.089	0.152	0.152	0.089	0.025	0.025	0.025	0.058	0.058	0.148	0.206	0.206	0.206	0.206	0.206	
0.038	0.050	0.050	0.050	0.050	0.050	0.050	0.025	0.000	0.000	0.000	0.013	0.025	0.089	0.152	0.152	0.089	0.025	0.025	0.058	0.058	0.090	0.148	0.206	0.206	0.206	0.206	0.206	
0.038	0.038	0.038	0.050	0.050	0.050	0.050	0.025	0.033	0.025	0.028	0.027	0.025	0.089	0.089	0.155	0.112	0.025	0.058	0.058	0.090	0.148	0.148	0.206	0.206	0.206	0.206	0.206	
0.025	0.025	0.038	0.038	0.038	0.050	0.050	0.050	0.050	0.025	0.035	0.040	0.053	0.052	0.104	0.155	0.078	0.038	0.055	0.090	0.090	0.148	0.206	0.206	0.206	0.206	0.206	0.206	
0.038	0.038	0.025	0.025	0.038	0.038	0.038	0.042	0.050	0.050	0.053	0.056	0.067	0.079	0.119	0.158	0.104	0.050	0.092	0.092	0.108	0.140	0.206	0.206	0.206	0.206	0.155	0.155	
0.050	0.038	0.038	0.025	0.025	0.025	0.033	0.042	0.038	0.037	0.047	0.054	0.069	0.092	0.121	0.118	0.093	0.085	0.092	0.117	0.108	0.166	0.166	0.206	0.155	0.155	0.155	0.103	
0.050	0.050	0.038	0.038	0.038	0.025	0.028	0.025	0.025	0.028	0.035	0.044	0.071	0.098	0.125	0.098	0.071	0.118	0.135	0.120	0.120	0.125	0.152	0.140	0.155	0.103	0.103	0.103	
0.050	0.050	0.050	0.050	0.038	0.037	0.028	0.030	0.028	0.028	0.028	0.044	0.048	0.307	0.425	0.307	0.315	0.118	0.128	0.117	0.117	0.125	0.125	0.114	0.103	0.103	0.103	0.103	
0.050	0.050	0.050	0.050	0.050	0.043	0.035	0.035	0.030	0.025	0.025	0.025	0.048	0.274	0.725	0.725	0.438	0.150	0.125	0.100	0.113	0.125	0.125	0.114	0.103	0.103	0.103	0.103	
0.000	0.000	0.000	0.000	0.000	0.000	0.000	0.000	0.000	0.000	0.000	0.000	0.513	0.583	0.863	0.725	0.438	0.150	0.000	0.000	0.125	0.125	0.125	0.125	0.000	0.000	0.000	0.000	
0.000	0.000	0.000	0.000	0.000	0.000	0.000	0.000	0.000	0.000	0.000	0.000	1.000	1.000	0.863	0.863	0.000	0.000	0.000	0.000	0.000	0.000	0.000	0.000	0.000	0.000	0.000	0.000	
0.000	0.000	0.000	0.000	0.000	0.000	0.000	0.000	0.000	0.000	0.000	0.000	1.000	1.000	1.000	1.000	0.000	0.000	0.000	0.000	0.000	0.000	0.000	0.000	0.000	0.000	0.000	0.000	
0.000	0.000	0.000	0.000	0.000	0.000	0.000	0.000	0.000	0.000	0.000	0.000	1.000	1.000	1.000	1.000	0.000	0.000	0.000	0.000	0.000	0.000	0.000	0.000	0.000	0.000	0.000	0.000	
0.000	0.000	0.000	0.000	0.000	0.000	0.000	0.000	0.000	0.000	0.000	0.000	1.000	1.000	1.000	1.000	0.000	0.000	0.000	0.000	0.000	0.000	0.000	0.000	0.000	0.000	0.000	0.000	
