0.100	0.100	0.100	0.100	0.100	0.100	0.100	0.100	0.100	0.100	0.100	0.095	0.090	0.090	0.090	0.090	0.090	0.090	0.090	0.090	0.090	0.090	0.090	0.090	0.090	0.090	0.090	0.090	
0.100	0.100	0.100	0.100	0.100	0.100	0.100	0.100	0.100	0.100	0.100	0.095	0.090	0.090	0.090	0.090	0.090	0.090	0.090	0.090	0.090	0.090	0.090	0.090	0.090	0.090	0.090	0.090	
0.100	0.100	0.100	0.100	0.100	0.100	0.100	0.100	0.100	0.100	0.100	0.095	0.090	0.090	0.090	0.090	0.090	0.090	0.090	0.090	0.090	0.090	0.090	0.090	0.090	0.090	0.090	0.090	
0.100	0.100	0.100	0.100	0.100	0.100	0.100	0.100	0.100	0.100	0.100	0.095	0.090	0.090	0.090	0.090	0.090	0.090	0.090	0.090	0.090	0.090	0.090	0.090	0.090	0.090	0.090	0.090	
0.100	0.100	0.100	0.100	0.100	0.100	0.100	0.100	0.100	0.100	0.100	0.095	0.090	0.090	0.090	0.090	0.090	0.090	0.090	0.090	0.090	0.090	0.090	0.090	0.090	0.090	0.090	0.090	
0.100	0.100	0.100	0.100	0.100	0.100	0.100	0.100	0.100	0.100	0.100	0.095	0.090	0.090	0.090	0.090	0.090	0.090	0.090	0.090	0.090	0.090	0.090	0.090	0.090	0.090	0.090	0.090	
0.100	0.100	0.100	0.100	0.100	0.100	0.100	0.100	0.100	0.100	0.100	0.095	0.090	0.090	0.090	0.090	0.090	0.090	0.090	0.090	0.090	0.090	0.090	0.090	0.090	0.090	0.090	0.090	
0.100	0.100	0.100	0.100	0.100	0.100	0.100	0.100	0.100	0.100	0.100	0.095	0.090	0.090	0.090	0.090	0.090	0.090	0.090	0.090	0.090	0.090	0.090	0.090	0.090	0.090	0.090	0.090	
0.100	0.100	0.100	0.100	0.100	0.100	0.100	0.100	0.100	0.100	0.100	0.095	0.090	0.090	0.090	0.090	0.090	0.090	0.090	0.090	0.090	0.090	0.090	0.090	0.090	0.090	0.090	0.090	
0.100	0.100	0.100	0.100	0.100	0.100	0.100	0.100	0.100	0.100	0.100	0.095	0.090	0.090	0.090	0.090	0.090	0.090	0.090	0.090	0.090	0.090	0.090	0.090	0.090	0.090	0.090	0.090	
0.100	0.100	0.100	0.100	0.100	0.100	0.100	0.100	0.100	0.100	0.100	0.095	0.090	0.090	0.090	0.090	0.090	0.090	0.090	0.090	0.090	0.090	0.090	0.090	0.090	0.090	0.090	0.090	
0.100	0.100	0.100	0.100	0.100	0.100	0.100	0.100	0.100	0.100	0.100	0.095	0.090	0.090	0.090	0.090	0.090	0.090	0.090	0.090	0.090	0.090	0.090	0.090	0.090	0.090	0.090	0.090	
0.100	0.100	0.100	0.100	0.100	0.100	0.100	0.100	0.100	0.100	0.100	0.095	0.090	0.090	0.090	0.090	0.090	0.090	0.090	0.090	0.090	0.090	0.090	0.090	0.090	0.090	0.090	0.090	
0.100	0.100	0.100	0.100	0.100	0.100	0.100	0.100	0.100	0.100	0.100	0.095	0.090	0.090	0.090	0.090	0.090	0.090	0.090	0.090	0.090	0.090	0.090	0.090	0.090	0.090	0.090	0.090	
0.100	0.100	0.100	0.100	0.100	0.100	0.100	0.100	0.100	0.100	0.100	0.095	0.090	0.090	0.090	0.090	0.090	0.090	0.090	0.090	0.090	0.090	0.090	0.090	0.090	0.090	0.090	0.090	
0.100	0.100	0.100	0.100	0.100	0.100	0.100	0.100	0.100	0.100	0.100	0.095	0.090	0.090	0.090	0.090	0.090	0.090	0.090	0.090	0.090	0.090	0.090	0.090	0.090	0.090	0.090	0.090	
0.100	0.100	0.100	0.100	0.100	0.100	0.100	0.100	0.100	0.100	0.100	0.095	0.090	0.090	0.090	0.090	0.090	0.090	0.090	0.090	0.090	0.090	0.090	0.090	0.090	0.090	0.090	0.090	
0.100	0.100	0.100	0.100	0.100	0.100	0.100	0.100	0.100	0.100	0.100	0.095	0.090	0.090	0.090	0.090	0.090	0.090	0.090	0.090	0.090	0.090	0.090	0.090	0.090	0.090	0.090	0.109	
0.100	0.100	0.100	0.100	0.100	0.100	0.100	0.100	0.100	0.100	0.100	0.095	0.090	0.090	0.090	0.090	0.090	0.090	0.090	0.090	0.090	0.090	0.090	0.090	0.090	0.090	0.090	0.109	
0.100	0.100	0.100	0.100	0.100	0.100	0.100	0.100	0.100	0.100	0.100	0.095	0.095	0.090	0.090	0.090	0.090	0.090	0.090	0.090	0.090	0.090	0.090	0.090	0.090	0.090	0.090	0.109	
0.100	0.100	0.100	0.100	0.100	0.100	0.100	0.100	0.100	0.100	0.100	0.100	0.095	0.090	0.090	0.090	0.090	0.090	0.090	0.090	0.090	0.090	0.090	0.090	0.090	0.090	0.109	0.109	
0.100	0.100	0.100	0.100	0.100	0.100	0.100	0.100	0.100	0.100	0.100	0.100	0.095	0.090	0.090	0.090	0.090	0.090	0.090	0.090	0.090	0.090	0.090	0.090	0.090	0.090	0.109	0.127	
0.100	0.100	0.100	0.100	0.100	0.100	0.100	0.100	0.100	0.100	0.100	0.100	0.095	0.090	0.090	0.090	0.090	0.090	0.090	0.090	0.090	0.090	0.090	0.090	0.090	0.090	0.109	0.127	
0.100	0.100	0.100	0.100	0.100	0.100	0.100	0.100	0.100	0.100	0.100	0.100	0.095	0.090	0.090	0.090	0.090	0.090	0.090	0.090	0.090	0.090	0.090	0.090	0.090	0.109	0.109	0.127	
0.100	0.100	0.100	0.100	0.100	0.100	0.100	0.100	0.100	0.100	0.100	0.100	0.095	0.090	0.090	0.090	0.090	0.090	0.090	0.090	0.090	0.090	0.090	0.090	0.090	0.109	0.127	0.127	
0.100	0.100	0.100	0.100	0.100	0.100	0.100	0.100	0.100	0.100	0.100	0.100	0.095	0.090	0.090	0.090	0.090	0.090	0.090	0.090	0.090	0.090	0.090	0.090	0.109	0.109	0.127	0.127	
0.100	0.100	0.100	0.100	0.100	0.100	0.100	0.100	0.100	0.100	0.100	0.100	0.095	0.090	0.090	0.090	0.090	0.090	0.090	0.090	0.090	0.090	0.090	0.090	0.109	0.127	0.127	0.127	
0.100	0.100	0.100	0.100	0.100	0.100	0.100	0.100	0.100	0.100	0.100	0.100	0.095	0.090	0.090	0.090	0.090	0.090	0.090	0.090	0.090	0.090	0.090	0.090	0.109	0.127	0.127	0.127	
0.100	0.100	0.100	0.100	0.100	0.100	0.100	0.100	0.100	0.100	0.100	0.100	0.095	0.090	0.090	0.090	0.090	0.090	0.090	0.090	0.090	0.090	0.090	0.109	0.109	0.127	0.127	0.127	
0.100	0.100	0.100	0.100	0.100	0.100	0.100	0.100	0.100	0.100	0.100	0.100	0.082	0.090	0.090	0.090	0.090	0.090	0.090	0.090	0.090	0.090	0.090	0.109	0.127	0.127	0.127	0.127	
0.100	0.100	0.100	0.100	0.100	0.100	0.100	0.100	0.100	0.100	0.100	0.100	0.082	0.090	0.090	0.090	0.090	0.090	0.090	0.090	0.090	0.090	0.090	0.109	0.127	0.127	0.127	0.127	
0.100	0.100	0.100	0.100	0.100	0.100	0.100	0.100	0.100	0.100	0.100	0.100	0.082	0.090	0.090	0.090	0.090	0.090	0.090	0.090	0.090	0.090	0.109	0.109	0.127	0.127	0.127	0.127	
0.100	0.100	0.100	0.100	0.100	0.100	0.100	0.100	0.100	0.100	0.100	0.100	0.082	0.090	0.090	0.090	0.090	0.090	0.090	0.090	0.090	0.090	0.109	0.127	0.127	0.127	0.127	0.127	
0.085	0.100	0.100	0.100	0.100	0.100	0.100	0.100	0.100	0.100	0.100	0.078	0.082	0.073	0.090	0.090	0.090	0.090	0.090	0.090	0.090	0.109	0.109	0.127	0.127	0.127	0.127	0.127	
0.085	0.085	0.100	0.100	0.100	0.100	0.100	0.100	0.100	0.100	0.100	0.078	0.056	0.073	0.090	0.090	0.090	0.090	0.090	0.090	0.090	0.109	0.127	0.127	0.127	0.127	0.127	0.127	
0.071	0.085	0.100	0.100	0.100	0.100	0.100	0.100	0.100	0.100	0.100	0.078	0.056	0.073	0.090	0.090	0.090	0.090	0.090	0.090	0.090	0.109	0.127	0.127	0.127	0.127	0.127	0.127	
0.071	0.085	0.085	0.100	0.100	0.100	0.100	0.100	0.100	0.100	0.100	0.078	0.056	0.073	0.090	0.090	0.090	0.090	0.090	0.090	0.109	0.109	0.127	0.127	0.127	0.127	0.127	0.127	
0.071	0.071	0.085	0.085	0.100	0.100	0.100	0.100	0.100	0.100	0.100	0.078	0.056	0.073	0.090	0.090	0.090	0.090	0.090	0.090	0.109	0.127	0.127	0.127	0.127	0.127	0.127	0.127	
0.071	0.071	0.071	0.085	0.085	0.100	0.100	0.100	0.100	0.100	0.100	0.078	0.056	0.073	0.090	0.090	0.090	0.090	0.090	0.090	0.109	0.127	0.127	0.127	0.127	0.127	0.127	0.127	
0.071	0.071	0.071	0.071	0.085	0.085	0.100	0.100	0.100	0.100	0.100	0.078	0.056	0.073	0.090	0.090	0.090	0.090	0.090	0.109	0.109	0.127	0.127	0.127	0.127	0.127	0.127	0.114	
0.075	0.071	0.071	0.071	0.071	0.085	0.085	0.100	0.100	0.100	0.100	0.078	0.056	0.073	0.090	0.090	0.090	0.090	0.090	0.109	0.127	0.127	0.127	0.127	0.127	0.127	0.114	0.114	
0.075	0.075	0.075	0.071	0.071	0.071	0.085	0.100	0.100	0.100	0.100	0.078	0.056	0.073	0.073	0.090	0.090	0.090	0.109	0.109	0.127	0.127	0.127	0.127	0.127	0.114	0.114	0.100	
0.079	0.079	0.075	0.075	0.071	0.071	0.085	0.085	0.100	0.100	0.100	0.078	0.056	0.056	0.075	0.090	0.090	0.090	0.117	0.127	0.127	0.127	0.127	0.127	0.114	0.114	0.100	0.100	
0.079	0.079	0.079	0.075	0.075	0.071	0.071	0.085	0.085	0.100	0.078	0.078	0.056	0.067	0.075	0.085	0.090	0.112	0.117	0.127	0.127	0.127	0.127	0.114	0.114	0.100	0.100	0.100	
0.065	0.079	0.079	0.079	0.075	0.075	0.071	0.071	0.085	0.105	0.101	0.101	0.090	0.067	0.079	0.094	0.104	0.112	0.131	0.131	0.127	0.127	0.114	0.114	0.100	0.100	0.100	0.100	
0.065	0.065	0.079	0.079	0.079	0.075	0.075	0.071	0.115	0.115	0.146	0.112	0.090	0.107	0.095	0.095	0.123	0.135	0.105	0.112	0.101	0.114	0.114	0.100	0.100	0.100	0.087	0.087	
0.050	0.065	0.065	0.065	0.079	0.079	0.075	0.092	0.099	0.137	0.163	0.165	0.135	0.135	0.129	0.112	0.117	0.119	0.104	0.075	0.101	0.100	0.100	0.100	0.087	0.087	0.087	0.075	
0.050	0.050	0.050	0.065	0.065	0.065	0.065	0.086	0.127	0.131	0.163	0.175	0.180	0.163	0.151	0.142	0.113	0.103	0.084	0.075	0.083	0.087	0.087	0.087	0.087	0.075	0.075	0.075	
0.050	0.050	0.050	0.050	0.050	0.065	0.060	0.089	0.076	0.131	0.133	0.444	0.359	0.432	0.158	0.158	0.114	0.101	0.084	0.075	0.075	0.087	0.083	0.075	0.075	0.075	0.075	0.075	
0.050	0.050	0.050	0.050	0.050	0.050	0.050	0.050	0.050	0.050	0.133	0.313	0.673	0.432	0.329	0.125	0.125	0.100	0.075	0.075	0.075	0.075	0.075	0.075	0.075	0.075	0.075	0.075	
0.000	0.000	0.000	0.000	0.000	0.000	0.000	0.000	0.000	0.000	0.000	0.000	0.673	0.837	0.600	0.563	0.000	0.000	0.000	0.075	0.075	0.075	0.075	0.075	0.075	0.075	0.075	0.075	
0.000	0.000	0.000	0.000	0.000	0.000	0.000	0.000	0.000	0.000	0.000	0.000	0.837	0.837	1.001	0.563	0.000	0.000	0.000	0.000	0.000	0.000	0.000	0.000	0.000	0.000	0.000	0.000	
0.000	0.000	0.000	0.000	0.000	0.000	0.000	0.000	0.000	0.000	0.000	0.000	1.001	1.001	1.001	1.001	0.000	0.000	0.000	0.000	0.000	0.000	0.000	0.000	0.000	0.000	0.000	0.000	
0.000	0.000	0.000	0.000	0.000	0.000	0.000	0.000	0.000	0.000	0.000	0.000	1.001	1.001	1.001	1.001	0.000	0.000	0.000	0.000	0.000	0.000	0.000	0.000	0.000	0.000	0.000	0.000	
0.000	0.000	0.000	0.000	0.000	0.000	0.000	0.000	0.000	0.000	0.000	0.000	1.001	1.001	1.001	1.001	0.000	0.000	0.000	0.000	0.000	0.000	0.000	0.000	0.000	0.000	0.000	0.000	
