0.071	0.071	0.071	0.071	0.071	0.071	0.071	0.071	0.109	0.150	0.150	0.150	0.150	0.150	0.150	0.150	0.150	0.150	0.150	0.150	0.150	0.093	0.035	0.035	0.035	0.035	0.035	0.035	
0.071	0.071	0.071	0.071	0.071	0.071	0.071	0.071	0.109	0.150	0.150	0.150	0.150	0.150	0.150	0.150	0.150	0.150	0.150	0.150	0.150	0.093	0.035	0.035	0.035	0.035	0.035	0.035	
0.071	0.071	0.071	0.071	0.071	0.071	0.071	0.071	0.109	0.150	0.150	0.150	0.150	0.150	0.150	0.150	0.150	0.150	0.150	0.150	0.150	0.093	0.035	0.035	0.035	0.035	0.035	0.035	
0.071	0.071	0.071	0.071	0.071	0.071	0.071	0.071	0.109	0.150	0.150	0.150	0.150	0.150	0.150	0.150	0.150	0.150	0.150	0.150	0.150	0.093	0.035	0.035	0.035	0.035	0.035	0.035	
0.071	0.071	0.071	0.071	0.071	0.071	0.071	0.071	0.109	0.128	0.150	0.150	0.150	0.150	0.150	0.150	0.150	0.150	0.150	0.150	0.150	0.093	0.035	0.035	0.035	0.035	0.035	0.035	
0.071	0.071	0.071	0.071	0.071	0.071	0.071	0.071	0.088	0.128	0.150	0.150	0.150	0.150	0.150	0.150	0.150	0.150	0.150	0.150	0.150	0.093	0.035	0.035	0.035	0.035	0.035	0.035	
0.071	0.071	0.071	0.071	0.071	0.071	0.071	0.071	0.088	0.128	0.150	0.150	0.150	0.150	0.150	0.150	0.150	0.150	0.150	0.150	0.093	0.093	0.035	0.035	0.035	0.035	0.035	0.035	
0.071	0.071	0.071	0.071	0.071	0.071	0.071	0.071	0.088	0.128	0.150	0.150	0.150	0.150	0.150	0.150	0.150	0.150	0.150	0.150	0.093	0.035	0.035	0.035	0.035	0.035	0.035	0.035	
0.071	0.071	0.071	0.071	0.071	0.071	0.071	0.071	0.088	0.128	0.150	0.150	0.150	0.150	0.150	0.150	0.150	0.150	0.150	0.150	0.093	0.035	0.035	0.035	0.035	0.035	0.035	0.035	
0.071	0.071	0.071	0.071	0.071	0.071	0.071	0.071	0.088	0.128	0.150	0.150	0.150	0.150	0.150	0.150	0.150	0.150	0.150	0.150	0.093	0.035	0.035	0.035	0.035	0.035	0.035	0.035	
0.071	0.071	0.071	0.071	0.071	0.071	0.071	0.071	0.088	0.128	0.150	0.150	0.150	0.150	0.150	0.150	0.150	0.150	0.150	0.150	0.093	0.035	0.035	0.035	0.035	0.035	0.035	0.035	
0.071	0.071	0.071	0.071	0.071	0.071	0.071	0.071	0.088	0.128	0.150	0.150	0.150	0.150	0.150	0.150	0.150	0.150	0.150	0.150	0.093	0.035	0.035	0.035	0.035	0.035	0.035	0.035	
0.071	0.071	0.071	0.071	0.071	0.071	0.071	0.071	0.088	0.128	0.150	0.150	0.150	0.150	0.150	0.150	0.150	0.150	0.150	0.150	0.093	0.035	0.035	0.035	0.035	0.035	0.035	0.035	
0.071	0.071	0.071	0.071	0.071	0.071	0.071	0.071	0.088	0.128	0.128	0.150	0.150	0.150	0.150	0.150	0.150	0.150	0.150	0.150	0.093	0.035	0.035	0.035	0.035	0.035	0.035	0.035	
0.071	0.071	0.071	0.071	0.071	0.071	0.071	0.071	0.088	0.088	0.128	0.150	0.150	0.150	0.150	0.150	0.150	0.150	0.150	0.093	0.093	0.035	0.035	0.035	0.035	0.035	0.035	0.035	
0.071	0.071	0.071	0.071	0.071	0.071	0.071	0.071	0.071	0.088	0.128	0.150	0.150	0.150	0.150	0.150	0.150	0.150	0.150	0.093	0.035	0.035	0.035	0.035	0.035	0.035	0.035	0.035	
0.071	0.071	0.071	0.071	0.071	0.071	0.071	0.071	0.071	0.088	0.128	0.150	0.150	0.150	0.150	0.150	0.150	0.150	0.150	0.093	0.035	0.035	0.035	0.035	0.035	0.035	0.035	0.035	
0.071	0.071	0.071	0.071	0.071	0.071	0.071	0.071	0.071	0.088	0.128	0.150	0.150	0.150	0.150	0.150	0.150	0.150	0.150	0.093	0.035	0.035	0.035	0.035	0.035	0.035	0.035	0.035	
0.071	0.071	0.071	0.071	0.071	0.071	0.071	0.071	0.071	0.088	0.128	0.150	0.150	0.150	0.150	0.150	0.150	0.150	0.150	0.093	0.035	0.035	0.035	0.035	0.035	0.035	0.035	0.035	
0.071	0.071	0.071	0.071	0.071	0.071	0.071	0.071	0.071	0.088	0.128	0.150	0.150	0.150	0.150	0.150	0.150	0.150	0.150	0.093	0.035	0.035	0.035	0.035	0.035	0.035	0.035	0.035	
0.071	0.071	0.071	0.071	0.071	0.071	0.071	0.071	0.071	0.088	0.128	0.150	0.150	0.150	0.150	0.150	0.150	0.150	0.150	0.093	0.035	0.035	0.035	0.035	0.035	0.035	0.035	0.035	
0.071	0.071	0.071	0.071	0.071	0.071	0.071	0.071	0.071	0.088	0.128	0.150	0.150	0.150	0.150	0.150	0.150	0.150	0.093	0.093	0.035	0.035	0.035	0.035	0.035	0.035	0.035	0.035	
0.071	0.071	0.071	0.071	0.071	0.071	0.071	0.071	0.071	0.088	0.128	0.128	0.150	0.150	0.150	0.150	0.150	0.150	0.093	0.035	0.035	0.035	0.035	0.035	0.035	0.035	0.035	0.035	
0.071	0.071	0.071	0.071	0.071	0.071	0.071	0.071	0.071	0.088	0.106	0.128	0.150	0.150	0.150	0.150	0.150	0.150	0.093	0.035	0.035	0.035	0.035	0.035	0.035	0.035	0.035	0.035	
0.071	0.071	0.071	0.071	0.071	0.071	0.071	0.071	0.071	0.088	0.106	0.128	0.150	0.150	0.150	0.150	0.150	0.150	0.093	0.035	0.035	0.035	0.035	0.035	0.035	0.035	0.035	0.035	
0.071	0.071	0.071	0.071	0.071	0.071	0.071	0.071	0.071	0.088	0.106	0.128	0.150	0.150	0.150	0.150	0.150	0.150	0.093	0.035	0.035	0.035	0.035	0.035	0.035	0.035	0.035	0.035	
0.071	0.071	0.071	0.071	0.071	0.071	0.071	0.071	0.071	0.088	0.106	0.128	0.150	0.150	0.150	0.150	0.150	0.150	0.093	0.035	0.035	0.035	0.035	0.035	0.035	0.035	0.035	0.018	
0.071	0.071	0.071	0.071	0.071	0.071	0.071	0.071	0.071	0.088	0.106	0.128	0.150	0.150	0.150	0.150	0.150	0.150	0.093	0.035	0.035	0.035	0.035	0.035	0.035	0.035	0.035	0.018	
0.071	0.071	0.071	0.071	0.071	0.071	0.071	0.071	0.071	0.088	0.106	0.128	0.150	0.150	0.150	0.150	0.150	0.150	0.093	0.035	0.035	0.035	0.035	0.035	0.035	0.035	0.018	0.018	
0.071	0.071	0.071	0.071	0.071	0.071	0.071	0.071	0.071	0.088	0.106	0.128	0.150	0.150	0.150	0.150	0.150	0.093	0.093	0.035	0.035	0.035	0.035	0.035	0.035	0.035	0.018	0.000	
0.071	0.071	0.071	0.071	0.071	0.071	0.071	0.071	0.071	0.088	0.106	0.128	0.150	0.150	0.150	0.150	0.150	0.093	0.035	0.035	0.035	0.035	0.035	0.035	0.035	0.035	0.018	0.000	
0.071	0.071	0.071	0.071	0.071	0.071	0.071	0.071	0.071	0.088	0.106	0.128	0.128	0.150	0.150	0.150	0.150	0.093	0.035	0.035	0.035	0.035	0.035	0.035	0.035	0.018	0.018	0.000	
0.071	0.071	0.071	0.071	0.071	0.071	0.071	0.071	0.071	0.088	0.088	0.106	0.128	0.150	0.150	0.150	0.150	0.093	0.035	0.035	0.035	0.035	0.035	0.035	0.035	0.018	0.000	0.000	
0.071	0.071	0.071	0.071	0.071	0.071	0.071	0.071	0.071	0.071	0.088	0.106	0.128	0.150	0.150	0.150	0.150	0.093	0.035	0.035	0.035	0.035	0.035	0.035	0.018	0.018	0.000	0.000	
0.071	0.071	0.071	0.071	0.071	0.071	0.071	0.071	0.071	0.071	0.088	0.106	0.128	0.150	0.150	0.150	0.150	0.093	0.035	0.035	0.035	0.035	0.035	0.035	0.018	0.000	0.000	0.000	
0.053	0.071	0.071	0.071	0.071	0.071	0.071	0.071	0.071	0.071	0.088	0.106	0.128	0.150	0.150	0.150	0.150	0.093	0.035	0.035	0.035	0.035	0.035	0.018	0.018	0.000	0.000	0.000	
0.053	0.053	0.071	0.071	0.071	0.071	0.071	0.071	0.071	0.071	0.088	0.106	0.128	0.150	0.150	0.150	0.150	0.093	0.035	0.035	0.035	0.035	0.035	0.018	0.000	0.000	0.000	0.000	
0.035	0.053	0.053	0.071	0.071	0.071	0.071	0.071	0.071	0.071	0.088	0.106	0.128	0.150	0.150	0.150	0.093	0.093	0.035	0.035	0.035	0.035	0.035	0.018	0.000	0.000	0.000	0.000	
0.035	0.035	0.053	0.071	0.071	0.071	0.071	0.071	0.071	0.071	0.088	0.106	0.128	0.150	0.150	0.150	0.093	0.035	0.035	0.035	0.035	0.035	0.018	0.018	0.000	0.000	0.000	0.000	
0.035	0.035	0.053	0.053	0.071	0.071	0.071	0.071	0.071	0.071	0.088	0.106	0.128	0.150	0.150	0.150	0.093	0.035	0.035	0.035	0.035	0.035	0.018	0.000	0.000	0.000	0.000	0.000	
0.035	0.035	0.035	0.053	0.053	0.071	0.071	0.071	0.071	0.071	0.088	0.106	0.128	0.128	0.150	0.150	0.093	0.035	0.035	0.035	0.035	0.018	0.018	0.000	0.000	0.000	0.000	0.000	
0.035	0.035	0.035	0.035	0.053	0.053	0.071	0.071	0.071	0.071	0.088	0.106	0.106	0.128	0.150	0.150	0.093	0.035	0.035	0.035	0.035	0.018	0.000	0.000	0.000	0.000	0.000	0.000	
0.035	0.035	0.035	0.035	0.035	0.053	0.071	0.071	0.071	0.071	0.088	0.106	0.106	0.128	0.150	0.150	0.093	0.035	0.035	0.035	0.030	0.020	0.000	0.000	0.000	0.000	0.000	0.000	
0.035	0.035	0.035	0.035	0.035	0.053	0.053	0.071	0.071	0.071	0.088	0.106	0.106	0.128	0.150	0.150	0.093	0.035	0.035	0.030	0.030	0.013	0.000	0.000	0.000	0.000	0.000	0.000	
0.035	0.035	0.035	0.035	0.035	0.035	0.053	0.053	0.071	0.071	0.088	0.106	0.106	0.128	0.150	0.150	0.093	0.035	0.035	0.030	0.025	0.013	0.000	0.000	0.000	0.000	0.000	0.000	
0.080	0.080	0.035	0.035	0.035	0.035	0.035	0.053	0.053	0.080	0.079	0.078	0.111	0.144	0.142	0.125	0.078	0.030	0.028	0.030	0.013	0.013	0.000	0.000	0.000	0.000	0.000	0.000	
0.125	0.080	0.080	0.080	0.035	0.035	0.035	0.035	0.065	0.080	0.070	0.050	0.113	0.177	0.138	0.100	0.063	0.025	0.025	0.025	0.013	0.000	0.000	0.000	0.000	0.050	0.050	0.050	
0.125	0.125	0.125	0.080	0.080	0.080	0.080	0.083	0.083	0.090	0.070	0.050	0.113	0.177	0.138	0.125	0.092	0.025	0.058	0.092	0.050	0.062	0.050	0.050	0.050	0.050	0.100	0.100	
0.125	0.125	0.125	0.125	0.125	0.125	0.080	0.095	0.108	0.105	0.080	0.075	0.185	0.295	0.210	0.125	0.088	0.100	0.075	0.092	0.125	0.075	0.050	0.100	0.100	0.100	0.100	0.100	
0.125	0.125	0.125	0.125	0.125	0.125	0.125	0.125	0.125	0.113	0.100	0.100	0.256	0.412	0.281	0.281	0.150	0.138	0.125	0.125	0.125	0.113	0.100	0.100	0.100	0.100	0.100	0.100	
0.125	0.125	0.125	0.125	0.125	0.125	0.125	0.125	0.000	0.100	0.100	0.100	0.256	0.412	0.412	0.281	0.000	0.125	0.125	0.125	0.125	0.125	0.000	0.000	0.000	0.000	0.000	0.000	
0.000	0.000	0.000	0.000	0.000	0.000	0.000	0.000	0.000	0.000	0.000	0.000	0.707	0.707	0.707	0.521	0.000	0.000	0.000	0.000	0.000	0.000	0.000	0.000	0.000	0.000	0.000	0.000	
0.000	0.000	0.000	0.000	0.000	0.000	0.000	0.000	0.000	0.000	0.000	0.000	1.001	1.001	1.001	1.001	0.000	0.000	0.000	0.000	0.000	0.000	0.000	0.000	0.000	0.000	0.000	0.000	
0.000	0.000	0.000	0.000	0.000	0.000	0.000	0.000	0.000	0.000	0.000	0.000	1.001	1.001	1.001	1.001	0.000	0.000	0.000	0.000	0.000	0.000	0.000	0.000	0.000	0.000	0.000	0.000	
0.000	0.000	0.000	0.000	0.000	0.000	0.000	0.000	0.000	0.000	0.000	0.000	1.001	1.001	1.001	1.001	0.000	0.000	0.000	0.000	0.000	0.000	0.000	0.000	0.000	0.000	0.000	0.000	
