0.182	0.182	0.182	0.182	0.182	0.154	0.125	0.125	0.125	0.125	0.125	0.125	0.125	0.125	0.125	0.125	0.125	0.125	0.125	0.125	0.125	0.125	0.125	0.125	0.125	0.125	0.125	0.125	
0.182	0.182	0.182	0.182	0.182	0.154	0.154	0.125	0.125	0.125	0.125	0.125	0.125	0.125	0.125	0.125	0.125	0.125	0.125	0.125	0.125	0.125	0.125	0.125	0.125	0.125	0.125	0.125	
0.182	0.182	0.182	0.182	0.182	0.182	0.154	0.125	0.125	0.125	0.125	0.125	0.125	0.125	0.125	0.125	0.125	0.125	0.125	0.125	0.125	0.125	0.125	0.125	0.125	0.125	0.125	0.090	
0.182	0.182	0.182	0.182	0.182	0.182	0.154	0.125	0.125	0.125	0.125	0.125	0.125	0.125	0.125	0.125	0.125	0.125	0.125	0.125	0.125	0.125	0.125	0.125	0.125	0.125	0.125	0.090	
0.182	0.182	0.182	0.182	0.182	0.182	0.154	0.125	0.125	0.125	0.125	0.125	0.125	0.125	0.125	0.125	0.125	0.125	0.125	0.125	0.125	0.125	0.125	0.125	0.125	0.125	0.125	0.090	
0.182	0.182	0.182	0.182	0.182	0.182	0.154	0.125	0.125	0.125	0.125	0.125	0.125	0.125	0.125	0.125	0.125	0.125	0.125	0.125	0.125	0.125	0.125	0.125	0.125	0.125	0.090	0.090	
0.182	0.182	0.182	0.182	0.182	0.182	0.154	0.125	0.125	0.125	0.125	0.125	0.125	0.125	0.125	0.125	0.125	0.125	0.125	0.125	0.125	0.125	0.125	0.125	0.125	0.125	0.090	0.056	
0.182	0.182	0.182	0.182	0.182	0.182	0.154	0.125	0.125	0.125	0.125	0.125	0.125	0.125	0.125	0.125	0.125	0.125	0.125	0.125	0.125	0.125	0.125	0.125	0.125	0.125	0.090	0.056	
0.182	0.182	0.182	0.182	0.182	0.182	0.154	0.154	0.125	0.125	0.125	0.125	0.125	0.125	0.125	0.125	0.125	0.125	0.125	0.125	0.125	0.125	0.125	0.125	0.125	0.125	0.090	0.056	
0.182	0.182	0.182	0.182	0.182	0.182	0.182	0.154	0.125	0.125	0.125	0.125	0.125	0.125	0.125	0.125	0.125	0.125	0.125	0.125	0.125	0.125	0.125	0.125	0.125	0.090	0.090	0.056	
0.182	0.182	0.182	0.182	0.182	0.182	0.182	0.154	0.125	0.125	0.125	0.125	0.125	0.125	0.125	0.125	0.125	0.125	0.125	0.125	0.125	0.125	0.125	0.125	0.125	0.090	0.056	0.056	
0.182	0.182	0.182	0.182	0.182	0.182	0.182	0.154	0.125	0.125	0.125	0.125	0.125	0.125	0.125	0.125	0.125	0.125	0.125	0.125	0.125	0.125	0.125	0.125	0.125	0.090	0.056	0.056	
0.182	0.182	0.182	0.182	0.182	0.182	0.182	0.154	0.125	0.125	0.125	0.125	0.125	0.125	0.125	0.125	0.125	0.125	0.125	0.125	0.125	0.125	0.125	0.125	0.090	0.090	0.056	0.056	
0.182	0.182	0.182	0.182	0.182	0.182	0.182	0.154	0.125	0.125	0.125	0.125	0.125	0.125	0.125	0.125	0.125	0.125	0.125	0.125	0.125	0.125	0.125	0.125	0.090	0.056	0.056	0.056	
0.182	0.182	0.182	0.182	0.182	0.182	0.182	0.154	0.154	0.125	0.125	0.125	0.125	0.125	0.125	0.125	0.125	0.125	0.125	0.125	0.125	0.125	0.125	0.125	0.090	0.056	0.056	0.056	
0.182	0.182	0.182	0.182	0.182	0.182	0.182	0.182	0.154	0.125	0.125	0.125	0.125	0.125	0.125	0.125	0.125	0.125	0.125	0.125	0.125	0.125	0.125	0.125	0.090	0.056	0.056	0.056	
0.182	0.182	0.182	0.182	0.182	0.182	0.182	0.182	0.154	0.125	0.125	0.125	0.125	0.125	0.125	0.125	0.125	0.125	0.125	0.125	0.125	0.125	0.125	0.090	0.090	0.056	0.056	0.056	
0.182	0.182	0.182	0.182	0.182	0.182	0.182	0.182	0.154	0.125	0.125	0.125	0.125	0.125	0.125	0.125	0.125	0.125	0.125	0.125	0.125	0.125	0.125	0.090	0.056	0.056	0.056	0.056	
0.182	0.182	0.182	0.182	0.182	0.182	0.182	0.182	0.154	0.125	0.125	0.125	0.125	0.125	0.125	0.125	0.125	0.125	0.125	0.125	0.125	0.125	0.125	0.090	0.056	0.056	0.056	0.056	
0.182	0.182	0.182	0.182	0.182	0.182	0.182	0.182	0.154	0.125	0.125	0.125	0.125	0.125	0.125	0.125	0.125	0.125	0.125	0.125	0.125	0.125	0.090	0.090	0.056	0.056	0.056	0.056	
0.182	0.182	0.182	0.182	0.182	0.182	0.182	0.182	0.154	0.125	0.125	0.125	0.125	0.125	0.125	0.125	0.125	0.125	0.125	0.125	0.125	0.125	0.090	0.056	0.056	0.056	0.056	0.056	
0.182	0.182	0.182	0.182	0.182	0.182	0.182	0.182	0.154	0.154	0.125	0.125	0.125	0.125	0.125	0.125	0.125	0.125	0.125	0.125	0.125	0.125	0.090	0.056	0.056	0.056	0.056	0.056	
0.182	0.182	0.182	0.182	0.182	0.182	0.182	0.182	0.182	0.154	0.125	0.125	0.125	0.125	0.125	0.125	0.125	0.125	0.125	0.125	0.125	0.125	0.090	0.056	0.056	0.056	0.056	0.056	
0.182	0.182	0.182	0.182	0.182	0.182	0.182	0.182	0.182	0.154	0.125	0.125	0.125	0.125	0.125	0.125	0.125	0.125	0.125	0.125	0.125	0.090	0.090	0.056	0.056	0.056	0.056	0.135	
0.182	0.182	0.182	0.182	0.182	0.182	0.182	0.182	0.182	0.154	0.125	0.125	0.125	0.125	0.125	0.125	0.125	0.125	0.125	0.125	0.125	0.090	0.056	0.056	0.056	0.056	0.056	0.135	
0.182	0.182	0.182	0.182	0.182	0.182	0.182	0.182	0.182	0.154	0.125	0.125	0.125	0.125	0.125	0.125	0.125	0.125	0.125	0.125	0.125	0.090	0.056	0.056	0.056	0.056	0.135	0.135	
0.182	0.182	0.182	0.182	0.182	0.182	0.182	0.182	0.182	0.154	0.125	0.125	0.125	0.125	0.125	0.125	0.125	0.125	0.125	0.125	0.090	0.090	0.056	0.056	0.056	0.056	0.135	0.215	
0.182	0.182	0.182	0.182	0.182	0.182	0.182	0.182	0.182	0.154	0.154	0.125	0.125	0.125	0.125	0.125	0.125	0.125	0.125	0.125	0.090	0.056	0.056	0.056	0.056	0.056	0.135	0.215	
0.182	0.182	0.182	0.182	0.182	0.182	0.182	0.182	0.182	0.182	0.154	0.125	0.125	0.125	0.125	0.125	0.125	0.125	0.125	0.125	0.090	0.056	0.056	0.056	0.056	0.135	0.135	0.215	
0.182	0.182	0.182	0.182	0.182	0.182	0.182	0.182	0.182	0.182	0.154	0.125	0.125	0.125	0.125	0.125	0.125	0.125	0.125	0.125	0.090	0.056	0.056	0.056	0.056	0.135	0.215	0.215	
0.136	0.182	0.182	0.182	0.182	0.182	0.182	0.182	0.182	0.182	0.154	0.125	0.125	0.125	0.125	0.125	0.125	0.125	0.125	0.090	0.090	0.056	0.056	0.056	0.135	0.135	0.215	0.215	
0.136	0.136	0.182	0.182	0.182	0.182	0.182	0.182	0.182	0.182	0.154	0.125	0.125	0.125	0.125	0.125	0.125	0.125	0.125	0.090	0.056	0.056	0.056	0.056	0.135	0.215	0.215	0.215	
0.090	0.136	0.182	0.182	0.182	0.182	0.182	0.182	0.182	0.182	0.154	0.125	0.125	0.125	0.125	0.125	0.125	0.125	0.125	0.090	0.056	0.056	0.056	0.056	0.135	0.215	0.215	0.215	
0.090	0.136	0.136	0.182	0.182	0.182	0.182	0.182	0.182	0.182	0.154	0.125	0.125	0.125	0.125	0.125	0.125	0.125	0.090	0.090	0.056	0.056	0.056	0.135	0.135	0.215	0.215	0.215	
0.090	0.090	0.136	0.182	0.182	0.182	0.182	0.182	0.182	0.182	0.154	0.167	0.125	0.125	0.125	0.125	0.125	0.125	0.090	0.056	0.056	0.056	0.056	0.135	0.215	0.215	0.215	0.215	
0.090	0.090	0.136	0.136	0.182	0.182	0.182	0.182	0.182	0.182	0.182	0.167	0.125	0.125	0.125	0.125	0.125	0.125	0.090	0.056	0.056	0.056	0.056	0.135	0.215	0.215	0.215	0.215	
0.090	0.090	0.090	0.136	0.136	0.182	0.182	0.182	0.182	0.182	0.182	0.167	0.125	0.125	0.125	0.125	0.125	0.125	0.090	0.056	0.056	0.056	0.135	0.135	0.215	0.215	0.215	0.215	
0.090	0.090	0.090	0.090	0.136	0.182	0.182	0.182	0.182	0.182	0.182	0.167	0.160	0.125	0.125	0.125	0.125	0.090	0.090	0.056	0.056	0.056	0.135	0.215	0.215	0.215	0.215	0.215	
0.090	0.090	0.090	0.090	0.136	0.136	0.182	0.182	0.182	0.182	0.182	0.189	0.160	0.125	0.125	0.125	0.125	0.090	0.056	0.056	0.056	0.135	0.135	0.215	0.215	0.215	0.215	0.215	
0.090	0.090	0.090	0.090	0.090	0.136	0.182	0.182	0.182	0.182	0.182	0.189	0.160	0.125	0.125	0.125	0.125	0.090	0.056	0.056	0.056	0.135	0.215	0.215	0.215	0.215	0.215	0.215	
0.090	0.090	0.090	0.090	0.090	0.136	0.136	0.182	0.182	0.182	0.182	0.189	0.160	0.160	0.125	0.125	0.090	0.090	0.056	0.056	0.056	0.135	0.215	0.215	0.215	0.215	0.215	0.215	
0.083	0.090	0.090	0.090	0.090	0.090	0.136	0.136	0.182	0.182	0.182	0.189	0.195	0.160	0.125	0.125	0.090	0.056	0.056	0.056	0.132	0.135	0.215	0.215	0.215	0.215	0.215	0.215	
0.083	0.083	0.083	0.090	0.090	0.090	0.090	0.136	0.182	0.182	0.182	0.189	0.195	0.160	0.125	0.125	0.090	0.056	0.056	0.090	0.132	0.170	0.215	0.215	0.215	0.215	0.215	0.215	
0.075	0.075	0.083	0.083	0.090	0.090	0.090	0.136	0.136	0.182	0.154	0.167	0.160	0.128	0.152	0.130	0.101	0.056	0.090	0.090	0.125	0.170	0.215	0.215	0.215	0.215	0.215	0.215	
0.075	0.075	0.075	0.083	0.083	0.090	0.090	0.101	0.128	0.140	0.140	0.125	0.125	0.129	0.095	0.135	0.094	0.073	0.090	0.125	0.125	0.170	0.215	0.215	0.215	0.215	0.158	0.158	
0.075	0.075	0.075	0.075	0.083	0.083	0.072	0.084	0.112	0.112	0.118	0.116	0.096	0.056	0.094	0.105	0.105	0.090	0.090	0.090	0.102	0.140	0.147	0.215	0.215	0.158	0.158	0.100	
0.075	0.075	0.075	0.075	0.075	0.075	0.072	0.081	0.088	0.107	0.111	0.116	0.081	0.084	0.073	0.090	0.084	0.080	0.072	0.090	0.087	0.079	0.147	0.131	0.131	0.158	0.100	0.100	
0.075	0.075	0.075	0.075	0.075	0.075	0.067	0.050	0.076	0.103	0.105	0.078	0.172	0.122	0.164	0.129	0.129	0.071	0.076	0.056	0.078	0.079	0.090	0.093	0.100	0.100	0.100	0.100	
0.075	0.075	0.075	0.075	0.075	0.075	0.062	0.067	0.076	0.089	0.068	0.078	0.123	0.237	0.184	0.158	0.148	0.132	0.076	0.085	0.078	0.093	0.090	0.100	0.100	0.100	0.100	0.100	
0.075	0.075	0.075	0.075	0.075	0.075	0.075	0.075	0.075	0.075	0.050	0.025	0.366	0.536	0.432	0.225	0.225	0.163	0.100	0.100	0.100	0.100	0.100	0.100	0.100	0.100	0.100	0.100	
0.000	0.000	0.000	0.000	0.000	0.000	0.000	0.075	0.075	0.075	0.075	0.000	0.430	0.834	0.530	0.530	0.000	0.100	0.100	0.100	0.000	0.000	0.000	0.000	0.000	0.000	0.000	0.000	
0.000	0.000	0.000	0.000	0.000	0.000	0.000	0.000	0.000	0.000	0.000	0.000	0.834	0.834	0.834	0.834	0.000	0.000	0.000	0.000	0.000	0.000	0.000	0.000	0.000	0.000	0.000	0.000	
0.000	0.000	0.000	0.000	0.000	0.000	0.000	0.000	0.000	0.000	0.000	0.000	0.834	0.834	0.834	0.834	0.000	0.000	0.000	0.000	0.000	0.000	0.000	0.000	0.000	0.000	0.000	0.000	
0.000	0.000	0.000	0.000	0.000	0.000	0.000	0.000	0.000	0.000	0.000	0.000	0.834	0.834	0.834	0.834	0.000	0.000	0.000	0.000	0.000	0.000	0.000	0.000	0.000	0.000	0.000	0.000	
0.000	0.000	0.000	0.000	0.000	0.000	0.000	0.000	0.000	0.000	0.000	0.000	0.834	0.834	0.834	0.834	0.000	0.000	0.000	0.000	0.000	0.000	0.000	0.000	0.000	0.000	0.000	0.000	
