0.190	0.190	0.190	0.190	0.190	0.190	0.190	0.190	0.190	0.213	0.236	0.236	0.236	0.236	0.236	0.236	0.236	0.169	0.103	0.103	0.103	0.103	0.103	0.103	0.103	0.103	0.103	0.103	
0.190	0.190	0.190	0.190	0.190	0.190	0.190	0.190	0.190	0.213	0.236	0.236	0.236	0.236	0.236	0.236	0.236	0.169	0.103	0.103	0.103	0.103	0.103	0.103	0.103	0.103	0.103	0.103	
0.190	0.190	0.190	0.190	0.190	0.190	0.190	0.190	0.190	0.213	0.236	0.236	0.236	0.236	0.236	0.236	0.236	0.169	0.103	0.103	0.103	0.103	0.103	0.103	0.103	0.103	0.103	0.103	
0.190	0.190	0.190	0.190	0.190	0.190	0.190	0.190	0.190	0.213	0.236	0.236	0.236	0.236	0.236	0.236	0.236	0.169	0.103	0.103	0.103	0.103	0.103	0.103	0.103	0.103	0.103	0.103	
0.190	0.190	0.190	0.190	0.190	0.190	0.190	0.190	0.190	0.213	0.213	0.236	0.236	0.236	0.236	0.236	0.236	0.169	0.103	0.103	0.103	0.103	0.103	0.103	0.103	0.103	0.103	0.103	
0.190	0.190	0.190	0.190	0.190	0.190	0.190	0.190	0.190	0.190	0.213	0.236	0.236	0.236	0.236	0.236	0.236	0.169	0.103	0.103	0.103	0.103	0.103	0.103	0.103	0.103	0.103	0.103	
0.190	0.190	0.190	0.190	0.190	0.190	0.190	0.190	0.190	0.190	0.213	0.236	0.236	0.236	0.236	0.236	0.236	0.169	0.103	0.103	0.103	0.103	0.103	0.103	0.103	0.103	0.103	0.103	
0.190	0.190	0.190	0.190	0.190	0.190	0.190	0.190	0.190	0.190	0.213	0.236	0.236	0.236	0.236	0.236	0.236	0.169	0.103	0.103	0.103	0.103	0.103	0.103	0.103	0.103	0.103	0.103	
0.190	0.190	0.190	0.190	0.190	0.190	0.190	0.190	0.190	0.190	0.213	0.236	0.236	0.236	0.236	0.236	0.236	0.169	0.103	0.103	0.103	0.103	0.103	0.103	0.103	0.103	0.103	0.103	
0.190	0.190	0.190	0.190	0.190	0.190	0.190	0.190	0.190	0.190	0.213	0.236	0.236	0.236	0.236	0.236	0.236	0.169	0.103	0.103	0.103	0.103	0.103	0.103	0.103	0.103	0.103	0.103	
0.190	0.190	0.190	0.190	0.190	0.190	0.190	0.190	0.190	0.190	0.213	0.236	0.236	0.236	0.236	0.236	0.236	0.169	0.103	0.103	0.103	0.103	0.103	0.103	0.103	0.103	0.103	0.103	
0.190	0.190	0.190	0.190	0.190	0.190	0.190	0.190	0.190	0.190	0.213	0.236	0.236	0.236	0.236	0.236	0.236	0.169	0.103	0.103	0.103	0.103	0.103	0.103	0.103	0.103	0.103	0.103	
0.190	0.190	0.190	0.190	0.190	0.190	0.190	0.190	0.190	0.190	0.213	0.236	0.236	0.236	0.236	0.236	0.236	0.169	0.103	0.103	0.103	0.103	0.103	0.103	0.103	0.103	0.103	0.103	
0.190	0.190	0.190	0.190	0.190	0.190	0.190	0.190	0.190	0.190	0.213	0.236	0.236	0.236	0.236	0.236	0.236	0.169	0.103	0.103	0.103	0.103	0.103	0.103	0.103	0.103	0.103	0.103	
0.190	0.190	0.190	0.190	0.190	0.190	0.190	0.190	0.190	0.190	0.213	0.236	0.236	0.236	0.236	0.236	0.236	0.169	0.103	0.103	0.103	0.103	0.103	0.103	0.103	0.103	0.103	0.103	
0.190	0.190	0.190	0.190	0.190	0.190	0.190	0.190	0.190	0.190	0.213	0.236	0.236	0.236	0.236	0.236	0.236	0.169	0.103	0.103	0.103	0.103	0.103	0.103	0.103	0.103	0.103	0.103	
0.190	0.190	0.190	0.190	0.190	0.190	0.190	0.190	0.190	0.190	0.213	0.236	0.236	0.236	0.236	0.236	0.236	0.169	0.103	0.103	0.103	0.103	0.103	0.103	0.103	0.103	0.103	0.103	
0.190	0.190	0.190	0.190	0.190	0.190	0.190	0.190	0.190	0.190	0.213	0.236	0.236	0.236	0.236	0.236	0.236	0.169	0.103	0.103	0.103	0.103	0.103	0.103	0.103	0.103	0.103	0.103	
0.190	0.190	0.190	0.190	0.190	0.190	0.190	0.190	0.190	0.190	0.213	0.213	0.236	0.236	0.236	0.236	0.236	0.169	0.103	0.103	0.103	0.103	0.103	0.103	0.103	0.103	0.103	0.103	
0.190	0.190	0.190	0.190	0.190	0.190	0.190	0.190	0.190	0.190	0.190	0.213	0.236	0.236	0.236	0.236	0.236	0.169	0.103	0.103	0.103	0.103	0.103	0.103	0.103	0.103	0.103	0.103	
0.190	0.190	0.190	0.190	0.190	0.190	0.190	0.190	0.190	0.190	0.190	0.213	0.236	0.236	0.236	0.236	0.236	0.169	0.103	0.103	0.103	0.103	0.103	0.103	0.103	0.103	0.103	0.103	
0.190	0.190	0.190	0.190	0.190	0.190	0.190	0.190	0.190	0.190	0.190	0.213	0.236	0.236	0.236	0.236	0.236	0.169	0.103	0.103	0.103	0.103	0.103	0.103	0.103	0.103	0.103	0.103	
0.190	0.190	0.190	0.190	0.190	0.190	0.190	0.190	0.190	0.190	0.190	0.213	0.236	0.236	0.236	0.236	0.236	0.169	0.103	0.103	0.103	0.103	0.103	0.103	0.103	0.103	0.103	0.103	
0.190	0.190	0.190	0.190	0.190	0.190	0.190	0.190	0.190	0.190	0.190	0.213	0.236	0.236	0.236	0.236	0.236	0.169	0.103	0.103	0.103	0.103	0.103	0.103	0.103	0.103	0.103	0.103	
0.190	0.190	0.190	0.190	0.190	0.190	0.190	0.190	0.190	0.190	0.190	0.213	0.236	0.236	0.236	0.236	0.236	0.169	0.103	0.103	0.103	0.103	0.103	0.103	0.103	0.103	0.103	0.103	
0.190	0.190	0.190	0.190	0.190	0.190	0.190	0.190	0.190	0.190	0.190	0.213	0.236	0.236	0.236	0.236	0.236	0.169	0.103	0.103	0.103	0.103	0.103	0.103	0.103	0.103	0.103	0.103	
0.190	0.190	0.190	0.190	0.190	0.190	0.190	0.190	0.190	0.190	0.190	0.213	0.236	0.236	0.236	0.236	0.236	0.169	0.103	0.103	0.103	0.103	0.103	0.103	0.103	0.103	0.103	0.103	
0.190	0.190	0.190	0.190	0.190	0.190	0.190	0.190	0.190	0.190	0.190	0.213	0.236	0.236	0.236	0.236	0.236	0.169	0.103	0.103	0.103	0.103	0.103	0.103	0.103	0.103	0.103	0.103	
0.190	0.190	0.190	0.190	0.190	0.190	0.190	0.190	0.190	0.190	0.190	0.213	0.236	0.236	0.236	0.236	0.169	0.169	0.103	0.103	0.103	0.103	0.103	0.103	0.103	0.103	0.103	0.103	
0.190	0.190	0.190	0.190	0.190	0.190	0.190	0.190	0.190	0.190	0.190	0.213	0.236	0.236	0.236	0.236	0.169	0.103	0.103	0.103	0.103	0.103	0.103	0.103	0.103	0.103	0.103	0.103	
0.190	0.190	0.190	0.190	0.190	0.190	0.190	0.190	0.190	0.190	0.190	0.213	0.236	0.236	0.236	0.236	0.169	0.103	0.103	0.103	0.103	0.103	0.103	0.103	0.103	0.103	0.103	0.103	
0.190	0.190	0.190	0.190	0.190	0.190	0.190	0.190	0.190	0.190	0.190	0.213	0.213	0.236	0.236	0.236	0.169	0.103	0.103	0.103	0.103	0.103	0.103	0.103	0.103	0.103	0.103	0.103	
0.190	0.190	0.190	0.190	0.190	0.190	0.190	0.190	0.190	0.190	0.190	0.190	0.213	0.236	0.236	0.236	0.169	0.103	0.103	0.103	0.103	0.103	0.103	0.103	0.103	0.103	0.103	0.139	
0.176	0.190	0.190	0.190	0.190	0.190	0.190	0.190	0.190	0.190	0.190	0.190	0.213	0.236	0.236	0.236	0.169	0.103	0.103	0.103	0.103	0.103	0.103	0.103	0.103	0.103	0.103	0.139	
0.176	0.163	0.190	0.190	0.190	0.190	0.190	0.190	0.190	0.190	0.190	0.190	0.213	0.236	0.236	0.236	0.169	0.103	0.103	0.103	0.103	0.103	0.103	0.103	0.103	0.103	0.139	0.139	
0.168	0.176	0.163	0.190	0.190	0.190	0.190	0.190	0.190	0.190	0.190	0.190	0.213	0.236	0.236	0.236	0.169	0.103	0.103	0.103	0.103	0.103	0.103	0.103	0.103	0.139	0.139	0.175	
0.202	0.168	0.163	0.190	0.190	0.190	0.190	0.190	0.190	0.190	0.190	0.190	0.213	0.236	0.236	0.236	0.169	0.103	0.103	0.103	0.103	0.103	0.103	0.103	0.103	0.139	0.175	0.175	
0.202	0.168	0.176	0.163	0.190	0.190	0.190	0.190	0.190	0.190	0.190	0.190	0.213	0.236	0.236	0.236	0.169	0.103	0.103	0.103	0.103	0.103	0.103	0.103	0.139	0.139	0.175	0.175	
0.202	0.202	0.168	0.163	0.163	0.190	0.190	0.190	0.190	0.190	0.190	0.190	0.213	0.236	0.236	0.236	0.169	0.103	0.103	0.103	0.103	0.103	0.103	0.103	0.139	0.175	0.175	0.175	
0.202	0.202	0.168	0.168	0.163	0.163	0.190	0.190	0.190	0.190	0.190	0.190	0.213	0.236	0.236	0.236	0.169	0.103	0.103	0.103	0.103	0.103	0.103	0.139	0.139	0.175	0.175	0.175	
0.202	0.202	0.202	0.168	0.135	0.163	0.163	0.190	0.190	0.190	0.190	0.190	0.213	0.236	0.236	0.236	0.169	0.103	0.103	0.103	0.103	0.103	0.103	0.139	0.175	0.175	0.175	0.175	
0.202	0.202	0.202	0.168	0.168	0.135	0.163	0.190	0.190	0.190	0.190	0.190	0.213	0.236	0.236	0.236	0.169	0.103	0.103	0.103	0.103	0.103	0.139	0.139	0.175	0.175	0.175	0.175	
0.202	0.202	0.202	0.202	0.168	0.135	0.163	0.163	0.190	0.190	0.190	0.190	0.213	0.236	0.236	0.236	0.169	0.103	0.103	0.103	0.103	0.139	0.139	0.175	0.175	0.175	0.175	0.175	
0.202	0.202	0.202	0.202	0.168	0.168	0.135	0.163	0.163	0.190	0.190	0.190	0.213	0.236	0.236	0.236	0.169	0.103	0.103	0.103	0.103	0.126	0.175	0.175	0.175	0.175	0.175	0.175	
0.202	0.202	0.202	0.202	0.202	0.168	0.135	0.135	0.163	0.163	0.190	0.190	0.179	0.174	0.236	0.236	0.169	0.103	0.103	0.102	0.102	0.126	0.175	0.175	0.175	0.175	0.175	0.175	
0.202	0.202	0.202	0.202	0.202	0.168	0.168	0.135	0.135	0.163	0.163	0.151	0.151	0.174	0.174	0.206	0.172	0.140	0.102	0.102	0.100	0.138	0.175	0.175	0.175	0.175	0.175	0.175	
0.202	0.202	0.202	0.202	0.202	0.202	0.168	0.135	0.135	0.135	0.191	0.183	0.180	0.112	0.194	0.221	0.177	0.127	0.102	0.100	0.138	0.138	0.175	0.175	0.175	0.175	0.175	0.175	
0.202	0.202	0.202	0.202	0.202	0.202	0.168	0.145	0.117	0.162	0.162	0.247	0.203	0.181	0.181	0.161	0.177	0.126	0.100	0.100	0.150	0.175	0.175	0.175	0.175	0.175	0.175	0.175	
0.202	0.202	0.202	0.202	0.202	0.202	0.151	0.100	0.117	0.113	0.175	0.175	0.439	0.535	0.250	0.161	0.116	0.111	0.100	0.125	0.137	0.175	0.175	0.175	0.175	0.175	0.175	0.175	
0.202	0.202	0.202	0.202	0.202	0.202	0.151	0.100	0.100	0.102	0.103	0.390	0.390	0.535	0.375	0.153	0.056	0.078	0.100	0.137	0.175	0.175	0.175	0.175	0.175	0.175	0.175	0.175	
0.000	0.000	0.000	0.000	0.000	0.000	0.000	0.100	0.100	0.102	0.103	0.462	0.820	0.820	0.438	0.438	0.056	0.078	0.100	0.137	0.175	0.175	0.000	0.000	0.000	0.000	0.000	0.000	
0.000	0.000	0.000	0.000	0.000	0.000	0.000	0.000	0.000	0.000	0.000	0.000	0.820	0.910	0.910	0.910	0.000	0.000	0.000	0.000	0.000	0.000	0.000	0.000	0.000	0.000	0.000	0.000	
0.000	0.000	0.000	0.000	0.000	0.000	0.000	0.000	0.000	0.000	0.000	0.000	0.910	0.910	1.000	1.000	0.000	0.000	0.000	0.000	0.000	0.000	0.000	0.000	0.000	0.000	0.000	0.000	
0.000	0.000	0.000	0.000	0.000	0.000	0.000	0.000	0.000	0.000	0.000	0.000	1.000	1.000	1.000	1.000	0.000	0.000	0.000	0.000	0.000	0.000	0.000	0.000	0.000	0.000	0.000	0.000	
0.000	0.000	0.000	0.000	0.000	0.000	0.000	0.000	0.000	0.000	0.000	0.000	1.000	1.000	1.000	1.000	0.000	0.000	0.000	0.000	0.000	0.000	0.000	0.000	0.000	0.000	0.000	0.000	
