0.200	0.200	0.200	0.200	0.200	0.200	0.200	0.200	0.200	0.200	0.200	0.200	0.200	0.200	0.200	0.200	0.200	0.200	0.200	0.200	0.200	0.200	0.200	0.200	0.200	0.200	0.200	0.200	
0.200	0.200	0.200	0.200	0.200	0.200	0.200	0.200	0.200	0.200	0.200	0.200	0.200	0.200	0.200	0.200	0.200	0.200	0.200	0.200	0.200	0.200	0.200	0.200	0.200	0.200	0.200	0.200	
0.200	0.200	0.200	0.200	0.200	0.200	0.200	0.200	0.200	0.200	0.200	0.200	0.200	0.200	0.200	0.200	0.200	0.200	0.200	0.200	0.200	0.200	0.200	0.200	0.200	0.200	0.200	0.200	
0.200	0.200	0.200	0.200	0.200	0.200	0.200	0.200	0.200	0.200	0.200	0.200	0.200	0.200	0.200	0.200	0.200	0.200	0.200	0.200	0.200	0.200	0.200	0.200	0.200	0.200	0.200	0.215	
0.200	0.200	0.200	0.200	0.200	0.200	0.200	0.200	0.200	0.200	0.200	0.200	0.200	0.200	0.200	0.200	0.200	0.200	0.200	0.200	0.200	0.200	0.200	0.200	0.200	0.200	0.200	0.215	
0.200	0.200	0.200	0.200	0.200	0.200	0.200	0.200	0.200	0.200	0.200	0.200	0.200	0.200	0.200	0.200	0.200	0.200	0.200	0.200	0.200	0.200	0.200	0.200	0.200	0.200	0.215	0.215	
0.200	0.200	0.200	0.200	0.200	0.200	0.200	0.200	0.200	0.200	0.200	0.200	0.200	0.200	0.200	0.200	0.200	0.200	0.200	0.200	0.200	0.200	0.200	0.200	0.200	0.200	0.215	0.230	
0.200	0.200	0.200	0.200	0.200	0.200	0.200	0.200	0.200	0.200	0.200	0.200	0.200	0.200	0.200	0.200	0.200	0.200	0.200	0.200	0.200	0.200	0.200	0.200	0.200	0.200	0.215	0.230	
0.200	0.200	0.200	0.200	0.200	0.200	0.200	0.200	0.200	0.200	0.200	0.200	0.200	0.200	0.200	0.200	0.200	0.200	0.200	0.200	0.200	0.200	0.200	0.200	0.200	0.215	0.215	0.222	
0.200	0.200	0.200	0.200	0.200	0.200	0.200	0.200	0.200	0.200	0.200	0.200	0.200	0.200	0.200	0.200	0.200	0.200	0.200	0.200	0.200	0.200	0.200	0.200	0.200	0.215	0.230	0.222	
0.200	0.200	0.200	0.200	0.200	0.200	0.200	0.200	0.200	0.200	0.200	0.200	0.200	0.200	0.200	0.200	0.200	0.200	0.200	0.200	0.200	0.200	0.200	0.200	0.215	0.215	0.230	0.222	
0.200	0.200	0.200	0.200	0.200	0.200	0.200	0.200	0.200	0.200	0.200	0.200	0.200	0.200	0.200	0.200	0.200	0.200	0.200	0.200	0.200	0.200	0.200	0.200	0.215	0.230	0.222	0.222	
0.200	0.200	0.200	0.200	0.200	0.200	0.200	0.200	0.200	0.200	0.200	0.200	0.200	0.200	0.200	0.200	0.200	0.200	0.200	0.200	0.200	0.200	0.200	0.215	0.215	0.230	0.222	0.214	
0.200	0.200	0.200	0.200	0.200	0.200	0.200	0.200	0.200	0.200	0.200	0.200	0.200	0.200	0.200	0.200	0.200	0.200	0.200	0.200	0.200	0.200	0.200	0.215	0.230	0.230	0.222	0.214	
0.200	0.200	0.200	0.200	0.200	0.200	0.200	0.200	0.200	0.200	0.200	0.200	0.200	0.200	0.200	0.200	0.200	0.200	0.200	0.200	0.200	0.200	0.200	0.215	0.230	0.222	0.222	0.214	
0.200	0.200	0.200	0.200	0.200	0.200	0.200	0.200	0.200	0.200	0.200	0.200	0.200	0.200	0.200	0.200	0.200	0.200	0.200	0.200	0.200	0.200	0.215	0.215	0.230	0.222	0.214	0.214	
0.226	0.200	0.200	0.200	0.200	0.200	0.200	0.200	0.200	0.200	0.200	0.200	0.200	0.200	0.200	0.200	0.200	0.200	0.200	0.200	0.200	0.200	0.215	0.230	0.222	0.222	0.214	0.214	
0.226	0.200	0.200	0.200	0.200	0.200	0.200	0.200	0.200	0.200	0.200	0.200	0.200	0.200	0.200	0.200	0.200	0.200	0.200	0.200	0.200	0.215	0.215	0.230	0.222	0.214	0.214	0.214	
0.226	0.226	0.200	0.200	0.200	0.200	0.200	0.200	0.200	0.200	0.200	0.200	0.200	0.200	0.200	0.200	0.200	0.200	0.200	0.200	0.200	0.215	0.230	0.230	0.222	0.214	0.214	0.214	
0.251	0.226	0.200	0.200	0.200	0.200	0.200	0.200	0.200	0.200	0.200	0.200	0.200	0.200	0.200	0.200	0.200	0.200	0.200	0.200	0.200	0.215	0.230	0.222	0.222	0.214	0.214	0.214	
0.251	0.226	0.226	0.200	0.200	0.200	0.200	0.200	0.200	0.200	0.200	0.200	0.200	0.200	0.200	0.200	0.200	0.200	0.200	0.200	0.215	0.215	0.230	0.222	0.214	0.214	0.214	0.214	
0.251	0.251	0.226	0.200	0.200	0.200	0.200	0.200	0.200	0.200	0.200	0.200	0.200	0.200	0.200	0.200	0.200	0.200	0.200	0.200	0.215	0.230	0.222	0.222	0.214	0.214	0.214	0.214	
0.251	0.251	0.226	0.226	0.200	0.200	0.200	0.200	0.200	0.200	0.200	0.200	0.200	0.200	0.200	0.200	0.200	0.200	0.200	0.215	0.215	0.230	0.222	0.214	0.214	0.214	0.214	0.214	
0.251	0.251	0.251	0.226	0.200	0.200	0.200	0.200	0.200	0.200	0.200	0.200	0.200	0.200	0.200	0.200	0.200	0.200	0.200	0.215	0.230	0.230	0.222	0.214	0.214	0.214	0.214	0.214	
0.251	0.251	0.251	0.226	0.226	0.200	0.200	0.200	0.200	0.200	0.200	0.200	0.200	0.200	0.200	0.200	0.200	0.200	0.215	0.215	0.230	0.222	0.222	0.214	0.214	0.214	0.214	0.214	
0.251	0.251	0.251	0.251	0.226	0.200	0.200	0.200	0.200	0.200	0.200	0.200	0.200	0.200	0.200	0.200	0.200	0.200	0.215	0.230	0.230	0.222	0.214	0.214	0.214	0.214	0.214	0.214	
0.251	0.251	0.251	0.251	0.226	0.226	0.200	0.200	0.200	0.200	0.200	0.200	0.200	0.200	0.200	0.200	0.200	0.200	0.215	0.230	0.222	0.222	0.214	0.214	0.214	0.214	0.214	0.214	
0.251	0.251	0.251	0.251	0.251	0.226	0.200	0.200	0.200	0.200	0.200	0.200	0.200	0.200	0.200	0.200	0.200	0.215	0.215	0.230	0.222	0.214	0.214	0.214	0.214	0.214	0.214	0.214	
0.251	0.251	0.251	0.251	0.251	0.226	0.226	0.200	0.200	0.200	0.200	0.200	0.200	0.200	0.200	0.200	0.200	0.215	0.230	0.230	0.222	0.214	0.214	0.214	0.214	0.214	0.214	0.214	
0.251	0.251	0.251	0.251	0.251	0.251	0.226	0.200	0.200	0.200	0.200	0.200	0.200	0.200	0.200	0.200	0.215	0.215	0.230	0.222	0.222	0.214	0.214	0.214	0.214	0.214	0.214	0.232	
0.263	0.251	0.251	0.251	0.251	0.251	0.226	0.226	0.200	0.200	0.200	0.200	0.200	0.200	0.200	0.200	0.215	0.230	0.230	0.222	0.214	0.214	0.214	0.214	0.214	0.214	0.232	0.232	
0.263	0.263	0.251	0.251	0.251	0.251	0.251	0.226	0.226	0.200	0.200	0.200	0.200	0.200	0.200	0.215	0.215	0.230	0.230	0.222	0.214	0.214	0.214	0.214	0.214	0.232	0.232	0.251	
0.275	0.263	0.263	0.251	0.251	0.251	0.251	0.251	0.226	0.200	0.200	0.200	0.200	0.200	0.200	0.215	0.230	0.230	0.222	0.222	0.214	0.214	0.214	0.214	0.232	0.232	0.251	0.251	
0.275	0.275	0.263	0.263	0.251	0.251	0.251	0.251	0.226	0.226	0.200	0.200	0.200	0.200	0.200	0.215	0.230	0.230	0.222	0.214	0.214	0.214	0.214	0.214	0.232	0.251	0.251	0.251	
0.275	0.275	0.275	0.263	0.263	0.251	0.251	0.251	0.251	0.226	0.200	0.200	0.200	0.200	0.215	0.215	0.230	0.222	0.222	0.214	0.214	0.214	0.214	0.232	0.232	0.251	0.251	0.251	
0.275	0.275	0.275	0.275	0.263	0.263	0.251	0.251	0.251	0.226	0.226	0.200	0.200	0.200	0.215	0.230	0.230	0.222	0.214	0.214	0.214	0.214	0.232	0.232	0.251	0.251	0.251	0.251	
0.275	0.275	0.275	0.275	0.275	0.263	0.263	0.251	0.251	0.251	0.226	0.200	0.200	0.215	0.215	0.230	0.230	0.222	0.214	0.214	0.214	0.232	0.232	0.251	0.251	0.251	0.251	0.251	
0.275	0.275	0.275	0.275	0.275	0.275	0.263	0.251	0.251	0.251	0.226	0.209	0.188	0.202	0.230	0.230	0.222	0.222	0.214	0.214	0.232	0.232	0.251	0.251	0.251	0.251	0.251	0.251	
0.275	0.275	0.275	0.275	0.275	0.275	0.263	0.263	0.251	0.251	0.214	0.214	0.177	0.186	0.190	0.230	0.222	0.214	0.214	0.232	0.232	0.251	0.251	0.251	0.251	0.251	0.251	0.251	
0.275	0.275	0.275	0.275	0.275	0.275	0.275	0.263	0.243	0.226	0.210	0.177	0.177	0.163	0.190	0.190	0.193	0.195	0.214	0.232	0.251	0.251	0.251	0.251	0.251	0.251	0.251	0.251	
0.275	0.275	0.275	0.275	0.275	0.275	0.275	0.275	0.238	0.202	0.176	0.176	0.163	0.159	0.150	0.150	0.163	0.195	0.214	0.232	0.251	0.251	0.251	0.251	0.251	0.251	0.251	0.251	
0.226	0.226	0.226	0.226	0.226	0.226	0.226	0.226	0.218	0.202	0.176	0.150	0.150	0.142	0.139	0.151	0.151	0.177	0.214	0.214	0.251	0.251	0.251	0.251	0.251	0.251	0.177	0.177	
0.126	0.126	0.177	0.177	0.177	0.177	0.177	0.177	0.176	0.176	0.151	0.134	0.127	0.127	0.127	0.127	0.152	0.164	0.168	0.201	0.213	0.213	0.213	0.213	0.176	0.177	0.177	0.103	
0.075	0.126	0.126	0.126	0.177	0.177	0.177	0.177	0.163	0.150	0.127	0.103	0.103	0.110	0.114	0.127	0.127	0.152	0.164	0.175	0.175	0.175	0.139	0.139	0.139	0.103	0.103	0.103	
0.075	0.075	0.075	0.126	0.126	0.126	0.151	0.151	0.145	0.139	0.114	0.102	0.089	0.093	0.100	0.100	0.133	0.149	0.158	0.167	0.167	0.145	0.139	0.103	0.103	0.103	0.103	0.077	
0.065	0.075	0.075	0.075	0.075	0.100	0.100	0.125	0.126	0.127	0.101	0.075	0.075	0.103	0.117	0.127	0.123	0.146	0.120	0.158	0.158	0.131	0.103	0.103	0.103	0.103	0.077	0.077	
0.065	0.065	0.065	0.075	0.075	0.075	0.093	0.102	0.111	0.081	0.079	0.067	0.083	0.100	0.135	0.135	0.135	0.101	0.120	0.107	0.131	0.131	0.103	0.103	0.077	0.077	0.077	0.050	
0.056	0.056	0.065	0.065	0.065	0.075	0.089	0.079	0.079	0.057	0.035	0.063	0.090	0.355	0.367	0.130	0.135	0.088	0.056	0.080	0.073	0.064	0.064	0.077	0.077	0.050	0.050	0.050	
0.056	0.056	0.056	0.056	0.065	0.069	0.077	0.060	0.052	0.046	0.037	0.058	0.327	0.465	0.284	0.080	0.075	0.069	0.035	0.040	0.025	0.025	0.059	0.077	0.050	0.050	0.050	0.050	
0.056	0.056	0.056	0.056	0.056	0.065	0.075	0.050	0.025	0.025	0.038	0.050	0.445	0.438	0.438	0.062	0.062	0.025	0.025	0.025	0.025	0.025	0.037	0.050	0.050	0.050	0.050	0.050	
0.000	0.000	0.000	0.000	0.000	0.075	0.075	0.050	0.025	0.025	0.000	0.000	0.632	0.627	0.520	0.035	0.030	0.025	0.000	0.000	0.000	0.000	0.000	0.000	0.000	0.000	0.000	0.000	
0.000	0.000	0.000	0.000	0.000	0.000	0.000	0.000	0.000	0.000	0.000	0.000	1.005	1.005	0.520	0.520	0.000	0.000	0.000	0.000	0.000	0.000	0.000	0.000	0.000	0.000	0.000	0.000	
0.000	0.000	0.000	0.000	0.000	0.000	0.000	0.000	0.000	0.000	0.000	0.000	1.005	1.005	1.005	1.005	0.000	0.000	0.000	0.000	0.000	0.000	0.000	0.000	0.000	0.000	0.000	0.000	
0.000	0.000	0.000	0.000	0.000	0.000	0.000	0.000	0.000	0.000	0.000	0.000	1.005	1.005	1.005	1.005	0.000	0.000	0.000	0.000	0.000	0.000	0.000	0.000	0.000	0.000	0.000	0.000	
0.000	0.000	0.000	0.000	0.000	0.000	0.000	0.000	0.000	0.000	0.000	0.000	1.005	1.005	1.005	1.005	0.000	0.000	0.000	0.000	0.000	0.000	0.000	0.000	0.000	0.000	0.000	0.000	
