0.225	0.225	0.225	0.225	0.225	0.225	0.225	0.225	0.225	0.225	0.225	0.225	0.225	0.225	0.225	0.225	0.225	0.225	0.225	0.225	0.225	0.225	0.225	0.225	0.225	0.225	0.225	0.225	
0.225	0.225	0.225	0.225	0.225	0.225	0.225	0.225	0.225	0.225	0.225	0.225	0.225	0.225	0.225	0.225	0.225	0.225	0.225	0.225	0.225	0.225	0.225	0.225	0.225	0.225	0.225	0.225	
0.225	0.225	0.225	0.225	0.225	0.225	0.225	0.225	0.225	0.225	0.225	0.225	0.225	0.225	0.225	0.225	0.225	0.225	0.225	0.225	0.225	0.225	0.225	0.225	0.225	0.225	0.225	0.226	
0.225	0.225	0.225	0.225	0.225	0.225	0.225	0.225	0.225	0.225	0.225	0.225	0.225	0.225	0.225	0.225	0.225	0.225	0.225	0.225	0.225	0.225	0.225	0.225	0.225	0.225	0.225	0.226	
0.225	0.225	0.225	0.225	0.225	0.225	0.225	0.225	0.225	0.225	0.225	0.225	0.225	0.225	0.225	0.225	0.225	0.225	0.225	0.225	0.225	0.225	0.225	0.225	0.225	0.225	0.225	0.226	
0.225	0.225	0.225	0.225	0.225	0.225	0.225	0.225	0.225	0.225	0.225	0.225	0.225	0.225	0.225	0.225	0.225	0.225	0.225	0.225	0.225	0.225	0.225	0.225	0.225	0.225	0.226	0.226	
0.225	0.225	0.225	0.225	0.225	0.225	0.225	0.225	0.225	0.225	0.225	0.225	0.225	0.225	0.225	0.225	0.225	0.225	0.225	0.225	0.225	0.225	0.225	0.225	0.225	0.225	0.226	0.226	
0.225	0.225	0.225	0.225	0.225	0.225	0.225	0.225	0.225	0.225	0.225	0.225	0.225	0.225	0.225	0.225	0.225	0.225	0.225	0.225	0.225	0.225	0.225	0.225	0.225	0.226	0.226	0.226	
0.225	0.225	0.225	0.225	0.225	0.225	0.225	0.225	0.225	0.225	0.225	0.225	0.225	0.225	0.225	0.225	0.225	0.225	0.225	0.225	0.225	0.225	0.225	0.225	0.225	0.226	0.226	0.226	
0.225	0.225	0.225	0.225	0.225	0.225	0.225	0.225	0.225	0.225	0.225	0.225	0.225	0.225	0.225	0.225	0.225	0.225	0.225	0.225	0.225	0.225	0.225	0.225	0.226	0.226	0.226	0.220	
0.225	0.225	0.225	0.225	0.225	0.225	0.225	0.225	0.225	0.225	0.225	0.225	0.225	0.225	0.225	0.225	0.225	0.225	0.225	0.225	0.225	0.225	0.225	0.225	0.226	0.226	0.226	0.220	
0.225	0.225	0.225	0.225	0.225	0.225	0.225	0.225	0.225	0.225	0.225	0.225	0.225	0.225	0.225	0.225	0.225	0.225	0.225	0.225	0.225	0.225	0.225	0.225	0.226	0.226	0.226	0.220	
0.225	0.225	0.225	0.225	0.225	0.225	0.225	0.225	0.225	0.225	0.225	0.225	0.225	0.225	0.225	0.225	0.225	0.225	0.225	0.225	0.225	0.225	0.225	0.226	0.226	0.226	0.220	0.220	
0.225	0.225	0.225	0.225	0.225	0.225	0.225	0.225	0.225	0.225	0.225	0.225	0.225	0.225	0.225	0.225	0.225	0.225	0.225	0.225	0.225	0.225	0.225	0.226	0.226	0.226	0.220	0.214	
0.225	0.225	0.225	0.225	0.225	0.225	0.225	0.225	0.225	0.225	0.225	0.225	0.225	0.225	0.225	0.225	0.225	0.225	0.225	0.225	0.225	0.225	0.226	0.226	0.226	0.220	0.220	0.214	
0.251	0.225	0.225	0.225	0.225	0.225	0.225	0.225	0.225	0.225	0.225	0.225	0.225	0.225	0.225	0.225	0.225	0.225	0.225	0.225	0.225	0.225	0.226	0.226	0.226	0.220	0.214	0.214	
0.251	0.225	0.225	0.225	0.225	0.225	0.225	0.225	0.225	0.225	0.225	0.225	0.225	0.225	0.225	0.225	0.225	0.225	0.225	0.225	0.225	0.225	0.226	0.226	0.226	0.220	0.214	0.214	
0.251	0.251	0.225	0.225	0.225	0.225	0.225	0.225	0.225	0.225	0.225	0.225	0.225	0.225	0.225	0.225	0.225	0.225	0.225	0.225	0.225	0.226	0.226	0.226	0.220	0.220	0.214	0.214	
0.276	0.251	0.225	0.225	0.225	0.225	0.225	0.225	0.225	0.225	0.225	0.225	0.225	0.225	0.225	0.225	0.225	0.225	0.225	0.225	0.225	0.226	0.226	0.226	0.220	0.214	0.214	0.214	
0.276	0.251	0.251	0.225	0.225	0.225	0.225	0.225	0.225	0.225	0.225	0.225	0.225	0.225	0.225	0.225	0.225	0.225	0.225	0.225	0.226	0.226	0.226	0.220	0.220	0.214	0.214	0.214	
0.276	0.276	0.251	0.225	0.225	0.225	0.225	0.225	0.225	0.225	0.225	0.225	0.225	0.225	0.225	0.225	0.225	0.225	0.225	0.225	0.226	0.226	0.226	0.220	0.214	0.214	0.214	0.214	
0.276	0.276	0.251	0.251	0.225	0.225	0.225	0.225	0.225	0.225	0.225	0.225	0.225	0.225	0.225	0.225	0.225	0.225	0.225	0.226	0.226	0.226	0.220	0.220	0.214	0.214	0.214	0.214	
0.276	0.276	0.276	0.251	0.225	0.225	0.225	0.225	0.225	0.225	0.225	0.225	0.225	0.225	0.225	0.225	0.225	0.225	0.225	0.226	0.226	0.226	0.220	0.214	0.214	0.214	0.214	0.214	
0.276	0.276	0.276	0.251	0.251	0.225	0.225	0.225	0.225	0.225	0.225	0.225	0.225	0.225	0.225	0.225	0.225	0.225	0.225	0.226	0.226	0.226	0.220	0.214	0.214	0.214	0.214	0.214	
0.276	0.276	0.276	0.276	0.251	0.225	0.225	0.225	0.225	0.225	0.225	0.225	0.225	0.225	0.225	0.225	0.225	0.225	0.226	0.226	0.226	0.220	0.220	0.214	0.214	0.214	0.214	0.214	
0.276	0.276	0.276	0.276	0.251	0.251	0.225	0.225	0.225	0.225	0.225	0.225	0.225	0.225	0.225	0.225	0.225	0.225	0.226	0.226	0.226	0.220	0.214	0.214	0.214	0.214	0.214	0.214	
0.276	0.276	0.276	0.276	0.276	0.251	0.225	0.225	0.225	0.225	0.225	0.225	0.225	0.225	0.225	0.225	0.225	0.226	0.226	0.226	0.220	0.220	0.214	0.214	0.214	0.214	0.214	0.214	
0.276	0.276	0.276	0.276	0.276	0.251	0.251	0.225	0.225	0.225	0.225	0.225	0.225	0.225	0.225	0.225	0.225	0.226	0.226	0.226	0.220	0.214	0.214	0.214	0.214	0.214	0.214	0.257	
0.276	0.276	0.276	0.276	0.276	0.276	0.251	0.225	0.225	0.225	0.225	0.225	0.225	0.225	0.225	0.225	0.225	0.226	0.226	0.226	0.220	0.214	0.214	0.214	0.214	0.214	0.214	0.257	
0.288	0.276	0.276	0.276	0.276	0.276	0.251	0.251	0.225	0.225	0.225	0.225	0.225	0.225	0.225	0.225	0.226	0.226	0.226	0.220	0.220	0.214	0.214	0.214	0.214	0.214	0.257	0.257	
0.288	0.288	0.276	0.276	0.276	0.276	0.276	0.251	0.225	0.225	0.225	0.225	0.225	0.225	0.225	0.225	0.226	0.226	0.226	0.220	0.214	0.214	0.214	0.214	0.214	0.257	0.257	0.300	
0.300	0.288	0.288	0.276	0.276	0.276	0.276	0.251	0.251	0.225	0.225	0.225	0.225	0.225	0.225	0.226	0.226	0.226	0.220	0.220	0.214	0.214	0.214	0.214	0.257	0.257	0.300	0.300	
0.300	0.300	0.288	0.288	0.276	0.276	0.276	0.276	0.251	0.225	0.225	0.225	0.225	0.225	0.225	0.226	0.226	0.226	0.220	0.214	0.214	0.214	0.214	0.214	0.257	0.300	0.300	0.300	
0.300	0.300	0.300	0.288	0.276	0.276	0.276	0.276	0.251	0.251	0.225	0.225	0.225	0.225	0.226	0.226	0.226	0.226	0.220	0.214	0.214	0.214	0.214	0.257	0.257	0.300	0.300	0.300	
0.300	0.300	0.300	0.288	0.288	0.276	0.276	0.276	0.276	0.251	0.225	0.225	0.225	0.225	0.226	0.226	0.226	0.220	0.220	0.214	0.214	0.214	0.257	0.257	0.300	0.300	0.300	0.300	
0.300	0.300	0.300	0.300	0.288	0.288	0.276	0.276	0.276	0.251	0.251	0.225	0.225	0.225	0.226	0.226	0.226	0.220	0.214	0.214	0.214	0.257	0.257	0.300	0.300	0.300	0.300	0.300	
0.300	0.300	0.300	0.300	0.300	0.288	0.288	0.276	0.276	0.276	0.251	0.225	0.225	0.226	0.226	0.226	0.220	0.220	0.214	0.214	0.257	0.257	0.300	0.300	0.300	0.300	0.300	0.300	
0.300	0.300	0.300	0.300	0.300	0.300	0.288	0.288	0.276	0.276	0.225	0.225	0.200	0.209	0.226	0.226	0.220	0.214	0.214	0.214	0.257	0.300	0.300	0.300	0.300	0.300	0.300	0.300	
0.300	0.300	0.300	0.300	0.300	0.300	0.300	0.288	0.288	0.276	0.226	0.175	0.175	0.193	0.202	0.202	0.206	0.214	0.214	0.257	0.257	0.300	0.300	0.300	0.300	0.300	0.300	0.300	
0.300	0.300	0.300	0.300	0.300	0.300	0.300	0.300	0.259	0.238	0.217	0.176	0.164	0.168	0.177	0.177	0.189	0.195	0.230	0.257	0.300	0.300	0.300	0.300	0.300	0.300	0.300	0.300	
0.300	0.300	0.300	0.300	0.300	0.300	0.300	0.300	0.250	0.200	0.176	0.176	0.152	0.164	0.177	0.177	0.177	0.177	0.238	0.300	0.300	0.300	0.300	0.300	0.300	0.300	0.300	0.300	
0.251	0.251	0.251	0.251	0.251	0.251	0.251	0.234	0.213	0.175	0.167	0.152	0.152	0.151	0.151	0.160	0.151	0.177	0.226	0.226	0.251	0.251	0.251	0.251	0.300	0.300	0.212	0.212	
0.152	0.202	0.202	0.202	0.202	0.202	0.202	0.202	0.176	0.150	0.142	0.142	0.139	0.134	0.125	0.139	0.151	0.164	0.177	0.202	0.202	0.202	0.202	0.251	0.209	0.209	0.212	0.125	
0.152	0.152	0.152	0.152	0.202	0.202	0.202	0.152	0.152	0.150	0.137	0.125	0.125	0.121	0.118	0.130	0.132	0.152	0.177	0.202	0.202	0.202	0.163	0.163	0.163	0.125	0.125	0.125	
0.103	0.103	0.103	0.152	0.136	0.136	0.152	0.152	0.126	0.137	0.133	0.118	0.114	0.113	0.112	0.131	0.138	0.151	0.162	0.174	0.174	0.157	0.163	0.125	0.125	0.125	0.125	0.087	
0.089	0.103	0.103	0.103	0.103	0.103	0.103	0.103	0.114	0.125	0.114	0.114	0.103	0.102	0.101	0.117	0.150	0.150	0.125	0.146	0.146	0.135	0.125	0.125	0.125	0.087	0.087	0.087	
0.089	0.089	0.089	0.103	0.103	0.103	0.104	0.105	0.111	0.114	0.113	0.102	0.097	0.094	0.090	0.099	0.103	0.095	0.125	0.112	0.135	0.135	0.125	0.125	0.087	0.087	0.050	0.050	
0.075	0.075	0.089	0.089	0.089	0.103	0.103	0.103	0.106	0.081	0.112	0.076	0.090	0.090	0.079	0.079	0.056	0.064	0.079	0.094	0.091	0.087	0.125	0.087	0.087	0.050	0.050	0.050	
0.075	0.075	0.075	0.075	0.089	0.093	0.102	0.103	0.077	0.081	0.054	0.076	0.155	0.198	0.073	0.064	0.056	0.064	0.064	0.067	0.053	0.087	0.075	0.087	0.050	0.050	0.050	0.050	
0.075	0.075	0.075	0.075	0.075	0.087	0.100	0.100	0.062	0.025	0.025	0.025	0.219	0.252	0.187	0.056	0.056	0.056	0.056	0.056	0.053	0.050	0.050	0.050	0.050	0.050	0.050	0.050	
0.000	0.000	0.000	0.000	0.000	0.000	0.000	0.000	0.025	0.025	0.025	0.025	0.219	0.414	0.235	0.056	0.056	0.000	0.000	0.000	0.000	0.000	0.000	0.000	0.000	0.000	0.000	0.000	
0.000	0.000	0.000	0.000	0.000	0.000	0.000	0.000	0.000	0.000	0.000	0.000	0.414	0.414	0.235	0.056	0.000	0.000	0.000	0.000	0.000	0.000	0.000	0.000	0.000	0.000	0.000	0.000	
0.000	0.000	0.000	0.000	0.000	0.000	0.000	0.000	0.000	0.000	0.000	0.000	0.414	0.414	0.235	0.056	0.000	0.000	0.000	0.000	0.000	0.000	0.000	0.000	0.000	0.000	0.000	0.000	
0.000	0.000	0.000	0.000	0.000	0.000	0.000	0.000	0.000	0.000	0.000	0.000	0.414	0.414	0.235	0.056	0.000	0.000	0.000	0.000	0.000	0.000	0.000	0.000	0.000	0.000	0.000	0.000	
0.000	0.000	0.000	0.000	0.000	0.000	0.000	0.000	0.000	0.000	0.000	0.000	0.414	0.414	0.235	0.056	0.000	0.000	0.000	0.000	0.000	0.000	0.000	0.000	0.000	0.000	0.000	0.000	
