0.141	0.141	0.141	0.141	0.141	0.141	0.141	0.141	0.141	0.183	0.224	0.224	0.224	0.224	0.224	0.224	0.224	0.224	0.224	0.224	0.224	0.224	0.224	0.224	0.224	0.224	0.224	0.224	
0.141	0.141	0.141	0.141	0.141	0.141	0.141	0.141	0.141	0.183	0.183	0.224	0.224	0.224	0.224	0.224	0.224	0.224	0.224	0.224	0.224	0.224	0.224	0.224	0.224	0.224	0.224	0.224	
0.141	0.141	0.141	0.141	0.141	0.141	0.141	0.141	0.141	0.141	0.183	0.224	0.224	0.224	0.224	0.224	0.224	0.224	0.224	0.224	0.224	0.224	0.224	0.224	0.224	0.224	0.224	0.224	
0.141	0.141	0.141	0.141	0.141	0.141	0.141	0.141	0.141	0.141	0.183	0.224	0.224	0.224	0.224	0.224	0.224	0.224	0.224	0.224	0.224	0.224	0.224	0.224	0.224	0.224	0.224	0.224	
0.141	0.141	0.141	0.141	0.141	0.141	0.141	0.141	0.141	0.141	0.183	0.224	0.224	0.224	0.224	0.224	0.224	0.224	0.224	0.224	0.224	0.224	0.224	0.224	0.224	0.224	0.224	0.224	
0.141	0.141	0.141	0.141	0.141	0.141	0.141	0.141	0.141	0.141	0.183	0.224	0.224	0.224	0.224	0.224	0.224	0.224	0.224	0.224	0.224	0.224	0.224	0.224	0.224	0.224	0.224	0.224	
0.141	0.141	0.141	0.141	0.141	0.141	0.141	0.141	0.141	0.141	0.183	0.224	0.224	0.224	0.224	0.224	0.224	0.224	0.224	0.224	0.224	0.224	0.224	0.224	0.224	0.224	0.224	0.224	
0.141	0.141	0.141	0.141	0.141	0.141	0.141	0.141	0.141	0.141	0.183	0.224	0.224	0.224	0.224	0.224	0.224	0.224	0.224	0.224	0.224	0.224	0.224	0.224	0.224	0.224	0.224	0.224	
0.147	0.141	0.141	0.141	0.141	0.141	0.141	0.141	0.141	0.141	0.183	0.224	0.224	0.224	0.224	0.224	0.224	0.224	0.224	0.224	0.224	0.224	0.224	0.224	0.224	0.224	0.224	0.224	
0.147	0.141	0.141	0.141	0.141	0.141	0.141	0.141	0.141	0.141	0.183	0.224	0.224	0.224	0.224	0.224	0.224	0.224	0.224	0.224	0.224	0.224	0.224	0.224	0.224	0.224	0.224	0.224	
0.147	0.141	0.141	0.141	0.141	0.141	0.141	0.141	0.141	0.141	0.183	0.224	0.224	0.224	0.224	0.224	0.224	0.224	0.224	0.224	0.224	0.224	0.224	0.224	0.224	0.224	0.224	0.224	
0.147	0.147	0.141	0.141	0.141	0.141	0.141	0.141	0.141	0.141	0.183	0.224	0.224	0.224	0.224	0.224	0.224	0.224	0.224	0.224	0.224	0.224	0.224	0.224	0.224	0.224	0.224	0.224	
0.152	0.147	0.141	0.141	0.141	0.141	0.141	0.141	0.141	0.141	0.183	0.183	0.224	0.224	0.224	0.224	0.224	0.224	0.224	0.224	0.224	0.224	0.224	0.224	0.224	0.224	0.224	0.224	
0.152	0.147	0.141	0.141	0.141	0.141	0.141	0.141	0.141	0.141	0.141	0.183	0.224	0.224	0.224	0.224	0.224	0.224	0.224	0.224	0.224	0.224	0.224	0.224	0.224	0.224	0.224	0.224	
0.152	0.147	0.141	0.141	0.141	0.141	0.141	0.141	0.141	0.141	0.141	0.183	0.224	0.224	0.224	0.224	0.224	0.224	0.224	0.224	0.224	0.224	0.224	0.224	0.224	0.224	0.224	0.224	
0.152	0.147	0.147	0.141	0.141	0.141	0.141	0.141	0.141	0.141	0.141	0.183	0.224	0.224	0.224	0.224	0.224	0.224	0.224	0.224	0.224	0.224	0.224	0.224	0.224	0.224	0.224	0.224	
0.152	0.152	0.147	0.141	0.141	0.141	0.141	0.141	0.141	0.141	0.141	0.183	0.224	0.224	0.224	0.224	0.224	0.224	0.224	0.224	0.224	0.224	0.224	0.224	0.224	0.224	0.224	0.224	
0.152	0.152	0.147	0.141	0.141	0.141	0.141	0.141	0.141	0.141	0.141	0.183	0.224	0.224	0.224	0.224	0.224	0.224	0.224	0.224	0.224	0.224	0.224	0.224	0.224	0.224	0.224	0.163	
0.152	0.152	0.147	0.147	0.141	0.141	0.141	0.141	0.141	0.141	0.141	0.183	0.224	0.224	0.224	0.224	0.224	0.224	0.224	0.224	0.224	0.224	0.224	0.224	0.224	0.224	0.224	0.163	
0.152	0.152	0.152	0.147	0.141	0.141	0.141	0.141	0.141	0.141	0.141	0.183	0.224	0.224	0.224	0.224	0.224	0.224	0.224	0.224	0.224	0.224	0.224	0.224	0.224	0.224	0.224	0.163	
0.152	0.152	0.152	0.147	0.141	0.141	0.141	0.141	0.141	0.141	0.141	0.183	0.224	0.224	0.224	0.224	0.224	0.224	0.224	0.224	0.224	0.224	0.224	0.224	0.224	0.224	0.163	0.163	
0.152	0.152	0.152	0.147	0.147	0.141	0.141	0.141	0.141	0.141	0.141	0.183	0.224	0.224	0.224	0.224	0.224	0.224	0.224	0.224	0.224	0.224	0.224	0.224	0.224	0.224	0.163	0.103	
0.152	0.152	0.152	0.152	0.147	0.141	0.141	0.141	0.141	0.141	0.141	0.183	0.224	0.224	0.224	0.224	0.224	0.224	0.224	0.224	0.224	0.224	0.224	0.224	0.224	0.163	0.163	0.103	
0.152	0.152	0.152	0.152	0.147	0.141	0.141	0.141	0.141	0.141	0.141	0.183	0.183	0.224	0.224	0.224	0.224	0.224	0.224	0.224	0.224	0.224	0.224	0.224	0.224	0.163	0.103	0.103	
0.152	0.152	0.152	0.152	0.147	0.141	0.141	0.141	0.141	0.141	0.141	0.141	0.183	0.224	0.224	0.224	0.224	0.224	0.224	0.224	0.224	0.224	0.224	0.224	0.163	0.163	0.103	0.103	
0.152	0.152	0.152	0.152	0.147	0.147	0.141	0.141	0.141	0.141	0.141	0.141	0.183	0.224	0.224	0.224	0.224	0.224	0.224	0.224	0.224	0.224	0.224	0.224	0.163	0.103	0.103	0.103	
0.152	0.152	0.152	0.152	0.152	0.147	0.141	0.141	0.141	0.141	0.141	0.141	0.183	0.224	0.224	0.224	0.224	0.224	0.224	0.224	0.224	0.224	0.224	0.224	0.163	0.103	0.103	0.103	
0.152	0.152	0.152	0.152	0.152	0.147	0.141	0.141	0.141	0.141	0.141	0.141	0.183	0.224	0.224	0.224	0.224	0.224	0.224	0.224	0.224	0.224	0.224	0.163	0.163	0.103	0.103	0.103	
0.152	0.152	0.152	0.152	0.152	0.147	0.147	0.141	0.141	0.141	0.141	0.141	0.183	0.224	0.224	0.224	0.224	0.224	0.224	0.224	0.224	0.224	0.224	0.163	0.103	0.103	0.103	0.091	
0.152	0.152	0.152	0.152	0.152	0.152	0.147	0.141	0.141	0.141	0.141	0.141	0.183	0.224	0.224	0.224	0.224	0.224	0.224	0.224	0.224	0.224	0.163	0.163	0.103	0.103	0.103	0.091	
0.152	0.152	0.152	0.152	0.152	0.152	0.147	0.141	0.141	0.141	0.141	0.141	0.183	0.224	0.224	0.224	0.224	0.224	0.224	0.224	0.224	0.224	0.163	0.103	0.103	0.103	0.103	0.091	
0.152	0.152	0.152	0.152	0.152	0.152	0.147	0.147	0.141	0.141	0.141	0.141	0.183	0.224	0.224	0.224	0.224	0.224	0.224	0.224	0.224	0.163	0.163	0.103	0.103	0.103	0.091	0.091	
0.152	0.152	0.152	0.152	0.152	0.152	0.152	0.147	0.141	0.141	0.141	0.141	0.183	0.224	0.224	0.224	0.224	0.224	0.224	0.224	0.224	0.163	0.103	0.103	0.103	0.103	0.091	0.079	
0.152	0.152	0.152	0.152	0.152	0.152	0.152	0.147	0.141	0.141	0.141	0.141	0.183	0.224	0.224	0.224	0.224	0.224	0.224	0.224	0.224	0.163	0.103	0.103	0.103	0.091	0.091	0.079	
0.152	0.152	0.152	0.152	0.152	0.152	0.152	0.147	0.141	0.141	0.141	0.141	0.183	0.224	0.224	0.224	0.224	0.224	0.224	0.224	0.163	0.163	0.103	0.103	0.103	0.091	0.079	0.079	
0.089	0.152	0.152	0.152	0.152	0.152	0.152	0.147	0.147	0.141	0.141	0.141	0.183	0.183	0.224	0.224	0.224	0.224	0.224	0.224	0.163	0.103	0.103	0.103	0.091	0.091	0.079	0.079	
0.089	0.089	0.152	0.152	0.152	0.152	0.152	0.152	0.147	0.141	0.141	0.141	0.141	0.183	0.224	0.224	0.224	0.224	0.224	0.163	0.163	0.103	0.103	0.103	0.091	0.079	0.079	0.079	
0.025	0.089	0.152	0.152	0.152	0.152	0.152	0.152	0.147	0.141	0.141	0.141	0.141	0.183	0.224	0.224	0.224	0.224	0.224	0.163	0.103	0.103	0.103	0.091	0.091	0.079	0.079	0.079	
0.025	0.089	0.089	0.152	0.152	0.152	0.152	0.152	0.147	0.147	0.141	0.141	0.141	0.183	0.224	0.224	0.224	0.224	0.163	0.163	0.103	0.103	0.103	0.091	0.079	0.079	0.079	0.079	
0.025	0.025	0.089	0.089	0.152	0.152	0.152	0.152	0.152	0.147	0.141	0.141	0.141	0.183	0.224	0.224	0.224	0.224	0.163	0.103	0.103	0.103	0.091	0.091	0.079	0.079	0.079	0.079	
0.025	0.025	0.025	0.089	0.089	0.152	0.152	0.152	0.152	0.147	0.141	0.141	0.141	0.183	0.224	0.224	0.224	0.224	0.163	0.103	0.103	0.103	0.091	0.079	0.079	0.079	0.079	0.079	
0.025	0.025	0.025	0.025	0.089	0.089	0.152	0.152	0.152	0.147	0.141	0.141	0.141	0.183	0.224	0.224	0.224	0.163	0.163	0.103	0.103	0.091	0.091	0.079	0.079	0.079	0.079	0.079	
0.025	0.025	0.025	0.025	0.025	0.089	0.152	0.152	0.152	0.147	0.147	0.141	0.141	0.183	0.224	0.224	0.224	0.163	0.103	0.103	0.103	0.091	0.079	0.079	0.079	0.079	0.079	0.079	
0.025	0.025	0.025	0.025	0.025	0.089	0.089	0.152	0.152	0.152	0.147	0.141	0.141	0.183	0.224	0.224	0.163	0.163	0.103	0.103	0.091	0.091	0.079	0.079	0.079	0.079	0.079	0.079	
0.025	0.025	0.025	0.025	0.025	0.025	0.089	0.089	0.152	0.152	0.143	0.141	0.134	0.164	0.160	0.176	0.151	0.103	0.103	0.103	0.084	0.079	0.079	0.079	0.079	0.079	0.079	0.079	
0.025	0.025	0.025	0.025	0.025	0.025	0.025	0.089	0.078	0.114	0.143	0.138	0.135	0.127	0.127	0.127	0.094	0.094	0.087	0.087	0.084	0.079	0.079	0.079	0.079	0.079	0.052	0.052	
0.025	0.025	0.025	0.025	0.025	0.025	0.025	0.040	0.040	0.114	0.095	0.135	0.131	0.127	0.119	0.127	0.089	0.077	0.075	0.071	0.075	0.079	0.079	0.079	0.052	0.052	0.052	0.025	
0.025	0.025	0.025	0.025	0.025	0.025	0.025	0.046	0.056	0.056	0.098	0.213	0.221	0.210	0.119	0.070	0.059	0.050	0.049	0.071	0.050	0.040	0.052	0.052	0.052	0.025	0.025	0.025	
0.025	0.025	0.025	0.025	0.025	0.025	0.035	0.040	0.056	0.072	0.079	0.252	0.401	0.252	0.103	0.052	0.025	0.025	0.049	0.032	0.035	0.035	0.052	0.025	0.025	0.025	0.025	0.025	
0.025	0.025	0.025	0.025	0.025	0.025	0.040	0.056	0.056	0.079	0.103	0.252	0.338	0.338	0.204	0.204	0.000	0.013	0.025	0.013	0.000	0.013	0.025	0.025	0.025	0.025	0.025	0.025	
0.000	0.000	0.000	0.000	0.000	0.000	0.056	0.056	0.056	0.079	0.103	0.103	0.338	0.510	0.510	0.255	0.000	0.013	0.025	0.013	0.000	0.013	0.025	0.025	0.025	0.025	0.025	0.025	
0.000	0.000	0.000	0.000	0.000	0.000	0.000	0.000	0.000	0.000	0.000	0.000	0.510	0.510	0.510	0.510	0.000	0.000	0.000	0.000	0.000	0.000	0.000	0.000	0.000	0.000	0.000	0.000	
0.000	0.000	0.000	0.000	0.000	0.000	0.000	0.000	0.000	0.000	0.000	0.000	0.756	0.756	0.756	0.756	0.000	0.000	0.000	0.000	0.000	0.000	0.000	0.000	0.000	0.000	0.000	0.000	
0.000	0.000	0.000	0.000	0.000	0.000	0.000	0.000	0.000	0.000	0.000	0.000	1.001	1.001	1.001	1.001	0.000	0.000	0.000	0.000	0.000	0.000	0.000	0.000	0.000	0.000	0.000	0.000	
0.000	0.000	0.000	0.000	0.000	0.000	0.000	0.000	0.000	0.000	0.000	0.000	1.001	1.001	1.001	1.001	0.000	0.000	0.000	0.000	0.000	0.000	0.000	0.000	0.000	0.000	0.000	0.000	
