0.180	0.180	0.180	0.180	0.180	0.180	0.180	0.180	0.180	0.180	0.180	0.180	0.180	0.180	0.180	0.180	0.180	0.185	0.190	0.190	0.190	0.190	0.190	0.190	0.190	0.190	0.190	0.190	
0.180	0.180	0.180	0.180	0.180	0.180	0.180	0.180	0.180	0.180	0.180	0.180	0.180	0.180	0.180	0.180	0.180	0.185	0.190	0.190	0.190	0.190	0.190	0.190	0.190	0.190	0.190	0.190	
0.180	0.180	0.180	0.180	0.180	0.180	0.180	0.180	0.180	0.180	0.180	0.180	0.180	0.180	0.180	0.180	0.180	0.185	0.190	0.190	0.190	0.190	0.190	0.190	0.190	0.190	0.190	0.190	
0.180	0.180	0.180	0.180	0.180	0.180	0.180	0.180	0.180	0.180	0.180	0.180	0.180	0.180	0.180	0.180	0.180	0.185	0.190	0.190	0.190	0.190	0.190	0.190	0.190	0.190	0.190	0.190	
0.180	0.180	0.180	0.180	0.180	0.180	0.180	0.180	0.180	0.180	0.180	0.180	0.180	0.180	0.180	0.180	0.185	0.185	0.190	0.190	0.190	0.190	0.190	0.190	0.190	0.190	0.190	0.190	
0.180	0.180	0.180	0.180	0.180	0.180	0.180	0.180	0.180	0.180	0.180	0.180	0.180	0.180	0.180	0.180	0.185	0.190	0.190	0.190	0.190	0.190	0.190	0.190	0.190	0.190	0.190	0.190	
0.180	0.180	0.180	0.180	0.180	0.180	0.180	0.180	0.180	0.180	0.180	0.180	0.180	0.180	0.180	0.180	0.185	0.190	0.190	0.190	0.190	0.190	0.190	0.190	0.190	0.190	0.190	0.190	
0.180	0.180	0.180	0.180	0.180	0.180	0.180	0.180	0.180	0.180	0.180	0.180	0.180	0.180	0.180	0.180	0.185	0.190	0.190	0.190	0.190	0.190	0.190	0.190	0.190	0.190	0.190	0.190	
0.180	0.180	0.180	0.180	0.180	0.180	0.180	0.180	0.180	0.180	0.180	0.180	0.180	0.180	0.180	0.180	0.185	0.190	0.190	0.190	0.190	0.190	0.190	0.190	0.190	0.190	0.190	0.190	
0.180	0.180	0.180	0.180	0.180	0.180	0.180	0.180	0.180	0.180	0.180	0.180	0.180	0.180	0.180	0.180	0.185	0.190	0.190	0.190	0.190	0.190	0.190	0.190	0.190	0.190	0.190	0.190	
0.180	0.180	0.180	0.180	0.180	0.180	0.180	0.180	0.180	0.180	0.180	0.180	0.180	0.180	0.180	0.180	0.185	0.190	0.190	0.190	0.190	0.190	0.190	0.190	0.190	0.190	0.190	0.190	
0.180	0.180	0.180	0.180	0.180	0.180	0.180	0.180	0.180	0.180	0.180	0.180	0.180	0.180	0.180	0.180	0.185	0.190	0.190	0.190	0.190	0.190	0.190	0.190	0.190	0.190	0.190	0.190	
0.180	0.180	0.180	0.180	0.180	0.180	0.180	0.180	0.180	0.180	0.180	0.180	0.180	0.180	0.180	0.180	0.185	0.190	0.190	0.190	0.190	0.190	0.190	0.190	0.190	0.190	0.190	0.190	
0.180	0.180	0.180	0.180	0.180	0.180	0.180	0.180	0.180	0.180	0.180	0.180	0.180	0.180	0.180	0.180	0.185	0.190	0.190	0.190	0.190	0.190	0.190	0.190	0.190	0.190	0.190	0.190	
0.180	0.180	0.180	0.180	0.180	0.180	0.180	0.180	0.180	0.180	0.180	0.180	0.180	0.180	0.180	0.180	0.185	0.190	0.190	0.190	0.190	0.190	0.190	0.190	0.190	0.190	0.190	0.190	
0.180	0.180	0.180	0.180	0.180	0.180	0.180	0.180	0.180	0.180	0.180	0.180	0.180	0.180	0.180	0.180	0.185	0.190	0.190	0.190	0.190	0.190	0.190	0.190	0.190	0.190	0.190	0.190	
0.118	0.180	0.180	0.180	0.180	0.180	0.180	0.180	0.180	0.180	0.180	0.180	0.180	0.180	0.180	0.180	0.185	0.190	0.190	0.190	0.190	0.190	0.190	0.190	0.190	0.190	0.190	0.190	
0.118	0.180	0.180	0.180	0.180	0.180	0.180	0.180	0.180	0.180	0.180	0.180	0.180	0.180	0.180	0.180	0.185	0.190	0.190	0.190	0.190	0.190	0.190	0.190	0.190	0.190	0.190	0.190	
0.118	0.118	0.180	0.180	0.180	0.180	0.180	0.180	0.180	0.180	0.180	0.180	0.180	0.180	0.180	0.180	0.185	0.190	0.190	0.190	0.190	0.190	0.190	0.190	0.190	0.190	0.190	0.190	
0.056	0.154	0.180	0.180	0.180	0.180	0.180	0.180	0.180	0.180	0.180	0.180	0.180	0.180	0.180	0.180	0.185	0.190	0.190	0.190	0.190	0.190	0.190	0.190	0.190	0.190	0.190	0.190	
0.056	0.154	0.180	0.180	0.180	0.180	0.180	0.180	0.180	0.180	0.180	0.180	0.180	0.180	0.180	0.180	0.185	0.190	0.190	0.190	0.190	0.190	0.190	0.190	0.190	0.190	0.190	0.190	
0.056	0.154	0.154	0.180	0.180	0.180	0.180	0.180	0.180	0.180	0.180	0.180	0.180	0.180	0.180	0.180	0.185	0.190	0.190	0.190	0.190	0.190	0.190	0.190	0.190	0.190	0.190	0.190	
0.056	0.056	0.154	0.180	0.180	0.180	0.180	0.180	0.180	0.180	0.180	0.180	0.180	0.180	0.180	0.180	0.185	0.190	0.190	0.190	0.190	0.190	0.190	0.190	0.190	0.190	0.190	0.190	
0.056	0.056	0.154	0.203	0.180	0.180	0.180	0.180	0.180	0.180	0.180	0.180	0.180	0.180	0.180	0.180	0.185	0.190	0.190	0.190	0.190	0.190	0.190	0.190	0.190	0.190	0.190	0.190	
0.056	0.056	0.141	0.154	0.180	0.180	0.180	0.180	0.180	0.180	0.180	0.180	0.180	0.180	0.180	0.180	0.185	0.190	0.190	0.190	0.190	0.190	0.190	0.190	0.190	0.190	0.190	0.190	
0.056	0.056	0.056	0.154	0.203	0.180	0.180	0.180	0.180	0.180	0.180	0.180	0.180	0.180	0.180	0.180	0.185	0.190	0.190	0.190	0.190	0.190	0.190	0.190	0.190	0.190	0.190	0.190	
0.056	0.056	0.056	0.141	0.203	0.180	0.180	0.180	0.180	0.180	0.180	0.180	0.180	0.180	0.180	0.180	0.185	0.190	0.190	0.190	0.190	0.190	0.190	0.190	0.190	0.190	0.190	0.190	
0.056	0.056	0.056	0.141	0.154	0.203	0.180	0.180	0.180	0.180	0.180	0.180	0.180	0.180	0.180	0.180	0.185	0.190	0.190	0.190	0.190	0.190	0.190	0.190	0.190	0.190	0.190	0.190	
0.056	0.056	0.056	0.056	0.141	0.203	0.180	0.180	0.180	0.180	0.180	0.180	0.180	0.180	0.180	0.180	0.185	0.190	0.190	0.190	0.190	0.190	0.190	0.190	0.190	0.190	0.190	0.190	
0.056	0.056	0.056	0.056	0.141	0.203	0.180	0.180	0.180	0.180	0.180	0.180	0.180	0.180	0.180	0.180	0.185	0.190	0.190	0.190	0.190	0.190	0.190	0.190	0.190	0.190	0.190	0.190	
0.056	0.056	0.056	0.056	0.141	0.154	0.203	0.180	0.180	0.180	0.180	0.180	0.180	0.180	0.180	0.180	0.185	0.190	0.190	0.190	0.190	0.190	0.190	0.190	0.190	0.190	0.190	0.190	
0.056	0.056	0.056	0.056	0.056	0.141	0.203	0.180	0.180	0.180	0.180	0.180	0.180	0.180	0.180	0.180	0.185	0.190	0.190	0.190	0.190	0.190	0.190	0.190	0.190	0.190	0.190	0.190	
0.056	0.056	0.056	0.056	0.056	0.141	0.203	0.203	0.180	0.180	0.180	0.180	0.180	0.180	0.180	0.180	0.185	0.190	0.190	0.190	0.190	0.190	0.190	0.190	0.190	0.190	0.190	0.190	
0.056	0.056	0.056	0.056	0.056	0.141	0.141	0.203	0.180	0.180	0.180	0.180	0.180	0.180	0.180	0.185	0.185	0.190	0.190	0.190	0.190	0.190	0.190	0.190	0.190	0.190	0.190	0.190	
0.056	0.056	0.056	0.056	0.056	0.056	0.141	0.203	0.203	0.180	0.180	0.180	0.180	0.180	0.180	0.185	0.190	0.190	0.190	0.190	0.190	0.190	0.190	0.190	0.190	0.190	0.190	0.196	
0.056	0.056	0.056	0.056	0.056	0.056	0.141	0.226	0.203	0.180	0.180	0.180	0.180	0.180	0.180	0.185	0.190	0.190	0.190	0.190	0.190	0.190	0.190	0.190	0.190	0.190	0.190	0.196	
0.056	0.056	0.056	0.056	0.056	0.056	0.141	0.141	0.203	0.203	0.180	0.180	0.180	0.180	0.180	0.185	0.190	0.190	0.190	0.190	0.190	0.190	0.190	0.190	0.190	0.190	0.142	0.142	
0.040	0.056	0.056	0.056	0.056	0.056	0.056	0.141	0.226	0.203	0.180	0.180	0.180	0.180	0.180	0.185	0.190	0.190	0.190	0.190	0.190	0.190	0.190	0.190	0.190	0.113	0.142	0.202	
0.040	0.040	0.056	0.056	0.056	0.056	0.056	0.141	0.226	0.203	0.203	0.180	0.180	0.180	0.180	0.185	0.190	0.190	0.190	0.190	0.190	0.190	0.190	0.190	0.113	0.142	0.118	0.202	
0.025	0.040	0.056	0.056	0.056	0.056	0.056	0.141	0.141	0.226	0.203	0.180	0.180	0.180	0.180	0.185	0.190	0.190	0.190	0.190	0.190	0.190	0.190	0.113	0.142	0.118	0.202	0.202	
0.025	0.040	0.040	0.056	0.056	0.056	0.056	0.056	0.141	0.226	0.203	0.180	0.180	0.180	0.180	0.185	0.190	0.190	0.190	0.190	0.190	0.190	0.113	0.113	0.118	0.202	0.202	0.202	
0.025	0.025	0.040	0.040	0.056	0.056	0.056	0.056	0.141	0.226	0.203	0.203	0.180	0.180	0.180	0.185	0.190	0.190	0.190	0.190	0.190	0.113	0.113	0.118	0.118	0.202	0.202	0.202	
0.025	0.025	0.025	0.040	0.040	0.056	0.056	0.056	0.141	0.141	0.226	0.203	0.180	0.180	0.180	0.185	0.190	0.190	0.190	0.190	0.113	0.113	0.035	0.118	0.202	0.202	0.202	0.202	
0.025	0.025	0.025	0.025	0.040	0.056	0.056	0.056	0.056	0.141	0.226	0.203	0.203	0.180	0.180	0.185	0.190	0.190	0.190	0.113	0.113	0.035	0.118	0.118	0.202	0.202	0.202	0.202	
0.025	0.025	0.025	0.025	0.040	0.040	0.056	0.056	0.056	0.141	0.226	0.226	0.203	0.180	0.180	0.185	0.190	0.190	0.113	0.113	0.035	0.035	0.118	0.202	0.202	0.202	0.202	0.202	
0.025	0.025	0.025	0.025	0.025	0.040	0.040	0.056	0.056	0.141	0.141	0.226	0.203	0.180	0.157	0.166	0.159	0.113	0.113	0.035	0.035	0.118	0.118	0.202	0.202	0.202	0.202	0.202	
0.025	0.025	0.025	0.025	0.025	0.025	0.040	0.056	0.056	0.056	0.141	0.226	0.181	0.181	0.157	0.147	0.159	0.118	0.035	0.035	0.035	0.118	0.202	0.202	0.202	0.202	0.202	0.202	
0.025	0.025	0.025	0.025	0.025	0.025	0.040	0.035	0.040	0.046	0.172	0.210	0.243	0.252	0.135	0.194	0.127	0.104	0.093	0.080	0.121	0.118	0.202	0.202	0.202	0.202	0.202	0.202	
0.025	0.025	0.025	0.025	0.025	0.025	0.025	0.025	0.040	0.039	0.035	0.202	0.369	0.275	0.227	0.194	0.199	0.139	0.103	0.080	0.163	0.163	0.202	0.202	0.202	0.202	0.202	0.202	
0.025	0.025	0.025	0.025	0.025	0.025	0.025	0.025	0.025	0.030	0.035	0.202	0.369	0.539	0.320	0.320	0.235	0.150	0.138	0.125	0.125	0.163	0.202	0.202	0.202	0.202	0.202	0.202	
0.000	0.000	0.000	0.000	0.000	0.000	0.000	0.000	0.000	0.000	0.000	0.000	0.648	0.539	0.623	0.623	0.235	0.150	0.150	0.000	0.000	0.000	0.000	0.000	0.000	0.000	0.000	0.000	
0.000	0.000	0.000	0.000	0.000	0.000	0.000	0.000	0.000	0.000	0.000	0.000	0.926	0.926	0.926	0.926	0.000	0.000	0.000	0.000	0.000	0.000	0.000	0.000	0.000	0.000	0.000	0.000	
0.000	0.000	0.000	0.000	0.000	0.000	0.000	0.000	0.000	0.000	0.000	0.000	0.926	0.926	0.926	0.926	0.000	0.000	0.000	0.000	0.000	0.000	0.000	0.000	0.000	0.000	0.000	0.000	
0.000	0.000	0.000	0.000	0.000	0.000	0.000	0.000	0.000	0.000	0.000	0.000	0.926	0.926	0.926	0.926	0.000	0.000	0.000	0.000	0.000	0.000	0.000	0.000	0.000	0.000	0.000	0.000	
0.000	0.000	0.000	0.000	0.000	0.000	0.000	0.000	0.000	0.000	0.000	0.000	0.926	0.926	0.926	0.926	0.000	0.000	0.000	0.000	0.000	0.000	0.000	0.000	0.000	0.000	0.000	0.000	
