0.160	0.160	0.160	0.160	0.160	0.160	0.160	0.160	0.160	0.160	0.160	0.160	0.160	0.160	0.160	0.160	0.181	0.202	0.202	0.202	0.202	0.202	0.202	0.202	0.202	0.202	0.202	0.202	
0.160	0.160	0.160	0.160	0.160	0.160	0.160	0.160	0.160	0.160	0.160	0.160	0.160	0.160	0.160	0.160	0.181	0.202	0.202	0.202	0.202	0.202	0.202	0.202	0.202	0.202	0.202	0.202	
0.160	0.160	0.160	0.160	0.160	0.160	0.160	0.160	0.160	0.160	0.160	0.160	0.160	0.160	0.160	0.160	0.181	0.202	0.202	0.202	0.202	0.202	0.202	0.202	0.202	0.202	0.202	0.202	
0.160	0.160	0.160	0.160	0.160	0.160	0.160	0.160	0.160	0.160	0.160	0.160	0.160	0.160	0.160	0.160	0.181	0.202	0.202	0.202	0.202	0.202	0.202	0.202	0.202	0.202	0.202	0.202	
0.160	0.160	0.160	0.160	0.160	0.160	0.160	0.160	0.160	0.160	0.160	0.160	0.160	0.160	0.160	0.160	0.181	0.202	0.202	0.202	0.202	0.202	0.202	0.202	0.202	0.202	0.202	0.202	
0.160	0.160	0.160	0.160	0.160	0.160	0.160	0.160	0.160	0.160	0.160	0.160	0.160	0.160	0.160	0.160	0.181	0.202	0.202	0.202	0.202	0.202	0.202	0.202	0.202	0.202	0.202	0.202	
0.160	0.160	0.160	0.160	0.160	0.160	0.160	0.160	0.160	0.160	0.160	0.160	0.160	0.160	0.160	0.160	0.181	0.202	0.202	0.202	0.202	0.202	0.202	0.202	0.202	0.202	0.202	0.202	
0.160	0.160	0.160	0.160	0.160	0.160	0.160	0.160	0.160	0.160	0.160	0.160	0.160	0.160	0.160	0.160	0.181	0.202	0.202	0.202	0.202	0.202	0.202	0.202	0.202	0.202	0.202	0.202	
0.160	0.160	0.160	0.160	0.160	0.160	0.160	0.160	0.160	0.160	0.160	0.160	0.160	0.160	0.160	0.160	0.181	0.202	0.202	0.202	0.202	0.202	0.202	0.202	0.202	0.202	0.202	0.202	
0.160	0.160	0.160	0.160	0.160	0.160	0.160	0.160	0.160	0.160	0.160	0.160	0.160	0.160	0.160	0.160	0.181	0.202	0.202	0.202	0.202	0.202	0.202	0.202	0.202	0.202	0.202	0.202	
0.160	0.160	0.160	0.160	0.160	0.160	0.160	0.160	0.160	0.160	0.160	0.160	0.160	0.160	0.160	0.160	0.181	0.202	0.202	0.202	0.202	0.202	0.202	0.202	0.202	0.202	0.202	0.202	
0.160	0.160	0.160	0.160	0.160	0.160	0.160	0.160	0.160	0.160	0.160	0.160	0.160	0.160	0.160	0.160	0.181	0.202	0.202	0.202	0.202	0.202	0.202	0.202	0.202	0.202	0.202	0.202	
0.160	0.160	0.160	0.160	0.160	0.160	0.160	0.160	0.160	0.160	0.160	0.160	0.160	0.160	0.160	0.160	0.181	0.202	0.202	0.202	0.202	0.202	0.202	0.202	0.202	0.202	0.202	0.202	
0.160	0.160	0.160	0.160	0.160	0.160	0.160	0.160	0.160	0.160	0.160	0.160	0.160	0.160	0.160	0.160	0.181	0.202	0.202	0.202	0.202	0.202	0.202	0.202	0.202	0.202	0.202	0.202	
0.160	0.160	0.160	0.160	0.160	0.160	0.160	0.160	0.160	0.160	0.160	0.160	0.160	0.160	0.160	0.160	0.181	0.202	0.202	0.202	0.202	0.202	0.202	0.202	0.202	0.202	0.202	0.202	
0.160	0.160	0.160	0.160	0.160	0.160	0.160	0.160	0.160	0.160	0.160	0.160	0.160	0.160	0.160	0.160	0.181	0.202	0.202	0.202	0.202	0.202	0.202	0.202	0.202	0.202	0.202	0.202	
0.125	0.160	0.160	0.160	0.160	0.160	0.160	0.160	0.160	0.160	0.160	0.160	0.160	0.160	0.160	0.160	0.181	0.202	0.202	0.202	0.202	0.202	0.202	0.202	0.202	0.202	0.202	0.202	
0.125	0.160	0.160	0.160	0.160	0.160	0.160	0.160	0.160	0.160	0.160	0.160	0.160	0.160	0.160	0.160	0.181	0.202	0.202	0.202	0.202	0.202	0.202	0.202	0.202	0.202	0.202	0.202	
0.125	0.160	0.160	0.160	0.160	0.160	0.160	0.160	0.160	0.160	0.160	0.160	0.160	0.160	0.160	0.160	0.181	0.202	0.202	0.202	0.202	0.202	0.202	0.202	0.202	0.202	0.202	0.202	
0.125	0.125	0.160	0.160	0.160	0.160	0.160	0.160	0.160	0.160	0.160	0.160	0.160	0.160	0.160	0.160	0.181	0.202	0.202	0.202	0.202	0.202	0.202	0.202	0.202	0.202	0.202	0.202	
0.090	0.125	0.160	0.160	0.160	0.160	0.160	0.160	0.160	0.160	0.160	0.160	0.160	0.160	0.160	0.160	0.181	0.202	0.202	0.202	0.202	0.202	0.202	0.202	0.202	0.202	0.202	0.202	
0.090	0.125	0.125	0.160	0.160	0.160	0.160	0.160	0.160	0.160	0.160	0.160	0.160	0.160	0.160	0.160	0.181	0.202	0.202	0.202	0.202	0.202	0.202	0.202	0.202	0.202	0.202	0.202	
0.090	0.090	0.125	0.160	0.160	0.160	0.160	0.160	0.160	0.160	0.160	0.160	0.160	0.160	0.160	0.160	0.181	0.202	0.202	0.202	0.202	0.202	0.202	0.202	0.202	0.202	0.202	0.202	
0.090	0.090	0.125	0.160	0.160	0.160	0.160	0.160	0.160	0.160	0.160	0.160	0.160	0.160	0.160	0.160	0.181	0.202	0.202	0.202	0.202	0.202	0.202	0.202	0.202	0.202	0.202	0.202	
0.090	0.090	0.125	0.125	0.160	0.160	0.160	0.160	0.160	0.160	0.160	0.160	0.160	0.160	0.160	0.160	0.181	0.202	0.202	0.202	0.202	0.202	0.202	0.202	0.202	0.202	0.202	0.202	
0.090	0.090	0.090	0.125	0.160	0.160	0.160	0.160	0.160	0.160	0.160	0.160	0.160	0.160	0.160	0.160	0.181	0.202	0.202	0.202	0.202	0.202	0.202	0.202	0.202	0.202	0.202	0.202	
0.090	0.090	0.090	0.125	0.125	0.160	0.160	0.160	0.160	0.160	0.160	0.160	0.160	0.160	0.160	0.160	0.181	0.202	0.202	0.202	0.202	0.202	0.202	0.202	0.202	0.202	0.202	0.202	
0.090	0.090	0.090	0.090	0.125	0.160	0.160	0.160	0.160	0.160	0.160	0.160	0.160	0.160	0.160	0.160	0.181	0.202	0.202	0.202	0.202	0.202	0.202	0.202	0.202	0.202	0.202	0.202	
0.090	0.090	0.090	0.090	0.125	0.160	0.160	0.160	0.160	0.160	0.160	0.160	0.160	0.160	0.160	0.160	0.181	0.202	0.202	0.202	0.202	0.202	0.202	0.202	0.202	0.202	0.202	0.202	
0.090	0.090	0.090	0.090	0.125	0.125	0.160	0.160	0.160	0.160	0.160	0.160	0.160	0.160	0.160	0.181	0.181	0.202	0.202	0.202	0.202	0.202	0.202	0.202	0.202	0.202	0.202	0.202	
0.090	0.090	0.090	0.090	0.090	0.125	0.160	0.160	0.160	0.160	0.160	0.160	0.160	0.160	0.160	0.181	0.202	0.202	0.202	0.202	0.202	0.202	0.202	0.202	0.202	0.202	0.202	0.202	
0.090	0.090	0.090	0.090	0.090	0.125	0.125	0.160	0.160	0.160	0.160	0.160	0.160	0.160	0.160	0.181	0.202	0.202	0.202	0.202	0.202	0.202	0.202	0.202	0.202	0.202	0.202	0.202	
0.090	0.090	0.090	0.090	0.090	0.090	0.125	0.160	0.160	0.160	0.160	0.160	0.160	0.160	0.160	0.181	0.202	0.202	0.202	0.202	0.202	0.202	0.202	0.202	0.202	0.202	0.202	0.202	
0.090	0.090	0.090	0.090	0.090	0.090	0.125	0.160	0.160	0.160	0.160	0.160	0.160	0.160	0.160	0.181	0.202	0.202	0.202	0.202	0.202	0.202	0.202	0.202	0.202	0.202	0.202	0.202	
0.090	0.090	0.090	0.090	0.090	0.090	0.125	0.125	0.160	0.160	0.160	0.160	0.160	0.160	0.160	0.181	0.202	0.202	0.202	0.202	0.202	0.202	0.202	0.202	0.202	0.202	0.202	0.140	
0.090	0.090	0.090	0.090	0.090	0.090	0.090	0.159	0.160	0.160	0.160	0.160	0.160	0.160	0.160	0.181	0.202	0.202	0.202	0.202	0.202	0.202	0.202	0.202	0.202	0.202	0.140	0.165	
0.090	0.090	0.090	0.090	0.090	0.090	0.090	0.159	0.193	0.160	0.160	0.160	0.160	0.160	0.160	0.181	0.202	0.202	0.202	0.202	0.202	0.202	0.202	0.202	0.202	0.140	0.140	0.146	
0.070	0.090	0.090	0.090	0.090	0.090	0.090	0.158	0.159	0.160	0.160	0.160	0.160	0.160	0.160	0.181	0.202	0.202	0.202	0.202	0.202	0.202	0.202	0.202	0.140	0.140	0.146	0.146	
0.070	0.070	0.090	0.090	0.090	0.090	0.090	0.090	0.159	0.193	0.160	0.160	0.160	0.160	0.160	0.181	0.202	0.202	0.202	0.202	0.202	0.202	0.202	0.140	0.140	0.146	0.146	0.214	
0.050	0.070	0.090	0.090	0.090	0.090	0.090	0.090	0.158	0.193	0.160	0.160	0.160	0.160	0.160	0.181	0.202	0.202	0.202	0.202	0.202	0.202	0.202	0.140	0.079	0.146	0.214	0.214	
0.050	0.070	0.070	0.090	0.090	0.090	0.090	0.090	0.158	0.193	0.193	0.160	0.160	0.160	0.160	0.181	0.202	0.202	0.202	0.202	0.202	0.202	0.140	0.140	0.146	0.146	0.214	0.214	
0.050	0.050	0.070	0.070	0.090	0.090	0.090	0.090	0.158	0.158	0.193	0.160	0.160	0.160	0.160	0.181	0.202	0.202	0.202	0.202	0.202	0.140	0.140	0.079	0.146	0.214	0.214	0.214	
0.050	0.050	0.050	0.070	0.090	0.090	0.090	0.090	0.090	0.158	0.193	0.193	0.160	0.160	0.160	0.181	0.202	0.202	0.202	0.202	0.140	0.140	0.079	0.146	0.146	0.214	0.214	0.214	
0.050	0.050	0.050	0.070	0.070	0.090	0.090	0.090	0.090	0.158	0.226	0.193	0.193	0.160	0.160	0.181	0.202	0.202	0.202	0.140	0.140	0.079	0.146	0.146	0.214	0.214	0.214	0.214	
0.050	0.050	0.050	0.050	0.070	0.070	0.090	0.090	0.090	0.158	0.226	0.226	0.193	0.160	0.160	0.181	0.202	0.202	0.140	0.140	0.079	0.079	0.146	0.214	0.214	0.214	0.214	0.214	
0.050	0.050	0.050	0.050	0.050	0.070	0.070	0.090	0.090	0.158	0.158	0.226	0.193	0.193	0.160	0.162	0.163	0.140	0.140	0.079	0.079	0.146	0.146	0.214	0.214	0.214	0.214	0.214	
0.050	0.050	0.050	0.050	0.050	0.050	0.070	0.090	0.090	0.090	0.158	0.226	0.177	0.171	0.144	0.138	0.163	0.135	0.079	0.079	0.079	0.146	0.214	0.214	0.214	0.214	0.214	0.214	
0.050	0.050	0.050	0.050	0.050	0.050	0.070	0.065	0.073	0.080	0.129	0.245	0.263	0.282	0.127	0.126	0.125	0.118	0.115	0.102	0.139	0.146	0.214	0.214	0.214	0.214	0.214	0.214	
0.050	0.050	0.050	0.050	0.050	0.050	0.050	0.053	0.073	0.072	0.071	0.254	0.437	0.365	0.329	0.261	0.269	0.138	0.118	0.102	0.169	0.169	0.214	0.214	0.214	0.214	0.214	0.214	
0.050	0.050	0.050	0.050	0.050	0.050	0.050	0.053	0.056	0.063	0.071	0.254	0.437	0.484	0.532	0.532	0.341	0.150	0.138	0.125	0.125	0.169	0.214	0.214	0.214	0.214	0.214	0.214	
0.050	0.050	0.050	0.050	0.050	0.050	0.050	0.050	0.000	0.071	0.000	0.000	0.719	0.656	0.766	0.532	0.341	0.150	0.125	0.125	0.125	0.125	0.000	0.000	0.000	0.000	0.000	0.000	
0.000	0.000	0.000	0.000	0.000	0.000	0.000	0.000	0.000	0.000	0.000	0.000	1.001	1.001	0.766	0.766	0.000	0.000	0.000	0.000	0.000	0.000	0.000	0.000	0.000	0.000	0.000	0.000	
0.000	0.000	0.000	0.000	0.000	0.000	0.000	0.000	0.000	0.000	0.000	0.000	1.001	1.001	1.001	1.001	0.000	0.000	0.000	0.000	0.000	0.000	0.000	0.000	0.000	0.000	0.000	0.000	
0.000	0.000	0.000	0.000	0.000	0.000	0.000	0.000	0.000	0.000	0.000	0.000	1.001	1.001	1.001	1.001	0.000	0.000	0.000	0.000	0.000	0.000	0.000	0.000	0.000	0.000	0.000	0.000	
0.000	0.000	0.000	0.000	0.000	0.000	0.000	0.000	0.000	0.000	0.000	0.000	1.001	1.001	1.001	1.001	0.000	0.000	0.000	0.000	0.000	0.000	0.000	0.000	0.000	0.000	0.000	0.000	
