0.190	0.190	0.190	0.190	0.190	0.166	0.141	0.141	0.141	0.141	0.141	0.141	0.141	0.141	0.141	0.141	0.141	0.141	0.141	0.141	0.141	0.141	0.141	0.141	0.141	0.141	0.141	0.141	
0.190	0.190	0.190	0.190	0.190	0.166	0.141	0.141	0.141	0.141	0.141	0.141	0.141	0.141	0.141	0.141	0.141	0.141	0.141	0.141	0.141	0.141	0.141	0.141	0.141	0.141	0.141	0.141	
0.190	0.190	0.190	0.190	0.190	0.166	0.141	0.141	0.141	0.141	0.141	0.141	0.141	0.141	0.141	0.141	0.141	0.141	0.141	0.141	0.141	0.141	0.141	0.141	0.141	0.141	0.141	0.141	
0.190	0.190	0.190	0.190	0.190	0.166	0.166	0.141	0.141	0.141	0.141	0.141	0.141	0.141	0.141	0.141	0.141	0.141	0.141	0.141	0.141	0.141	0.141	0.141	0.141	0.141	0.141	0.141	
0.190	0.190	0.190	0.190	0.190	0.190	0.166	0.141	0.141	0.141	0.141	0.141	0.141	0.141	0.141	0.141	0.141	0.141	0.141	0.141	0.141	0.141	0.141	0.141	0.141	0.141	0.141	0.106	
0.190	0.190	0.190	0.190	0.190	0.190	0.166	0.141	0.141	0.141	0.141	0.141	0.141	0.141	0.141	0.141	0.141	0.141	0.141	0.141	0.141	0.141	0.141	0.141	0.141	0.141	0.141	0.106	
0.190	0.190	0.190	0.190	0.190	0.190	0.166	0.141	0.141	0.141	0.141	0.141	0.141	0.141	0.141	0.141	0.141	0.141	0.141	0.141	0.141	0.141	0.141	0.141	0.141	0.141	0.141	0.106	
0.190	0.190	0.190	0.190	0.190	0.190	0.166	0.141	0.141	0.141	0.141	0.141	0.141	0.141	0.141	0.141	0.141	0.141	0.141	0.141	0.141	0.141	0.141	0.141	0.141	0.141	0.141	0.106	
0.190	0.190	0.190	0.190	0.190	0.190	0.166	0.141	0.141	0.141	0.141	0.141	0.141	0.141	0.141	0.141	0.141	0.141	0.141	0.141	0.141	0.141	0.141	0.141	0.141	0.141	0.106	0.106	
0.190	0.190	0.190	0.190	0.190	0.190	0.166	0.166	0.141	0.141	0.141	0.141	0.141	0.141	0.141	0.141	0.141	0.141	0.141	0.141	0.141	0.141	0.141	0.141	0.141	0.141	0.106	0.071	
0.190	0.190	0.190	0.190	0.190	0.190	0.190	0.166	0.141	0.141	0.141	0.141	0.141	0.141	0.141	0.141	0.141	0.141	0.141	0.141	0.141	0.141	0.141	0.141	0.141	0.141	0.106	0.071	
0.190	0.190	0.190	0.190	0.190	0.190	0.190	0.166	0.141	0.141	0.141	0.141	0.141	0.141	0.141	0.141	0.141	0.141	0.141	0.141	0.141	0.141	0.141	0.141	0.141	0.106	0.106	0.071	
0.190	0.190	0.190	0.190	0.190	0.190	0.190	0.166	0.141	0.141	0.141	0.141	0.141	0.141	0.141	0.141	0.141	0.141	0.141	0.141	0.141	0.141	0.141	0.141	0.141	0.106	0.071	0.071	
0.190	0.190	0.190	0.190	0.190	0.190	0.190	0.166	0.141	0.141	0.141	0.141	0.141	0.141	0.141	0.141	0.141	0.141	0.141	0.141	0.141	0.141	0.141	0.141	0.141	0.106	0.071	0.071	
0.190	0.190	0.190	0.190	0.190	0.190	0.190	0.166	0.141	0.141	0.141	0.141	0.141	0.141	0.141	0.141	0.141	0.141	0.141	0.141	0.141	0.141	0.141	0.141	0.106	0.106	0.071	0.071	
0.190	0.190	0.190	0.190	0.190	0.190	0.190	0.166	0.141	0.141	0.141	0.141	0.141	0.141	0.141	0.141	0.141	0.141	0.141	0.141	0.141	0.141	0.141	0.141	0.106	0.071	0.071	0.071	
0.190	0.190	0.190	0.190	0.190	0.190	0.190	0.166	0.166	0.141	0.141	0.141	0.141	0.141	0.141	0.141	0.141	0.141	0.141	0.141	0.141	0.141	0.141	0.141	0.106	0.071	0.071	0.071	
0.190	0.190	0.190	0.190	0.190	0.190	0.190	0.190	0.166	0.141	0.141	0.141	0.141	0.141	0.141	0.141	0.141	0.141	0.141	0.141	0.141	0.141	0.141	0.106	0.106	0.071	0.071	0.071	
0.190	0.190	0.190	0.190	0.190	0.190	0.190	0.190	0.166	0.141	0.141	0.141	0.141	0.141	0.141	0.141	0.141	0.141	0.141	0.141	0.141	0.141	0.141	0.106	0.071	0.071	0.071	0.071	
0.190	0.190	0.190	0.190	0.190	0.190	0.190	0.190	0.166	0.141	0.141	0.141	0.141	0.141	0.141	0.141	0.141	0.141	0.141	0.141	0.141	0.141	0.141	0.106	0.071	0.071	0.071	0.071	
0.190	0.190	0.190	0.190	0.190	0.190	0.190	0.190	0.166	0.141	0.141	0.141	0.141	0.141	0.141	0.141	0.141	0.141	0.141	0.141	0.141	0.141	0.141	0.106	0.071	0.071	0.071	0.071	
0.190	0.190	0.190	0.190	0.190	0.190	0.190	0.190	0.166	0.141	0.141	0.141	0.141	0.141	0.141	0.141	0.141	0.141	0.141	0.141	0.141	0.141	0.106	0.106	0.071	0.071	0.071	0.071	
0.190	0.190	0.190	0.190	0.190	0.190	0.190	0.190	0.166	0.166	0.141	0.141	0.141	0.141	0.141	0.141	0.141	0.141	0.141	0.141	0.141	0.141	0.106	0.071	0.071	0.071	0.071	0.136	
0.190	0.190	0.190	0.190	0.190	0.190	0.190	0.190	0.190	0.166	0.141	0.141	0.141	0.141	0.141	0.141	0.141	0.141	0.141	0.141	0.141	0.141	0.106	0.071	0.071	0.071	0.071	0.136	
0.190	0.190	0.190	0.190	0.190	0.190	0.190	0.190	0.190	0.166	0.141	0.141	0.141	0.141	0.141	0.141	0.141	0.141	0.141	0.141	0.141	0.106	0.106	0.071	0.071	0.071	0.071	0.136	
0.190	0.190	0.190	0.190	0.190	0.190	0.190	0.190	0.190	0.166	0.141	0.141	0.141	0.141	0.141	0.141	0.141	0.141	0.141	0.141	0.141	0.106	0.071	0.071	0.071	0.071	0.136	0.136	
0.190	0.190	0.190	0.190	0.190	0.190	0.190	0.190	0.190	0.166	0.141	0.141	0.141	0.141	0.141	0.141	0.141	0.141	0.141	0.141	0.141	0.106	0.071	0.071	0.071	0.071	0.136	0.202	
0.190	0.190	0.190	0.190	0.190	0.190	0.190	0.190	0.190	0.166	0.141	0.141	0.141	0.141	0.141	0.141	0.141	0.141	0.141	0.141	0.106	0.106	0.071	0.071	0.071	0.071	0.136	0.202	
0.190	0.190	0.190	0.190	0.190	0.190	0.190	0.190	0.190	0.166	0.166	0.141	0.141	0.141	0.141	0.141	0.141	0.141	0.141	0.141	0.106	0.071	0.071	0.071	0.071	0.136	0.136	0.202	
0.190	0.190	0.190	0.190	0.190	0.190	0.190	0.190	0.190	0.190	0.166	0.141	0.141	0.141	0.141	0.141	0.141	0.141	0.141	0.141	0.106	0.071	0.071	0.071	0.071	0.136	0.202	0.202	
0.131	0.190	0.190	0.190	0.190	0.190	0.190	0.190	0.190	0.190	0.166	0.141	0.141	0.141	0.141	0.141	0.141	0.141	0.141	0.106	0.106	0.071	0.071	0.071	0.136	0.136	0.202	0.202	
0.131	0.190	0.190	0.190	0.190	0.190	0.190	0.190	0.190	0.190	0.166	0.141	0.141	0.141	0.141	0.141	0.141	0.141	0.141	0.106	0.071	0.071	0.071	0.071	0.136	0.202	0.202	0.202	
0.131	0.131	0.190	0.190	0.190	0.190	0.190	0.190	0.190	0.190	0.166	0.141	0.141	0.141	0.141	0.141	0.141	0.141	0.141	0.106	0.071	0.071	0.071	0.071	0.136	0.202	0.202	0.202	
0.071	0.131	0.131	0.190	0.190	0.190	0.190	0.190	0.190	0.190	0.176	0.141	0.141	0.141	0.141	0.141	0.141	0.141	0.141	0.106	0.071	0.071	0.071	0.136	0.136	0.202	0.202	0.202	
0.071	0.071	0.131	0.190	0.190	0.190	0.190	0.190	0.190	0.190	0.176	0.168	0.141	0.141	0.141	0.141	0.141	0.141	0.106	0.106	0.071	0.071	0.071	0.136	0.202	0.202	0.202	0.202	
0.071	0.071	0.131	0.131	0.190	0.190	0.190	0.190	0.190	0.190	0.193	0.168	0.141	0.141	0.141	0.141	0.141	0.141	0.106	0.071	0.071	0.071	0.071	0.136	0.202	0.202	0.202	0.202	
0.071	0.071	0.071	0.131	0.190	0.190	0.190	0.190	0.190	0.190	0.193	0.168	0.141	0.141	0.141	0.141	0.141	0.141	0.106	0.071	0.071	0.071	0.136	0.136	0.202	0.202	0.202	0.202	
0.071	0.071	0.071	0.131	0.131	0.190	0.190	0.190	0.190	0.190	0.193	0.168	0.168	0.141	0.141	0.141	0.141	0.106	0.106	0.071	0.071	0.071	0.136	0.202	0.202	0.202	0.202	0.202	
0.071	0.071	0.071	0.071	0.131	0.131	0.190	0.190	0.190	0.190	0.193	0.195	0.168	0.141	0.141	0.141	0.141	0.106	0.071	0.071	0.071	0.136	0.136	0.202	0.202	0.202	0.202	0.202	
0.071	0.071	0.071	0.071	0.071	0.131	0.190	0.190	0.190	0.190	0.193	0.195	0.168	0.141	0.141	0.141	0.141	0.106	0.071	0.071	0.071	0.136	0.202	0.202	0.202	0.202	0.202	0.202	
0.071	0.071	0.071	0.071	0.071	0.131	0.131	0.190	0.190	0.190	0.193	0.195	0.168	0.168	0.141	0.141	0.106	0.106	0.071	0.071	0.071	0.136	0.202	0.202	0.202	0.202	0.202	0.202	
0.060	0.071	0.071	0.071	0.071	0.071	0.131	0.190	0.190	0.190	0.193	0.195	0.195	0.168	0.141	0.141	0.106	0.071	0.071	0.071	0.132	0.136	0.202	0.202	0.202	0.202	0.202	0.202	
0.060	0.060	0.060	0.071	0.071	0.071	0.131	0.131	0.190	0.190	0.193	0.195	0.195	0.168	0.141	0.141	0.106	0.071	0.071	0.098	0.132	0.202	0.202	0.202	0.202	0.202	0.202	0.202	
0.050	0.050	0.060	0.060	0.071	0.071	0.071	0.131	0.131	0.190	0.166	0.154	0.154	0.143	0.161	0.144	0.112	0.071	0.098	0.098	0.163	0.163	0.202	0.202	0.202	0.202	0.202	0.202	
0.050	0.050	0.050	0.060	0.060	0.071	0.071	0.091	0.124	0.138	0.138	0.112	0.132	0.144	0.118	0.146	0.102	0.080	0.095	0.125	0.125	0.163	0.202	0.202	0.202	0.202	0.138	0.138	
0.050	0.050	0.050	0.050	0.060	0.060	0.057	0.078	0.112	0.112	0.112	0.118	0.109	0.090	0.113	0.113	0.113	0.090	0.083	0.080	0.102	0.135	0.140	0.202	0.202	0.138	0.138	0.075	
0.050	0.050	0.050	0.050	0.050	0.050	0.057	0.081	0.087	0.106	0.112	0.118	0.108	0.139	0.097	0.103	0.083	0.073	0.060	0.080	0.080	0.079	0.140	0.140	0.119	0.138	0.075	0.075	
0.050	0.050	0.050	0.050	0.050	0.062	0.058	0.050	0.075	0.100	0.113	0.113	0.181	0.155	0.170	0.136	0.136	0.056	0.072	0.035	0.071	0.079	0.077	0.076	0.077	0.075	0.075	0.075	
0.050	0.050	0.050	0.050	0.050	0.058	0.062	0.067	0.075	0.087	0.067	0.083	0.129	0.237	0.197	0.177	0.153	0.144	0.072	0.087	0.071	0.085	0.077	0.075	0.075	0.075	0.075	0.075	
0.050	0.050	0.050	0.050	0.050	0.062	0.075	0.075	0.075	0.075	0.050	0.025	0.364	0.534	0.439	0.541	0.250	0.188	0.125	0.113	0.100	0.087	0.075	0.075	0.075	0.075	0.075	0.075	
0.050	0.050	0.050	0.050	0.050	0.050	0.000	0.075	0.075	0.075	0.050	0.025	0.428	0.831	0.831	0.541	0.000	0.000	0.000	0.113	0.100	0.100	0.000	0.000	0.000	0.000	0.000	0.000	
0.000	0.000	0.000	0.000	0.000	0.000	0.000	0.000	0.000	0.000	0.000	0.000	0.831	0.831	0.831	0.831	0.000	0.000	0.000	0.000	0.000	0.000	0.000	0.000	0.000	0.000	0.000	0.000	
0.000	0.000	0.000	0.000	0.000	0.000	0.000	0.000	0.000	0.000	0.000	0.000	0.916	0.916	0.916	0.916	0.000	0.000	0.000	0.000	0.000	0.000	0.000	0.000	0.000	0.000	0.000	0.000	
0.000	0.000	0.000	0.000	0.000	0.000	0.000	0.000	0.000	0.000	0.000	0.000	1.001	1.001	1.001	1.001	0.000	0.000	0.000	0.000	0.000	0.000	0.000	0.000	0.000	0.000	0.000	0.000	
0.000	0.000	0.000	0.000	0.000	0.000	0.000	0.000	0.000	0.000	0.000	0.000	1.001	1.001	1.001	1.001	0.000	0.000	0.000	0.000	0.000	0.000	0.000	0.000	0.000	0.000	0.000	0.000	
