0.079	0.079	0.079	0.079	0.079	0.079	0.079	0.112	0.146	0.146	0.146	0.146	0.146	0.146	0.146	0.174	0.202	0.202	0.202	0.202	0.202	0.202	0.202	0.202	0.202	0.202	0.202	0.202	
0.079	0.079	0.079	0.079	0.079	0.079	0.079	0.112	0.146	0.146	0.146	0.146	0.146	0.146	0.146	0.174	0.202	0.202	0.202	0.202	0.202	0.202	0.202	0.202	0.202	0.202	0.202	0.202	
0.079	0.079	0.079	0.079	0.079	0.079	0.079	0.112	0.146	0.146	0.146	0.146	0.146	0.146	0.146	0.174	0.202	0.202	0.202	0.202	0.202	0.202	0.202	0.202	0.202	0.202	0.202	0.202	
0.079	0.079	0.079	0.079	0.079	0.079	0.079	0.112	0.146	0.146	0.146	0.146	0.146	0.146	0.146	0.174	0.202	0.202	0.202	0.202	0.202	0.202	0.202	0.202	0.202	0.202	0.202	0.202	
0.079	0.079	0.079	0.079	0.079	0.079	0.079	0.112	0.146	0.146	0.146	0.146	0.146	0.146	0.146	0.174	0.202	0.202	0.202	0.202	0.202	0.202	0.202	0.202	0.202	0.202	0.202	0.202	
0.079	0.079	0.079	0.079	0.079	0.079	0.079	0.112	0.146	0.146	0.146	0.146	0.146	0.146	0.146	0.174	0.202	0.202	0.202	0.202	0.202	0.202	0.202	0.202	0.202	0.202	0.202	0.202	
0.079	0.079	0.079	0.079	0.079	0.079	0.079	0.112	0.112	0.146	0.146	0.146	0.146	0.146	0.146	0.174	0.202	0.202	0.202	0.202	0.202	0.202	0.202	0.202	0.202	0.202	0.202	0.202	
0.079	0.079	0.079	0.079	0.079	0.079	0.079	0.079	0.112	0.146	0.146	0.146	0.146	0.146	0.146	0.174	0.202	0.202	0.202	0.202	0.202	0.202	0.202	0.202	0.202	0.202	0.202	0.202	
0.079	0.079	0.079	0.079	0.079	0.079	0.079	0.079	0.112	0.146	0.146	0.146	0.146	0.146	0.146	0.174	0.202	0.202	0.202	0.202	0.202	0.202	0.202	0.202	0.202	0.202	0.202	0.202	
0.079	0.079	0.079	0.079	0.079	0.079	0.079	0.079	0.112	0.146	0.146	0.146	0.146	0.146	0.146	0.174	0.202	0.202	0.202	0.202	0.202	0.202	0.202	0.202	0.202	0.202	0.202	0.202	
0.079	0.079	0.079	0.079	0.079	0.079	0.079	0.079	0.112	0.146	0.146	0.146	0.146	0.146	0.146	0.174	0.202	0.202	0.202	0.202	0.202	0.202	0.202	0.202	0.202	0.202	0.202	0.202	
0.079	0.079	0.079	0.079	0.079	0.079	0.079	0.079	0.112	0.146	0.146	0.146	0.146	0.146	0.146	0.174	0.202	0.202	0.202	0.202	0.202	0.202	0.202	0.202	0.202	0.202	0.202	0.202	
0.079	0.079	0.079	0.079	0.079	0.079	0.079	0.079	0.112	0.146	0.146	0.146	0.146	0.146	0.146	0.174	0.202	0.202	0.202	0.202	0.202	0.202	0.202	0.202	0.202	0.202	0.202	0.202	
0.079	0.079	0.079	0.079	0.079	0.079	0.079	0.079	0.112	0.146	0.146	0.146	0.146	0.146	0.146	0.174	0.202	0.202	0.202	0.202	0.202	0.202	0.202	0.202	0.202	0.202	0.202	0.202	
0.079	0.079	0.079	0.079	0.079	0.079	0.079	0.079	0.112	0.146	0.146	0.146	0.146	0.146	0.146	0.174	0.202	0.202	0.202	0.202	0.202	0.202	0.202	0.202	0.202	0.202	0.202	0.202	
0.079	0.079	0.079	0.079	0.079	0.079	0.079	0.079	0.112	0.146	0.146	0.146	0.146	0.146	0.146	0.174	0.202	0.202	0.202	0.202	0.202	0.202	0.202	0.202	0.202	0.202	0.202	0.202	
0.079	0.079	0.079	0.079	0.079	0.079	0.079	0.079	0.112	0.146	0.146	0.146	0.146	0.146	0.146	0.174	0.202	0.202	0.202	0.202	0.202	0.202	0.202	0.202	0.202	0.202	0.202	0.202	
0.079	0.079	0.079	0.079	0.079	0.079	0.079	0.079	0.112	0.112	0.146	0.146	0.146	0.146	0.146	0.174	0.202	0.202	0.202	0.202	0.202	0.202	0.202	0.202	0.202	0.202	0.202	0.202	
0.079	0.079	0.079	0.079	0.079	0.079	0.079	0.079	0.079	0.112	0.146	0.146	0.146	0.146	0.146	0.174	0.202	0.202	0.202	0.202	0.202	0.202	0.202	0.202	0.202	0.202	0.202	0.202	
0.079	0.079	0.079	0.079	0.079	0.079	0.079	0.079	0.079	0.112	0.146	0.146	0.146	0.146	0.146	0.174	0.202	0.202	0.202	0.202	0.202	0.202	0.202	0.202	0.202	0.202	0.202	0.202	
0.079	0.079	0.079	0.079	0.079	0.079	0.079	0.079	0.079	0.112	0.146	0.146	0.146	0.146	0.146	0.174	0.202	0.202	0.202	0.202	0.202	0.202	0.202	0.202	0.202	0.202	0.202	0.202	
0.079	0.079	0.079	0.079	0.079	0.079	0.079	0.079	0.079	0.112	0.146	0.146	0.146	0.146	0.146	0.174	0.202	0.202	0.202	0.202	0.202	0.202	0.202	0.202	0.202	0.202	0.202	0.202	
0.079	0.079	0.079	0.079	0.079	0.079	0.079	0.079	0.079	0.112	0.146	0.146	0.146	0.146	0.146	0.174	0.202	0.202	0.202	0.202	0.202	0.202	0.202	0.202	0.202	0.202	0.202	0.202	
0.079	0.079	0.079	0.079	0.079	0.079	0.079	0.079	0.079	0.112	0.146	0.146	0.146	0.146	0.146	0.174	0.202	0.202	0.202	0.202	0.202	0.202	0.202	0.202	0.202	0.202	0.202	0.202	
0.079	0.079	0.079	0.079	0.079	0.079	0.079	0.079	0.079	0.112	0.146	0.146	0.146	0.146	0.146	0.174	0.202	0.202	0.202	0.202	0.202	0.202	0.202	0.202	0.202	0.202	0.202	0.202	
0.079	0.079	0.079	0.079	0.079	0.079	0.079	0.079	0.079	0.112	0.146	0.146	0.146	0.146	0.146	0.174	0.202	0.202	0.202	0.202	0.202	0.202	0.202	0.202	0.202	0.202	0.202	0.202	
0.079	0.079	0.079	0.079	0.079	0.079	0.079	0.079	0.079	0.112	0.146	0.146	0.146	0.146	0.146	0.174	0.202	0.202	0.202	0.202	0.202	0.202	0.202	0.202	0.202	0.202	0.202	0.202	
0.079	0.079	0.079	0.079	0.079	0.079	0.079	0.079	0.079	0.112	0.146	0.146	0.146	0.146	0.146	0.174	0.202	0.202	0.202	0.202	0.202	0.202	0.202	0.202	0.202	0.202	0.202	0.202	
0.079	0.079	0.079	0.079	0.079	0.079	0.079	0.079	0.079	0.112	0.112	0.146	0.146	0.146	0.146	0.174	0.202	0.202	0.202	0.202	0.202	0.202	0.202	0.202	0.202	0.202	0.202	0.202	
0.079	0.079	0.079	0.079	0.079	0.079	0.079	0.079	0.079	0.079	0.112	0.146	0.146	0.146	0.146	0.174	0.202	0.202	0.202	0.202	0.202	0.202	0.202	0.202	0.202	0.202	0.202	0.202	
0.079	0.079	0.079	0.079	0.079	0.079	0.079	0.079	0.079	0.079	0.112	0.146	0.146	0.146	0.146	0.174	0.202	0.202	0.202	0.202	0.202	0.202	0.202	0.202	0.202	0.202	0.202	0.202	
0.079	0.079	0.079	0.079	0.079	0.079	0.079	0.079	0.079	0.079	0.112	0.146	0.146	0.146	0.146	0.174	0.202	0.202	0.202	0.202	0.202	0.202	0.202	0.202	0.202	0.202	0.202	0.202	
0.079	0.079	0.079	0.079	0.079	0.079	0.079	0.079	0.079	0.079	0.112	0.146	0.146	0.146	0.146	0.174	0.202	0.202	0.202	0.202	0.202	0.202	0.202	0.202	0.202	0.202	0.202	0.202	
0.079	0.079	0.079	0.079	0.079	0.079	0.079	0.079	0.079	0.079	0.112	0.146	0.146	0.146	0.146	0.174	0.202	0.202	0.202	0.202	0.202	0.202	0.202	0.202	0.202	0.202	0.202	0.202	
0.079	0.079	0.079	0.079	0.079	0.079	0.079	0.079	0.079	0.079	0.112	0.146	0.146	0.146	0.146	0.174	0.202	0.202	0.202	0.202	0.202	0.202	0.202	0.202	0.202	0.202	0.202	0.202	
0.079	0.079	0.079	0.079	0.079	0.079	0.079	0.079	0.079	0.079	0.112	0.146	0.146	0.146	0.146	0.174	0.202	0.202	0.202	0.202	0.202	0.202	0.202	0.202	0.202	0.202	0.202	0.202	
0.079	0.079	0.079	0.079	0.079	0.079	0.079	0.079	0.079	0.079	0.112	0.146	0.146	0.146	0.146	0.174	0.202	0.202	0.202	0.202	0.202	0.202	0.202	0.202	0.202	0.202	0.202	0.202	
0.079	0.079	0.079	0.079	0.079	0.079	0.079	0.079	0.079	0.079	0.112	0.146	0.146	0.146	0.146	0.174	0.202	0.202	0.202	0.202	0.202	0.202	0.202	0.202	0.202	0.202	0.202	0.202	
0.079	0.079	0.079	0.079	0.079	0.079	0.079	0.079	0.079	0.079	0.112	0.146	0.146	0.146	0.146	0.174	0.202	0.202	0.202	0.202	0.202	0.202	0.202	0.202	0.202	0.202	0.202	0.202	
0.079	0.079	0.079	0.079	0.079	0.079	0.079	0.079	0.079	0.079	0.112	0.112	0.146	0.146	0.146	0.174	0.202	0.202	0.202	0.202	0.202	0.202	0.202	0.202	0.202	0.202	0.202	0.202	
0.079	0.079	0.079	0.079	0.079	0.079	0.079	0.079	0.079	0.079	0.079	0.112	0.146	0.146	0.146	0.174	0.202	0.202	0.202	0.202	0.202	0.202	0.202	0.202	0.202	0.202	0.202	0.118	
0.115	0.115	0.079	0.079	0.079	0.079	0.079	0.079	0.079	0.079	0.079	0.112	0.146	0.146	0.146	0.174	0.202	0.202	0.202	0.202	0.202	0.202	0.202	0.202	0.202	0.202	0.118	0.118	
0.150	0.115	0.115	0.079	0.079	0.079	0.079	0.079	0.079	0.079	0.079	0.112	0.146	0.146	0.146	0.174	0.202	0.202	0.202	0.202	0.202	0.202	0.202	0.202	0.118	0.118	0.118	0.035	
0.150	0.150	0.115	0.115	0.079	0.079	0.079	0.079	0.079	0.079	0.079	0.112	0.146	0.146	0.146	0.174	0.202	0.202	0.202	0.202	0.202	0.202	0.202	0.118	0.118	0.035	0.035	0.035	
0.150	0.150	0.150	0.115	0.115	0.115	0.079	0.079	0.079	0.079	0.079	0.112	0.146	0.146	0.146	0.174	0.202	0.202	0.202	0.202	0.202	0.202	0.118	0.118	0.035	0.035	0.035	0.035	
0.150	0.150	0.150	0.150	0.150	0.115	0.115	0.079	0.079	0.079	0.079	0.112	0.146	0.146	0.243	0.229	0.202	0.202	0.202	0.202	0.202	0.118	0.118	0.035	0.035	0.035	0.035	0.035	
0.150	0.150	0.150	0.150	0.150	0.150	0.115	0.115	0.115	0.079	0.079	0.112	0.146	0.146	0.243	0.271	0.271	0.202	0.202	0.118	0.118	0.118	0.035	0.035	0.035	0.035	0.035	0.035	
0.150	0.150	0.150	0.150	0.150	0.150	0.150	0.150	0.115	0.115	0.165	0.158	0.198	0.243	0.243	0.340	0.189	0.113	0.118	0.118	0.035	0.035	0.035	0.035	0.035	0.035	0.035	0.035	
0.150	0.150	0.150	0.150	0.150	0.150	0.150	0.150	0.150	0.115	0.160	0.250	0.198	0.245	0.340	0.183	0.183	0.113	0.087	0.035	0.035	0.035	0.035	0.035	0.035	0.035	0.035	0.035	
0.150	0.150	0.150	0.150	0.150	0.150	0.150	0.150	0.150	0.150	0.200	0.250	0.631	0.534	0.676	0.459	0.025	0.025	0.030	0.035	0.035	0.035	0.035	0.035	0.035	0.035	0.035	0.035	
0.150	0.150	0.150	0.150	0.150	0.150	0.150	0.150	0.150	0.150	0.150	0.000	0.631	1.011	1.011	0.518	0.000	0.000	0.035	0.035	0.035	0.035	0.035	0.035	0.035	0.035	0.035	0.035	
0.000	0.000	0.000	0.000	0.000	0.000	0.000	0.000	0.000	0.000	0.000	0.000	1.011	1.011	1.011	1.011	0.000	0.000	0.000	0.000	0.000	0.000	0.000	0.000	0.000	0.000	0.000	0.000	
0.000	0.000	0.000	0.000	0.000	0.000	0.000	0.000	0.000	0.000	0.000	0.000	1.011	1.011	1.011	1.011	0.000	0.000	0.000	0.000	0.000	0.000	0.000	0.000	0.000	0.000	0.000	0.000	
0.000	0.000	0.000	0.000	0.000	0.000	0.000	0.000	0.000	0.000	0.000	0.000	1.011	1.011	1.011	1.011	0.000	0.000	0.000	0.000	0.000	0.000	0.000	0.000	0.000	0.000	0.000	0.000	
0.000	0.000	0.000	0.000	0.000	0.000	0.000	0.000	0.000	0.000	0.000	0.000	1.011	1.011	1.011	1.011	0.000	0.000	0.000	0.000	0.000	0.000	0.000	0.000	0.000	0.000	0.000	0.000	
