0.125	0.125	0.125	0.125	0.125	0.125	0.160	0.195	0.195	0.195	0.195	0.195	0.195	0.195	0.195	0.195	0.195	0.195	0.195	0.174	0.152	0.152	0.152	0.152	0.152	0.152	0.152	0.152	
0.125	0.125	0.125	0.125	0.125	0.125	0.160	0.160	0.195	0.195	0.195	0.195	0.195	0.195	0.195	0.195	0.195	0.195	0.195	0.174	0.152	0.152	0.152	0.152	0.152	0.152	0.152	0.152	
0.125	0.125	0.125	0.125	0.125	0.125	0.125	0.160	0.195	0.195	0.195	0.195	0.195	0.195	0.195	0.195	0.195	0.195	0.195	0.174	0.152	0.152	0.152	0.152	0.152	0.152	0.152	0.152	
0.125	0.125	0.125	0.125	0.125	0.125	0.125	0.160	0.195	0.195	0.195	0.195	0.195	0.195	0.195	0.195	0.195	0.195	0.195	0.174	0.152	0.152	0.152	0.152	0.152	0.152	0.152	0.152	
0.125	0.125	0.125	0.125	0.125	0.125	0.125	0.160	0.195	0.195	0.195	0.195	0.195	0.195	0.195	0.195	0.195	0.195	0.195	0.174	0.152	0.152	0.152	0.152	0.152	0.152	0.152	0.152	
0.125	0.125	0.125	0.125	0.125	0.125	0.125	0.160	0.195	0.195	0.195	0.195	0.195	0.195	0.195	0.195	0.195	0.195	0.195	0.174	0.152	0.152	0.152	0.152	0.152	0.152	0.152	0.152	
0.125	0.125	0.125	0.125	0.125	0.125	0.125	0.160	0.195	0.195	0.195	0.195	0.195	0.195	0.195	0.195	0.195	0.195	0.195	0.174	0.152	0.152	0.152	0.152	0.152	0.152	0.152	0.152	
0.125	0.125	0.125	0.125	0.125	0.125	0.125	0.160	0.195	0.195	0.195	0.195	0.195	0.195	0.195	0.195	0.195	0.195	0.195	0.174	0.152	0.152	0.152	0.152	0.152	0.152	0.152	0.152	
0.125	0.125	0.125	0.125	0.125	0.125	0.125	0.160	0.195	0.195	0.195	0.195	0.195	0.195	0.195	0.195	0.195	0.195	0.195	0.174	0.152	0.152	0.152	0.152	0.152	0.152	0.152	0.152	
0.125	0.125	0.125	0.125	0.125	0.125	0.125	0.160	0.195	0.195	0.195	0.195	0.195	0.195	0.195	0.195	0.195	0.195	0.195	0.174	0.152	0.152	0.152	0.152	0.152	0.152	0.152	0.152	
0.125	0.125	0.125	0.125	0.125	0.125	0.125	0.160	0.195	0.195	0.195	0.195	0.195	0.195	0.195	0.195	0.195	0.195	0.195	0.174	0.152	0.152	0.152	0.152	0.152	0.152	0.152	0.152	
0.125	0.125	0.125	0.125	0.125	0.125	0.125	0.160	0.160	0.195	0.195	0.195	0.195	0.195	0.195	0.195	0.195	0.195	0.195	0.174	0.152	0.152	0.152	0.152	0.152	0.152	0.152	0.152	
0.125	0.125	0.125	0.125	0.125	0.125	0.125	0.125	0.160	0.195	0.195	0.195	0.195	0.195	0.195	0.195	0.195	0.195	0.174	0.174	0.152	0.152	0.152	0.152	0.152	0.152	0.152	0.152	
0.125	0.125	0.125	0.125	0.125	0.125	0.125	0.125	0.160	0.195	0.195	0.195	0.195	0.195	0.195	0.195	0.195	0.195	0.174	0.152	0.152	0.152	0.152	0.152	0.152	0.152	0.152	0.152	
0.125	0.125	0.125	0.125	0.125	0.125	0.125	0.125	0.160	0.195	0.195	0.195	0.195	0.195	0.195	0.195	0.195	0.195	0.174	0.152	0.152	0.152	0.152	0.152	0.152	0.152	0.152	0.152	
0.125	0.125	0.125	0.125	0.125	0.125	0.125	0.125	0.160	0.195	0.195	0.195	0.195	0.195	0.195	0.195	0.195	0.195	0.174	0.152	0.152	0.152	0.152	0.152	0.152	0.152	0.152	0.152	
0.125	0.125	0.125	0.125	0.125	0.125	0.125	0.125	0.160	0.195	0.195	0.195	0.195	0.195	0.195	0.195	0.195	0.195	0.174	0.152	0.152	0.152	0.152	0.152	0.152	0.152	0.152	0.152	
0.125	0.125	0.125	0.125	0.125	0.125	0.125	0.125	0.160	0.195	0.195	0.195	0.195	0.195	0.195	0.195	0.195	0.195	0.174	0.152	0.152	0.152	0.152	0.152	0.152	0.152	0.152	0.152	
0.125	0.125	0.125	0.125	0.125	0.125	0.125	0.125	0.160	0.195	0.195	0.195	0.195	0.195	0.195	0.195	0.195	0.195	0.174	0.152	0.152	0.152	0.152	0.152	0.152	0.152	0.152	0.152	
0.125	0.125	0.125	0.125	0.125	0.125	0.125	0.125	0.160	0.195	0.195	0.195	0.195	0.195	0.195	0.195	0.195	0.195	0.174	0.152	0.152	0.152	0.152	0.152	0.152	0.152	0.152	0.152	
0.125	0.125	0.125	0.125	0.125	0.125	0.125	0.125	0.160	0.195	0.195	0.195	0.195	0.195	0.195	0.195	0.195	0.195	0.174	0.152	0.152	0.152	0.152	0.152	0.152	0.152	0.152	0.152	
0.125	0.125	0.125	0.125	0.125	0.125	0.125	0.125	0.160	0.160	0.195	0.195	0.195	0.195	0.195	0.195	0.195	0.195	0.174	0.152	0.152	0.152	0.152	0.152	0.152	0.152	0.152	0.152	
0.125	0.125	0.125	0.125	0.125	0.125	0.125	0.125	0.125	0.160	0.195	0.195	0.195	0.195	0.195	0.195	0.195	0.195	0.174	0.152	0.152	0.152	0.152	0.152	0.152	0.152	0.152	0.152	
0.125	0.125	0.125	0.125	0.125	0.125	0.125	0.125	0.125	0.160	0.195	0.195	0.195	0.195	0.195	0.195	0.195	0.195	0.174	0.152	0.152	0.152	0.152	0.152	0.152	0.152	0.152	0.152	
0.125	0.125	0.125	0.125	0.125	0.125	0.125	0.125	0.125	0.160	0.195	0.195	0.195	0.195	0.195	0.195	0.195	0.174	0.174	0.152	0.152	0.152	0.152	0.152	0.152	0.152	0.152	0.152	
0.125	0.125	0.125	0.125	0.125	0.125	0.125	0.125	0.125	0.160	0.195	0.195	0.195	0.195	0.195	0.195	0.195	0.174	0.152	0.152	0.152	0.152	0.152	0.152	0.152	0.152	0.152	0.152	
0.125	0.125	0.125	0.125	0.125	0.125	0.125	0.125	0.125	0.160	0.195	0.195	0.195	0.195	0.195	0.195	0.195	0.174	0.152	0.152	0.152	0.152	0.152	0.152	0.152	0.152	0.152	0.152	
0.125	0.125	0.125	0.125	0.125	0.125	0.125	0.125	0.125	0.160	0.195	0.195	0.195	0.195	0.195	0.195	0.195	0.174	0.152	0.152	0.152	0.152	0.152	0.152	0.152	0.152	0.152	0.152	
0.125	0.125	0.125	0.125	0.125	0.125	0.125	0.125	0.125	0.160	0.195	0.195	0.195	0.195	0.195	0.195	0.195	0.174	0.152	0.152	0.152	0.152	0.152	0.152	0.152	0.152	0.152	0.152	
0.125	0.125	0.125	0.125	0.125	0.125	0.125	0.125	0.125	0.160	0.195	0.195	0.195	0.195	0.195	0.195	0.195	0.174	0.152	0.152	0.152	0.152	0.152	0.152	0.152	0.152	0.152	0.152	
0.125	0.125	0.125	0.125	0.125	0.125	0.125	0.125	0.125	0.160	0.195	0.195	0.195	0.195	0.195	0.195	0.195	0.174	0.152	0.152	0.152	0.152	0.152	0.152	0.152	0.152	0.152	0.152	
0.125	0.125	0.125	0.125	0.125	0.125	0.125	0.125	0.125	0.160	0.160	0.195	0.195	0.195	0.195	0.195	0.195	0.176	0.152	0.152	0.152	0.152	0.152	0.152	0.152	0.152	0.152	0.152	
0.125	0.125	0.125	0.125	0.125	0.125	0.125	0.125	0.125	0.125	0.160	0.195	0.195	0.195	0.195	0.195	0.195	0.176	0.152	0.152	0.152	0.152	0.152	0.152	0.152	0.152	0.152	0.152	
0.125	0.125	0.125	0.125	0.125	0.125	0.125	0.125	0.125	0.125	0.160	0.195	0.195	0.195	0.195	0.195	0.195	0.176	0.152	0.152	0.152	0.152	0.152	0.152	0.152	0.152	0.152	0.152	
0.125	0.125	0.125	0.125	0.125	0.125	0.125	0.125	0.125	0.125	0.160	0.195	0.195	0.195	0.195	0.195	0.188	0.176	0.152	0.152	0.152	0.152	0.152	0.152	0.152	0.152	0.152	0.152	
0.125	0.125	0.125	0.125	0.125	0.125	0.125	0.125	0.125	0.125	0.160	0.195	0.195	0.195	0.195	0.195	0.188	0.166	0.152	0.152	0.152	0.152	0.152	0.152	0.152	0.152	0.152	0.152	
0.125	0.125	0.125	0.125	0.125	0.125	0.125	0.125	0.125	0.125	0.160	0.195	0.195	0.195	0.195	0.195	0.188	0.166	0.152	0.152	0.152	0.152	0.152	0.152	0.152	0.152	0.152	0.152	
0.125	0.125	0.125	0.125	0.125	0.125	0.125	0.125	0.125	0.125	0.160	0.195	0.195	0.195	0.195	0.195	0.188	0.166	0.152	0.152	0.152	0.152	0.152	0.152	0.152	0.152	0.152	0.152	
0.125	0.125	0.125	0.125	0.125	0.125	0.125	0.125	0.125	0.125	0.160	0.195	0.195	0.195	0.195	0.195	0.188	0.166	0.152	0.152	0.152	0.152	0.152	0.152	0.152	0.152	0.152	0.152	
0.125	0.125	0.125	0.125	0.125	0.125	0.125	0.125	0.125	0.125	0.160	0.195	0.195	0.195	0.195	0.195	0.188	0.166	0.152	0.152	0.152	0.152	0.152	0.152	0.152	0.152	0.152	0.152	
0.125	0.125	0.125	0.125	0.125	0.125	0.125	0.125	0.125	0.125	0.160	0.195	0.195	0.195	0.195	0.188	0.188	0.166	0.152	0.152	0.152	0.152	0.152	0.152	0.152	0.152	0.152	0.152	
0.125	0.125	0.125	0.125	0.125	0.125	0.125	0.125	0.125	0.125	0.160	0.160	0.195	0.195	0.195	0.188	0.180	0.166	0.152	0.152	0.152	0.152	0.152	0.152	0.152	0.152	0.140	0.140	
0.113	0.125	0.125	0.125	0.125	0.125	0.125	0.125	0.125	0.125	0.125	0.160	0.195	0.195	0.195	0.188	0.180	0.166	0.152	0.152	0.152	0.152	0.152	0.152	0.152	0.140	0.140	0.127	
0.113	0.113	0.125	0.125	0.125	0.125	0.125	0.125	0.125	0.125	0.125	0.160	0.195	0.195	0.195	0.188	0.180	0.166	0.152	0.152	0.152	0.152	0.152	0.152	0.140	0.140	0.127	0.127	
0.100	0.113	0.113	0.113	0.125	0.125	0.125	0.125	0.125	0.125	0.125	0.159	0.195	0.195	0.195	0.188	0.180	0.166	0.152	0.152	0.152	0.152	0.152	0.140	0.140	0.127	0.127	0.127	
0.100	0.100	0.100	0.113	0.113	0.113	0.125	0.125	0.125	0.125	0.142	0.159	0.177	0.195	0.195	0.188	0.180	0.166	0.152	0.152	0.152	0.152	0.140	0.140	0.127	0.127	0.127	0.127	
0.100	0.100	0.100	0.100	0.100	0.113	0.113	0.113	0.125	0.125	0.142	0.158	0.177	0.195	0.188	0.188	0.180	0.166	0.152	0.152	0.140	0.140	0.140	0.127	0.127	0.127	0.127	0.127	
0.100	0.100	0.100	0.100	0.100	0.100	0.100	0.113	0.113	0.100	0.119	0.158	0.177	0.177	0.184	0.179	0.179	0.171	0.164	0.140	0.140	0.127	0.127	0.127	0.127	0.127	0.127	0.127	
0.100	0.100	0.100	0.100	0.100	0.100	0.100	0.100	0.113	0.100	0.117	0.117	0.244	0.284	0.291	0.177	0.177	0.176	0.164	0.152	0.127	0.127	0.127	0.127	0.127	0.127	0.127	0.127	
0.100	0.100	0.100	0.100	0.100	0.100	0.100	0.100	0.100	0.088	0.075	0.075	0.288	0.500	0.338	0.177	0.177	0.176	0.175	0.151	0.127	0.127	0.127	0.127	0.127	0.127	0.127	0.127	
0.000	0.000	0.000	0.000	0.000	0.000	0.000	0.000	0.000	0.000	0.000	0.000	0.288	0.500	0.338	0.338	0.177	0.176	0.000	0.000	0.000	0.000	0.000	0.000	0.000	0.000	0.000	0.000	
0.000	0.000	0.000	0.000	0.000	0.000	0.000	0.000	0.000	0.000	0.000	0.000	0.751	0.751	0.751	0.751	0.000	0.000	0.000	0.000	0.000	0.000	0.000	0.000	0.000	0.000	0.000	0.000	
0.000	0.000	0.000	0.000	0.000	0.000	0.000	0.000	0.000	0.000	0.000	0.000	1.001	1.001	1.001	1.001	0.000	0.000	0.000	0.000	0.000	0.000	0.000	0.000	0.000	0.000	0.000	0.000	
0.000	0.000	0.000	0.000	0.000	0.000	0.000	0.000	0.000	0.000	0.000	0.000	1.001	1.001	1.001	1.001	0.000	0.000	0.000	0.000	0.000	0.000	0.000	0.000	0.000	0.000	0.000	0.000	
0.000	0.000	0.000	0.000	0.000	0.000	0.000	0.000	0.000	0.000	0.000	0.000	1.001	1.001	1.001	1.001	0.000	0.000	0.000	0.000	0.000	0.000	0.000	0.000	0.000	0.000	0.000	0.000	
