0.180	0.180	0.180	0.180	0.180	0.180	0.180	0.180	0.180	0.202	0.224	0.224	0.224	0.224	0.224	0.224	0.224	0.224	0.163	0.103	0.103	0.103	0.103	0.103	0.103	0.103	0.103	0.103	
0.180	0.180	0.180	0.180	0.180	0.180	0.180	0.180	0.180	0.202	0.224	0.224	0.224	0.224	0.224	0.224	0.224	0.224	0.163	0.103	0.103	0.103	0.103	0.103	0.103	0.103	0.103	0.103	
0.180	0.180	0.180	0.180	0.180	0.180	0.180	0.180	0.180	0.202	0.224	0.224	0.224	0.224	0.224	0.224	0.224	0.224	0.163	0.103	0.103	0.103	0.103	0.103	0.103	0.103	0.103	0.103	
0.180	0.180	0.180	0.180	0.180	0.180	0.180	0.180	0.180	0.202	0.224	0.224	0.224	0.224	0.224	0.224	0.224	0.224	0.163	0.103	0.103	0.103	0.103	0.103	0.103	0.103	0.103	0.103	
0.180	0.180	0.180	0.180	0.180	0.180	0.180	0.180	0.180	0.202	0.224	0.224	0.224	0.224	0.224	0.224	0.224	0.224	0.163	0.103	0.103	0.103	0.103	0.103	0.103	0.103	0.103	0.103	
0.180	0.180	0.180	0.180	0.180	0.180	0.180	0.180	0.180	0.202	0.224	0.224	0.224	0.224	0.224	0.224	0.224	0.224	0.163	0.103	0.103	0.103	0.103	0.103	0.103	0.103	0.103	0.103	
0.180	0.180	0.180	0.180	0.180	0.180	0.180	0.180	0.180	0.202	0.224	0.224	0.224	0.224	0.224	0.224	0.224	0.224	0.163	0.103	0.103	0.103	0.103	0.103	0.103	0.103	0.103	0.103	
0.180	0.180	0.180	0.180	0.180	0.180	0.180	0.180	0.180	0.202	0.224	0.224	0.224	0.224	0.224	0.224	0.224	0.224	0.163	0.103	0.103	0.103	0.103	0.103	0.103	0.103	0.103	0.103	
0.180	0.180	0.180	0.180	0.180	0.180	0.180	0.180	0.180	0.202	0.224	0.224	0.224	0.224	0.224	0.224	0.224	0.224	0.163	0.103	0.103	0.103	0.103	0.103	0.103	0.103	0.103	0.103	
0.180	0.180	0.180	0.180	0.180	0.180	0.180	0.180	0.180	0.202	0.224	0.224	0.224	0.224	0.224	0.224	0.224	0.224	0.163	0.103	0.103	0.103	0.103	0.103	0.103	0.103	0.103	0.103	
0.180	0.180	0.180	0.180	0.180	0.180	0.180	0.180	0.180	0.202	0.202	0.224	0.224	0.224	0.224	0.224	0.224	0.224	0.163	0.103	0.103	0.103	0.103	0.103	0.103	0.103	0.103	0.103	
0.180	0.180	0.180	0.180	0.180	0.180	0.180	0.180	0.180	0.180	0.202	0.224	0.224	0.224	0.224	0.224	0.224	0.224	0.163	0.103	0.103	0.103	0.103	0.103	0.103	0.103	0.103	0.103	
0.180	0.180	0.180	0.180	0.180	0.180	0.180	0.180	0.180	0.180	0.202	0.224	0.224	0.224	0.224	0.224	0.224	0.224	0.163	0.103	0.103	0.103	0.103	0.103	0.103	0.103	0.103	0.103	
0.180	0.180	0.180	0.180	0.180	0.180	0.180	0.180	0.180	0.180	0.202	0.224	0.224	0.224	0.224	0.224	0.224	0.224	0.163	0.103	0.103	0.103	0.103	0.103	0.103	0.103	0.103	0.103	
0.180	0.180	0.180	0.180	0.180	0.180	0.180	0.180	0.180	0.180	0.202	0.224	0.224	0.224	0.224	0.224	0.224	0.163	0.163	0.103	0.103	0.103	0.103	0.103	0.103	0.103	0.103	0.103	
0.180	0.180	0.180	0.180	0.180	0.180	0.180	0.180	0.180	0.180	0.202	0.224	0.224	0.224	0.224	0.224	0.224	0.163	0.103	0.103	0.103	0.103	0.103	0.103	0.103	0.103	0.103	0.103	
0.180	0.180	0.180	0.180	0.180	0.180	0.180	0.180	0.180	0.180	0.202	0.224	0.224	0.224	0.224	0.224	0.224	0.163	0.103	0.103	0.103	0.103	0.103	0.103	0.103	0.103	0.103	0.103	
0.180	0.180	0.180	0.180	0.180	0.180	0.180	0.180	0.180	0.180	0.202	0.224	0.224	0.224	0.224	0.224	0.224	0.163	0.103	0.103	0.103	0.103	0.103	0.103	0.103	0.103	0.103	0.103	
0.180	0.180	0.180	0.180	0.180	0.180	0.180	0.180	0.180	0.180	0.202	0.224	0.224	0.224	0.224	0.224	0.224	0.163	0.103	0.103	0.103	0.103	0.103	0.103	0.103	0.103	0.103	0.103	
0.180	0.180	0.180	0.180	0.180	0.180	0.180	0.180	0.180	0.180	0.202	0.224	0.224	0.224	0.224	0.224	0.224	0.163	0.103	0.103	0.103	0.103	0.103	0.103	0.103	0.103	0.103	0.103	
0.180	0.180	0.180	0.180	0.180	0.180	0.180	0.180	0.180	0.180	0.202	0.224	0.224	0.224	0.224	0.224	0.224	0.163	0.103	0.103	0.103	0.103	0.103	0.103	0.103	0.103	0.103	0.103	
0.180	0.180	0.180	0.180	0.180	0.180	0.180	0.180	0.180	0.180	0.202	0.202	0.224	0.224	0.224	0.224	0.224	0.163	0.103	0.103	0.103	0.103	0.103	0.103	0.103	0.103	0.103	0.103	
0.180	0.180	0.180	0.180	0.180	0.180	0.180	0.180	0.180	0.180	0.180	0.202	0.224	0.224	0.224	0.224	0.224	0.163	0.103	0.103	0.103	0.103	0.103	0.103	0.103	0.103	0.103	0.103	
0.180	0.180	0.180	0.180	0.180	0.180	0.180	0.180	0.180	0.180	0.180	0.202	0.224	0.224	0.224	0.224	0.224	0.163	0.103	0.103	0.103	0.103	0.103	0.103	0.103	0.103	0.103	0.103	
0.180	0.180	0.180	0.180	0.180	0.180	0.180	0.180	0.180	0.180	0.180	0.202	0.224	0.224	0.224	0.224	0.224	0.163	0.103	0.103	0.103	0.103	0.103	0.103	0.103	0.103	0.103	0.103	
0.180	0.180	0.180	0.180	0.180	0.180	0.180	0.180	0.180	0.180	0.180	0.202	0.224	0.224	0.224	0.224	0.224	0.163	0.103	0.103	0.103	0.103	0.103	0.103	0.103	0.103	0.103	0.103	
0.180	0.180	0.180	0.180	0.180	0.180	0.180	0.180	0.180	0.180	0.180	0.202	0.224	0.224	0.224	0.224	0.224	0.163	0.103	0.103	0.103	0.103	0.103	0.103	0.103	0.103	0.103	0.103	
0.180	0.180	0.180	0.180	0.180	0.180	0.180	0.180	0.180	0.180	0.180	0.202	0.224	0.224	0.224	0.224	0.224	0.163	0.103	0.103	0.103	0.103	0.103	0.103	0.103	0.103	0.103	0.103	
0.180	0.180	0.180	0.180	0.180	0.180	0.180	0.180	0.180	0.180	0.180	0.202	0.224	0.224	0.224	0.224	0.224	0.163	0.103	0.103	0.103	0.103	0.103	0.103	0.103	0.103	0.103	0.103	
0.180	0.180	0.180	0.180	0.180	0.180	0.180	0.180	0.180	0.180	0.180	0.202	0.224	0.224	0.224	0.224	0.224	0.163	0.103	0.103	0.103	0.103	0.103	0.103	0.103	0.103	0.103	0.103	
0.180	0.180	0.180	0.180	0.180	0.180	0.180	0.180	0.180	0.180	0.180	0.202	0.224	0.224	0.224	0.224	0.224	0.163	0.103	0.103	0.103	0.103	0.103	0.103	0.103	0.103	0.103	0.103	
0.180	0.180	0.180	0.180	0.180	0.180	0.180	0.180	0.180	0.180	0.180	0.202	0.224	0.224	0.224	0.224	0.224	0.163	0.103	0.103	0.103	0.103	0.103	0.103	0.103	0.103	0.103	0.103	
0.180	0.180	0.180	0.180	0.180	0.180	0.180	0.180	0.180	0.180	0.180	0.202	0.224	0.224	0.224	0.224	0.224	0.163	0.103	0.103	0.103	0.103	0.103	0.103	0.103	0.103	0.103	0.152	
0.172	0.180	0.180	0.180	0.180	0.180	0.180	0.180	0.180	0.180	0.180	0.202	0.202	0.224	0.224	0.224	0.163	0.163	0.103	0.103	0.103	0.103	0.103	0.103	0.103	0.103	0.103	0.152	
0.172	0.157	0.180	0.180	0.180	0.180	0.180	0.180	0.180	0.180	0.180	0.180	0.202	0.224	0.224	0.224	0.163	0.103	0.103	0.103	0.103	0.103	0.103	0.103	0.103	0.103	0.152	0.152	
0.168	0.172	0.157	0.180	0.180	0.180	0.180	0.180	0.180	0.180	0.180	0.180	0.202	0.224	0.224	0.224	0.163	0.103	0.103	0.103	0.103	0.103	0.103	0.103	0.103	0.103	0.152	0.200	
0.202	0.168	0.157	0.180	0.180	0.180	0.180	0.180	0.180	0.180	0.180	0.180	0.202	0.224	0.224	0.224	0.163	0.103	0.103	0.103	0.103	0.103	0.103	0.103	0.103	0.152	0.152	0.200	
0.202	0.168	0.172	0.157	0.180	0.180	0.180	0.180	0.180	0.180	0.180	0.180	0.202	0.224	0.224	0.224	0.163	0.103	0.103	0.103	0.103	0.103	0.103	0.103	0.152	0.152	0.200	0.200	
0.202	0.202	0.168	0.157	0.157	0.180	0.180	0.180	0.180	0.180	0.180	0.180	0.202	0.224	0.224	0.224	0.163	0.103	0.103	0.103	0.103	0.103	0.103	0.103	0.152	0.200	0.200	0.200	
0.202	0.202	0.168	0.168	0.157	0.157	0.180	0.180	0.180	0.180	0.180	0.180	0.202	0.224	0.224	0.224	0.163	0.103	0.103	0.103	0.103	0.103	0.103	0.152	0.152	0.200	0.200	0.200	
0.202	0.202	0.202	0.168	0.135	0.157	0.157	0.180	0.180	0.180	0.180	0.180	0.202	0.224	0.224	0.224	0.163	0.103	0.103	0.103	0.103	0.103	0.103	0.152	0.200	0.200	0.200	0.200	
0.202	0.202	0.202	0.168	0.168	0.135	0.157	0.180	0.180	0.180	0.180	0.180	0.202	0.224	0.224	0.224	0.163	0.103	0.103	0.103	0.103	0.103	0.152	0.152	0.200	0.200	0.200	0.200	
0.202	0.202	0.202	0.202	0.168	0.135	0.157	0.157	0.180	0.180	0.180	0.180	0.202	0.224	0.224	0.224	0.163	0.103	0.103	0.103	0.103	0.152	0.152	0.200	0.200	0.200	0.200	0.200	
0.202	0.202	0.202	0.202	0.168	0.168	0.135	0.157	0.157	0.180	0.180	0.180	0.202	0.224	0.224	0.224	0.163	0.103	0.103	0.103	0.103	0.126	0.200	0.200	0.200	0.200	0.200	0.200	
0.202	0.202	0.202	0.202	0.202	0.168	0.135	0.135	0.157	0.157	0.180	0.180	0.180	0.179	0.224	0.224	0.163	0.103	0.103	0.089	0.089	0.126	0.200	0.200	0.200	0.200	0.200	0.200	
0.202	0.202	0.202	0.202	0.202	0.168	0.168	0.135	0.135	0.157	0.157	0.157	0.157	0.179	0.179	0.188	0.160	0.128	0.089	0.089	0.075	0.138	0.200	0.200	0.200	0.200	0.200	0.200	
0.202	0.202	0.202	0.202	0.202	0.202	0.168	0.135	0.135	0.135	0.188	0.188	0.192	0.135	0.199	0.220	0.152	0.110	0.089	0.075	0.138	0.138	0.200	0.200	0.200	0.200	0.200	0.200	
0.202	0.202	0.202	0.202	0.202	0.202	0.146	0.146	0.119	0.162	0.162	0.250	0.223	0.210	0.210	0.172	0.152	0.117	0.100	0.075	0.150	0.187	0.200	0.200	0.200	0.200	0.200	0.200	
0.202	0.202	0.202	0.202	0.202	0.202	0.152	0.103	0.119	0.113	0.175	0.175	0.430	0.520	0.285	0.172	0.116	0.119	0.100	0.125	0.125	0.187	0.187	0.200	0.200	0.200	0.200	0.200	
0.202	0.202	0.202	0.202	0.202	0.202	0.152	0.103	0.103	0.102	0.100	0.369	0.369	0.520	0.373	0.373	0.079	0.102	0.125	0.150	0.175	0.175	0.187	0.187	0.200	0.200	0.200	0.200	
0.000	0.000	0.000	0.000	0.000	0.000	0.103	0.103	0.103	0.102	0.100	0.000	0.756	0.756	0.756	0.417	0.000	0.125	0.125	0.150	0.175	0.175	0.175	0.187	0.200	0.200	0.200	0.200	
0.000	0.000	0.000	0.000	0.000	0.000	0.000	0.000	0.000	0.000	0.000	0.000	0.756	0.756	0.878	0.878	0.000	0.000	0.000	0.000	0.000	0.000	0.000	0.000	0.000	0.000	0.000	0.000	
0.000	0.000	0.000	0.000	0.000	0.000	0.000	0.000	0.000	0.000	0.000	0.000	0.878	0.878	0.878	1.000	0.000	0.000	0.000	0.000	0.000	0.000	0.000	0.000	0.000	0.000	0.000	0.000	
0.000	0.000	0.000	0.000	0.000	0.000	0.000	0.000	0.000	0.000	0.000	0.000	1.000	1.000	1.000	1.000	0.000	0.000	0.000	0.000	0.000	0.000	0.000	0.000	0.000	0.000	0.000	0.000	
0.000	0.000	0.000	0.000	0.000	0.000	0.000	0.000	0.000	0.000	0.000	0.000	1.000	1.000	1.000	1.000	0.000	0.000	0.000	0.000	0.000	0.000	0.000	0.000	0.000	0.000	0.000	0.000	
