0.025	0.025	0.025	0.108	0.190	0.190	0.190	0.190	0.190	0.190	0.190	0.190	0.190	0.190	0.190	0.190	0.190	0.190	0.190	0.190	0.190	0.190	0.190	0.190	0.190	0.190	0.190	0.190	
0.025	0.025	0.025	0.108	0.190	0.190	0.190	0.190	0.190	0.190	0.190	0.190	0.190	0.190	0.190	0.190	0.190	0.190	0.190	0.190	0.190	0.190	0.190	0.190	0.190	0.190	0.190	0.190	
0.025	0.025	0.025	0.108	0.190	0.190	0.190	0.190	0.190	0.190	0.190	0.190	0.190	0.190	0.190	0.190	0.190	0.190	0.190	0.190	0.190	0.190	0.190	0.190	0.190	0.190	0.190	0.190	
0.025	0.025	0.025	0.108	0.108	0.190	0.190	0.190	0.190	0.190	0.190	0.190	0.190	0.190	0.190	0.190	0.190	0.190	0.190	0.190	0.190	0.190	0.190	0.190	0.190	0.190	0.190	0.190	
0.025	0.025	0.025	0.025	0.108	0.190	0.190	0.190	0.190	0.190	0.190	0.190	0.190	0.190	0.190	0.190	0.190	0.190	0.190	0.190	0.190	0.190	0.190	0.190	0.190	0.190	0.190	0.190	
0.025	0.025	0.025	0.025	0.108	0.190	0.190	0.190	0.190	0.190	0.190	0.190	0.190	0.190	0.190	0.190	0.190	0.190	0.190	0.190	0.190	0.190	0.190	0.190	0.190	0.190	0.190	0.190	
0.025	0.025	0.025	0.025	0.108	0.190	0.190	0.190	0.190	0.190	0.190	0.190	0.190	0.190	0.190	0.190	0.190	0.190	0.190	0.190	0.190	0.190	0.190	0.190	0.190	0.190	0.190	0.190	
0.025	0.025	0.025	0.025	0.108	0.190	0.190	0.190	0.190	0.190	0.190	0.190	0.190	0.190	0.190	0.190	0.190	0.190	0.190	0.190	0.190	0.190	0.190	0.190	0.190	0.190	0.190	0.190	
0.025	0.025	0.025	0.025	0.108	0.108	0.190	0.190	0.190	0.190	0.190	0.190	0.190	0.190	0.190	0.190	0.190	0.190	0.190	0.190	0.190	0.190	0.190	0.190	0.190	0.190	0.190	0.190	
0.025	0.025	0.025	0.025	0.025	0.108	0.190	0.190	0.190	0.190	0.190	0.190	0.190	0.190	0.190	0.190	0.190	0.190	0.190	0.190	0.190	0.190	0.190	0.190	0.190	0.190	0.190	0.190	
0.025	0.025	0.025	0.025	0.025	0.108	0.190	0.190	0.190	0.190	0.190	0.190	0.190	0.190	0.190	0.190	0.190	0.190	0.190	0.190	0.190	0.190	0.190	0.190	0.190	0.190	0.190	0.190	
0.025	0.025	0.025	0.025	0.025	0.108	0.190	0.190	0.190	0.190	0.190	0.190	0.190	0.190	0.190	0.190	0.190	0.190	0.190	0.190	0.190	0.190	0.190	0.190	0.190	0.190	0.190	0.190	
0.025	0.025	0.025	0.025	0.025	0.108	0.190	0.190	0.190	0.190	0.190	0.190	0.190	0.190	0.190	0.190	0.190	0.190	0.190	0.190	0.190	0.190	0.190	0.190	0.190	0.190	0.190	0.190	
0.025	0.025	0.025	0.025	0.025	0.108	0.108	0.190	0.190	0.190	0.190	0.190	0.190	0.190	0.190	0.190	0.190	0.190	0.190	0.190	0.190	0.190	0.190	0.190	0.190	0.190	0.190	0.190	
0.025	0.025	0.025	0.025	0.025	0.025	0.108	0.190	0.190	0.190	0.190	0.190	0.190	0.190	0.190	0.190	0.190	0.190	0.190	0.190	0.190	0.190	0.190	0.190	0.190	0.190	0.190	0.190	
0.025	0.025	0.025	0.025	0.025	0.025	0.108	0.190	0.190	0.190	0.190	0.190	0.190	0.190	0.190	0.190	0.190	0.190	0.190	0.190	0.190	0.190	0.190	0.190	0.190	0.190	0.190	0.190	
0.025	0.025	0.025	0.025	0.025	0.025	0.108	0.190	0.190	0.190	0.190	0.190	0.190	0.190	0.190	0.190	0.190	0.190	0.190	0.190	0.190	0.190	0.190	0.190	0.190	0.190	0.190	0.190	
0.025	0.025	0.025	0.025	0.025	0.025	0.108	0.190	0.190	0.190	0.190	0.190	0.190	0.190	0.190	0.190	0.190	0.190	0.190	0.190	0.190	0.190	0.190	0.190	0.190	0.190	0.190	0.190	
0.025	0.025	0.025	0.025	0.025	0.025	0.108	0.190	0.190	0.190	0.190	0.190	0.190	0.190	0.190	0.190	0.190	0.190	0.190	0.190	0.190	0.190	0.190	0.190	0.190	0.190	0.190	0.190	
0.025	0.025	0.025	0.025	0.025	0.025	0.108	0.108	0.190	0.190	0.190	0.190	0.190	0.190	0.190	0.190	0.190	0.190	0.190	0.190	0.190	0.190	0.190	0.190	0.190	0.190	0.190	0.190	
0.025	0.025	0.025	0.025	0.025	0.025	0.025	0.108	0.190	0.190	0.190	0.190	0.190	0.190	0.190	0.190	0.190	0.190	0.190	0.190	0.190	0.190	0.190	0.190	0.190	0.190	0.190	0.190	
0.025	0.025	0.025	0.025	0.025	0.025	0.025	0.108	0.190	0.190	0.190	0.190	0.190	0.190	0.190	0.190	0.190	0.190	0.190	0.190	0.190	0.190	0.190	0.190	0.190	0.190	0.190	0.190	
0.025	0.025	0.025	0.025	0.025	0.025	0.025	0.108	0.190	0.190	0.190	0.190	0.190	0.190	0.190	0.190	0.190	0.190	0.190	0.190	0.190	0.190	0.190	0.190	0.190	0.190	0.190	0.190	
0.025	0.025	0.025	0.025	0.025	0.025	0.025	0.108	0.190	0.190	0.190	0.190	0.190	0.190	0.190	0.190	0.190	0.190	0.190	0.190	0.190	0.190	0.190	0.190	0.190	0.190	0.190	0.190	
0.025	0.025	0.025	0.025	0.025	0.025	0.025	0.108	0.108	0.190	0.190	0.190	0.190	0.190	0.190	0.190	0.190	0.190	0.190	0.190	0.190	0.190	0.190	0.190	0.190	0.190	0.190	0.190	
0.025	0.025	0.025	0.025	0.025	0.025	0.025	0.025	0.108	0.190	0.190	0.190	0.190	0.190	0.190	0.190	0.190	0.190	0.190	0.190	0.190	0.190	0.190	0.190	0.190	0.190	0.190	0.190	
0.025	0.025	0.025	0.025	0.025	0.025	0.025	0.025	0.198	0.190	0.190	0.190	0.190	0.190	0.190	0.190	0.190	0.190	0.190	0.190	0.190	0.190	0.190	0.190	0.190	0.190	0.190	0.190	
0.025	0.025	0.025	0.025	0.025	0.025	0.025	0.025	0.198	0.190	0.190	0.190	0.190	0.190	0.190	0.190	0.190	0.190	0.190	0.190	0.190	0.190	0.190	0.190	0.190	0.190	0.190	0.190	
0.025	0.025	0.025	0.025	0.025	0.025	0.025	0.025	0.198	0.284	0.190	0.190	0.190	0.190	0.190	0.190	0.190	0.190	0.190	0.190	0.190	0.190	0.190	0.190	0.190	0.190	0.190	0.190	
0.025	0.025	0.025	0.025	0.025	0.025	0.025	0.025	0.202	0.284	0.190	0.190	0.190	0.190	0.190	0.190	0.190	0.190	0.190	0.190	0.190	0.190	0.190	0.190	0.190	0.190	0.190	0.190	
0.025	0.025	0.025	0.025	0.025	0.025	0.025	0.025	0.202	0.284	0.190	0.190	0.190	0.190	0.190	0.190	0.190	0.190	0.190	0.190	0.190	0.190	0.190	0.190	0.190	0.190	0.190	0.190	
0.025	0.025	0.025	0.025	0.025	0.025	0.025	0.025	0.202	0.198	0.284	0.190	0.190	0.190	0.190	0.190	0.190	0.190	0.190	0.190	0.190	0.190	0.190	0.190	0.190	0.190	0.190	0.190	
0.025	0.025	0.025	0.025	0.025	0.025	0.025	0.025	0.025	0.202	0.284	0.190	0.190	0.190	0.190	0.190	0.190	0.190	0.190	0.190	0.190	0.190	0.190	0.190	0.190	0.190	0.190	0.151	
0.025	0.025	0.025	0.025	0.025	0.025	0.025	0.025	0.025	0.202	0.284	0.190	0.190	0.190	0.190	0.190	0.190	0.190	0.190	0.190	0.190	0.190	0.190	0.190	0.190	0.190	0.151	0.151	
0.025	0.025	0.025	0.025	0.025	0.025	0.025	0.025	0.025	0.202	0.284	0.190	0.190	0.190	0.190	0.190	0.190	0.190	0.190	0.190	0.190	0.190	0.190	0.190	0.190	0.190	0.151	0.112	
0.025	0.025	0.025	0.025	0.025	0.025	0.025	0.025	0.025	0.202	0.284	0.284	0.190	0.190	0.190	0.190	0.190	0.190	0.190	0.190	0.190	0.190	0.190	0.190	0.190	0.151	0.151	0.112	
0.025	0.025	0.025	0.025	0.025	0.025	0.025	0.025	0.025	0.202	0.378	0.284	0.190	0.190	0.190	0.190	0.190	0.190	0.190	0.190	0.190	0.190	0.190	0.190	0.151	0.151	0.112	0.112	
0.025	0.025	0.025	0.025	0.025	0.025	0.025	0.025	0.025	0.202	0.378	0.284	0.190	0.190	0.190	0.190	0.190	0.190	0.190	0.190	0.190	0.190	0.190	0.190	0.151	0.112	0.112	0.112	
0.025	0.025	0.025	0.025	0.025	0.025	0.025	0.025	0.025	0.202	0.202	0.284	0.284	0.190	0.190	0.190	0.190	0.190	0.190	0.190	0.190	0.190	0.190	0.151	0.151	0.112	0.112	0.112	
0.025	0.025	0.025	0.025	0.025	0.025	0.025	0.025	0.025	0.025	0.202	0.378	0.284	0.190	0.190	0.190	0.190	0.190	0.190	0.190	0.190	0.190	0.151	0.151	0.112	0.112	0.112	0.112	
0.025	0.025	0.025	0.025	0.025	0.025	0.025	0.025	0.025	0.025	0.202	0.378	0.284	0.190	0.190	0.190	0.190	0.190	0.190	0.190	0.190	0.190	0.151	0.112	0.112	0.112	0.112	0.112	
0.025	0.025	0.025	0.025	0.025	0.025	0.025	0.025	0.025	0.025	0.143	0.378	0.284	0.284	0.190	0.190	0.190	0.190	0.190	0.190	0.190	0.151	0.151	0.112	0.112	0.112	0.112	0.112	
0.025	0.025	0.025	0.025	0.025	0.025	0.025	0.025	0.025	0.025	0.143	0.378	0.378	0.284	0.190	0.190	0.190	0.190	0.190	0.190	0.151	0.151	0.112	0.112	0.112	0.112	0.112	0.112	
0.025	0.025	0.025	0.025	0.025	0.025	0.025	0.025	0.025	0.025	0.143	0.202	0.378	0.284	0.190	0.190	0.190	0.190	0.190	0.190	0.151	0.112	0.112	0.112	0.112	0.112	0.112	0.112	
0.025	0.025	0.025	0.025	0.025	0.025	0.025	0.025	0.025	0.025	0.025	0.202	0.378	0.284	0.284	0.190	0.190	0.190	0.190	0.151	0.151	0.112	0.112	0.112	0.112	0.112	0.112	0.112	
0.025	0.025	0.025	0.025	0.025	0.025	0.025	0.025	0.025	0.025	0.025	0.202	0.378	0.378	0.284	0.190	0.190	0.190	0.151	0.151	0.112	0.112	0.112	0.112	0.112	0.112	0.112	0.112	
0.025	0.025	0.025	0.025	0.025	0.025	0.025	0.025	0.025	0.025	0.025	0.202	0.202	0.378	0.284	0.190	0.190	0.190	0.151	0.112	0.112	0.112	0.112	0.112	0.112	0.112	0.112	0.112	
0.025	0.025	0.025	0.025	0.025	0.025	0.025	0.025	0.025	0.025	0.025	0.025	0.202	0.378	0.284	0.190	0.190	0.151	0.151	0.112	0.112	0.112	0.112	0.112	0.112	0.112	0.112	0.112	
0.025	0.025	0.025	0.025	0.025	0.025	0.025	0.025	0.025	0.025	0.025	0.025	0.202	0.378	0.284	0.284	0.151	0.151	0.112	0.112	0.112	0.112	0.112	0.112	0.112	0.112	0.112	0.112	
0.025	0.025	0.025	0.025	0.025	0.025	0.025	0.025	0.025	0.025	0.025	0.025	0.202	0.202	0.378	0.284	0.151	0.112	0.112	0.112	0.112	0.112	0.112	0.112	0.112	0.112	0.112	0.112	
0.000	0.000	0.000	0.000	0.000	0.000	0.000	0.000	0.000	0.000	0.000	0.000	0.513	0.468	0.690	0.523	0.000	0.000	0.000	0.000	0.000	0.000	0.000	0.000	0.000	0.000	0.000	0.000	
0.000	0.000	0.000	0.000	0.000	0.000	0.000	0.000	0.000	0.000	0.000	0.000	1.001	1.001	1.001	1.001	0.000	0.000	0.000	0.000	0.000	0.000	0.000	0.000	0.000	0.000	0.000	0.000	
0.000	0.000	0.000	0.000	0.000	0.000	0.000	0.000	0.000	0.000	0.000	0.000	1.001	1.001	1.001	1.001	0.000	0.000	0.000	0.000	0.000	0.000	0.000	0.000	0.000	0.000	0.000	0.000	
0.000	0.000	0.000	0.000	0.000	0.000	0.000	0.000	0.000	0.000	0.000	0.000	1.001	1.001	1.001	1.001	0.000	0.000	0.000	0.000	0.000	0.000	0.000	0.000	0.000	0.000	0.000	0.000	
0.000	0.000	0.000	0.000	0.000	0.000	0.000	0.000	0.000	0.000	0.000	0.000	1.001	1.001	1.001	1.001	0.000	0.000	0.000	0.000	0.000	0.000	0.000	0.000	0.000	0.000	0.000	0.000	
