0.160	0.160	0.160	0.160	0.160	0.160	0.160	0.160	0.160	0.156	0.152	0.152	0.152	0.152	0.152	0.152	0.152	0.152	0.152	0.152	0.152	0.152	0.152	0.152	0.152	0.152	0.152	0.152	
0.160	0.160	0.160	0.160	0.160	0.160	0.160	0.160	0.160	0.156	0.152	0.152	0.152	0.152	0.152	0.152	0.152	0.152	0.152	0.152	0.152	0.152	0.152	0.152	0.152	0.152	0.152	0.152	
0.160	0.160	0.160	0.160	0.160	0.160	0.160	0.160	0.160	0.156	0.152	0.152	0.152	0.152	0.152	0.152	0.152	0.152	0.152	0.152	0.152	0.152	0.152	0.152	0.152	0.152	0.152	0.152	
0.160	0.160	0.160	0.160	0.160	0.160	0.160	0.160	0.160	0.156	0.152	0.152	0.152	0.152	0.152	0.152	0.152	0.152	0.152	0.152	0.152	0.152	0.152	0.152	0.152	0.152	0.152	0.152	
0.160	0.160	0.160	0.160	0.160	0.160	0.160	0.160	0.160	0.156	0.152	0.152	0.152	0.152	0.152	0.152	0.152	0.152	0.152	0.152	0.152	0.152	0.152	0.152	0.152	0.152	0.152	0.152	
0.160	0.160	0.160	0.160	0.160	0.160	0.160	0.160	0.160	0.156	0.152	0.152	0.152	0.152	0.152	0.152	0.152	0.152	0.152	0.152	0.152	0.152	0.152	0.152	0.152	0.152	0.152	0.152	
0.160	0.160	0.160	0.160	0.160	0.160	0.160	0.160	0.160	0.156	0.152	0.152	0.152	0.152	0.152	0.152	0.152	0.152	0.152	0.152	0.152	0.152	0.152	0.152	0.152	0.152	0.152	0.152	
0.160	0.160	0.160	0.160	0.160	0.160	0.160	0.160	0.160	0.156	0.152	0.152	0.152	0.152	0.152	0.152	0.152	0.152	0.152	0.152	0.152	0.152	0.152	0.152	0.152	0.152	0.152	0.152	
0.160	0.160	0.160	0.160	0.160	0.160	0.160	0.160	0.160	0.156	0.152	0.152	0.152	0.152	0.152	0.152	0.152	0.152	0.152	0.152	0.152	0.152	0.152	0.152	0.152	0.152	0.152	0.152	
0.160	0.160	0.160	0.160	0.160	0.160	0.160	0.160	0.160	0.156	0.156	0.152	0.152	0.152	0.152	0.152	0.152	0.152	0.152	0.152	0.152	0.152	0.152	0.152	0.152	0.152	0.152	0.152	
0.160	0.160	0.160	0.160	0.160	0.160	0.160	0.160	0.160	0.160	0.156	0.152	0.152	0.152	0.152	0.152	0.152	0.152	0.152	0.152	0.152	0.152	0.152	0.152	0.152	0.152	0.152	0.152	
0.160	0.160	0.160	0.160	0.160	0.160	0.160	0.160	0.160	0.160	0.156	0.152	0.152	0.152	0.152	0.152	0.152	0.152	0.152	0.152	0.152	0.152	0.152	0.152	0.152	0.152	0.152	0.152	
0.160	0.160	0.160	0.160	0.160	0.160	0.160	0.160	0.160	0.160	0.156	0.152	0.152	0.152	0.152	0.152	0.152	0.152	0.152	0.152	0.152	0.152	0.152	0.152	0.152	0.152	0.152	0.152	
0.160	0.160	0.160	0.160	0.160	0.160	0.160	0.160	0.160	0.160	0.156	0.152	0.152	0.152	0.152	0.152	0.152	0.152	0.152	0.152	0.152	0.152	0.152	0.152	0.152	0.152	0.152	0.152	
0.160	0.160	0.160	0.160	0.160	0.160	0.160	0.160	0.160	0.160	0.156	0.152	0.152	0.152	0.152	0.152	0.152	0.152	0.152	0.152	0.152	0.152	0.152	0.152	0.152	0.152	0.152	0.152	
0.160	0.160	0.160	0.160	0.160	0.160	0.160	0.160	0.160	0.160	0.156	0.152	0.152	0.152	0.152	0.152	0.152	0.152	0.152	0.152	0.152	0.152	0.152	0.152	0.152	0.152	0.152	0.152	
0.160	0.160	0.160	0.160	0.160	0.160	0.160	0.160	0.160	0.160	0.156	0.152	0.152	0.152	0.152	0.152	0.152	0.152	0.152	0.152	0.152	0.152	0.152	0.152	0.152	0.152	0.152	0.152	
0.160	0.160	0.160	0.160	0.160	0.160	0.160	0.160	0.160	0.160	0.156	0.152	0.152	0.152	0.152	0.152	0.152	0.152	0.152	0.152	0.152	0.152	0.152	0.152	0.152	0.152	0.152	0.152	
0.160	0.160	0.160	0.160	0.160	0.160	0.160	0.160	0.160	0.160	0.156	0.152	0.152	0.152	0.152	0.152	0.152	0.152	0.152	0.152	0.152	0.152	0.152	0.152	0.152	0.152	0.152	0.152	
0.160	0.160	0.160	0.160	0.160	0.160	0.160	0.160	0.160	0.160	0.156	0.156	0.152	0.152	0.152	0.152	0.152	0.152	0.152	0.152	0.152	0.152	0.152	0.152	0.152	0.152	0.152	0.152	
0.160	0.160	0.160	0.160	0.160	0.160	0.160	0.160	0.160	0.160	0.160	0.156	0.152	0.152	0.152	0.152	0.152	0.152	0.152	0.152	0.152	0.152	0.152	0.152	0.152	0.152	0.152	0.152	
0.160	0.160	0.160	0.160	0.160	0.160	0.160	0.160	0.160	0.160	0.160	0.156	0.152	0.152	0.152	0.152	0.152	0.152	0.152	0.152	0.152	0.152	0.152	0.152	0.152	0.152	0.152	0.152	
0.160	0.160	0.160	0.160	0.160	0.160	0.160	0.160	0.160	0.160	0.160	0.156	0.152	0.152	0.152	0.152	0.152	0.152	0.152	0.152	0.152	0.152	0.152	0.152	0.152	0.152	0.152	0.152	
0.160	0.160	0.160	0.160	0.160	0.160	0.160	0.160	0.160	0.160	0.160	0.156	0.152	0.152	0.152	0.152	0.152	0.152	0.152	0.152	0.152	0.152	0.152	0.152	0.152	0.152	0.152	0.152	
0.160	0.160	0.160	0.160	0.160	0.160	0.160	0.160	0.160	0.160	0.160	0.156	0.152	0.152	0.152	0.152	0.152	0.152	0.152	0.152	0.152	0.152	0.152	0.152	0.152	0.152	0.152	0.152	
0.160	0.160	0.160	0.160	0.160	0.160	0.160	0.160	0.160	0.160	0.160	0.156	0.152	0.152	0.152	0.152	0.152	0.152	0.152	0.152	0.152	0.152	0.152	0.152	0.152	0.152	0.152	0.152	
0.160	0.160	0.160	0.160	0.160	0.160	0.160	0.160	0.160	0.160	0.160	0.156	0.152	0.152	0.152	0.152	0.152	0.152	0.152	0.152	0.152	0.152	0.152	0.152	0.152	0.152	0.152	0.116	
0.160	0.160	0.160	0.160	0.160	0.160	0.160	0.160	0.160	0.160	0.160	0.156	0.152	0.152	0.152	0.152	0.152	0.152	0.152	0.152	0.152	0.152	0.152	0.152	0.152	0.152	0.152	0.116	
0.160	0.160	0.160	0.160	0.160	0.160	0.160	0.160	0.160	0.160	0.160	0.156	0.152	0.152	0.152	0.152	0.152	0.152	0.152	0.152	0.152	0.152	0.152	0.152	0.152	0.152	0.116	0.116	
0.160	0.160	0.160	0.160	0.160	0.160	0.160	0.160	0.160	0.160	0.160	0.156	0.156	0.152	0.152	0.152	0.152	0.152	0.152	0.152	0.152	0.152	0.152	0.152	0.152	0.116	0.116	0.079	
0.160	0.160	0.160	0.160	0.160	0.160	0.160	0.160	0.160	0.160	0.160	0.160	0.156	0.152	0.152	0.152	0.152	0.152	0.152	0.152	0.152	0.152	0.152	0.152	0.152	0.116	0.079	0.079	
0.098	0.160	0.160	0.160	0.160	0.160	0.160	0.160	0.160	0.160	0.160	0.160	0.156	0.152	0.152	0.152	0.152	0.152	0.152	0.152	0.152	0.152	0.152	0.152	0.116	0.116	0.079	0.079	
0.098	0.160	0.160	0.160	0.160	0.160	0.160	0.160	0.160	0.160	0.160	0.160	0.156	0.152	0.152	0.152	0.152	0.152	0.152	0.152	0.152	0.152	0.152	0.152	0.116	0.079	0.079	0.079	
0.098	0.098	0.160	0.160	0.160	0.160	0.160	0.160	0.160	0.160	0.160	0.160	0.156	0.152	0.152	0.152	0.152	0.152	0.152	0.152	0.152	0.152	0.152	0.116	0.116	0.079	0.079	0.079	
0.035	0.098	0.098	0.160	0.160	0.160	0.160	0.160	0.160	0.160	0.160	0.160	0.160	0.152	0.152	0.152	0.152	0.152	0.152	0.152	0.152	0.152	0.152	0.116	0.079	0.079	0.079	0.079	
0.035	0.035	0.098	0.160	0.160	0.160	0.160	0.160	0.160	0.160	0.160	0.160	0.160	0.152	0.152	0.152	0.152	0.152	0.152	0.152	0.152	0.152	0.116	0.116	0.079	0.079	0.079	0.079	
0.035	0.035	0.098	0.098	0.160	0.160	0.160	0.160	0.160	0.160	0.160	0.160	0.160	0.160	0.152	0.152	0.152	0.152	0.152	0.152	0.152	0.152	0.116	0.079	0.079	0.079	0.079	0.079	
0.035	0.035	0.035	0.098	0.098	0.160	0.160	0.160	0.160	0.160	0.160	0.164	0.164	0.160	0.152	0.152	0.152	0.152	0.152	0.152	0.152	0.116	0.116	0.079	0.079	0.079	0.079	0.079	
0.035	0.035	0.035	0.035	0.098	0.098	0.160	0.160	0.160	0.160	0.160	0.164	0.168	0.160	0.152	0.152	0.152	0.152	0.152	0.152	0.152	0.116	0.079	0.079	0.079	0.079	0.079	0.079	
0.035	0.035	0.035	0.035	0.035	0.098	0.160	0.160	0.160	0.160	0.160	0.164	0.168	0.160	0.152	0.152	0.152	0.152	0.152	0.152	0.116	0.116	0.079	0.079	0.079	0.079	0.079	0.077	
0.035	0.035	0.035	0.035	0.035	0.098	0.098	0.160	0.160	0.160	0.160	0.164	0.168	0.160	0.160	0.152	0.152	0.152	0.152	0.116	0.116	0.079	0.079	0.079	0.079	0.079	0.077	0.077	
0.035	0.035	0.035	0.035	0.035	0.035	0.098	0.098	0.160	0.160	0.160	0.164	0.168	0.168	0.140	0.152	0.152	0.152	0.152	0.116	0.079	0.079	0.079	0.079	0.079	0.077	0.077	0.075	
0.035	0.035	0.035	0.035	0.035	0.035	0.035	0.098	0.160	0.160	0.160	0.164	0.168	0.134	0.140	0.126	0.152	0.152	0.116	0.116	0.079	0.079	0.079	0.077	0.077	0.077	0.075	0.075	
0.035	0.035	0.035	0.035	0.035	0.035	0.035	0.098	0.098	0.160	0.160	0.164	0.168	0.134	0.100	0.126	0.126	0.139	0.119	0.079	0.079	0.079	0.077	0.077	0.075	0.075	0.075	0.075	
0.030	0.035	0.035	0.035	0.035	0.035	0.035	0.035	0.098	0.114	0.153	0.158	0.168	0.134	0.100	0.100	0.126	0.139	0.102	0.079	0.079	0.077	0.077	0.075	0.075	0.075	0.075	0.075	
0.030	0.030	0.030	0.035	0.035	0.035	0.035	0.035	0.030	0.092	0.146	0.155	0.155	0.140	0.144	0.135	0.135	0.125	0.094	0.079	0.078	0.077	0.075	0.075	0.075	0.075	0.063	0.063	
0.025	0.025	0.030	0.030	0.035	0.035	0.035	0.032	0.030	0.085	0.085	0.149	0.152	0.152	0.166	0.180	0.139	0.118	0.105	0.079	0.078	0.075	0.075	0.075	0.063	0.063	0.063	0.050	
0.025	0.025	0.025	0.030	0.030	0.030	0.018	0.020	0.025	0.013	0.134	0.221	0.275	0.231	0.214	0.127	0.146	0.112	0.072	0.079	0.068	0.063	0.063	0.063	0.063	0.050	0.050	0.050	
0.025	0.025	0.025	0.025	0.025	0.030	0.020	0.013	0.008	0.013	0.182	0.364	0.337	0.309	0.193	0.127	0.076	0.068	0.072	0.051	0.065	0.058	0.063	0.050	0.050	0.050	0.050	0.050	
0.025	0.025	0.025	0.025	0.025	0.025	0.013	0.000	0.000	0.000	0.182	0.364	0.337	0.309	0.200	0.090	0.058	0.025	0.025	0.038	0.050	0.050	0.050	0.050	0.050	0.050	0.050	0.050	
0.000	0.000	0.000	0.000	0.000	0.000	0.000	0.000	0.000	0.000	0.000	0.364	0.525	0.606	0.434	0.497	0.058	0.025	0.025	0.038	0.050	0.050	0.000	0.000	0.000	0.000	0.000	0.000	
0.000	0.000	0.000	0.000	0.000	0.000	0.000	0.000	0.000	0.000	0.000	0.000	0.903	0.903	0.903	0.903	0.000	0.000	0.000	0.000	0.000	0.000	0.000	0.000	0.000	0.000	0.000	0.000	
0.000	0.000	0.000	0.000	0.000	0.000	0.000	0.000	0.000	0.000	0.000	0.000	0.903	0.903	0.903	0.903	0.000	0.000	0.000	0.000	0.000	0.000	0.000	0.000	0.000	0.000	0.000	0.000	
0.000	0.000	0.000	0.000	0.000	0.000	0.000	0.000	0.000	0.000	0.000	0.000	0.903	0.903	0.903	0.903	0.000	0.000	0.000	0.000	0.000	0.000	0.000	0.000	0.000	0.000	0.000	0.000	
0.000	0.000	0.000	0.000	0.000	0.000	0.000	0.000	0.000	0.000	0.000	0.000	0.903	0.903	0.903	0.903	0.000	0.000	0.000	0.000	0.000	0.000	0.000	0.000	0.000	0.000	0.000	0.000	
