0.056	0.056	0.056	0.056	0.056	0.056	0.056	0.056	0.056	0.056	0.056	0.056	0.056	0.056	0.090	0.125	0.125	0.125	0.125	0.125	0.125	0.125	0.125	0.125	0.125	0.125	0.125	0.125	
0.056	0.056	0.056	0.056	0.056	0.056	0.056	0.056	0.056	0.056	0.056	0.056	0.056	0.056	0.090	0.125	0.125	0.125	0.125	0.125	0.125	0.125	0.125	0.125	0.125	0.125	0.125	0.125	
0.056	0.056	0.056	0.056	0.056	0.056	0.056	0.056	0.056	0.056	0.056	0.056	0.056	0.056	0.090	0.125	0.125	0.125	0.125	0.125	0.125	0.125	0.125	0.125	0.125	0.125	0.125	0.125	
0.056	0.056	0.056	0.056	0.056	0.056	0.056	0.056	0.056	0.056	0.056	0.056	0.056	0.056	0.090	0.125	0.125	0.125	0.125	0.125	0.125	0.125	0.125	0.125	0.125	0.125	0.125	0.125	
0.056	0.056	0.056	0.056	0.056	0.056	0.056	0.056	0.056	0.056	0.056	0.056	0.056	0.056	0.090	0.125	0.125	0.125	0.125	0.125	0.125	0.125	0.125	0.125	0.125	0.125	0.125	0.125	
0.056	0.056	0.056	0.056	0.056	0.056	0.056	0.056	0.056	0.056	0.056	0.056	0.056	0.056	0.090	0.125	0.125	0.125	0.125	0.125	0.125	0.125	0.125	0.125	0.125	0.125	0.125	0.125	
0.056	0.056	0.056	0.056	0.056	0.056	0.056	0.056	0.056	0.056	0.056	0.056	0.056	0.056	0.090	0.125	0.125	0.125	0.125	0.125	0.125	0.125	0.125	0.125	0.125	0.125	0.125	0.125	
0.056	0.056	0.056	0.056	0.056	0.056	0.056	0.056	0.056	0.056	0.056	0.056	0.056	0.056	0.090	0.125	0.125	0.125	0.125	0.125	0.125	0.125	0.125	0.125	0.125	0.125	0.125	0.125	
0.056	0.056	0.056	0.056	0.056	0.056	0.056	0.056	0.056	0.056	0.056	0.056	0.056	0.056	0.090	0.125	0.125	0.125	0.125	0.125	0.125	0.125	0.125	0.125	0.125	0.125	0.125	0.125	
0.056	0.056	0.056	0.056	0.056	0.056	0.056	0.056	0.056	0.056	0.056	0.056	0.056	0.056	0.090	0.125	0.125	0.125	0.125	0.125	0.125	0.125	0.125	0.125	0.125	0.125	0.125	0.125	
0.056	0.056	0.056	0.056	0.056	0.056	0.056	0.056	0.056	0.056	0.056	0.056	0.056	0.056	0.090	0.125	0.125	0.125	0.125	0.125	0.125	0.125	0.125	0.125	0.125	0.125	0.125	0.125	
0.056	0.056	0.056	0.056	0.056	0.056	0.056	0.056	0.056	0.056	0.056	0.056	0.056	0.056	0.090	0.125	0.125	0.125	0.125	0.125	0.125	0.125	0.125	0.125	0.125	0.125	0.125	0.125	
0.056	0.056	0.056	0.056	0.056	0.056	0.056	0.056	0.056	0.056	0.056	0.056	0.056	0.056	0.090	0.125	0.125	0.125	0.125	0.125	0.125	0.125	0.125	0.125	0.125	0.125	0.125	0.125	
0.056	0.056	0.056	0.056	0.056	0.056	0.056	0.056	0.056	0.056	0.056	0.056	0.056	0.056	0.090	0.125	0.125	0.125	0.125	0.125	0.125	0.125	0.125	0.125	0.125	0.125	0.125	0.125	
0.056	0.056	0.056	0.056	0.056	0.056	0.056	0.056	0.056	0.056	0.056	0.056	0.056	0.056	0.090	0.125	0.125	0.125	0.125	0.125	0.125	0.125	0.125	0.125	0.125	0.125	0.125	0.125	
0.056	0.056	0.056	0.056	0.056	0.056	0.056	0.056	0.056	0.056	0.056	0.056	0.056	0.056	0.090	0.125	0.125	0.125	0.125	0.125	0.125	0.125	0.125	0.125	0.125	0.125	0.125	0.125	
0.056	0.056	0.056	0.056	0.056	0.056	0.056	0.056	0.056	0.056	0.056	0.056	0.056	0.056	0.090	0.125	0.125	0.125	0.125	0.125	0.125	0.125	0.125	0.125	0.125	0.125	0.125	0.125	
0.056	0.056	0.056	0.056	0.056	0.056	0.056	0.056	0.056	0.056	0.056	0.056	0.056	0.056	0.090	0.125	0.125	0.125	0.125	0.125	0.125	0.125	0.125	0.125	0.125	0.125	0.125	0.125	
0.056	0.056	0.056	0.056	0.056	0.056	0.056	0.056	0.056	0.056	0.056	0.056	0.056	0.056	0.090	0.125	0.125	0.125	0.125	0.125	0.125	0.125	0.125	0.125	0.125	0.125	0.125	0.125	
0.056	0.056	0.056	0.056	0.056	0.056	0.056	0.056	0.056	0.056	0.056	0.056	0.056	0.056	0.090	0.125	0.125	0.125	0.125	0.125	0.125	0.125	0.125	0.125	0.125	0.125	0.125	0.125	
0.056	0.056	0.056	0.056	0.056	0.056	0.056	0.056	0.056	0.056	0.056	0.056	0.056	0.056	0.090	0.125	0.125	0.125	0.125	0.125	0.125	0.125	0.125	0.125	0.125	0.125	0.125	0.125	
0.056	0.056	0.056	0.056	0.056	0.056	0.056	0.056	0.056	0.056	0.056	0.056	0.056	0.056	0.090	0.125	0.125	0.125	0.125	0.125	0.125	0.125	0.125	0.125	0.125	0.125	0.125	0.100	
0.056	0.056	0.056	0.056	0.056	0.056	0.056	0.056	0.056	0.056	0.056	0.056	0.056	0.056	0.090	0.125	0.125	0.125	0.125	0.125	0.125	0.125	0.125	0.125	0.125	0.125	0.125	0.100	
0.056	0.056	0.056	0.056	0.056	0.056	0.056	0.056	0.056	0.056	0.056	0.056	0.056	0.056	0.090	0.125	0.125	0.125	0.125	0.125	0.125	0.125	0.125	0.125	0.125	0.125	0.100	0.100	
0.056	0.056	0.056	0.056	0.056	0.056	0.056	0.056	0.056	0.056	0.056	0.056	0.056	0.090	0.090	0.125	0.125	0.125	0.125	0.125	0.125	0.125	0.125	0.125	0.125	0.125	0.100	0.075	
0.056	0.056	0.056	0.056	0.056	0.056	0.056	0.056	0.056	0.056	0.056	0.056	0.056	0.090	0.125	0.125	0.125	0.125	0.125	0.125	0.125	0.125	0.125	0.125	0.125	0.125	0.100	0.075	
0.056	0.056	0.056	0.056	0.056	0.056	0.056	0.056	0.056	0.056	0.056	0.056	0.056	0.090	0.125	0.125	0.125	0.125	0.125	0.125	0.125	0.125	0.125	0.125	0.125	0.100	0.100	0.075	
0.056	0.056	0.056	0.056	0.056	0.056	0.056	0.056	0.056	0.056	0.056	0.056	0.056	0.090	0.125	0.125	0.125	0.125	0.125	0.125	0.125	0.125	0.125	0.125	0.125	0.100	0.075	0.075	
0.056	0.056	0.056	0.056	0.056	0.056	0.056	0.056	0.056	0.056	0.056	0.056	0.056	0.090	0.125	0.125	0.125	0.125	0.125	0.125	0.125	0.125	0.125	0.125	0.100	0.100	0.075	0.075	
0.056	0.056	0.056	0.056	0.056	0.056	0.056	0.056	0.056	0.056	0.056	0.056	0.056	0.090	0.125	0.125	0.125	0.125	0.125	0.125	0.125	0.125	0.125	0.125	0.100	0.075	0.075	0.075	
0.056	0.056	0.056	0.056	0.056	0.056	0.056	0.056	0.056	0.056	0.056	0.056	0.056	0.090	0.125	0.125	0.125	0.125	0.125	0.125	0.125	0.125	0.125	0.125	0.100	0.075	0.075	0.075	
0.046	0.056	0.056	0.056	0.056	0.056	0.056	0.056	0.056	0.056	0.056	0.056	0.056	0.090	0.125	0.125	0.125	0.125	0.125	0.125	0.125	0.125	0.125	0.100	0.100	0.075	0.075	0.075	
0.046	0.056	0.056	0.056	0.056	0.056	0.056	0.056	0.056	0.056	0.056	0.056	0.056	0.090	0.125	0.125	0.125	0.125	0.125	0.125	0.125	0.125	0.125	0.100	0.075	0.075	0.075	0.075	
0.046	0.046	0.056	0.056	0.056	0.056	0.056	0.056	0.056	0.056	0.056	0.056	0.056	0.090	0.125	0.125	0.125	0.125	0.125	0.125	0.125	0.125	0.100	0.100	0.075	0.075	0.075	0.075	
0.035	0.046	0.046	0.056	0.056	0.056	0.056	0.056	0.056	0.056	0.056	0.056	0.056	0.090	0.125	0.125	0.125	0.125	0.125	0.125	0.125	0.125	0.100	0.075	0.075	0.075	0.075	0.075	
0.035	0.035	0.046	0.056	0.056	0.056	0.056	0.056	0.056	0.056	0.056	0.056	0.056	0.090	0.125	0.125	0.125	0.125	0.125	0.125	0.125	0.125	0.100	0.075	0.075	0.075	0.075	0.075	
0.035	0.035	0.046	0.046	0.056	0.056	0.056	0.056	0.056	0.056	0.056	0.056	0.056	0.090	0.125	0.125	0.125	0.125	0.125	0.125	0.125	0.100	0.100	0.075	0.075	0.075	0.075	0.075	
0.035	0.035	0.035	0.046	0.046	0.056	0.056	0.056	0.056	0.056	0.056	0.056	0.056	0.090	0.125	0.125	0.125	0.125	0.125	0.125	0.125	0.100	0.075	0.075	0.075	0.075	0.075	0.075	
0.035	0.035	0.035	0.035	0.046	0.046	0.056	0.056	0.056	0.056	0.056	0.056	0.056	0.096	0.125	0.125	0.125	0.125	0.125	0.125	0.100	0.100	0.075	0.075	0.075	0.075	0.075	0.075	
0.035	0.035	0.035	0.035	0.035	0.046	0.056	0.056	0.056	0.056	0.056	0.056	0.056	0.096	0.135	0.125	0.125	0.125	0.125	0.125	0.100	0.075	0.075	0.075	0.075	0.075	0.075	0.075	
0.030	0.035	0.035	0.035	0.035	0.046	0.046	0.056	0.056	0.056	0.056	0.056	0.056	0.101	0.135	0.125	0.125	0.125	0.125	0.125	0.100	0.075	0.075	0.075	0.075	0.075	0.075	0.075	
0.030	0.030	0.035	0.035	0.035	0.035	0.046	0.046	0.056	0.056	0.056	0.056	0.056	0.101	0.135	0.135	0.125	0.125	0.125	0.100	0.100	0.075	0.075	0.075	0.075	0.075	0.065	0.065	
0.025	0.030	0.030	0.030	0.035	0.035	0.035	0.046	0.046	0.056	0.056	0.056	0.056	0.101	0.146	0.135	0.125	0.125	0.125	0.100	0.075	0.075	0.075	0.075	0.075	0.065	0.065	0.056	
0.025	0.025	0.025	0.030	0.030	0.035	0.035	0.035	0.046	0.056	0.056	0.056	0.056	0.101	0.146	0.135	0.135	0.102	0.102	0.093	0.075	0.075	0.075	0.075	0.065	0.065	0.056	0.056	
0.025	0.025	0.025	0.025	0.030	0.030	0.035	0.035	0.060	0.073	0.067	0.073	0.056	0.101	0.146	0.129	0.115	0.102	0.079	0.077	0.075	0.075	0.065	0.065	0.065	0.056	0.056	0.056	
0.050	0.050	0.025	0.025	0.025	0.030	0.030	0.046	0.060	0.090	0.085	0.075	0.067	0.101	0.128	0.129	0.095	0.095	0.079	0.068	0.062	0.065	0.065	0.056	0.056	0.056	0.053	0.053	
0.075	0.050	0.050	0.050	0.025	0.025	0.039	0.046	0.073	0.075	0.083	0.079	0.079	0.102	0.118	0.118	0.084	0.082	0.062	0.065	0.062	0.060	0.056	0.056	0.053	0.053	0.053	0.050	
0.075	0.075	0.075	0.050	0.050	0.050	0.044	0.053	0.056	0.078	0.079	0.136	0.152	0.203	0.240	0.197	0.150	0.056	0.044	0.038	0.038	0.044	0.056	0.053	0.053	0.050	0.050	0.050	
0.075	0.075	0.075	0.075	0.075	0.050	0.038	0.053	0.069	0.078	0.143	0.165	0.251	0.244	0.355	0.215	0.162	0.052	0.040	0.038	0.033	0.040	0.044	0.053	0.050	0.050	0.050	0.050	
0.075	0.075	0.075	0.075	0.075	0.063	0.050	0.050	0.075	0.100	0.176	0.251	0.609	0.524	0.661	0.215	0.075	0.050	0.025	0.025	0.025	0.025	0.038	0.050	0.050	0.050	0.050	0.050	
0.000	0.000	0.000	0.000	0.000	0.000	0.000	0.000	0.000	0.100	0.176	0.251	0.609	0.966	0.661	0.465	0.000	0.025	0.025	0.025	0.000	0.000	0.000	0.000	0.000	0.000	0.000	0.000	
0.000	0.000	0.000	0.000	0.000	0.000	0.000	0.000	0.000	0.000	0.000	0.000	0.966	0.966	0.966	0.966	0.000	0.000	0.000	0.000	0.000	0.000	0.000	0.000	0.000	0.000	0.000	0.000	
0.000	0.000	0.000	0.000	0.000	0.000	0.000	0.000	0.000	0.000	0.000	0.000	0.966	0.966	0.966	0.966	0.000	0.000	0.000	0.000	0.000	0.000	0.000	0.000	0.000	0.000	0.000	0.000	
0.000	0.000	0.000	0.000	0.000	0.000	0.000	0.000	0.000	0.000	0.000	0.000	0.966	0.966	0.966	0.966	0.000	0.000	0.000	0.000	0.000	0.000	0.000	0.000	0.000	0.000	0.000	0.000	
0.000	0.000	0.000	0.000	0.000	0.000	0.000	0.000	0.000	0.000	0.000	0.000	0.966	0.966	0.966	0.966	0.000	0.000	0.000	0.000	0.000	0.000	0.000	0.000	0.000	0.000	0.000	0.000	
