0.090	0.090	0.090	0.178	0.266	0.266	0.266	0.266	0.266	0.266	0.266	0.266	0.266	0.266	0.266	0.266	0.266	0.266	0.266	0.266	0.246	0.226	0.226	0.226	0.226	0.226	0.226	0.226	
0.090	0.090	0.090	0.178	0.178	0.266	0.266	0.266	0.266	0.266	0.266	0.266	0.266	0.266	0.266	0.266	0.266	0.266	0.266	0.266	0.246	0.226	0.226	0.226	0.226	0.226	0.226	0.226	
0.090	0.090	0.090	0.090	0.178	0.266	0.266	0.266	0.266	0.266	0.266	0.266	0.266	0.266	0.266	0.266	0.266	0.266	0.266	0.266	0.246	0.226	0.226	0.226	0.226	0.226	0.226	0.226	
0.090	0.090	0.090	0.090	0.178	0.266	0.266	0.266	0.266	0.266	0.266	0.266	0.266	0.266	0.266	0.266	0.266	0.266	0.266	0.266	0.246	0.226	0.226	0.226	0.226	0.226	0.226	0.226	
0.090	0.090	0.090	0.090	0.178	0.266	0.266	0.266	0.266	0.266	0.266	0.266	0.266	0.266	0.266	0.266	0.266	0.266	0.266	0.266	0.246	0.226	0.226	0.226	0.226	0.226	0.226	0.226	
0.090	0.090	0.090	0.090	0.178	0.266	0.266	0.266	0.266	0.266	0.266	0.266	0.266	0.266	0.266	0.266	0.266	0.266	0.266	0.266	0.246	0.226	0.226	0.226	0.226	0.226	0.226	0.226	
0.090	0.090	0.090	0.090	0.178	0.266	0.266	0.266	0.266	0.266	0.266	0.266	0.266	0.266	0.266	0.266	0.266	0.266	0.266	0.246	0.246	0.226	0.226	0.226	0.226	0.226	0.226	0.226	
0.090	0.090	0.090	0.090	0.178	0.178	0.266	0.266	0.266	0.266	0.266	0.266	0.266	0.266	0.266	0.266	0.266	0.266	0.266	0.246	0.226	0.226	0.226	0.226	0.226	0.226	0.226	0.226	
0.090	0.090	0.090	0.090	0.090	0.178	0.266	0.266	0.266	0.266	0.266	0.266	0.266	0.266	0.266	0.266	0.266	0.266	0.266	0.246	0.226	0.226	0.226	0.226	0.226	0.226	0.226	0.226	
0.090	0.090	0.090	0.090	0.090	0.178	0.266	0.266	0.266	0.266	0.266	0.266	0.266	0.266	0.266	0.266	0.266	0.266	0.266	0.246	0.226	0.226	0.226	0.226	0.226	0.226	0.226	0.226	
0.090	0.090	0.090	0.090	0.090	0.178	0.266	0.266	0.266	0.266	0.266	0.266	0.266	0.266	0.266	0.266	0.266	0.266	0.266	0.246	0.226	0.226	0.226	0.226	0.226	0.226	0.226	0.226	
0.090	0.090	0.090	0.090	0.090	0.178	0.266	0.266	0.266	0.266	0.266	0.266	0.266	0.266	0.266	0.266	0.266	0.266	0.266	0.246	0.226	0.226	0.226	0.226	0.226	0.226	0.226	0.226	
0.090	0.090	0.090	0.090	0.090	0.178	0.178	0.266	0.266	0.266	0.266	0.266	0.266	0.266	0.266	0.266	0.266	0.266	0.266	0.246	0.226	0.226	0.226	0.226	0.226	0.226	0.226	0.226	
0.090	0.090	0.090	0.090	0.090	0.090	0.178	0.266	0.266	0.266	0.266	0.266	0.266	0.266	0.266	0.266	0.266	0.266	0.266	0.246	0.226	0.226	0.226	0.226	0.226	0.226	0.226	0.226	
0.090	0.090	0.090	0.090	0.090	0.090	0.178	0.266	0.266	0.266	0.266	0.266	0.266	0.266	0.266	0.266	0.266	0.266	0.266	0.246	0.226	0.226	0.226	0.226	0.226	0.226	0.226	0.226	
0.090	0.090	0.090	0.090	0.090	0.090	0.178	0.266	0.266	0.266	0.266	0.266	0.266	0.266	0.266	0.266	0.266	0.266	0.246	0.246	0.226	0.226	0.226	0.226	0.226	0.226	0.226	0.226	
0.090	0.090	0.090	0.090	0.090	0.090	0.178	0.266	0.266	0.266	0.266	0.266	0.266	0.266	0.266	0.266	0.266	0.266	0.246	0.226	0.226	0.226	0.226	0.226	0.226	0.226	0.226	0.226	
0.090	0.090	0.090	0.090	0.090	0.090	0.178	0.266	0.266	0.266	0.266	0.266	0.266	0.266	0.266	0.266	0.266	0.266	0.246	0.226	0.226	0.226	0.226	0.226	0.226	0.226	0.226	0.226	
0.090	0.090	0.090	0.090	0.090	0.090	0.178	0.178	0.266	0.266	0.266	0.266	0.266	0.266	0.266	0.266	0.266	0.266	0.246	0.226	0.226	0.226	0.226	0.226	0.226	0.226	0.226	0.226	
0.090	0.090	0.090	0.090	0.090	0.090	0.090	0.178	0.266	0.266	0.266	0.266	0.266	0.266	0.266	0.266	0.266	0.266	0.246	0.226	0.226	0.226	0.226	0.226	0.226	0.226	0.226	0.226	
0.090	0.090	0.090	0.090	0.090	0.090	0.090	0.178	0.266	0.266	0.266	0.266	0.266	0.266	0.266	0.266	0.266	0.266	0.246	0.226	0.226	0.226	0.226	0.226	0.226	0.226	0.226	0.226	
0.090	0.090	0.090	0.090	0.090	0.090	0.090	0.178	0.266	0.266	0.266	0.266	0.266	0.266	0.266	0.266	0.266	0.266	0.246	0.226	0.226	0.226	0.226	0.226	0.226	0.226	0.226	0.226	
0.090	0.090	0.090	0.090	0.090	0.090	0.090	0.178	0.266	0.266	0.266	0.266	0.266	0.266	0.266	0.266	0.266	0.266	0.246	0.226	0.226	0.226	0.226	0.226	0.226	0.226	0.226	0.226	
0.090	0.090	0.090	0.090	0.090	0.090	0.090	0.178	0.266	0.266	0.266	0.266	0.266	0.266	0.266	0.266	0.266	0.266	0.246	0.226	0.226	0.226	0.226	0.226	0.226	0.226	0.226	0.226	
0.090	0.090	0.090	0.090	0.090	0.090	0.090	0.178	0.178	0.266	0.266	0.266	0.266	0.266	0.266	0.266	0.266	0.246	0.246	0.226	0.226	0.226	0.226	0.226	0.226	0.226	0.226	0.226	
0.090	0.090	0.090	0.090	0.090	0.090	0.090	0.090	0.178	0.266	0.266	0.266	0.266	0.266	0.266	0.266	0.266	0.246	0.226	0.226	0.226	0.226	0.226	0.226	0.226	0.226	0.226	0.226	
0.090	0.090	0.090	0.090	0.090	0.090	0.090	0.090	0.178	0.266	0.266	0.266	0.266	0.266	0.266	0.266	0.266	0.246	0.226	0.226	0.226	0.226	0.226	0.226	0.226	0.226	0.226	0.226	
0.090	0.090	0.090	0.090	0.090	0.090	0.090	0.090	0.178	0.266	0.266	0.266	0.266	0.266	0.266	0.266	0.266	0.246	0.226	0.226	0.226	0.226	0.226	0.226	0.226	0.226	0.226	0.226	
0.090	0.090	0.090	0.090	0.090	0.090	0.090	0.090	0.178	0.266	0.266	0.266	0.266	0.266	0.266	0.266	0.266	0.246	0.226	0.226	0.226	0.226	0.226	0.226	0.226	0.226	0.226	0.226	
0.090	0.090	0.090	0.090	0.090	0.090	0.090	0.090	0.178	0.178	0.266	0.266	0.266	0.266	0.266	0.266	0.266	0.246	0.226	0.226	0.226	0.226	0.226	0.226	0.226	0.226	0.226	0.226	
0.090	0.090	0.090	0.090	0.090	0.090	0.090	0.090	0.090	0.178	0.266	0.266	0.266	0.266	0.266	0.266	0.266	0.246	0.226	0.226	0.226	0.226	0.226	0.226	0.226	0.226	0.226	0.226	
0.090	0.090	0.090	0.090	0.090	0.090	0.090	0.090	0.090	0.178	0.266	0.266	0.266	0.266	0.266	0.266	0.266	0.246	0.226	0.226	0.226	0.226	0.226	0.226	0.226	0.226	0.226	0.226	
0.090	0.090	0.090	0.090	0.090	0.090	0.090	0.090	0.090	0.178	0.266	0.266	0.266	0.266	0.266	0.266	0.266	0.246	0.226	0.226	0.226	0.226	0.226	0.226	0.226	0.226	0.226	0.226	
0.090	0.090	0.090	0.090	0.090	0.090	0.090	0.090	0.090	0.178	0.266	0.266	0.266	0.266	0.266	0.266	0.266	0.246	0.226	0.226	0.226	0.226	0.226	0.226	0.226	0.226	0.226	0.226	
0.090	0.090	0.090	0.090	0.090	0.090	0.090	0.090	0.090	0.178	0.266	0.266	0.266	0.266	0.266	0.266	0.246	0.246	0.226	0.226	0.226	0.226	0.226	0.226	0.226	0.226	0.226	0.226	
0.090	0.090	0.090	0.090	0.090	0.090	0.090	0.090	0.090	0.178	0.178	0.266	0.266	0.266	0.266	0.266	0.246	0.226	0.226	0.226	0.226	0.226	0.226	0.226	0.226	0.226	0.226	0.226	
0.090	0.090	0.090	0.090	0.090	0.090	0.090	0.090	0.090	0.090	0.178	0.266	0.266	0.266	0.266	0.266	0.246	0.226	0.226	0.226	0.226	0.226	0.226	0.226	0.226	0.226	0.226	0.226	
0.090	0.090	0.090	0.090	0.090	0.090	0.090	0.090	0.090	0.090	0.178	0.266	0.266	0.266	0.266	0.266	0.246	0.226	0.226	0.226	0.226	0.226	0.226	0.226	0.226	0.226	0.226	0.226	
0.090	0.090	0.090	0.090	0.090	0.090	0.090	0.090	0.090	0.090	0.178	0.266	0.266	0.266	0.266	0.266	0.246	0.226	0.226	0.226	0.226	0.226	0.226	0.226	0.226	0.226	0.226	0.226	
0.109	0.090	0.090	0.090	0.090	0.090	0.090	0.090	0.090	0.090	0.178	0.266	0.266	0.266	0.266	0.266	0.246	0.226	0.226	0.226	0.226	0.226	0.226	0.226	0.226	0.226	0.226	0.226	
0.109	0.109	0.090	0.090	0.090	0.090	0.090	0.090	0.090	0.090	0.178	0.266	0.266	0.266	0.266	0.266	0.246	0.226	0.226	0.226	0.226	0.226	0.226	0.226	0.226	0.226	0.226	0.226	
0.127	0.109	0.109	0.090	0.090	0.090	0.090	0.090	0.090	0.090	0.178	0.178	0.266	0.266	0.266	0.266	0.246	0.226	0.226	0.226	0.226	0.226	0.226	0.226	0.226	0.226	0.226	0.163	
0.127	0.127	0.109	0.109	0.090	0.090	0.090	0.090	0.090	0.090	0.090	0.178	0.266	0.266	0.266	0.266	0.246	0.226	0.226	0.226	0.226	0.226	0.226	0.226	0.226	0.163	0.163	0.163	
0.127	0.127	0.127	0.109	0.109	0.090	0.090	0.090	0.090	0.090	0.090	0.178	0.266	0.266	0.266	0.246	0.246	0.226	0.226	0.226	0.226	0.226	0.226	0.226	0.163	0.163	0.100	0.100	
0.127	0.127	0.127	0.127	0.109	0.109	0.109	0.090	0.090	0.090	0.090	0.178	0.266	0.266	0.266	0.235	0.226	0.226	0.226	0.226	0.226	0.226	0.163	0.163	0.163	0.100	0.100	0.100	
0.127	0.127	0.127	0.127	0.127	0.127	0.109	0.109	0.090	0.090	0.090	0.178	0.266	0.266	0.266	0.235	0.220	0.226	0.226	0.226	0.226	0.163	0.163	0.100	0.100	0.100	0.100	0.100	
0.127	0.127	0.127	0.127	0.127	0.127	0.127	0.109	0.109	0.090	0.090	0.178	0.178	0.266	0.240	0.240	0.220	0.226	0.226	0.226	0.163	0.163	0.100	0.100	0.100	0.100	0.100	0.100	
0.127	0.127	0.127	0.127	0.127	0.127	0.127	0.127	0.109	0.109	0.133	0.133	0.291	0.371	0.240	0.214	0.172	0.151	0.163	0.163	0.163	0.100	0.100	0.100	0.100	0.100	0.100	0.100	
0.127	0.127	0.127	0.127	0.127	0.127	0.127	0.127	0.127	0.131	0.133	0.177	0.405	0.423	0.423	0.144	0.144	0.151	0.134	0.100	0.100	0.100	0.100	0.100	0.100	0.100	0.100	0.100	
0.127	0.127	0.127	0.127	0.127	0.127	0.127	0.127	0.127	0.152	0.177	0.177	0.405	0.632	0.423	0.307	0.075	0.075	0.087	0.100	0.100	0.100	0.100	0.100	0.100	0.100	0.100	0.100	
0.127	0.127	0.127	0.127	0.127	0.127	0.127	0.127	0.127	0.127	0.000	0.000	0.405	0.632	0.632	0.354	0.000	0.000	0.100	0.100	0.100	0.100	0.100	0.100	0.100	0.100	0.100	0.100	
0.000	0.000	0.000	0.000	0.000	0.000	0.000	0.000	0.000	0.000	0.000	0.000	0.816	0.816	0.816	0.816	0.000	0.000	0.000	0.000	0.000	0.000	0.000	0.000	0.000	0.000	0.000	0.000	
0.000	0.000	0.000	0.000	0.000	0.000	0.000	0.000	0.000	0.000	0.000	0.000	1.000	1.000	1.000	1.000	0.000	0.000	0.000	0.000	0.000	0.000	0.000	0.000	0.000	0.000	0.000	0.000	
0.000	0.000	0.000	0.000	0.000	0.000	0.000	0.000	0.000	0.000	0.000	0.000	1.000	1.000	1.000	1.000	0.000	0.000	0.000	0.000	0.000	0.000	0.000	0.000	0.000	0.000	0.000	0.000	
0.000	0.000	0.000	0.000	0.000	0.000	0.000	0.000	0.000	0.000	0.000	0.000	1.000	1.000	1.000	1.000	0.000	0.000	0.000	0.000	0.000	0.000	0.000	0.000	0.000	0.000	0.000	0.000	
