0.081	0.081	0.081	0.081	0.144	0.208	0.208	0.208	0.208	0.208	0.208	0.208	0.208	0.208	0.208	0.208	0.208	0.208	0.208	0.208	0.208	0.208	0.208	0.208	0.208	0.208	0.208	0.208	
0.081	0.081	0.081	0.081	0.144	0.144	0.208	0.208	0.208	0.208	0.208	0.208	0.208	0.208	0.208	0.208	0.208	0.208	0.208	0.208	0.208	0.208	0.208	0.208	0.208	0.208	0.208	0.208	
0.081	0.081	0.081	0.081	0.081	0.144	0.208	0.208	0.208	0.208	0.208	0.208	0.208	0.208	0.208	0.208	0.208	0.208	0.208	0.208	0.208	0.208	0.208	0.208	0.208	0.208	0.208	0.208	
0.081	0.081	0.081	0.081	0.081	0.144	0.208	0.208	0.208	0.208	0.208	0.208	0.208	0.208	0.208	0.208	0.208	0.208	0.208	0.208	0.208	0.208	0.208	0.208	0.208	0.208	0.208	0.208	
0.081	0.081	0.081	0.081	0.081	0.144	0.208	0.208	0.208	0.208	0.208	0.208	0.208	0.208	0.208	0.208	0.208	0.208	0.208	0.208	0.208	0.208	0.208	0.208	0.208	0.208	0.208	0.208	
0.081	0.081	0.081	0.081	0.081	0.144	0.208	0.208	0.208	0.208	0.208	0.208	0.208	0.208	0.208	0.208	0.208	0.208	0.208	0.208	0.208	0.208	0.208	0.208	0.208	0.208	0.208	0.208	
0.081	0.081	0.081	0.081	0.081	0.144	0.208	0.208	0.208	0.208	0.208	0.208	0.208	0.208	0.208	0.208	0.208	0.208	0.208	0.208	0.208	0.208	0.208	0.208	0.208	0.208	0.208	0.208	
0.081	0.081	0.081	0.081	0.081	0.144	0.144	0.208	0.208	0.208	0.208	0.208	0.208	0.208	0.208	0.208	0.208	0.208	0.208	0.208	0.208	0.208	0.208	0.208	0.208	0.208	0.208	0.208	
0.081	0.081	0.081	0.081	0.081	0.081	0.144	0.208	0.208	0.208	0.208	0.208	0.208	0.208	0.208	0.208	0.208	0.208	0.208	0.208	0.208	0.208	0.208	0.208	0.208	0.208	0.208	0.208	
0.081	0.081	0.081	0.081	0.081	0.081	0.144	0.208	0.208	0.208	0.208	0.208	0.208	0.208	0.208	0.208	0.208	0.208	0.208	0.208	0.208	0.208	0.208	0.208	0.208	0.208	0.208	0.208	
0.081	0.081	0.081	0.081	0.081	0.081	0.144	0.208	0.208	0.208	0.208	0.208	0.208	0.208	0.208	0.208	0.208	0.208	0.208	0.208	0.208	0.208	0.208	0.208	0.208	0.208	0.208	0.208	
0.081	0.081	0.081	0.081	0.081	0.081	0.144	0.208	0.208	0.208	0.208	0.208	0.208	0.208	0.208	0.208	0.208	0.208	0.208	0.208	0.208	0.208	0.208	0.208	0.208	0.208	0.208	0.208	
0.081	0.081	0.081	0.081	0.081	0.081	0.144	0.208	0.208	0.208	0.208	0.208	0.208	0.208	0.208	0.208	0.208	0.208	0.208	0.208	0.208	0.208	0.208	0.208	0.208	0.208	0.208	0.208	
0.081	0.081	0.081	0.081	0.081	0.081	0.144	0.144	0.208	0.208	0.208	0.208	0.208	0.208	0.208	0.208	0.208	0.208	0.208	0.208	0.208	0.208	0.208	0.208	0.208	0.208	0.208	0.208	
0.081	0.081	0.081	0.081	0.081	0.081	0.081	0.144	0.208	0.208	0.208	0.208	0.208	0.208	0.208	0.208	0.208	0.208	0.208	0.208	0.208	0.208	0.208	0.208	0.208	0.208	0.208	0.208	
0.081	0.081	0.081	0.081	0.081	0.081	0.081	0.144	0.208	0.208	0.208	0.208	0.208	0.208	0.208	0.208	0.208	0.208	0.208	0.208	0.208	0.208	0.208	0.208	0.208	0.208	0.208	0.208	
0.081	0.081	0.081	0.081	0.081	0.081	0.081	0.144	0.208	0.208	0.208	0.208	0.208	0.208	0.208	0.208	0.208	0.208	0.208	0.208	0.208	0.208	0.208	0.208	0.208	0.208	0.208	0.208	
0.081	0.081	0.081	0.081	0.081	0.081	0.081	0.144	0.208	0.208	0.208	0.208	0.208	0.208	0.208	0.208	0.208	0.208	0.208	0.208	0.208	0.208	0.208	0.208	0.208	0.208	0.208	0.208	
0.081	0.081	0.081	0.081	0.081	0.081	0.081	0.144	0.208	0.208	0.208	0.208	0.208	0.208	0.208	0.208	0.208	0.208	0.208	0.208	0.208	0.208	0.208	0.208	0.208	0.208	0.208	0.208	
0.081	0.081	0.081	0.081	0.081	0.081	0.081	0.144	0.208	0.208	0.208	0.208	0.208	0.208	0.208	0.208	0.208	0.208	0.208	0.208	0.208	0.208	0.208	0.208	0.208	0.208	0.208	0.208	
0.081	0.081	0.081	0.081	0.081	0.081	0.081	0.144	0.144	0.208	0.208	0.208	0.208	0.208	0.208	0.208	0.208	0.208	0.208	0.208	0.208	0.208	0.208	0.208	0.208	0.208	0.208	0.208	
0.081	0.081	0.081	0.081	0.081	0.081	0.081	0.081	0.144	0.208	0.208	0.208	0.208	0.208	0.208	0.208	0.208	0.208	0.208	0.208	0.208	0.208	0.208	0.208	0.208	0.208	0.208	0.208	
0.081	0.081	0.081	0.081	0.081	0.081	0.081	0.081	0.144	0.208	0.208	0.208	0.208	0.208	0.208	0.208	0.208	0.208	0.208	0.208	0.208	0.208	0.208	0.208	0.208	0.208	0.208	0.208	
0.081	0.081	0.081	0.081	0.081	0.081	0.081	0.081	0.144	0.208	0.208	0.208	0.208	0.208	0.208	0.208	0.208	0.208	0.208	0.208	0.208	0.208	0.208	0.208	0.208	0.208	0.208	0.208	
0.081	0.081	0.081	0.081	0.081	0.081	0.081	0.081	0.144	0.208	0.208	0.208	0.208	0.208	0.208	0.208	0.208	0.208	0.208	0.208	0.208	0.208	0.208	0.208	0.208	0.208	0.208	0.208	
0.081	0.081	0.081	0.081	0.081	0.081	0.081	0.081	0.144	0.208	0.208	0.208	0.208	0.208	0.208	0.208	0.208	0.208	0.208	0.208	0.208	0.208	0.208	0.208	0.208	0.208	0.208	0.208	
0.081	0.081	0.081	0.081	0.081	0.081	0.081	0.081	0.144	0.144	0.208	0.208	0.208	0.208	0.208	0.208	0.208	0.208	0.208	0.208	0.208	0.208	0.208	0.208	0.208	0.208	0.208	0.208	
0.081	0.081	0.081	0.081	0.081	0.081	0.081	0.081	0.081	0.144	0.208	0.208	0.208	0.208	0.208	0.208	0.208	0.208	0.208	0.208	0.208	0.208	0.208	0.208	0.208	0.208	0.208	0.109	
0.081	0.081	0.081	0.081	0.081	0.081	0.081	0.081	0.081	0.144	0.208	0.208	0.208	0.208	0.208	0.208	0.208	0.208	0.208	0.208	0.208	0.208	0.208	0.208	0.208	0.208	0.208	0.109	
0.081	0.081	0.081	0.081	0.081	0.081	0.081	0.081	0.081	0.144	0.208	0.208	0.208	0.208	0.208	0.208	0.208	0.208	0.208	0.208	0.208	0.208	0.208	0.208	0.208	0.208	0.109	0.109	
0.081	0.081	0.081	0.081	0.081	0.081	0.081	0.081	0.081	0.144	0.208	0.208	0.208	0.208	0.208	0.208	0.208	0.208	0.208	0.208	0.208	0.208	0.208	0.208	0.208	0.208	0.109	0.010	
0.081	0.081	0.081	0.081	0.081	0.081	0.081	0.081	0.081	0.144	0.208	0.208	0.208	0.208	0.208	0.208	0.208	0.208	0.208	0.208	0.208	0.208	0.208	0.208	0.208	0.109	0.109	0.010	
0.081	0.081	0.081	0.081	0.081	0.081	0.081	0.081	0.081	0.144	0.144	0.208	0.208	0.208	0.208	0.208	0.208	0.208	0.208	0.208	0.208	0.208	0.208	0.208	0.208	0.109	0.010	0.010	
0.081	0.081	0.081	0.081	0.081	0.081	0.081	0.081	0.081	0.081	0.144	0.208	0.208	0.208	0.208	0.208	0.208	0.208	0.208	0.208	0.208	0.208	0.208	0.208	0.109	0.109	0.010	0.010	
0.081	0.081	0.081	0.081	0.081	0.081	0.081	0.081	0.081	0.081	0.165	0.208	0.208	0.208	0.208	0.208	0.208	0.208	0.208	0.208	0.208	0.208	0.208	0.109	0.109	0.010	0.010	0.010	
0.081	0.081	0.081	0.081	0.081	0.081	0.081	0.081	0.081	0.081	0.165	0.208	0.208	0.208	0.208	0.208	0.208	0.208	0.208	0.208	0.208	0.208	0.208	0.109	0.010	0.010	0.010	0.010	
0.081	0.081	0.081	0.081	0.081	0.081	0.081	0.081	0.081	0.081	0.165	0.208	0.208	0.208	0.208	0.208	0.208	0.208	0.208	0.208	0.208	0.208	0.109	0.109	0.010	0.010	0.010	0.010	
0.081	0.081	0.081	0.081	0.081	0.081	0.081	0.081	0.081	0.081	0.165	0.207	0.208	0.208	0.208	0.208	0.208	0.208	0.208	0.208	0.208	0.208	0.109	0.010	0.010	0.010	0.010	0.010	
0.081	0.081	0.081	0.081	0.081	0.081	0.081	0.081	0.081	0.081	0.143	0.207	0.208	0.208	0.208	0.208	0.208	0.208	0.208	0.208	0.208	0.109	0.109	0.010	0.010	0.010	0.010	0.010	
0.081	0.081	0.081	0.081	0.081	0.081	0.081	0.081	0.081	0.081	0.143	0.207	0.208	0.208	0.208	0.208	0.208	0.208	0.208	0.208	0.208	0.109	0.010	0.010	0.010	0.010	0.010	0.010	
0.081	0.081	0.081	0.081	0.081	0.081	0.081	0.081	0.081	0.081	0.143	0.207	0.208	0.208	0.208	0.208	0.208	0.208	0.208	0.208	0.109	0.109	0.010	0.010	0.010	0.010	0.010	0.010	
0.081	0.081	0.081	0.081	0.081	0.081	0.081	0.081	0.081	0.081	0.143	0.207	0.207	0.208	0.208	0.208	0.208	0.208	0.208	0.208	0.109	0.010	0.010	0.010	0.010	0.010	0.010	0.010	
0.081	0.081	0.081	0.081	0.081	0.081	0.081	0.081	0.081	0.081	0.143	0.206	0.207	0.208	0.208	0.208	0.208	0.208	0.208	0.109	0.109	0.010	0.010	0.010	0.010	0.010	0.010	0.010	
0.081	0.081	0.081	0.081	0.081	0.081	0.081	0.081	0.081	0.081	0.143	0.206	0.207	0.208	0.208	0.208	0.208	0.208	0.208	0.109	0.010	0.010	0.010	0.010	0.010	0.010	0.010	0.010	
0.081	0.081	0.081	0.081	0.081	0.081	0.081	0.081	0.081	0.081	0.143	0.206	0.207	0.208	0.208	0.208	0.208	0.208	0.109	0.109	0.010	0.010	0.010	0.010	0.010	0.010	0.010	0.010	
0.081	0.081	0.081	0.081	0.081	0.081	0.081	0.081	0.081	0.081	0.143	0.206	0.326	0.326	0.208	0.208	0.208	0.208	0.109	0.010	0.010	0.010	0.010	0.010	0.010	0.010	0.010	0.010	
0.081	0.081	0.081	0.081	0.081	0.081	0.081	0.081	0.081	0.081	0.143	0.206	0.385	0.386	0.208	0.208	0.208	0.109	0.109	0.010	0.010	0.010	0.010	0.010	0.010	0.010	0.010	0.010	
0.081	0.081	0.081	0.081	0.081	0.081	0.081	0.081	0.081	0.081	0.143	0.206	0.385	0.386	0.386	0.208	0.208	0.109	0.010	0.010	0.010	0.010	0.010	0.010	0.010	0.010	0.010	0.010	
0.081	0.081	0.081	0.081	0.081	0.081	0.081	0.081	0.081	0.081	0.143	0.206	0.385	0.563	0.386	0.386	0.109	0.109	0.010	0.010	0.010	0.010	0.010	0.010	0.010	0.010	0.010	0.010	
0.081	0.081	0.081	0.081	0.081	0.081	0.081	0.081	0.081	0.081	0.143	0.206	0.385	0.563	0.563	0.386	0.109	0.010	0.010	0.010	0.010	0.010	0.010	0.010	0.010	0.010	0.010	0.010	
0.000	0.000	0.000	0.000	0.000	0.000	0.000	0.000	0.000	0.000	0.000	0.000	0.385	0.563	0.563	0.386	0.000	0.000	0.000	0.000	0.000	0.000	0.000	0.000	0.000	0.000	0.000	0.000	
0.000	0.000	0.000	0.000	0.000	0.000	0.000	0.000	0.000	0.000	0.000	0.000	0.772	0.772	0.772	0.772	0.000	0.000	0.000	0.000	0.000	0.000	0.000	0.000	0.000	0.000	0.000	0.000	
0.000	0.000	0.000	0.000	0.000	0.000	0.000	0.000	0.000	0.000	0.000	0.000	0.981	0.981	0.981	0.981	0.000	0.000	0.000	0.000	0.000	0.000	0.000	0.000	0.000	0.000	0.000	0.000	
0.000	0.000	0.000	0.000	0.000	0.000	0.000	0.000	0.000	0.000	0.000	0.000	0.981	0.981	0.981	0.981	0.000	0.000	0.000	0.000	0.000	0.000	0.000	0.000	0.000	0.000	0.000	0.000	
0.000	0.000	0.000	0.000	0.000	0.000	0.000	0.000	0.000	0.000	0.000	0.000	0.981	0.981	0.981	0.981	0.000	0.000	0.000	0.000	0.000	0.000	0.000	0.000	0.000	0.000	0.000	0.000	
