0.063	0.063	0.063	0.063	0.063	0.063	0.063	0.063	0.063	0.068	0.073	0.073	0.073	0.073	0.073	0.073	0.073	0.073	0.073	0.073	0.073	0.073	0.073	0.073	0.059	0.045	0.045	0.045	
0.063	0.063	0.063	0.063	0.063	0.063	0.063	0.063	0.063	0.068	0.073	0.073	0.073	0.073	0.073	0.073	0.073	0.073	0.073	0.073	0.073	0.073	0.073	0.073	0.059	0.045	0.045	0.045	
0.063	0.063	0.063	0.063	0.063	0.063	0.063	0.063	0.063	0.068	0.073	0.073	0.073	0.073	0.073	0.073	0.073	0.073	0.073	0.073	0.073	0.073	0.073	0.073	0.059	0.045	0.045	0.045	
0.063	0.063	0.063	0.063	0.063	0.063	0.063	0.063	0.063	0.068	0.073	0.073	0.073	0.073	0.073	0.073	0.073	0.073	0.073	0.073	0.073	0.073	0.073	0.073	0.059	0.045	0.045	0.045	
0.063	0.063	0.063	0.063	0.063	0.063	0.063	0.063	0.063	0.068	0.073	0.073	0.073	0.073	0.073	0.073	0.073	0.073	0.073	0.073	0.073	0.073	0.073	0.073	0.059	0.045	0.045	0.045	
0.063	0.063	0.063	0.063	0.063	0.063	0.063	0.063	0.063	0.068	0.073	0.073	0.073	0.073	0.073	0.073	0.073	0.073	0.073	0.073	0.073	0.073	0.073	0.059	0.059	0.045	0.045	0.045	
0.063	0.063	0.063	0.063	0.063	0.063	0.063	0.063	0.063	0.068	0.073	0.073	0.073	0.073	0.073	0.073	0.073	0.073	0.073	0.073	0.073	0.073	0.073	0.059	0.045	0.045	0.045	0.045	
0.063	0.063	0.063	0.063	0.063	0.063	0.063	0.063	0.063	0.068	0.073	0.073	0.073	0.073	0.073	0.073	0.073	0.073	0.073	0.073	0.073	0.073	0.073	0.059	0.045	0.045	0.045	0.045	
0.063	0.063	0.063	0.063	0.063	0.063	0.063	0.063	0.063	0.068	0.073	0.073	0.073	0.073	0.073	0.073	0.073	0.073	0.073	0.073	0.073	0.073	0.073	0.059	0.045	0.045	0.045	0.045	
0.063	0.063	0.063	0.063	0.063	0.063	0.063	0.063	0.063	0.068	0.068	0.073	0.073	0.073	0.073	0.073	0.073	0.073	0.073	0.073	0.073	0.073	0.073	0.059	0.045	0.045	0.045	0.045	
0.063	0.063	0.063	0.063	0.063	0.063	0.063	0.063	0.063	0.063	0.068	0.073	0.073	0.073	0.073	0.073	0.073	0.073	0.073	0.073	0.073	0.073	0.059	0.059	0.045	0.045	0.045	0.045	
0.063	0.063	0.063	0.063	0.063	0.063	0.063	0.063	0.063	0.063	0.068	0.073	0.073	0.073	0.073	0.073	0.073	0.073	0.073	0.073	0.073	0.073	0.059	0.045	0.045	0.045	0.045	0.045	
0.063	0.063	0.063	0.063	0.063	0.063	0.063	0.063	0.063	0.063	0.068	0.073	0.073	0.073	0.073	0.073	0.073	0.073	0.073	0.073	0.073	0.073	0.059	0.045	0.045	0.045	0.045	0.045	
0.063	0.063	0.063	0.063	0.063	0.063	0.063	0.063	0.063	0.063	0.068	0.073	0.073	0.073	0.073	0.073	0.073	0.073	0.073	0.073	0.073	0.073	0.059	0.045	0.045	0.045	0.045	0.045	
0.068	0.063	0.063	0.063	0.063	0.063	0.063	0.063	0.063	0.063	0.068	0.073	0.073	0.073	0.073	0.073	0.073	0.073	0.073	0.073	0.073	0.073	0.059	0.045	0.045	0.045	0.045	0.045	
0.068	0.063	0.063	0.063	0.063	0.063	0.063	0.063	0.063	0.063	0.068	0.073	0.073	0.073	0.073	0.073	0.073	0.073	0.073	0.073	0.073	0.073	0.059	0.045	0.045	0.045	0.045	0.045	
0.068	0.063	0.063	0.063	0.063	0.063	0.063	0.063	0.063	0.063	0.068	0.073	0.073	0.073	0.073	0.073	0.073	0.073	0.073	0.073	0.073	0.059	0.059	0.045	0.045	0.045	0.045	0.045	
0.068	0.068	0.063	0.063	0.063	0.063	0.063	0.063	0.063	0.063	0.068	0.073	0.073	0.073	0.073	0.073	0.073	0.073	0.073	0.073	0.073	0.059	0.045	0.045	0.045	0.045	0.045	0.045	
0.073	0.068	0.063	0.063	0.063	0.063	0.063	0.063	0.063	0.063	0.068	0.073	0.073	0.073	0.073	0.073	0.073	0.073	0.073	0.073	0.073	0.059	0.045	0.045	0.045	0.045	0.045	0.045	
0.073	0.068	0.063	0.063	0.063	0.063	0.063	0.063	0.063	0.063	0.068	0.073	0.073	0.073	0.073	0.073	0.073	0.073	0.073	0.073	0.073	0.059	0.045	0.045	0.045	0.045	0.045	0.045	
0.073	0.068	0.068	0.063	0.063	0.063	0.063	0.063	0.063	0.063	0.068	0.073	0.073	0.073	0.073	0.073	0.073	0.073	0.073	0.073	0.073	0.059	0.045	0.045	0.045	0.045	0.045	0.045	
0.073	0.073	0.068	0.063	0.063	0.063	0.063	0.063	0.063	0.063	0.068	0.073	0.073	0.073	0.073	0.073	0.073	0.073	0.073	0.073	0.059	0.059	0.045	0.045	0.045	0.045	0.045	0.045	
0.073	0.073	0.068	0.063	0.063	0.063	0.063	0.063	0.063	0.063	0.068	0.068	0.073	0.073	0.073	0.073	0.073	0.073	0.073	0.073	0.059	0.045	0.045	0.045	0.045	0.045	0.045	0.045	
0.073	0.073	0.068	0.068	0.063	0.063	0.063	0.063	0.063	0.063	0.063	0.068	0.073	0.073	0.073	0.073	0.073	0.073	0.073	0.073	0.059	0.045	0.045	0.045	0.045	0.045	0.045	0.045	
0.073	0.073	0.073	0.068	0.063	0.063	0.063	0.063	0.063	0.063	0.063	0.068	0.073	0.073	0.073	0.073	0.073	0.073	0.073	0.073	0.059	0.045	0.045	0.045	0.045	0.045	0.045	0.045	
0.073	0.073	0.073	0.068	0.063	0.063	0.063	0.063	0.063	0.063	0.063	0.068	0.073	0.073	0.073	0.073	0.073	0.073	0.073	0.073	0.059	0.045	0.045	0.045	0.045	0.045	0.045	0.045	
0.073	0.073	0.073	0.068	0.068	0.063	0.063	0.063	0.063	0.063	0.063	0.068	0.073	0.073	0.073	0.073	0.073	0.073	0.073	0.073	0.059	0.045	0.045	0.045	0.045	0.045	0.045	0.045	
0.073	0.073	0.073	0.073	0.068	0.063	0.063	0.063	0.063	0.063	0.063	0.068	0.073	0.073	0.073	0.073	0.073	0.073	0.073	0.059	0.059	0.045	0.045	0.045	0.045	0.045	0.045	0.045	
0.073	0.073	0.073	0.073	0.068	0.063	0.063	0.063	0.063	0.063	0.063	0.068	0.073	0.073	0.073	0.073	0.073	0.073	0.073	0.059	0.045	0.045	0.045	0.045	0.045	0.045	0.045	0.045	
0.073	0.073	0.073	0.073	0.068	0.068	0.063	0.063	0.063	0.063	0.063	0.068	0.073	0.073	0.073	0.073	0.073	0.073	0.073	0.059	0.045	0.045	0.045	0.045	0.045	0.045	0.045	0.045	
0.073	0.073	0.073	0.073	0.073	0.068	0.063	0.063	0.063	0.063	0.063	0.068	0.073	0.073	0.073	0.073	0.073	0.073	0.073	0.059	0.045	0.045	0.045	0.045	0.045	0.045	0.045	0.045	
0.073	0.073	0.073	0.073	0.073	0.068	0.063	0.063	0.063	0.063	0.063	0.068	0.073	0.073	0.073	0.073	0.073	0.073	0.073	0.059	0.045	0.045	0.045	0.045	0.045	0.045	0.045	0.045	
0.073	0.073	0.073	0.073	0.073	0.068	0.068	0.063	0.063	0.063	0.063	0.068	0.073	0.073	0.073	0.073	0.073	0.073	0.059	0.059	0.045	0.045	0.045	0.045	0.045	0.045	0.045	0.045	
0.073	0.073	0.073	0.073	0.073	0.073	0.068	0.063	0.063	0.063	0.063	0.068	0.073	0.073	0.073	0.073	0.073	0.073	0.059	0.045	0.045	0.045	0.045	0.045	0.045	0.045	0.045	0.045	
0.073	0.073	0.073	0.073	0.073	0.073	0.068	0.063	0.063	0.063	0.063	0.068	0.068	0.073	0.073	0.073	0.073	0.073	0.059	0.045	0.045	0.045	0.045	0.045	0.045	0.045	0.045	0.045	
0.041	0.073	0.073	0.073	0.073	0.073	0.068	0.068	0.063	0.063	0.063	0.063	0.068	0.073	0.073	0.073	0.073	0.073	0.059	0.045	0.045	0.045	0.045	0.045	0.045	0.045	0.045	0.045	
0.041	0.041	0.073	0.073	0.073	0.073	0.073	0.068	0.063	0.063	0.063	0.063	0.068	0.073	0.073	0.073	0.073	0.073	0.069	0.045	0.045	0.045	0.045	0.045	0.045	0.045	0.045	0.037	
0.010	0.041	0.073	0.073	0.073	0.073	0.073	0.068	0.063	0.063	0.063	0.063	0.068	0.073	0.073	0.073	0.073	0.081	0.069	0.045	0.045	0.045	0.045	0.045	0.045	0.045	0.045	0.037	
0.010	0.041	0.041	0.073	0.073	0.073	0.073	0.068	0.068	0.063	0.063	0.063	0.068	0.073	0.073	0.073	0.073	0.081	0.067	0.045	0.045	0.045	0.045	0.045	0.045	0.045	0.037	0.037	
0.010	0.010	0.041	0.041	0.073	0.073	0.073	0.073	0.068	0.063	0.063	0.063	0.068	0.073	0.073	0.073	0.073	0.081	0.067	0.045	0.045	0.045	0.045	0.045	0.045	0.037	0.037	0.030	
0.010	0.010	0.010	0.041	0.041	0.073	0.073	0.073	0.068	0.063	0.063	0.063	0.068	0.073	0.073	0.073	0.081	0.081	0.067	0.045	0.045	0.045	0.045	0.045	0.037	0.037	0.030	0.030	
0.010	0.010	0.010	0.010	0.041	0.073	0.073	0.073	0.068	0.068	0.063	0.063	0.068	0.073	0.073	0.073	0.081	0.089	0.067	0.045	0.045	0.045	0.045	0.037	0.037	0.030	0.030	0.030	
0.010	0.010	0.010	0.010	0.041	0.041	0.073	0.073	0.073	0.068	0.063	0.063	0.068	0.073	0.073	0.081	0.081	0.089	0.067	0.045	0.045	0.045	0.037	0.037	0.030	0.030	0.030	0.030	
0.010	0.010	0.010	0.010	0.010	0.041	0.041	0.073	0.073	0.068	0.063	0.063	0.068	0.073	0.073	0.081	0.089	0.089	0.067	0.045	0.045	0.045	0.037	0.030	0.030	0.030	0.030	0.030	
0.010	0.010	0.010	0.010	0.010	0.010	0.041	0.073	0.073	0.068	0.068	0.057	0.062	0.062	0.098	0.095	0.089	0.089	0.067	0.045	0.045	0.037	0.037	0.030	0.030	0.030	0.030	0.030	
0.010	0.010	0.010	0.010	0.010	0.010	0.041	0.035	0.048	0.039	0.053	0.046	0.051	0.082	0.082	0.107	0.085	0.066	0.052	0.038	0.035	0.037	0.030	0.030	0.030	0.030	0.030	0.030	
0.010	0.010	0.010	0.010	0.010	0.010	0.010	0.016	0.022	0.039	0.022	0.037	0.046	0.079	0.124	0.083	0.083	0.042	0.037	0.032	0.031	0.030	0.030	0.030	0.030	0.030	0.030	0.030	
0.010	0.010	0.010	0.010	0.010	0.010	0.014	0.014	0.022	0.025	0.022	0.042	0.043	0.093	0.113	0.106	0.075	0.042	0.032	0.032	0.027	0.025	0.030	0.030	0.030	0.030	0.030	0.030	
0.010	0.010	0.010	0.010	0.010	0.010	0.010	0.016	0.021	0.025	0.032	0.042	0.052	0.163	0.108	0.091	0.075	0.032	0.032	0.025	0.026	0.025	0.027	0.030	0.030	0.030	0.030	0.030	
0.010	0.010	0.010	0.010	0.010	0.010	0.010	0.010	0.021	0.032	0.036	0.041	0.126	0.163	0.213	0.091	0.030	0.026	0.022	0.021	0.020	0.020	0.025	0.030	0.030	0.030	0.030	0.030	
0.000	0.000	0.000	0.000	0.000	0.000	0.000	0.000	0.032	0.032	0.036	0.041	0.158	0.275	0.451	0.346	0.000	0.022	0.022	0.022	0.000	0.000	0.000	0.000	0.000	0.000	0.000	0.000	
0.000	0.000	0.000	0.000	0.000	0.000	0.000	0.000	0.000	0.000	0.000	0.000	0.601	0.601	0.601	0.927	0.000	0.000	0.000	0.000	0.000	0.000	0.000	0.000	0.000	0.000	0.000	0.000	
0.000	0.000	0.000	0.000	0.000	0.000	0.000	0.000	0.000	0.000	0.000	0.000	0.927	0.927	0.927	0.927	0.000	0.000	0.000	0.000	0.000	0.000	0.000	0.000	0.000	0.000	0.000	0.000	
0.000	0.000	0.000	0.000	0.000	0.000	0.000	0.000	0.000	0.000	0.000	0.000	0.927	0.927	0.927	0.927	0.000	0.000	0.000	0.000	0.000	0.000	0.000	0.000	0.000	0.000	0.000	0.000	
0.000	0.000	0.000	0.000	0.000	0.000	0.000	0.000	0.000	0.000	0.000	0.000	0.927	0.927	0.927	0.927	0.000	0.000	0.000	0.000	0.000	0.000	0.000	0.000	0.000	0.000	0.000	0.000	
