0.071	0.072	0.073	0.073	0.073	0.073	0.073	0.073	0.073	0.073	0.073	0.073	0.073	0.073	0.073	0.073	0.073	0.073	0.073	0.073	0.073	0.073	0.073	0.073	0.041	0.010	0.010	0.010	
0.071	0.072	0.073	0.073	0.073	0.073	0.073	0.073	0.073	0.073	0.073	0.073	0.073	0.073	0.073	0.073	0.073	0.073	0.073	0.073	0.073	0.073	0.073	0.073	0.041	0.010	0.010	0.010	
0.071	0.072	0.072	0.073	0.073	0.073	0.073	0.073	0.073	0.073	0.073	0.073	0.073	0.073	0.073	0.073	0.073	0.073	0.073	0.073	0.073	0.073	0.073	0.073	0.041	0.010	0.010	0.010	
0.071	0.071	0.072	0.073	0.073	0.073	0.073	0.073	0.073	0.073	0.073	0.073	0.073	0.073	0.073	0.073	0.073	0.073	0.073	0.073	0.073	0.073	0.073	0.073	0.041	0.010	0.010	0.010	
0.071	0.071	0.072	0.073	0.073	0.073	0.073	0.073	0.073	0.073	0.073	0.073	0.073	0.073	0.073	0.073	0.073	0.073	0.073	0.073	0.073	0.073	0.073	0.041	0.041	0.010	0.010	0.010	
0.071	0.071	0.072	0.073	0.073	0.073	0.073	0.073	0.073	0.073	0.073	0.073	0.073	0.073	0.073	0.073	0.073	0.073	0.073	0.073	0.073	0.073	0.073	0.041	0.010	0.010	0.010	0.010	
0.071	0.071	0.072	0.073	0.073	0.073	0.073	0.073	0.073	0.073	0.073	0.073	0.073	0.073	0.073	0.073	0.073	0.073	0.073	0.073	0.073	0.073	0.073	0.041	0.010	0.010	0.010	0.010	
0.071	0.071	0.072	0.072	0.073	0.073	0.073	0.073	0.073	0.073	0.073	0.073	0.073	0.073	0.073	0.073	0.073	0.073	0.073	0.073	0.073	0.073	0.073	0.041	0.010	0.010	0.010	0.010	
0.071	0.071	0.071	0.072	0.073	0.073	0.073	0.073	0.073	0.073	0.073	0.073	0.073	0.073	0.073	0.073	0.073	0.073	0.073	0.073	0.073	0.073	0.073	0.041	0.010	0.010	0.010	0.010	
0.071	0.071	0.071	0.072	0.073	0.073	0.073	0.073	0.073	0.073	0.073	0.073	0.073	0.073	0.073	0.073	0.073	0.073	0.073	0.073	0.073	0.073	0.041	0.041	0.010	0.010	0.010	0.010	
0.071	0.071	0.071	0.072	0.073	0.073	0.073	0.073	0.073	0.073	0.073	0.073	0.073	0.073	0.073	0.073	0.073	0.073	0.073	0.073	0.073	0.073	0.041	0.010	0.010	0.010	0.010	0.010	
0.071	0.071	0.071	0.072	0.072	0.073	0.073	0.073	0.073	0.073	0.073	0.073	0.073	0.073	0.073	0.073	0.073	0.073	0.073	0.073	0.073	0.073	0.041	0.010	0.010	0.010	0.010	0.010	
0.071	0.071	0.071	0.071	0.072	0.073	0.073	0.073	0.073	0.073	0.073	0.073	0.073	0.073	0.073	0.073	0.073	0.073	0.073	0.073	0.073	0.073	0.041	0.010	0.010	0.010	0.010	0.010	
0.071	0.071	0.071	0.071	0.072	0.073	0.073	0.073	0.073	0.073	0.073	0.073	0.073	0.073	0.073	0.073	0.073	0.073	0.073	0.073	0.073	0.073	0.041	0.010	0.010	0.010	0.010	0.010	
0.071	0.071	0.071	0.071	0.072	0.073	0.073	0.073	0.073	0.073	0.073	0.073	0.073	0.073	0.073	0.073	0.073	0.073	0.073	0.073	0.073	0.041	0.041	0.010	0.010	0.010	0.010	0.010	
0.071	0.071	0.071	0.071	0.072	0.073	0.073	0.073	0.073	0.073	0.073	0.073	0.073	0.073	0.073	0.073	0.073	0.073	0.073	0.073	0.073	0.041	0.010	0.010	0.010	0.010	0.010	0.010	
0.071	0.071	0.071	0.071	0.072	0.072	0.073	0.073	0.073	0.073	0.073	0.073	0.073	0.073	0.073	0.073	0.073	0.073	0.073	0.073	0.073	0.041	0.010	0.010	0.010	0.010	0.010	0.010	
0.071	0.071	0.071	0.071	0.071	0.072	0.073	0.073	0.073	0.073	0.073	0.073	0.073	0.073	0.073	0.073	0.073	0.073	0.073	0.073	0.073	0.041	0.010	0.010	0.010	0.010	0.010	0.010	
0.071	0.071	0.071	0.071	0.071	0.072	0.073	0.073	0.073	0.073	0.073	0.073	0.073	0.073	0.073	0.073	0.073	0.073	0.073	0.073	0.073	0.041	0.010	0.010	0.010	0.010	0.010	0.010	
0.071	0.071	0.071	0.071	0.071	0.072	0.073	0.073	0.073	0.073	0.073	0.073	0.073	0.073	0.073	0.073	0.073	0.073	0.073	0.073	0.041	0.041	0.010	0.010	0.010	0.010	0.010	0.010	
0.071	0.071	0.071	0.071	0.071	0.072	0.072	0.073	0.073	0.073	0.073	0.073	0.073	0.073	0.073	0.073	0.073	0.073	0.073	0.073	0.041	0.010	0.010	0.010	0.010	0.010	0.010	0.010	
0.071	0.071	0.071	0.071	0.071	0.071	0.072	0.073	0.073	0.073	0.073	0.073	0.073	0.073	0.073	0.073	0.073	0.073	0.073	0.073	0.041	0.010	0.010	0.010	0.010	0.010	0.010	0.010	
0.071	0.071	0.071	0.071	0.071	0.071	0.072	0.073	0.073	0.073	0.073	0.073	0.073	0.073	0.073	0.073	0.073	0.073	0.073	0.073	0.041	0.010	0.010	0.010	0.010	0.010	0.010	0.010	
0.071	0.071	0.071	0.071	0.071	0.071	0.072	0.073	0.073	0.073	0.073	0.073	0.073	0.073	0.073	0.073	0.073	0.073	0.073	0.073	0.041	0.010	0.010	0.010	0.010	0.010	0.010	0.010	
0.071	0.071	0.071	0.071	0.071	0.071	0.072	0.073	0.073	0.073	0.073	0.073	0.073	0.073	0.073	0.073	0.073	0.073	0.073	0.041	0.041	0.010	0.010	0.010	0.010	0.010	0.010	0.010	
0.071	0.071	0.071	0.071	0.071	0.071	0.072	0.072	0.073	0.073	0.073	0.073	0.073	0.073	0.073	0.073	0.073	0.073	0.073	0.041	0.010	0.010	0.010	0.010	0.010	0.010	0.010	0.010	
0.071	0.071	0.071	0.071	0.071	0.071	0.071	0.072	0.073	0.073	0.073	0.073	0.073	0.073	0.073	0.073	0.073	0.073	0.073	0.041	0.010	0.010	0.010	0.010	0.010	0.010	0.010	0.010	
0.071	0.071	0.071	0.071	0.071	0.071	0.071	0.072	0.073	0.073	0.073	0.073	0.073	0.073	0.073	0.073	0.073	0.073	0.073	0.041	0.010	0.010	0.010	0.010	0.010	0.010	0.010	0.010	
0.071	0.071	0.071	0.071	0.071	0.071	0.071	0.072	0.073	0.073	0.073	0.073	0.073	0.073	0.073	0.073	0.073	0.073	0.073	0.041	0.010	0.010	0.010	0.010	0.010	0.010	0.010	0.010	
0.071	0.071	0.071	0.071	0.071	0.071	0.071	0.072	0.072	0.073	0.073	0.073	0.073	0.073	0.073	0.073	0.073	0.073	0.041	0.041	0.010	0.010	0.010	0.010	0.010	0.010	0.010	0.010	
0.071	0.071	0.071	0.071	0.071	0.071	0.071	0.071	0.072	0.073	0.073	0.073	0.073	0.073	0.073	0.073	0.073	0.073	0.041	0.010	0.010	0.010	0.010	0.010	0.010	0.010	0.010	0.010	
0.071	0.071	0.071	0.071	0.071	0.071	0.071	0.071	0.072	0.073	0.073	0.073	0.073	0.073	0.073	0.073	0.073	0.073	0.041	0.010	0.010	0.010	0.010	0.010	0.010	0.010	0.010	0.010	
0.071	0.071	0.071	0.071	0.071	0.071	0.071	0.071	0.072	0.073	0.073	0.073	0.073	0.073	0.073	0.073	0.073	0.073	0.041	0.010	0.010	0.010	0.010	0.010	0.010	0.010	0.010	0.010	
0.071	0.071	0.071	0.071	0.071	0.071	0.071	0.071	0.072	0.073	0.073	0.073	0.073	0.073	0.073	0.073	0.073	0.073	0.041	0.010	0.010	0.010	0.010	0.010	0.010	0.010	0.010	0.010	
0.071	0.071	0.071	0.071	0.071	0.071	0.071	0.071	0.072	0.072	0.073	0.073	0.073	0.073	0.073	0.073	0.073	0.041	0.041	0.010	0.010	0.010	0.010	0.010	0.010	0.010	0.010	0.010	
0.071	0.071	0.071	0.071	0.071	0.071	0.071	0.071	0.071	0.072	0.073	0.073	0.073	0.073	0.073	0.073	0.073	0.048	0.010	0.010	0.010	0.010	0.010	0.010	0.010	0.010	0.010	0.010	
0.071	0.071	0.071	0.071	0.071	0.071	0.071	0.071	0.071	0.072	0.073	0.073	0.073	0.073	0.073	0.073	0.073	0.048	0.010	0.010	0.010	0.010	0.010	0.010	0.010	0.010	0.010	0.010	
0.071	0.071	0.071	0.071	0.071	0.071	0.071	0.071	0.071	0.072	0.073	0.073	0.073	0.073	0.073	0.073	0.073	0.048	0.010	0.010	0.010	0.010	0.010	0.010	0.010	0.010	0.010	0.010	
0.051	0.071	0.071	0.071	0.071	0.071	0.071	0.071	0.071	0.072	0.072	0.073	0.073	0.073	0.073	0.073	0.067	0.048	0.010	0.010	0.010	0.010	0.010	0.010	0.010	0.010	0.010	0.026	
0.051	0.051	0.071	0.071	0.071	0.071	0.071	0.071	0.071	0.071	0.072	0.073	0.073	0.073	0.073	0.073	0.067	0.035	0.010	0.010	0.010	0.010	0.010	0.010	0.010	0.026	0.026	0.026	
0.032	0.051	0.051	0.071	0.071	0.071	0.071	0.071	0.071	0.071	0.072	0.073	0.073	0.073	0.073	0.067	0.067	0.035	0.010	0.010	0.010	0.010	0.010	0.010	0.026	0.026	0.041	0.041	
0.032	0.032	0.051	0.051	0.071	0.071	0.071	0.071	0.071	0.071	0.072	0.073	0.073	0.073	0.073	0.067	0.061	0.035	0.010	0.010	0.010	0.010	0.010	0.026	0.026	0.041	0.041	0.041	
0.032	0.032	0.032	0.051	0.051	0.071	0.071	0.071	0.071	0.071	0.077	0.079	0.073	0.073	0.073	0.067	0.061	0.035	0.010	0.010	0.010	0.010	0.026	0.026	0.041	0.041	0.041	0.041	
0.032	0.032	0.032	0.032	0.051	0.051	0.051	0.071	0.071	0.071	0.078	0.079	0.073	0.073	0.067	0.067	0.061	0.035	0.010	0.010	0.010	0.026	0.026	0.041	0.041	0.041	0.041	0.041	
0.031	0.031	0.032	0.032	0.032	0.032	0.051	0.051	0.071	0.071	0.078	0.079	0.079	0.082	0.075	0.061	0.061	0.035	0.010	0.010	0.026	0.026	0.041	0.041	0.041	0.041	0.041	0.021	
0.030	0.031	0.031	0.031	0.032	0.032	0.032	0.051	0.051	0.056	0.066	0.086	0.084	0.084	0.077	0.082	0.077	0.054	0.030	0.026	0.026	0.041	0.041	0.041	0.041	0.021	0.021	0.021	
0.030	0.030	0.030	0.031	0.031	0.032	0.032	0.032	0.048	0.056	0.064	0.078	0.095	0.099	0.092	0.092	0.092	0.072	0.030	0.034	0.041	0.041	0.041	0.021	0.021	0.021	0.000	0.000	
0.030	0.030	0.030	0.030	0.031	0.031	0.031	0.031	0.034	0.041	0.041	0.063	0.106	0.099	0.157	0.092	0.061	0.058	0.051	0.031	0.021	0.021	0.021	0.021	0.000	0.000	0.000	0.000	
0.030	0.030	0.030	0.030	0.030	0.030	0.031	0.031	0.036	0.037	0.041	0.073	0.070	0.170	0.157	0.154	0.061	0.040	0.027	0.025	0.014	0.021	0.000	0.000	0.000	0.000	0.000	0.000	
0.030	0.030	0.030	0.030	0.030	0.030	0.030	0.030	0.030	0.035	0.040	0.052	0.070	0.201	0.201	0.184	0.184	0.030	0.015	0.000	0.000	0.000	0.000	0.000	0.000	0.000	0.000	0.000	
0.030	0.030	0.030	0.030	0.030	0.030	0.030	0.030	0.000	0.000	0.000	0.000	0.064	0.064	0.201	0.338	0.030	0.030	0.015	0.000	0.000	0.000	0.000	0.000	0.000	0.000	0.000	0.000	
0.000	0.000	0.000	0.000	0.000	0.000	0.000	0.000	0.000	0.000	0.000	0.000	0.529	0.529	0.465	0.666	0.000	0.000	0.000	0.000	0.000	0.000	0.000	0.000	0.000	0.000	0.000	0.000	
0.000	0.000	0.000	0.000	0.000	0.000	0.000	0.000	0.000	0.000	0.000	0.000	0.993	0.993	0.993	0.993	0.000	0.000	0.000	0.000	0.000	0.000	0.000	0.000	0.000	0.000	0.000	0.000	
0.000	0.000	0.000	0.000	0.000	0.000	0.000	0.000	0.000	0.000	0.000	0.000	0.993	0.993	0.993	0.993	0.000	0.000	0.000	0.000	0.000	0.000	0.000	0.000	0.000	0.000	0.000	0.000	
0.000	0.000	0.000	0.000	0.000	0.000	0.000	0.000	0.000	0.000	0.000	0.000	0.993	0.993	0.993	0.993	0.000	0.000	0.000	0.000	0.000	0.000	0.000	0.000	0.000	0.000	0.000	0.000	
