0.051	0.051	0.051	0.051	0.051	0.051	0.051	0.051	0.051	0.051	0.051	0.051	0.051	0.051	0.051	0.051	0.051	0.051	0.051	0.051	0.051	0.051	0.051	0.051	0.033	0.014	0.014	0.014	
0.051	0.051	0.051	0.051	0.051	0.051	0.051	0.051	0.051	0.051	0.051	0.051	0.051	0.051	0.051	0.051	0.051	0.051	0.051	0.051	0.051	0.051	0.051	0.051	0.033	0.014	0.014	0.014	
0.051	0.051	0.051	0.051	0.051	0.051	0.051	0.051	0.051	0.051	0.051	0.051	0.051	0.051	0.051	0.051	0.051	0.051	0.051	0.051	0.051	0.051	0.051	0.051	0.033	0.014	0.014	0.014	
0.051	0.051	0.051	0.051	0.051	0.051	0.051	0.051	0.051	0.051	0.051	0.051	0.051	0.051	0.051	0.051	0.051	0.051	0.051	0.051	0.051	0.051	0.051	0.033	0.033	0.014	0.014	0.014	
0.051	0.051	0.051	0.051	0.051	0.051	0.051	0.051	0.051	0.051	0.051	0.051	0.051	0.051	0.051	0.051	0.051	0.051	0.051	0.051	0.051	0.051	0.051	0.033	0.014	0.014	0.014	0.014	
0.051	0.051	0.051	0.051	0.051	0.051	0.051	0.051	0.051	0.051	0.051	0.051	0.051	0.051	0.051	0.051	0.051	0.051	0.051	0.051	0.051	0.051	0.051	0.033	0.014	0.014	0.014	0.014	
0.051	0.051	0.051	0.051	0.051	0.051	0.051	0.051	0.051	0.051	0.051	0.051	0.051	0.051	0.051	0.051	0.051	0.051	0.051	0.051	0.051	0.051	0.051	0.033	0.014	0.014	0.014	0.014	
0.051	0.051	0.051	0.051	0.051	0.051	0.051	0.051	0.051	0.051	0.051	0.051	0.051	0.051	0.051	0.051	0.051	0.051	0.051	0.051	0.051	0.051	0.051	0.062	0.014	0.014	0.014	0.014	
0.051	0.051	0.051	0.051	0.051	0.051	0.051	0.051	0.051	0.051	0.051	0.051	0.051	0.051	0.051	0.051	0.051	0.051	0.051	0.051	0.051	0.051	0.062	0.062	0.014	0.014	0.014	0.014	
0.051	0.051	0.051	0.051	0.051	0.051	0.051	0.051	0.051	0.051	0.051	0.051	0.051	0.051	0.051	0.051	0.051	0.051	0.051	0.051	0.051	0.051	0.062	0.014	0.014	0.014	0.014	0.014	
0.051	0.051	0.051	0.051	0.051	0.051	0.051	0.051	0.051	0.051	0.051	0.051	0.051	0.051	0.051	0.051	0.051	0.051	0.051	0.051	0.051	0.051	0.062	0.014	0.014	0.014	0.014	0.014	
0.055	0.051	0.051	0.051	0.051	0.051	0.051	0.051	0.051	0.051	0.051	0.051	0.051	0.051	0.051	0.051	0.051	0.051	0.051	0.051	0.051	0.086	0.062	0.014	0.014	0.014	0.014	0.014	
0.055	0.051	0.051	0.051	0.051	0.051	0.051	0.051	0.051	0.051	0.051	0.051	0.051	0.051	0.051	0.051	0.051	0.051	0.051	0.051	0.051	0.086	0.068	0.014	0.014	0.014	0.014	0.014	
0.055	0.051	0.051	0.051	0.051	0.051	0.051	0.051	0.051	0.051	0.051	0.051	0.051	0.051	0.051	0.051	0.051	0.051	0.051	0.051	0.051	0.086	0.068	0.014	0.014	0.014	0.014	0.014	
0.055	0.055	0.051	0.051	0.051	0.051	0.051	0.051	0.051	0.051	0.051	0.051	0.051	0.051	0.051	0.051	0.051	0.051	0.051	0.051	0.051	0.062	0.068	0.014	0.014	0.014	0.014	0.014	
0.060	0.055	0.051	0.051	0.051	0.051	0.051	0.051	0.051	0.051	0.051	0.051	0.051	0.051	0.051	0.051	0.051	0.051	0.051	0.051	0.086	0.062	0.014	0.014	0.014	0.014	0.014	0.014	
0.060	0.055	0.051	0.051	0.051	0.051	0.051	0.051	0.051	0.051	0.051	0.051	0.051	0.051	0.051	0.051	0.051	0.051	0.051	0.051	0.086	0.068	0.014	0.014	0.014	0.014	0.014	0.014	
0.060	0.055	0.055	0.051	0.051	0.051	0.051	0.051	0.051	0.051	0.051	0.051	0.051	0.051	0.051	0.051	0.051	0.051	0.051	0.051	0.086	0.068	0.014	0.014	0.014	0.014	0.014	0.014	
0.060	0.060	0.055	0.051	0.051	0.051	0.051	0.051	0.051	0.051	0.051	0.051	0.051	0.051	0.051	0.051	0.051	0.051	0.051	0.051	0.086	0.068	0.014	0.014	0.014	0.014	0.014	0.014	
0.060	0.060	0.055	0.051	0.051	0.051	0.051	0.051	0.051	0.051	0.051	0.051	0.051	0.051	0.051	0.051	0.051	0.051	0.051	0.086	0.086	0.068	0.014	0.014	0.014	0.014	0.014	0.014	
0.060	0.060	0.055	0.055	0.051	0.051	0.051	0.051	0.051	0.051	0.051	0.051	0.051	0.051	0.051	0.051	0.051	0.051	0.051	0.086	0.122	0.068	0.014	0.014	0.014	0.014	0.014	0.014	
0.060	0.060	0.060	0.055	0.051	0.051	0.051	0.051	0.051	0.051	0.051	0.051	0.051	0.051	0.051	0.051	0.051	0.051	0.051	0.086	0.068	0.068	0.014	0.014	0.014	0.014	0.014	0.014	
0.060	0.060	0.060	0.055	0.051	0.051	0.051	0.051	0.051	0.051	0.051	0.051	0.051	0.051	0.051	0.051	0.051	0.051	0.051	0.086	0.068	0.014	0.014	0.014	0.014	0.014	0.014	0.014	
0.060	0.060	0.060	0.055	0.055	0.051	0.051	0.051	0.051	0.051	0.051	0.051	0.051	0.051	0.051	0.051	0.051	0.051	0.086	0.086	0.068	0.014	0.014	0.014	0.014	0.014	0.014	0.014	
0.060	0.060	0.060	0.060	0.055	0.051	0.051	0.051	0.051	0.051	0.051	0.051	0.051	0.051	0.051	0.051	0.051	0.051	0.086	0.122	0.068	0.014	0.014	0.014	0.014	0.014	0.014	0.014	
0.060	0.060	0.060	0.060	0.055	0.055	0.051	0.051	0.051	0.051	0.051	0.051	0.051	0.051	0.051	0.051	0.051	0.051	0.086	0.122	0.068	0.014	0.014	0.014	0.014	0.014	0.014	0.014	
0.060	0.060	0.060	0.060	0.060	0.055	0.051	0.051	0.051	0.051	0.051	0.051	0.051	0.051	0.051	0.051	0.051	0.086	0.086	0.122	0.068	0.014	0.014	0.014	0.014	0.014	0.014	0.014	
0.060	0.060	0.060	0.060	0.060	0.055	0.051	0.051	0.051	0.051	0.051	0.051	0.051	0.051	0.051	0.051	0.051	0.086	0.122	0.068	0.068	0.014	0.014	0.014	0.014	0.014	0.014	0.014	
0.060	0.060	0.060	0.060	0.060	0.055	0.055	0.051	0.051	0.051	0.051	0.051	0.051	0.051	0.051	0.051	0.051	0.086	0.122	0.068	0.014	0.014	0.014	0.014	0.014	0.014	0.014	0.014	
0.060	0.060	0.060	0.060	0.060	0.060	0.055	0.051	0.051	0.051	0.051	0.051	0.051	0.051	0.051	0.051	0.051	0.086	0.122	0.068	0.014	0.014	0.014	0.014	0.014	0.014	0.014	0.014	
0.060	0.060	0.060	0.060	0.060	0.060	0.055	0.051	0.051	0.051	0.051	0.051	0.051	0.051	0.051	0.051	0.086	0.086	0.122	0.068	0.014	0.014	0.014	0.014	0.014	0.014	0.014	0.014	
0.059	0.060	0.060	0.060	0.060	0.060	0.055	0.055	0.051	0.051	0.051	0.051	0.051	0.051	0.051	0.051	0.086	0.122	0.122	0.068	0.014	0.014	0.014	0.014	0.014	0.014	0.014	0.014	
0.059	0.060	0.060	0.060	0.060	0.060	0.060	0.055	0.051	0.051	0.051	0.051	0.051	0.051	0.051	0.051	0.086	0.122	0.122	0.068	0.014	0.014	0.014	0.014	0.014	0.014	0.014	0.014	
0.059	0.059	0.060	0.060	0.060	0.060	0.060	0.055	0.051	0.051	0.051	0.051	0.051	0.051	0.051	0.051	0.086	0.122	0.068	0.068	0.014	0.014	0.014	0.014	0.014	0.014	0.014	0.014	
0.058	0.059	0.059	0.060	0.060	0.060	0.060	0.055	0.055	0.051	0.051	0.051	0.051	0.051	0.051	0.086	0.086	0.122	0.068	0.014	0.014	0.014	0.014	0.014	0.014	0.014	0.014	0.014	
0.058	0.058	0.059	0.060	0.060	0.060	0.060	0.060	0.055	0.051	0.051	0.051	0.051	0.051	0.051	0.086	0.122	0.122	0.068	0.014	0.014	0.014	0.014	0.014	0.014	0.014	0.014	0.014	
0.058	0.058	0.059	0.059	0.060	0.060	0.060	0.060	0.055	0.051	0.051	0.051	0.051	0.051	0.051	0.086	0.122	0.122	0.068	0.014	0.014	0.014	0.014	0.014	0.014	0.014	0.014	0.059	
0.058	0.058	0.058	0.059	0.060	0.060	0.060	0.060	0.055	0.055	0.051	0.051	0.051	0.051	0.051	0.086	0.122	0.122	0.068	0.014	0.014	0.014	0.014	0.014	0.014	0.014	0.059	0.059	
0.058	0.058	0.058	0.059	0.059	0.060	0.060	0.060	0.060	0.055	0.051	0.051	0.051	0.051	0.086	0.086	0.122	0.122	0.068	0.014	0.014	0.014	0.014	0.014	0.014	0.059	0.059	0.104	
0.058	0.058	0.058	0.058	0.059	0.059	0.060	0.060	0.060	0.055	0.051	0.051	0.051	0.051	0.086	0.122	0.122	0.122	0.068	0.014	0.014	0.014	0.014	0.014	0.059	0.059	0.104	0.104	
0.058	0.058	0.058	0.058	0.058	0.059	0.060	0.060	0.060	0.055	0.055	0.051	0.051	0.051	0.086	0.122	0.122	0.077	0.068	0.014	0.014	0.014	0.014	0.059	0.059	0.104	0.104	0.104	
0.058	0.058	0.058	0.058	0.058	0.059	0.059	0.060	0.060	0.060	0.061	0.061	0.051	0.086	0.086	0.122	0.122	0.077	0.055	0.014	0.014	0.014	0.059	0.059	0.104	0.104	0.104	0.104	
0.050	0.050	0.058	0.058	0.058	0.058	0.059	0.060	0.060	0.065	0.065	0.061	0.081	0.098	0.122	0.122	0.108	0.108	0.055	0.014	0.014	0.059	0.059	0.104	0.104	0.104	0.104	0.067	
0.041	0.050	0.050	0.058	0.058	0.058	0.059	0.066	0.070	0.074	0.071	0.071	0.096	0.122	0.106	0.104	0.098	0.095	0.078	0.069	0.059	0.059	0.104	0.104	0.104	0.067	0.067	0.067	
0.041	0.041	0.050	0.050	0.058	0.058	0.069	0.069	0.070	0.075	0.081	0.085	0.096	0.108	0.099	0.076	0.121	0.143	0.137	0.069	0.081	0.104	0.104	0.104	0.067	0.067	0.030	0.030	
0.041	0.041	0.041	0.050	0.050	0.050	0.063	0.066	0.081	0.081	0.091	0.092	0.094	0.083	0.083	0.076	0.134	0.192	0.158	0.124	0.090	0.090	0.067	0.067	0.067	0.030	0.030	0.025	
0.031	0.031	0.041	0.041	0.041	0.050	0.051	0.067	0.076	0.081	0.078	0.086	0.084	0.068	0.059	0.151	0.161	0.122	0.122	0.072	0.082	0.073	0.059	0.030	0.030	0.025	0.025	0.025	
0.020	0.031	0.031	0.031	0.036	0.041	0.051	0.047	0.045	0.071	0.051	0.073	0.169	0.158	0.239	0.189	0.264	0.147	0.051	0.034	0.041	0.031	0.030	0.030	0.025	0.025	0.020	0.020	
0.020	0.020	0.020	0.031	0.030	0.040	0.034	0.035	0.034	0.040	0.042	0.043	0.142	0.338	0.239	0.336	0.173	0.132	0.024	0.034	0.024	0.031	0.025	0.023	0.025	0.020	0.020	0.020	
0.020	0.020	0.020	0.020	0.025	0.030	0.025	0.020	0.015	0.010	0.012	0.014	0.176	0.563	0.488	0.378	0.173	0.010	0.010	0.010	0.015	0.020	0.020	0.020	0.020	0.020	0.020	0.020	
0.000	0.000	0.000	0.000	0.000	0.000	0.000	0.020	0.015	0.010	0.010	0.000	0.380	0.380	0.789	0.399	0.010	0.010	0.010	0.000	0.000	0.000	0.000	0.000	0.000	0.000	0.000	0.000	
0.000	0.000	0.000	0.000	0.000	0.000	0.000	0.000	0.000	0.000	0.000	0.000	0.789	0.789	0.789	0.789	0.000	0.000	0.000	0.000	0.000	0.000	0.000	0.000	0.000	0.000	0.000	0.000	
0.000	0.000	0.000	0.000	0.000	0.000	0.000	0.000	0.000	0.000	0.000	0.000	0.789	0.789	0.789	0.789	0.000	0.000	0.000	0.000	0.000	0.000	0.000	0.000	0.000	0.000	0.000	0.000	
0.000	0.000	0.000	0.000	0.000	0.000	0.000	0.000	0.000	0.000	0.000	0.000	0.789	0.789	0.789	0.789	0.000	0.000	0.000	0.000	0.000	0.000	0.000	0.000	0.000	0.000	0.000	0.000	
0.000	0.000	0.000	0.000	0.000	0.000	0.000	0.000	0.000	0.000	0.000	0.000	0.789	0.789	0.789	0.789	0.000	0.000	0.000	0.000	0.000	0.000	0.000	0.000	0.000	0.000	0.000	0.000	
