0.305	0.305	0.305	0.305	0.305	0.305	0.305	0.305	0.305	0.305	0.305	0.305	0.305	0.366	0.428	0.428	0.428	0.428	0.428	0.428	0.428	0.428	0.428	0.428	0.428	0.428	0.428	0.428	
0.305	0.305	0.305	0.305	0.305	0.305	0.305	0.305	0.305	0.305	0.305	0.305	0.305	0.366	0.428	0.428	0.428	0.428	0.428	0.428	0.428	0.428	0.428	0.428	0.428	0.428	0.428	0.428	
0.305	0.305	0.305	0.305	0.305	0.305	0.305	0.305	0.305	0.305	0.305	0.305	0.305	0.366	0.428	0.428	0.428	0.428	0.428	0.428	0.428	0.428	0.428	0.428	0.428	0.428	0.428	0.428	
0.305	0.305	0.305	0.305	0.305	0.305	0.305	0.305	0.305	0.305	0.305	0.305	0.305	0.366	0.428	0.428	0.428	0.428	0.428	0.428	0.428	0.428	0.428	0.428	0.428	0.428	0.428	0.428	
0.305	0.305	0.305	0.305	0.305	0.305	0.305	0.305	0.305	0.305	0.305	0.305	0.305	0.366	0.428	0.428	0.428	0.428	0.428	0.428	0.428	0.428	0.428	0.428	0.428	0.428	0.428	0.428	
0.305	0.305	0.305	0.305	0.305	0.305	0.305	0.305	0.305	0.305	0.305	0.305	0.305	0.366	0.428	0.428	0.428	0.428	0.428	0.428	0.428	0.428	0.428	0.428	0.428	0.428	0.428	0.428	
0.305	0.305	0.305	0.305	0.305	0.305	0.305	0.305	0.305	0.305	0.305	0.305	0.305	0.366	0.428	0.428	0.428	0.428	0.428	0.428	0.428	0.428	0.428	0.428	0.428	0.428	0.428	0.428	
0.305	0.305	0.305	0.305	0.305	0.305	0.305	0.305	0.305	0.305	0.305	0.305	0.305	0.366	0.428	0.428	0.428	0.428	0.428	0.428	0.428	0.428	0.428	0.428	0.428	0.428	0.428	0.428	
0.305	0.305	0.305	0.305	0.305	0.305	0.305	0.305	0.305	0.305	0.305	0.305	0.305	0.366	0.428	0.428	0.428	0.428	0.428	0.428	0.428	0.428	0.428	0.428	0.428	0.428	0.428	0.428	
0.305	0.305	0.305	0.305	0.305	0.305	0.305	0.305	0.305	0.305	0.305	0.305	0.305	0.366	0.428	0.428	0.428	0.428	0.428	0.428	0.428	0.428	0.428	0.428	0.428	0.428	0.428	0.428	
0.305	0.305	0.305	0.305	0.305	0.305	0.305	0.305	0.305	0.305	0.305	0.305	0.305	0.366	0.428	0.428	0.428	0.428	0.428	0.428	0.428	0.428	0.428	0.428	0.428	0.428	0.428	0.428	
0.305	0.305	0.305	0.305	0.305	0.305	0.305	0.305	0.305	0.305	0.305	0.305	0.305	0.366	0.428	0.428	0.428	0.428	0.428	0.428	0.428	0.428	0.428	0.428	0.428	0.428	0.428	0.428	
0.305	0.305	0.305	0.305	0.305	0.305	0.305	0.305	0.305	0.305	0.305	0.305	0.305	0.366	0.428	0.428	0.428	0.428	0.428	0.428	0.428	0.428	0.428	0.428	0.428	0.428	0.428	0.428	
0.305	0.305	0.305	0.305	0.305	0.305	0.305	0.305	0.305	0.305	0.305	0.305	0.305	0.366	0.428	0.428	0.428	0.428	0.428	0.428	0.428	0.428	0.428	0.428	0.428	0.428	0.428	0.428	
0.336	0.305	0.305	0.305	0.305	0.305	0.305	0.305	0.305	0.305	0.305	0.305	0.305	0.366	0.428	0.428	0.428	0.428	0.428	0.428	0.428	0.428	0.428	0.428	0.428	0.428	0.428	0.428	
0.336	0.305	0.305	0.305	0.305	0.305	0.305	0.305	0.305	0.305	0.305	0.305	0.305	0.366	0.428	0.428	0.428	0.428	0.428	0.428	0.428	0.428	0.428	0.428	0.428	0.428	0.428	0.428	
0.336	0.305	0.305	0.305	0.305	0.305	0.305	0.305	0.305	0.305	0.305	0.305	0.305	0.366	0.428	0.428	0.428	0.428	0.428	0.428	0.428	0.428	0.428	0.428	0.428	0.428	0.428	0.428	
0.336	0.305	0.305	0.305	0.305	0.305	0.305	0.305	0.305	0.305	0.305	0.305	0.305	0.366	0.428	0.428	0.428	0.428	0.428	0.428	0.428	0.428	0.428	0.428	0.428	0.428	0.428	0.428	
0.336	0.336	0.305	0.305	0.305	0.305	0.305	0.305	0.305	0.305	0.305	0.305	0.305	0.366	0.428	0.428	0.428	0.428	0.428	0.428	0.428	0.428	0.428	0.428	0.428	0.428	0.428	0.428	
0.368	0.336	0.305	0.305	0.305	0.305	0.305	0.305	0.305	0.305	0.305	0.305	0.305	0.366	0.428	0.428	0.428	0.428	0.428	0.428	0.428	0.428	0.428	0.428	0.428	0.428	0.428	0.428	
0.368	0.336	0.305	0.305	0.305	0.305	0.305	0.305	0.305	0.305	0.305	0.305	0.305	0.366	0.428	0.428	0.428	0.428	0.428	0.428	0.428	0.428	0.428	0.428	0.428	0.428	0.428	0.428	
0.368	0.336	0.305	0.305	0.305	0.305	0.305	0.305	0.305	0.305	0.305	0.305	0.305	0.447	0.428	0.428	0.428	0.428	0.428	0.428	0.428	0.428	0.428	0.428	0.428	0.428	0.428	0.428	
0.368	0.336	0.336	0.305	0.305	0.305	0.305	0.305	0.305	0.305	0.305	0.305	0.305	0.447	0.428	0.428	0.428	0.428	0.428	0.428	0.428	0.428	0.428	0.428	0.428	0.428	0.428	0.428	
0.368	0.368	0.336	0.305	0.305	0.305	0.305	0.305	0.305	0.305	0.305	0.305	0.457	0.447	0.519	0.428	0.428	0.428	0.428	0.428	0.428	0.428	0.428	0.428	0.428	0.428	0.428	0.428	
0.368	0.368	0.336	0.305	0.305	0.305	0.305	0.305	0.305	0.305	0.305	0.305	0.457	0.610	0.519	0.428	0.428	0.428	0.428	0.428	0.428	0.428	0.428	0.428	0.428	0.428	0.428	0.428	
0.368	0.368	0.336	0.336	0.305	0.305	0.305	0.305	0.305	0.305	0.305	0.457	0.457	0.610	0.519	0.428	0.428	0.428	0.428	0.428	0.428	0.428	0.428	0.428	0.428	0.428	0.428	0.428	
0.368	0.368	0.368	0.336	0.305	0.305	0.305	0.305	0.305	0.305	0.305	0.457	0.610	0.610	0.519	0.428	0.428	0.428	0.428	0.428	0.428	0.428	0.428	0.428	0.428	0.428	0.428	0.428	
0.368	0.368	0.368	0.320	0.305	0.305	0.305	0.305	0.305	0.305	0.305	0.457	0.610	0.610	0.519	0.428	0.428	0.428	0.428	0.428	0.428	0.428	0.428	0.428	0.428	0.428	0.428	0.464	
0.368	0.368	0.368	0.320	0.296	0.305	0.305	0.305	0.305	0.305	0.457	0.457	0.610	0.610	0.519	0.519	0.428	0.428	0.428	0.428	0.428	0.428	0.428	0.428	0.428	0.428	0.464	0.464	
0.368	0.368	0.368	0.327	0.296	0.305	0.305	0.305	0.305	0.305	0.457	0.610	0.610	0.610	0.610	0.519	0.428	0.428	0.428	0.428	0.428	0.428	0.428	0.428	0.428	0.428	0.464	0.500	
0.368	0.368	0.368	0.327	0.296	0.296	0.305	0.305	0.305	0.305	0.457	0.610	0.610	0.610	0.610	0.519	0.428	0.428	0.428	0.428	0.428	0.428	0.428	0.428	0.428	0.464	0.464	0.500	
0.368	0.368	0.368	0.327	0.286	0.296	0.296	0.305	0.305	0.457	0.457	0.610	0.610	0.610	0.610	0.533	0.495	0.495	0.428	0.428	0.428	0.428	0.428	0.428	0.464	0.464	0.500	0.500	
0.368	0.368	0.368	0.327	0.286	0.286	0.260	0.248	0.248	0.287	0.610	0.610	0.610	0.610	0.610	0.586	0.563	0.495	0.495	0.495	0.428	0.546	0.546	0.546	0.531	0.500	0.500	0.500	
0.426	0.368	0.411	0.369	0.286	0.238	0.238	0.190	0.190	0.281	0.327	0.327	0.610	0.610	0.586	0.586	0.563	0.563	0.563	0.495	0.552	0.546	0.665	0.665	0.582	0.500	0.500	0.500	
0.426	0.426	0.435	0.370	0.370	0.310	0.190	0.190	0.117	0.117	0.045	0.327	0.266	0.379	0.518	0.473	0.563	0.563	0.563	0.614	0.614	0.665	0.665	0.665	0.582	0.500	0.500	0.500	
0.484	0.484	0.469	0.453	0.453	0.322	0.190	0.190	0.141	0.117	0.045	0.094	0.190	0.263	0.382	0.473	0.473	0.563	0.614	0.614	0.665	0.665	0.665	0.582	0.582	0.500	0.500	0.500	
0.484	0.484	0.469	0.453	0.453	0.290	0.203	0.209	0.190	0.230	0.250	0.215	0.263	0.382	0.382	0.382	0.515	0.582	0.609	0.632	0.665	0.665	0.665	0.488	0.400	0.500	0.500	0.500	
0.375	0.350	0.412	0.377	0.377	0.327	0.228	0.209	0.384	0.460	0.597	0.446	0.263	0.382	0.382	0.491	0.491	0.600	0.600	0.632	0.632	0.665	0.482	0.482	0.400	0.530	0.646	0.646	
0.267	0.283	0.300	0.300	0.422	0.357	0.386	0.481	0.481	0.642	0.597	0.441	0.421	0.382	0.382	0.491	0.600	0.600	0.600	0.600	0.483	0.383	0.482	0.300	0.300	0.546	0.791	0.791	
0.267	0.283	0.283	0.223	0.330	0.544	0.386	0.502	0.733	0.736	0.738	0.738	0.560	0.466	0.330	0.420	0.600	0.600	0.432	0.432	0.349	0.242	0.242	0.300	0.300	0.546	0.791	0.791	
0.267	0.627	0.518	0.478	0.345	0.345	0.544	0.502	0.639	0.736	0.738	0.738	0.508	0.466	0.279	0.366	0.341	0.361	0.432	0.263	0.224	0.184	0.476	0.622	0.622	0.678	0.791	0.791	
0.627	0.627	0.987	0.566	0.146	0.345	0.345	0.582	0.633	0.697	0.679	0.500	0.386	0.279	0.279	0.250	0.221	0.242	0.263	0.263	0.224	0.184	0.564	0.943	0.943	0.867	0.867	0.867	
0.627	0.987	0.987	0.476	0.220	0.220	0.401	0.582	0.620	0.620	0.381	0.381	0.303	0.384	0.279	0.250	0.221	0.242	0.242	0.253	0.230	0.184	0.564	0.943	0.943	0.943	0.597	0.662	
0.987	0.987	0.641	0.641	0.295	0.295	0.414	0.620	0.620	0.620	0.381	0.141	0.316	0.384	0.471	0.381	0.433	0.232	0.232	0.243	0.389	0.389	0.564	0.943	0.834	0.640	0.597	0.251	
0.987	0.693	0.641	0.295	0.310	0.310	0.414	0.473	0.620	0.620	0.381	0.141	0.316	0.490	0.568	0.645	0.433	0.462	0.492	0.492	0.492	0.462	0.648	0.834	0.834	0.488	0.251	0.251	
0.892	0.693	0.546	0.472	0.472	0.326	0.326	0.506	0.506	0.493	0.466	0.389	0.422	0.563	0.568	0.645	0.645	0.692	0.740	0.740	0.740	0.740	0.732	0.725	0.725	0.488	0.488	0.251	
0.796	0.796	0.796	0.796	0.561	0.326	0.449	0.449	0.573	0.604	0.636	0.636	0.636	0.563	0.590	0.452	0.452	0.548	0.500	0.740	0.570	0.570	0.622	0.725	0.725	0.790	0.610	0.552	
0.796	0.796	0.796	0.796	0.561	0.565	0.449	0.573	0.573	0.443	0.379	0.379	0.813	0.813	0.633	0.452	0.260	0.260	0.467	0.570	0.570	0.400	0.563	0.563	0.790	0.790	0.854	0.854	
0.796	0.796	0.796	0.796	0.796	0.565	0.573	0.573	0.347	0.347	0.122	0.379	0.582	0.990	0.625	0.625	0.260	0.260	0.330	0.400	0.400	0.400	0.400	0.660	0.790	0.854	0.854	0.854	
0.796	0.796	0.796	0.796	0.796	0.685	0.573	0.573	0.347	0.122	0.122	0.556	0.556	0.990	0.990	0.625	0.260	0.260	0.330	0.400	0.400	0.400	0.400	0.660	0.627	0.854	0.854	0.854	
0.796	0.796	0.796	0.796	0.796	0.796	0.000	0.000	0.000	0.000	0.000	0.000	0.990	0.990	0.990	0.625	0.000	0.000	0.400	0.400	0.400	0.400	0.400	0.400	0.627	0.854	0.854	0.854	
0.000	0.000	0.000	0.000	0.000	0.000	0.000	0.000	0.000	0.000	0.000	0.000	0.990	0.990	0.990	0.990	0.000	0.000	0.000	0.000	0.000	0.000	0.000	0.000	0.000	0.000	0.000	0.000	
0.000	0.000	0.000	0.000	0.000	0.000	0.000	0.000	0.000	0.000	0.000	0.000	0.990	0.990	0.990	0.990	0.000	0.000	0.000	0.000	0.000	0.000	0.000	0.000	0.000	0.000	0.000	0.000	
0.000	0.000	0.000	0.000	0.000	0.000	0.000	0.000	0.000	0.000	0.000	0.000	0.990	0.990	0.990	0.990	0.000	0.000	0.000	0.000	0.000	0.000	0.000	0.000	0.000	0.000	0.000	0.000	
0.000	0.000	0.000	0.000	0.000	0.000	0.000	0.000	0.000	0.000	0.000	0.000	0.990	0.990	0.990	0.990	0.000	0.000	0.000	0.000	0.000	0.000	0.000	0.000	0.000	0.000	0.000	0.000	
