0.054	0.054	0.054	0.054	0.054	0.054	0.045	0.045	0.036	0.036	0.036	0.036	0.036	0.036	0.036	0.036	0.109	0.182	0.182	0.182	0.182	0.182	0.182	0.182	0.182	0.182	0.182	0.182	
0.054	0.054	0.054	0.054	0.054	0.054	0.054	0.045	0.036	0.036	0.036	0.036	0.036	0.036	0.036	0.036	0.109	0.182	0.182	0.182	0.182	0.182	0.182	0.182	0.182	0.182	0.182	0.182	
0.054	0.054	0.054	0.054	0.054	0.054	0.054	0.045	0.036	0.036	0.036	0.036	0.036	0.036	0.036	0.036	0.109	0.182	0.182	0.182	0.182	0.182	0.182	0.182	0.182	0.182	0.182	0.182	
0.054	0.054	0.054	0.054	0.054	0.054	0.054	0.045	0.036	0.036	0.036	0.036	0.036	0.036	0.036	0.036	0.109	0.182	0.182	0.182	0.182	0.182	0.182	0.182	0.182	0.182	0.182	0.182	
0.054	0.054	0.054	0.054	0.054	0.054	0.054	0.045	0.036	0.036	0.036	0.036	0.036	0.036	0.036	0.036	0.109	0.182	0.182	0.182	0.182	0.182	0.182	0.182	0.182	0.182	0.182	0.182	
0.054	0.054	0.054	0.054	0.054	0.054	0.054	0.045	0.036	0.036	0.036	0.036	0.036	0.036	0.036	0.036	0.109	0.182	0.182	0.182	0.182	0.182	0.182	0.182	0.182	0.182	0.182	0.182	
0.054	0.054	0.054	0.054	0.054	0.054	0.054	0.045	0.036	0.036	0.036	0.036	0.036	0.036	0.036	0.036	0.109	0.182	0.182	0.182	0.182	0.182	0.182	0.182	0.182	0.182	0.182	0.182	
0.054	0.054	0.054	0.054	0.054	0.054	0.054	0.045	0.036	0.036	0.036	0.036	0.036	0.036	0.036	0.036	0.109	0.182	0.182	0.182	0.182	0.182	0.182	0.182	0.182	0.182	0.182	0.182	
0.054	0.054	0.054	0.054	0.054	0.054	0.054	0.045	0.036	0.036	0.036	0.036	0.036	0.036	0.036	0.036	0.109	0.182	0.182	0.182	0.182	0.182	0.182	0.182	0.182	0.182	0.182	0.182	
0.054	0.054	0.054	0.054	0.054	0.054	0.054	0.045	0.036	0.036	0.036	0.036	0.036	0.036	0.036	0.036	0.109	0.182	0.182	0.182	0.182	0.182	0.182	0.182	0.182	0.182	0.182	0.182	
0.054	0.054	0.054	0.054	0.054	0.054	0.054	0.045	0.036	0.036	0.036	0.036	0.036	0.036	0.036	0.036	0.109	0.182	0.182	0.182	0.182	0.182	0.182	0.182	0.182	0.182	0.182	0.182	
0.054	0.054	0.054	0.054	0.054	0.054	0.054	0.045	0.045	0.036	0.036	0.036	0.036	0.036	0.036	0.036	0.109	0.182	0.182	0.182	0.182	0.182	0.182	0.182	0.182	0.182	0.182	0.182	
0.054	0.054	0.054	0.054	0.054	0.054	0.054	0.054	0.045	0.036	0.036	0.036	0.036	0.036	0.036	0.036	0.109	0.182	0.182	0.182	0.182	0.182	0.182	0.182	0.182	0.182	0.182	0.182	
0.054	0.054	0.054	0.054	0.054	0.054	0.054	0.054	0.045	0.036	0.036	0.036	0.036	0.036	0.036	0.036	0.109	0.182	0.182	0.182	0.182	0.182	0.182	0.182	0.182	0.182	0.182	0.182	
0.054	0.054	0.054	0.054	0.054	0.054	0.054	0.054	0.045	0.036	0.036	0.036	0.036	0.036	0.036	0.036	0.109	0.182	0.182	0.182	0.182	0.182	0.182	0.182	0.182	0.182	0.182	0.182	
0.054	0.054	0.054	0.054	0.054	0.054	0.054	0.054	0.045	0.036	0.036	0.036	0.036	0.036	0.036	0.036	0.109	0.182	0.182	0.182	0.182	0.182	0.182	0.182	0.182	0.182	0.182	0.182	
0.054	0.054	0.054	0.054	0.054	0.054	0.054	0.054	0.045	0.036	0.036	0.036	0.036	0.036	0.036	0.036	0.109	0.182	0.182	0.182	0.182	0.182	0.182	0.182	0.182	0.182	0.182	0.182	
0.054	0.054	0.054	0.054	0.054	0.054	0.054	0.054	0.045	0.036	0.036	0.036	0.036	0.036	0.036	0.036	0.109	0.182	0.182	0.182	0.182	0.182	0.182	0.182	0.182	0.182	0.182	0.182	
0.054	0.054	0.054	0.054	0.054	0.054	0.054	0.054	0.045	0.036	0.036	0.036	0.036	0.036	0.036	0.109	0.109	0.182	0.182	0.182	0.182	0.182	0.182	0.182	0.182	0.182	0.182	0.182	
0.054	0.054	0.054	0.054	0.054	0.054	0.054	0.054	0.045	0.036	0.036	0.036	0.036	0.036	0.036	0.109	0.182	0.182	0.182	0.182	0.182	0.182	0.182	0.182	0.182	0.182	0.182	0.182	
0.054	0.054	0.054	0.054	0.054	0.054	0.054	0.054	0.045	0.036	0.036	0.036	0.036	0.036	0.036	0.109	0.182	0.182	0.182	0.182	0.182	0.182	0.182	0.182	0.182	0.182	0.182	0.182	
0.054	0.054	0.054	0.054	0.054	0.054	0.054	0.054	0.045	0.036	0.036	0.036	0.036	0.036	0.036	0.109	0.182	0.182	0.182	0.182	0.182	0.182	0.182	0.182	0.182	0.182	0.182	0.182	
0.054	0.054	0.054	0.054	0.054	0.054	0.054	0.054	0.045	0.036	0.036	0.036	0.036	0.036	0.036	0.109	0.182	0.182	0.182	0.182	0.182	0.182	0.182	0.182	0.182	0.182	0.182	0.182	
0.054	0.054	0.054	0.054	0.054	0.054	0.054	0.054	0.045	0.045	0.036	0.036	0.036	0.036	0.036	0.109	0.182	0.182	0.182	0.182	0.182	0.182	0.182	0.182	0.182	0.182	0.182	0.182	
0.054	0.054	0.054	0.054	0.054	0.054	0.054	0.054	0.054	0.045	0.036	0.036	0.036	0.036	0.036	0.094	0.182	0.182	0.182	0.182	0.182	0.182	0.182	0.182	0.182	0.182	0.182	0.182	
0.054	0.054	0.054	0.054	0.054	0.054	0.054	0.054	0.054	0.045	0.036	0.036	0.036	0.036	0.036	0.094	0.182	0.182	0.182	0.182	0.182	0.182	0.182	0.182	0.182	0.182	0.182	0.182	
0.054	0.054	0.054	0.054	0.054	0.054	0.054	0.054	0.054	0.045	0.036	0.036	0.036	0.036	0.036	0.094	0.182	0.182	0.182	0.182	0.182	0.182	0.182	0.182	0.182	0.182	0.182	0.182	
0.054	0.054	0.054	0.054	0.054	0.054	0.054	0.054	0.054	0.045	0.036	0.036	0.036	0.036	0.036	0.094	0.182	0.182	0.182	0.182	0.182	0.182	0.182	0.182	0.182	0.182	0.182	0.182	
0.054	0.054	0.054	0.054	0.054	0.054	0.054	0.054	0.054	0.045	0.036	0.036	0.036	0.036	0.036	0.094	0.182	0.182	0.182	0.182	0.182	0.182	0.182	0.182	0.182	0.182	0.182	0.182	
0.032	0.054	0.054	0.054	0.054	0.054	0.054	0.054	0.054	0.045	0.036	0.036	0.036	0.036	0.036	0.094	0.123	0.182	0.182	0.182	0.182	0.182	0.182	0.182	0.182	0.182	0.182	0.182	
0.032	0.054	0.054	0.054	0.054	0.054	0.054	0.054	0.054	0.045	0.036	0.036	0.036	0.036	0.050	0.050	0.123	0.182	0.182	0.182	0.182	0.182	0.182	0.182	0.182	0.182	0.182	0.107	
0.032	0.032	0.054	0.054	0.054	0.054	0.054	0.054	0.054	0.045	0.036	0.036	0.036	0.036	0.050	0.064	0.123	0.182	0.182	0.182	0.182	0.182	0.182	0.182	0.182	0.182	0.107	0.107	
0.010	0.032	0.054	0.054	0.054	0.054	0.054	0.054	0.054	0.045	0.036	0.036	0.036	0.036	0.050	0.064	0.123	0.182	0.182	0.182	0.182	0.182	0.182	0.182	0.182	0.182	0.107	0.032	
0.010	0.032	0.032	0.054	0.054	0.054	0.054	0.054	0.054	0.045	0.036	0.036	0.036	0.036	0.050	0.064	0.123	0.182	0.182	0.182	0.182	0.182	0.182	0.182	0.182	0.107	0.107	0.032	
0.010	0.010	0.032	0.054	0.054	0.054	0.054	0.054	0.054	0.045	0.036	0.036	0.036	0.036	0.050	0.064	0.123	0.182	0.182	0.182	0.182	0.182	0.182	0.182	0.182	0.107	0.032	0.032	
0.010	0.010	0.032	0.032	0.054	0.054	0.054	0.054	0.054	0.045	0.045	0.036	0.036	0.036	0.050	0.064	0.123	0.182	0.182	0.182	0.182	0.182	0.182	0.182	0.107	0.107	0.032	0.032	
0.010	0.010	0.010	0.032	0.032	0.054	0.054	0.054	0.054	0.054	0.045	0.036	0.036	0.036	0.050	0.064	0.123	0.182	0.182	0.182	0.182	0.182	0.182	0.107	0.107	0.032	0.032	0.032	
0.010	0.010	0.010	0.010	0.032	0.054	0.054	0.054	0.054	0.054	0.045	0.036	0.036	0.036	0.050	0.064	0.123	0.182	0.182	0.182	0.182	0.182	0.182	0.107	0.032	0.032	0.032	0.032	
0.010	0.010	0.010	0.010	0.032	0.032	0.054	0.054	0.054	0.054	0.045	0.036	0.036	0.050	0.050	0.064	0.123	0.182	0.182	0.182	0.182	0.182	0.107	0.107	0.032	0.032	0.032	0.032	
0.010	0.010	0.010	0.010	0.010	0.032	0.054	0.054	0.054	0.054	0.045	0.036	0.036	0.050	0.064	0.064	0.123	0.182	0.182	0.182	0.182	0.182	0.107	0.032	0.032	0.032	0.032	0.032	
0.010	0.010	0.010	0.010	0.010	0.032	0.032	0.054	0.054	0.054	0.045	0.036	0.036	0.050	0.064	0.064	0.123	0.182	0.182	0.182	0.182	0.107	0.107	0.032	0.032	0.032	0.032	0.026	
0.010	0.010	0.010	0.010	0.010	0.010	0.032	0.054	0.054	0.054	0.045	0.036	0.036	0.050	0.064	0.064	0.123	0.182	0.182	0.182	0.107	0.107	0.032	0.032	0.032	0.032	0.026	0.026	
0.051	0.010	0.010	0.010	0.010	0.010	0.032	0.032	0.054	0.054	0.045	0.036	0.036	0.050	0.064	0.064	0.133	0.182	0.182	0.182	0.107	0.032	0.032	0.032	0.032	0.026	0.026	0.020	
0.051	0.051	0.051	0.010	0.010	0.010	0.010	0.026	0.034	0.049	0.045	0.044	0.043	0.050	0.064	0.109	0.133	0.168	0.182	0.096	0.107	0.032	0.032	0.032	0.026	0.026	0.020	0.020	
0.092	0.092	0.051	0.051	0.051	0.010	0.010	0.012	0.034	0.038	0.045	0.044	0.050	0.057	0.071	0.106	0.153	0.136	0.128	0.096	0.032	0.032	0.026	0.026	0.026	0.020	0.020	0.020	
0.071	0.092	0.092	0.092	0.051	0.051	0.053	0.040	0.014	0.029	0.045	0.059	0.066	0.075	0.075	0.148	0.148	0.139	0.073	0.045	0.045	0.027	0.026	0.020	0.020	0.020	0.020	0.035	
0.071	0.071	0.071	0.092	0.092	0.092	0.066	0.055	0.063	0.046	0.069	0.064	0.081	0.087	0.106	0.146	0.192	0.119	0.082	0.065	0.030	0.025	0.020	0.020	0.020	0.035	0.035	0.035	
0.050	0.050	0.071	0.071	0.071	0.077	0.083	0.095	0.088	0.080	0.081	0.082	0.097	0.112	0.167	0.186	0.192	0.105	0.092	0.061	0.030	0.033	0.035	0.035	0.035	0.035	0.050	0.050	
0.050	0.050	0.050	0.050	0.071	0.068	0.078	0.082	0.088	0.085	0.093	0.101	0.105	0.188	0.188	0.162	0.111	0.105	0.061	0.061	0.047	0.040	0.040	0.035	0.050	0.050	0.050	0.050	
0.050	0.050	0.050	0.050	0.050	0.055	0.061	0.075	0.090	0.090	0.105	0.120	0.314	0.302	0.488	0.147	0.147	0.030	0.045	0.061	0.055	0.050	0.050	0.050	0.050	0.050	0.050	0.050	
0.000	0.000	0.000	0.000	0.000	0.000	0.000	0.090	0.090	0.090	0.090	0.000	0.415	0.711	0.488	0.488	0.000	0.000	0.061	0.061	0.061	0.000	0.050	0.000	0.000	0.000	0.000	0.000	
0.000	0.000	0.000	0.000	0.000	0.000	0.000	0.000	0.000	0.000	0.000	0.000	0.711	0.711	0.711	0.711	0.000	0.000	0.000	0.000	0.000	0.000	0.000	0.000	0.000	0.000	0.000	0.000	
0.000	0.000	0.000	0.000	0.000	0.000	0.000	0.000	0.000	0.000	0.000	0.000	0.857	0.857	0.857	0.857	0.000	0.000	0.000	0.000	0.000	0.000	0.000	0.000	0.000	0.000	0.000	0.000	
0.000	0.000	0.000	0.000	0.000	0.000	0.000	0.000	0.000	0.000	0.000	0.000	1.003	1.003	1.003	1.003	0.000	0.000	0.000	0.000	0.000	0.000	0.000	0.000	0.000	0.000	0.000	0.000	
0.000	0.000	0.000	0.000	0.000	0.000	0.000	0.000	0.000	0.000	0.000	0.000	1.003	1.003	1.003	1.003	0.000	0.000	0.000	0.000	0.000	0.000	0.000	0.000	0.000	0.000	0.000	0.000	
