0.020	0.020	0.020	0.020	0.037	0.054	0.054	0.054	0.054	0.054	0.054	0.054	0.054	0.054	0.054	0.054	0.054	0.054	0.054	0.054	0.054	0.054	0.054	0.054	0.054	0.054	0.054	0.054	
0.020	0.020	0.020	0.020	0.037	0.054	0.054	0.054	0.054	0.054	0.054	0.054	0.054	0.054	0.054	0.054	0.054	0.054	0.054	0.054	0.054	0.054	0.054	0.054	0.054	0.054	0.054	0.054	
0.020	0.020	0.020	0.020	0.037	0.054	0.054	0.054	0.054	0.054	0.054	0.054	0.054	0.054	0.054	0.054	0.054	0.054	0.054	0.054	0.054	0.054	0.054	0.054	0.054	0.054	0.054	0.054	
0.020	0.020	0.020	0.020	0.037	0.037	0.054	0.054	0.054	0.054	0.054	0.054	0.054	0.054	0.054	0.054	0.054	0.054	0.054	0.054	0.054	0.054	0.054	0.054	0.054	0.054	0.054	0.054	
0.020	0.020	0.020	0.020	0.020	0.037	0.054	0.054	0.054	0.054	0.054	0.054	0.054	0.054	0.054	0.054	0.054	0.054	0.054	0.054	0.054	0.054	0.054	0.054	0.054	0.054	0.054	0.054	
0.020	0.020	0.020	0.020	0.020	0.037	0.054	0.054	0.054	0.054	0.054	0.054	0.054	0.054	0.054	0.054	0.054	0.054	0.054	0.054	0.054	0.054	0.054	0.054	0.054	0.054	0.054	0.054	
0.020	0.020	0.020	0.020	0.020	0.049	0.054	0.054	0.054	0.054	0.054	0.054	0.054	0.054	0.054	0.054	0.054	0.054	0.054	0.054	0.054	0.054	0.054	0.054	0.054	0.054	0.054	0.054	
0.020	0.020	0.020	0.020	0.020	0.049	0.054	0.054	0.054	0.054	0.054	0.054	0.054	0.054	0.054	0.054	0.054	0.054	0.054	0.054	0.054	0.054	0.054	0.054	0.054	0.054	0.054	0.054	
0.020	0.020	0.020	0.020	0.020	0.049	0.063	0.054	0.054	0.054	0.054	0.054	0.054	0.054	0.054	0.054	0.054	0.054	0.054	0.054	0.054	0.054	0.054	0.054	0.054	0.054	0.054	0.054	
0.020	0.020	0.020	0.020	0.020	0.046	0.049	0.054	0.054	0.054	0.054	0.054	0.054	0.054	0.054	0.054	0.054	0.054	0.054	0.054	0.054	0.054	0.054	0.054	0.054	0.054	0.054	0.054	
0.020	0.020	0.020	0.020	0.020	0.020	0.049	0.054	0.054	0.054	0.054	0.054	0.054	0.054	0.054	0.054	0.054	0.054	0.054	0.054	0.054	0.054	0.054	0.054	0.054	0.054	0.054	0.054	
0.020	0.020	0.020	0.020	0.020	0.020	0.049	0.054	0.054	0.054	0.054	0.054	0.054	0.054	0.054	0.054	0.054	0.054	0.054	0.054	0.054	0.054	0.054	0.054	0.054	0.054	0.054	0.054	
0.020	0.020	0.020	0.020	0.020	0.020	0.049	0.063	0.054	0.054	0.054	0.054	0.054	0.054	0.054	0.054	0.054	0.054	0.054	0.054	0.054	0.054	0.054	0.054	0.054	0.054	0.054	0.054	
0.020	0.020	0.020	0.020	0.020	0.020	0.046	0.063	0.054	0.054	0.054	0.054	0.054	0.054	0.054	0.054	0.054	0.054	0.054	0.054	0.054	0.054	0.054	0.054	0.054	0.054	0.054	0.045	
0.020	0.020	0.020	0.020	0.020	0.020	0.046	0.063	0.054	0.054	0.054	0.054	0.054	0.054	0.054	0.054	0.054	0.054	0.054	0.054	0.054	0.054	0.054	0.054	0.054	0.054	0.054	0.045	
0.020	0.020	0.020	0.020	0.020	0.020	0.046	0.063	0.054	0.054	0.054	0.054	0.054	0.054	0.054	0.054	0.054	0.054	0.054	0.054	0.054	0.054	0.054	0.054	0.054	0.054	0.045	0.045	
0.020	0.020	0.020	0.020	0.020	0.020	0.046	0.063	0.063	0.054	0.054	0.054	0.054	0.054	0.054	0.054	0.054	0.054	0.054	0.054	0.054	0.054	0.054	0.054	0.054	0.054	0.045	0.036	
0.020	0.020	0.020	0.020	0.020	0.020	0.046	0.046	0.063	0.054	0.054	0.054	0.054	0.054	0.054	0.054	0.054	0.054	0.054	0.054	0.054	0.054	0.054	0.054	0.054	0.054	0.045	0.036	
0.020	0.020	0.020	0.020	0.020	0.020	0.020	0.046	0.063	0.054	0.054	0.054	0.054	0.054	0.054	0.054	0.054	0.054	0.054	0.054	0.054	0.054	0.054	0.054	0.054	0.045	0.045	0.036	
0.020	0.020	0.020	0.020	0.020	0.020	0.020	0.046	0.063	0.054	0.054	0.054	0.054	0.054	0.054	0.054	0.054	0.054	0.054	0.054	0.054	0.054	0.054	0.054	0.054	0.045	0.036	0.036	
0.020	0.020	0.020	0.020	0.020	0.020	0.020	0.046	0.063	0.063	0.054	0.054	0.054	0.054	0.054	0.054	0.054	0.054	0.054	0.054	0.054	0.054	0.054	0.054	0.054	0.045	0.036	0.036	
0.020	0.020	0.020	0.020	0.020	0.020	0.020	0.046	0.072	0.063	0.054	0.054	0.054	0.054	0.054	0.054	0.054	0.054	0.054	0.054	0.054	0.054	0.054	0.054	0.045	0.045	0.036	0.036	
0.020	0.020	0.020	0.020	0.020	0.020	0.020	0.046	0.072	0.063	0.054	0.054	0.054	0.054	0.054	0.054	0.054	0.054	0.054	0.054	0.054	0.054	0.054	0.054	0.045	0.036	0.036	0.036	
0.020	0.020	0.020	0.020	0.020	0.020	0.020	0.046	0.072	0.063	0.054	0.054	0.054	0.054	0.054	0.054	0.054	0.054	0.054	0.054	0.054	0.054	0.054	0.054	0.045	0.036	0.036	0.036	
0.020	0.020	0.020	0.020	0.020	0.020	0.020	0.046	0.072	0.063	0.063	0.054	0.054	0.054	0.054	0.054	0.054	0.054	0.054	0.054	0.054	0.054	0.054	0.045	0.045	0.036	0.036	0.036	
0.020	0.020	0.020	0.020	0.020	0.020	0.020	0.046	0.046	0.072	0.063	0.054	0.054	0.054	0.054	0.054	0.054	0.054	0.054	0.054	0.054	0.054	0.054	0.045	0.036	0.036	0.036	0.036	
0.020	0.020	0.020	0.020	0.020	0.020	0.020	0.020	0.046	0.072	0.063	0.054	0.054	0.054	0.054	0.054	0.054	0.054	0.054	0.054	0.054	0.054	0.054	0.045	0.036	0.036	0.036	0.036	
0.020	0.020	0.020	0.020	0.020	0.020	0.020	0.020	0.046	0.072	0.063	0.054	0.054	0.054	0.054	0.054	0.054	0.054	0.054	0.054	0.054	0.054	0.045	0.045	0.036	0.036	0.036	0.036	
0.020	0.020	0.020	0.020	0.020	0.020	0.020	0.020	0.046	0.072	0.063	0.063	0.054	0.054	0.054	0.054	0.054	0.054	0.054	0.054	0.054	0.054	0.045	0.036	0.036	0.036	0.036	0.036	
0.020	0.020	0.020	0.020	0.020	0.020	0.020	0.020	0.046	0.072	0.072	0.063	0.054	0.054	0.054	0.054	0.054	0.054	0.054	0.054	0.054	0.045	0.045	0.036	0.036	0.036	0.036	0.036	
0.020	0.020	0.020	0.020	0.020	0.020	0.020	0.020	0.046	0.072	0.072	0.063	0.054	0.054	0.054	0.054	0.054	0.054	0.054	0.054	0.054	0.045	0.036	0.036	0.036	0.036	0.036	0.036	
0.020	0.020	0.020	0.020	0.020	0.020	0.020	0.020	0.046	0.072	0.072	0.063	0.054	0.054	0.054	0.054	0.054	0.054	0.054	0.054	0.054	0.045	0.036	0.036	0.036	0.036	0.036	0.039	
0.020	0.020	0.020	0.020	0.020	0.020	0.020	0.020	0.046	0.046	0.072	0.063	0.063	0.054	0.054	0.054	0.054	0.054	0.054	0.054	0.045	0.045	0.036	0.036	0.036	0.036	0.036	0.039	
0.020	0.020	0.020	0.020	0.020	0.020	0.020	0.020	0.020	0.046	0.072	0.072	0.063	0.054	0.054	0.054	0.054	0.054	0.054	0.054	0.045	0.036	0.036	0.036	0.036	0.036	0.039	0.039	
0.020	0.020	0.020	0.020	0.020	0.020	0.020	0.020	0.020	0.046	0.072	0.072	0.063	0.054	0.054	0.054	0.054	0.054	0.054	0.054	0.045	0.036	0.036	0.036	0.036	0.036	0.039	0.041	
0.020	0.020	0.020	0.020	0.020	0.020	0.020	0.020	0.020	0.046	0.072	0.072	0.063	0.054	0.054	0.054	0.054	0.054	0.054	0.045	0.045	0.036	0.036	0.036	0.036	0.039	0.039	0.041	
0.015	0.020	0.020	0.020	0.020	0.020	0.020	0.020	0.020	0.046	0.072	0.072	0.063	0.063	0.054	0.054	0.054	0.054	0.054	0.045	0.036	0.036	0.036	0.036	0.036	0.039	0.041	0.041	
0.015	0.015	0.020	0.020	0.020	0.020	0.020	0.020	0.020	0.046	0.072	0.072	0.072	0.063	0.054	0.054	0.054	0.054	0.054	0.045	0.036	0.036	0.036	0.036	0.039	0.039	0.041	0.041	
0.010	0.015	0.015	0.020	0.020	0.020	0.020	0.020	0.020	0.051	0.072	0.072	0.072	0.063	0.054	0.054	0.054	0.054	0.045	0.045	0.036	0.036	0.036	0.039	0.039	0.041	0.041	0.041	
0.010	0.010	0.015	0.015	0.020	0.020	0.020	0.020	0.020	0.051	0.066	0.072	0.072	0.063	0.054	0.054	0.054	0.054	0.045	0.036	0.036	0.036	0.036	0.039	0.041	0.041	0.041	0.041	
0.010	0.010	0.010	0.015	0.015	0.020	0.020	0.020	0.020	0.040	0.066	0.072	0.072	0.063	0.063	0.054	0.054	0.037	0.045	0.036	0.036	0.036	0.039	0.039	0.041	0.041	0.041	0.041	
0.015	0.010	0.010	0.010	0.015	0.015	0.020	0.020	0.020	0.040	0.066	0.066	0.072	0.072	0.063	0.054	0.038	0.037	0.029	0.036	0.036	0.036	0.039	0.041	0.041	0.041	0.041	0.041	
0.015	0.015	0.010	0.010	0.010	0.015	0.015	0.020	0.040	0.040	0.061	0.066	0.072	0.065	0.061	0.045	0.038	0.022	0.029	0.036	0.036	0.039	0.039	0.041	0.041	0.041	0.041	0.041	
0.020	0.015	0.015	0.010	0.010	0.010	0.015	0.017	0.032	0.037	0.061	0.084	0.096	0.083	0.058	0.040	0.022	0.022	0.030	0.036	0.036	0.038	0.041	0.041	0.041	0.041	0.056	0.056	
0.020	0.020	0.015	0.015	0.010	0.010	0.012	0.014	0.014	0.042	0.056	0.077	0.120	0.080	0.052	0.039	0.029	0.030	0.030	0.035	0.036	0.039	0.041	0.041	0.056	0.056	0.056	0.071	
0.020	0.020	0.020	0.015	0.015	0.015	0.015	0.017	0.014	0.029	0.051	0.110	0.113	0.090	0.048	0.048	0.036	0.034	0.032	0.034	0.036	0.047	0.058	0.056	0.056	0.071	0.071	0.071	
0.025	0.025	0.020	0.020	0.017	0.015	0.020	0.019	0.018	0.027	0.037	0.077	0.109	0.109	0.165	0.114	0.063	0.053	0.056	0.049	0.060	0.050	0.058	0.071	0.071	0.071	0.055	0.055	
0.030	0.025	0.025	0.025	0.030	0.035	0.035	0.031	0.022	0.038	0.022	0.094	0.158	0.275	0.165	0.180	0.090	0.075	0.070	0.081	0.065	0.063	0.061	0.060	0.055	0.055	0.055	0.040	
0.030	0.030	0.030	0.033	0.035	0.035	0.040	0.037	0.048	0.038	0.064	0.094	0.290	0.346	0.313	0.140	0.070	0.075	0.070	0.064	0.065	0.054	0.057	0.054	0.055	0.040	0.040	0.040	
0.030	0.030	0.030	0.040	0.050	0.050	0.050	0.051	0.060	0.070	0.085	0.100	0.355	0.610	0.313	0.060	0.060	0.060	0.060	0.055	0.050	0.050	0.050	0.045	0.040	0.040	0.040	0.040	
0.000	0.000	0.000	0.050	0.050	0.050	0.050	0.051	0.051	0.070	0.085	0.100	0.355	0.610	0.335	0.060	0.000	0.000	0.060	0.060	0.000	0.000	0.000	0.000	0.000	0.000	0.000	0.000	
0.000	0.000	0.000	0.000	0.000	0.000	0.000	0.000	0.000	0.000	0.000	0.000	0.806	0.806	0.557	0.530	0.000	0.000	0.000	0.000	0.000	0.000	0.000	0.000	0.000	0.000	0.000	0.000	
0.000	0.000	0.000	0.000	0.000	0.000	0.000	0.000	0.000	0.000	0.000	0.000	1.001	1.001	1.001	1.001	0.000	0.000	0.000	0.000	0.000	0.000	0.000	0.000	0.000	0.000	0.000	0.000	
0.000	0.000	0.000	0.000	0.000	0.000	0.000	0.000	0.000	0.000	0.000	0.000	1.001	1.001	1.001	1.001	0.000	0.000	0.000	0.000	0.000	0.000	0.000	0.000	0.000	0.000	0.000	0.000	
0.000	0.000	0.000	0.000	0.000	0.000	0.000	0.000	0.000	0.000	0.000	0.000	1.001	1.001	1.001	1.001	0.000	0.000	0.000	0.000	0.000	0.000	0.000	0.000	0.000	0.000	0.000	0.000	
