0.250	0.250	0.250	0.250	0.250	0.250	0.250	0.250	0.250	0.250	0.250	0.250	0.250	0.250	0.250	0.250	0.250	0.355	0.461	0.461	0.461	0.461	0.461	0.461	0.461	0.461	0.461	0.461	
0.250	0.250	0.250	0.250	0.250	0.250	0.250	0.250	0.250	0.250	0.250	0.250	0.250	0.250	0.250	0.250	0.250	0.355	0.461	0.461	0.461	0.461	0.461	0.461	0.461	0.461	0.461	0.461	
0.250	0.250	0.250	0.250	0.250	0.250	0.250	0.250	0.250	0.250	0.250	0.250	0.250	0.250	0.250	0.250	0.250	0.355	0.461	0.461	0.461	0.461	0.461	0.461	0.461	0.461	0.461	0.461	
0.250	0.250	0.250	0.250	0.250	0.250	0.250	0.250	0.250	0.250	0.250	0.250	0.250	0.250	0.250	0.250	0.250	0.355	0.461	0.461	0.461	0.461	0.461	0.461	0.461	0.461	0.461	0.461	
0.250	0.250	0.250	0.250	0.250	0.250	0.250	0.250	0.250	0.250	0.250	0.250	0.250	0.250	0.250	0.250	0.250	0.355	0.461	0.461	0.461	0.461	0.461	0.461	0.461	0.461	0.461	0.461	
0.250	0.250	0.250	0.250	0.250	0.250	0.250	0.250	0.250	0.250	0.250	0.250	0.250	0.250	0.250	0.250	0.250	0.355	0.461	0.461	0.461	0.461	0.461	0.461	0.461	0.461	0.461	0.461	
0.250	0.250	0.250	0.250	0.250	0.250	0.250	0.250	0.250	0.250	0.250	0.250	0.250	0.250	0.250	0.250	0.250	0.355	0.461	0.461	0.461	0.461	0.461	0.461	0.461	0.461	0.461	0.461	
0.250	0.250	0.250	0.250	0.250	0.250	0.250	0.250	0.250	0.250	0.250	0.250	0.250	0.250	0.250	0.250	0.355	0.355	0.461	0.461	0.461	0.461	0.461	0.461	0.461	0.461	0.461	0.461	
0.250	0.250	0.250	0.250	0.250	0.250	0.250	0.250	0.250	0.250	0.250	0.250	0.250	0.250	0.250	0.250	0.355	0.461	0.461	0.461	0.461	0.461	0.461	0.461	0.461	0.461	0.461	0.461	
0.250	0.250	0.250	0.250	0.250	0.250	0.250	0.250	0.250	0.250	0.250	0.250	0.250	0.250	0.250	0.250	0.355	0.461	0.461	0.461	0.461	0.461	0.461	0.461	0.461	0.461	0.461	0.461	
0.250	0.250	0.250	0.250	0.250	0.250	0.250	0.250	0.250	0.250	0.250	0.250	0.250	0.250	0.250	0.250	0.355	0.461	0.461	0.461	0.461	0.461	0.461	0.461	0.461	0.461	0.461	0.461	
0.250	0.250	0.250	0.250	0.250	0.250	0.250	0.250	0.250	0.250	0.250	0.250	0.250	0.250	0.250	0.250	0.355	0.461	0.461	0.461	0.461	0.461	0.461	0.461	0.461	0.461	0.461	0.461	
0.250	0.250	0.250	0.250	0.250	0.250	0.250	0.250	0.250	0.250	0.250	0.250	0.250	0.250	0.250	0.250	0.355	0.461	0.461	0.461	0.461	0.461	0.461	0.461	0.461	0.461	0.461	0.461	
0.250	0.250	0.250	0.250	0.250	0.250	0.250	0.250	0.250	0.250	0.250	0.250	0.250	0.250	0.250	0.250	0.355	0.461	0.461	0.461	0.461	0.461	0.461	0.461	0.461	0.461	0.461	0.461	
0.250	0.250	0.250	0.250	0.250	0.250	0.250	0.250	0.250	0.250	0.250	0.250	0.250	0.250	0.250	0.250	0.355	0.461	0.461	0.461	0.461	0.461	0.461	0.461	0.461	0.461	0.461	0.461	
0.250	0.250	0.250	0.250	0.250	0.250	0.250	0.250	0.250	0.250	0.250	0.250	0.250	0.250	0.250	0.355	0.355	0.461	0.461	0.461	0.461	0.461	0.461	0.461	0.461	0.461	0.461	0.461	
0.250	0.250	0.250	0.250	0.250	0.250	0.250	0.250	0.250	0.250	0.250	0.250	0.250	0.250	0.250	0.355	0.461	0.461	0.461	0.461	0.461	0.461	0.461	0.461	0.461	0.461	0.461	0.461	
0.250	0.250	0.250	0.250	0.250	0.250	0.250	0.250	0.250	0.250	0.250	0.250	0.250	0.250	0.250	0.355	0.461	0.461	0.461	0.461	0.461	0.461	0.461	0.461	0.461	0.461	0.461	0.461	
0.308	0.250	0.250	0.250	0.250	0.250	0.250	0.250	0.250	0.250	0.250	0.250	0.250	0.250	0.250	0.355	0.461	0.461	0.461	0.461	0.461	0.461	0.461	0.461	0.461	0.461	0.461	0.461	
0.308	0.250	0.250	0.250	0.250	0.250	0.250	0.250	0.250	0.250	0.250	0.250	0.250	0.250	0.250	0.355	0.461	0.461	0.461	0.461	0.461	0.461	0.461	0.461	0.461	0.461	0.461	0.461	
0.308	0.250	0.250	0.250	0.250	0.250	0.250	0.250	0.250	0.250	0.250	0.250	0.250	0.250	0.250	0.355	0.461	0.461	0.461	0.461	0.461	0.461	0.461	0.461	0.461	0.461	0.461	0.461	
0.308	0.308	0.250	0.250	0.250	0.250	0.250	0.250	0.250	0.250	0.250	0.250	0.250	0.250	0.250	0.355	0.461	0.461	0.461	0.461	0.461	0.461	0.461	0.461	0.461	0.461	0.461	0.461	
0.367	0.308	0.250	0.250	0.250	0.250	0.250	0.250	0.250	0.250	0.250	0.250	0.250	0.250	0.355	0.355	0.461	0.461	0.461	0.461	0.461	0.461	0.461	0.461	0.461	0.461	0.461	0.461	
0.367	0.308	0.250	0.250	0.250	0.250	0.250	0.250	0.250	0.250	0.250	0.250	0.250	0.250	0.355	0.461	0.461	0.461	0.461	0.461	0.461	0.461	0.461	0.461	0.461	0.461	0.461	0.461	
0.367	0.308	0.308	0.250	0.250	0.250	0.250	0.250	0.250	0.250	0.250	0.250	0.250	0.250	0.355	0.461	0.461	0.461	0.461	0.461	0.461	0.461	0.461	0.461	0.461	0.461	0.461	0.461	
0.367	0.367	0.308	0.250	0.250	0.250	0.250	0.250	0.250	0.250	0.250	0.250	0.250	0.250	0.355	0.461	0.461	0.461	0.461	0.461	0.461	0.461	0.461	0.461	0.461	0.461	0.461	0.461	
0.367	0.367	0.287	0.247	0.250	0.250	0.250	0.250	0.250	0.250	0.250	0.250	0.250	0.250	0.355	0.461	0.461	0.461	0.461	0.461	0.461	0.461	0.461	0.461	0.461	0.461	0.461	0.461	
0.367	0.367	0.305	0.247	0.250	0.250	0.250	0.250	0.250	0.250	0.250	0.250	0.250	0.250	0.367	0.461	0.461	0.461	0.461	0.461	0.461	0.461	0.461	0.461	0.461	0.461	0.461	0.461	
0.367	0.367	0.305	0.287	0.247	0.250	0.250	0.250	0.250	0.250	0.250	0.250	0.250	0.320	0.367	0.461	0.461	0.461	0.461	0.461	0.461	0.461	0.461	0.461	0.461	0.461	0.461	0.397	
0.367	0.367	0.367	0.305	0.247	0.250	0.250	0.250	0.250	0.250	0.250	0.250	0.250	0.320	0.425	0.425	0.461	0.461	0.461	0.461	0.461	0.461	0.461	0.461	0.461	0.461	0.397	0.397	
0.367	0.367	0.367	0.305	0.247	0.247	0.250	0.250	0.250	0.250	0.250	0.250	0.320	0.320	0.390	0.425	0.461	0.461	0.461	0.461	0.461	0.461	0.461	0.461	0.461	0.397	0.397	0.333	
0.367	0.367	0.367	0.305	0.244	0.247	0.247	0.250	0.250	0.250	0.250	0.250	0.320	0.390	0.390	0.425	0.461	0.461	0.461	0.461	0.461	0.461	0.461	0.461	0.461	0.397	0.333	0.333	
0.367	0.367	0.367	0.305	0.244	0.244	0.247	0.250	0.250	0.250	0.250	0.304	0.320	0.390	0.390	0.425	0.461	0.461	0.461	0.461	0.461	0.461	0.461	0.461	0.397	0.397	0.333	0.333	
0.367	0.367	0.367	0.305	0.244	0.244	0.232	0.226	0.226	0.261	0.261	0.304	0.390	0.390	0.390	0.425	0.425	0.461	0.461	0.461	0.461	0.461	0.461	0.397	0.397	0.333	0.333	0.333	
0.367	0.367	0.367	0.305	0.244	0.244	0.222	0.201	0.226	0.241	0.272	0.331	0.331	0.390	0.390	0.390	0.424	0.461	0.461	0.461	0.461	0.461	0.397	0.397	0.333	0.333	0.333	0.333	
0.340	0.367	0.367	0.310	0.281	0.281	0.255	0.201	0.201	0.237	0.272	0.272	0.331	0.390	0.390	0.405	0.424	0.441	0.441	0.441	0.461	0.433	0.400	0.333	0.333	0.333	0.333	0.333	
0.340	0.340	0.340	0.333	0.319	0.319	0.244	0.207	0.207	0.228	0.272	0.292	0.325	0.351	0.321	0.354	0.420	0.420	0.420	0.429	0.433	0.433	0.369	0.333	0.333	0.333	0.333	0.333	
0.313	0.313	0.313	0.316	0.319	0.319	0.295	0.212	0.212	0.268	0.296	0.302	0.313	0.319	0.321	0.337	0.337	0.420	0.413	0.413	0.405	0.405	0.369	0.333	0.333	0.333	0.333	0.333	
0.313	0.313	0.271	0.287	0.274	0.300	0.295	0.283	0.266	0.266	0.320	0.316	0.313	0.283	0.253	0.253	0.337	0.420	0.413	0.405	0.405	0.319	0.324	0.283	0.333	0.333	0.333	0.333	
0.313	0.271	0.271	0.228	0.228	0.291	0.354	0.283	0.296	0.320	0.320	0.306	0.300	0.284	0.328	0.328	0.359	0.363	0.350	0.405	0.405	0.319	0.233	0.283	0.283	0.333	0.333	0.333	
0.402	0.344	0.359	0.228	0.226	0.269	0.354	0.354	0.359	0.362	0.337	0.303	0.287	0.270	0.314	0.403	0.403	0.314	0.315	0.281	0.283	0.283	0.233	0.233	0.344	0.399	0.399	0.399	
0.490	0.490	0.359	0.314	0.226	0.289	0.342	0.402	0.402	0.403	0.345	0.345	0.287	0.287	0.323	0.403	0.314	0.314	0.225	0.218	0.212	0.223	0.223	0.349	0.349	0.465	0.465	0.465	
0.490	0.490	0.490	0.357	0.224	0.224	0.337	0.449	0.426	0.403	0.403	0.345	0.284	0.284	0.323	0.302	0.284	0.224	0.225	0.218	0.212	0.212	0.223	0.289	0.465	0.465	0.465	0.465	
0.490	0.490	0.490	0.357	0.246	0.246	0.314	0.449	0.426	0.426	0.294	0.289	0.251	0.281	0.281	0.252	0.224	0.225	0.225	0.221	0.219	0.229	0.229	0.308	0.356	0.465	0.465	0.465	
0.484	0.484	0.484	0.365	0.324	0.269	0.359	0.329	0.359	0.326	0.285	0.184	0.233	0.281	0.252	0.252	0.224	0.225	0.226	0.226	0.228	0.229	0.247	0.247	0.329	0.370	0.370	0.370	
0.484	0.479	0.479	0.479	0.374	0.269	0.234	0.296	0.268	0.268	0.226	0.184	0.256	0.256	0.250	0.208	0.208	0.192	0.177	0.177	0.236	0.247	0.247	0.261	0.261	0.275	0.275	0.275	
0.479	0.479	0.479	0.479	0.374	0.315	0.234	0.233	0.233	0.268	0.226	0.243	0.243	0.301	0.247	0.192	0.192	0.160	0.128	0.177	0.242	0.308	0.308	0.297	0.275	0.275	0.275	0.275	
0.479	0.479	0.479	0.479	0.324	0.282	0.184	0.198	0.212	0.219	0.201	0.234	0.241	0.301	0.224	0.185	0.192	0.160	0.128	0.134	0.212	0.369	0.369	0.285	0.242	0.242	0.275	0.275	
0.479	0.479	0.324	0.324	0.324	0.170	0.184	0.180	0.184	0.170	0.175	0.180	0.437	0.372	0.239	0.185	0.185	0.159	0.134	0.134	0.255	0.369	0.289	0.289	0.210	0.242	0.242	0.242	
0.479	0.324	0.324	0.170	0.170	0.170	0.170	0.170	0.170	0.170	0.175	0.180	0.505	0.504	0.504	0.177	0.177	0.159	0.140	0.140	0.255	0.255	0.289	0.210	0.210	0.210	0.210	0.242	
0.000	0.000	0.000	0.000	0.000	0.000	0.000	0.170	0.170	0.170	0.170	0.000	0.505	0.830	0.504	0.504	0.177	0.159	0.140	0.140	0.140	0.255	0.289	0.210	0.210	0.210	0.210	0.210	
0.000	0.000	0.000	0.000	0.000	0.000	0.000	0.000	0.000	0.000	0.000	0.000	0.830	0.830	0.830	0.504	0.000	0.000	0.000	0.000	0.000	0.000	0.000	0.000	0.000	0.000	0.000	0.000	
0.000	0.000	0.000	0.000	0.000	0.000	0.000	0.000	0.000	0.000	0.000	0.000	0.830	0.830	0.830	0.830	0.000	0.000	0.000	0.000	0.000	0.000	0.000	0.000	0.000	0.000	0.000	0.000	
0.000	0.000	0.000	0.000	0.000	0.000	0.000	0.000	0.000	0.000	0.000	0.000	0.830	0.830	0.830	0.830	0.000	0.000	0.000	0.000	0.000	0.000	0.000	0.000	0.000	0.000	0.000	0.000	
0.000	0.000	0.000	0.000	0.000	0.000	0.000	0.000	0.000	0.000	0.000	0.000	0.830	0.830	0.830	0.830	0.000	0.000	0.000	0.000	0.000	0.000	0.000	0.000	0.000	0.000	0.000	0.000	
