0.091	0.091	0.091	0.091	0.091	0.091	0.091	0.109	0.127	0.127	0.127	0.142	0.156	0.156	0.156	0.156	0.156	0.156	0.156	0.156	0.156	0.156	0.156	0.156	0.156	0.156	0.146	0.136	
0.091	0.091	0.091	0.091	0.091	0.091	0.091	0.109	0.127	0.127	0.127	0.142	0.156	0.156	0.156	0.156	0.156	0.156	0.156	0.156	0.156	0.156	0.156	0.156	0.156	0.156	0.146	0.136	
0.091	0.091	0.091	0.091	0.091	0.091	0.091	0.109	0.127	0.127	0.127	0.142	0.156	0.156	0.156	0.156	0.156	0.156	0.156	0.156	0.156	0.156	0.156	0.156	0.156	0.156	0.146	0.136	
0.091	0.091	0.091	0.091	0.091	0.091	0.091	0.109	0.127	0.127	0.127	0.142	0.156	0.156	0.156	0.156	0.156	0.156	0.156	0.156	0.156	0.156	0.156	0.156	0.156	0.156	0.146	0.136	
0.091	0.091	0.091	0.091	0.091	0.091	0.091	0.109	0.127	0.127	0.127	0.142	0.156	0.156	0.156	0.156	0.156	0.156	0.156	0.156	0.156	0.156	0.156	0.156	0.156	0.146	0.146	0.136	
0.091	0.091	0.091	0.091	0.091	0.091	0.091	0.109	0.127	0.127	0.127	0.142	0.156	0.156	0.156	0.156	0.156	0.156	0.156	0.156	0.156	0.156	0.156	0.156	0.156	0.146	0.136	0.136	
0.091	0.091	0.091	0.091	0.091	0.091	0.091	0.109	0.127	0.127	0.127	0.142	0.156	0.156	0.156	0.156	0.156	0.156	0.156	0.156	0.156	0.156	0.156	0.156	0.156	0.146	0.136	0.136	
0.091	0.091	0.091	0.091	0.091	0.091	0.091	0.109	0.127	0.127	0.127	0.142	0.156	0.156	0.156	0.156	0.156	0.156	0.156	0.156	0.156	0.156	0.156	0.156	0.156	0.146	0.136	0.136	
0.091	0.091	0.091	0.091	0.091	0.091	0.091	0.109	0.127	0.127	0.127	0.142	0.156	0.156	0.156	0.156	0.156	0.156	0.156	0.156	0.156	0.156	0.156	0.156	0.156	0.146	0.136	0.136	
0.091	0.091	0.091	0.091	0.091	0.091	0.091	0.109	0.127	0.127	0.127	0.142	0.156	0.156	0.156	0.156	0.156	0.156	0.156	0.156	0.156	0.156	0.156	0.156	0.146	0.146	0.136	0.136	
0.091	0.091	0.091	0.091	0.091	0.091	0.091	0.109	0.109	0.127	0.127	0.142	0.156	0.156	0.156	0.156	0.156	0.156	0.156	0.156	0.156	0.156	0.156	0.156	0.146	0.136	0.136	0.136	
0.091	0.091	0.091	0.091	0.091	0.091	0.091	0.091	0.109	0.127	0.127	0.142	0.156	0.156	0.156	0.156	0.156	0.156	0.156	0.156	0.156	0.156	0.156	0.156	0.146	0.136	0.136	0.136	
0.091	0.091	0.091	0.091	0.091	0.091	0.091	0.091	0.109	0.127	0.127	0.142	0.142	0.156	0.156	0.156	0.156	0.156	0.156	0.156	0.156	0.156	0.156	0.156	0.146	0.136	0.136	0.136	
0.091	0.091	0.091	0.091	0.091	0.091	0.091	0.091	0.109	0.127	0.127	0.127	0.142	0.156	0.156	0.156	0.156	0.156	0.156	0.156	0.156	0.156	0.156	0.146	0.146	0.136	0.136	0.136	
0.091	0.091	0.091	0.091	0.091	0.091	0.091	0.091	0.109	0.127	0.127	0.127	0.142	0.156	0.156	0.156	0.156	0.156	0.156	0.156	0.156	0.156	0.156	0.146	0.136	0.136	0.136	0.136	
0.091	0.091	0.091	0.091	0.091	0.091	0.091	0.091	0.109	0.127	0.127	0.127	0.142	0.156	0.156	0.156	0.156	0.156	0.156	0.156	0.156	0.156	0.156	0.146	0.136	0.136	0.136	0.136	
0.091	0.091	0.091	0.091	0.091	0.091	0.091	0.091	0.109	0.127	0.127	0.127	0.142	0.156	0.156	0.156	0.156	0.156	0.156	0.156	0.156	0.156	0.156	0.146	0.136	0.136	0.136	0.136	
0.091	0.091	0.091	0.091	0.091	0.091	0.091	0.091	0.109	0.127	0.127	0.127	0.142	0.156	0.156	0.156	0.156	0.156	0.156	0.156	0.156	0.156	0.156	0.146	0.136	0.136	0.136	0.136	
0.091	0.091	0.091	0.091	0.091	0.091	0.091	0.091	0.109	0.127	0.127	0.127	0.142	0.156	0.156	0.156	0.156	0.156	0.156	0.156	0.156	0.156	0.146	0.146	0.136	0.136	0.136	0.136	
0.091	0.091	0.091	0.091	0.091	0.091	0.091	0.091	0.109	0.127	0.127	0.127	0.142	0.156	0.156	0.156	0.156	0.156	0.156	0.156	0.156	0.156	0.146	0.136	0.136	0.136	0.136	0.136	
0.091	0.091	0.091	0.091	0.091	0.091	0.091	0.091	0.109	0.127	0.127	0.127	0.142	0.156	0.156	0.156	0.156	0.156	0.156	0.156	0.156	0.156	0.146	0.136	0.136	0.136	0.136	0.136	
0.091	0.091	0.091	0.091	0.091	0.091	0.091	0.091	0.109	0.127	0.127	0.127	0.142	0.156	0.156	0.156	0.156	0.156	0.156	0.156	0.156	0.156	0.146	0.136	0.136	0.136	0.136	0.136	
0.091	0.091	0.091	0.091	0.091	0.091	0.091	0.091	0.109	0.127	0.127	0.127	0.142	0.156	0.156	0.156	0.156	0.156	0.156	0.156	0.156	0.156	0.146	0.136	0.136	0.136	0.136	0.136	
0.091	0.091	0.091	0.091	0.091	0.091	0.091	0.091	0.109	0.109	0.127	0.127	0.142	0.156	0.156	0.156	0.156	0.156	0.156	0.156	0.156	0.146	0.146	0.136	0.136	0.136	0.136	0.136	
0.091	0.091	0.091	0.091	0.091	0.091	0.091	0.091	0.091	0.109	0.127	0.127	0.142	0.156	0.156	0.156	0.156	0.156	0.156	0.156	0.156	0.146	0.136	0.136	0.136	0.136	0.136	0.136	
0.091	0.091	0.091	0.091	0.091	0.091	0.091	0.091	0.091	0.109	0.127	0.127	0.142	0.156	0.156	0.156	0.156	0.156	0.156	0.156	0.156	0.146	0.136	0.136	0.136	0.136	0.136	0.136	
0.091	0.091	0.091	0.091	0.091	0.091	0.091	0.091	0.091	0.109	0.127	0.127	0.142	0.156	0.156	0.156	0.156	0.156	0.156	0.156	0.156	0.146	0.136	0.136	0.136	0.136	0.136	0.136	
0.091	0.091	0.091	0.091	0.091	0.091	0.091	0.091	0.091	0.109	0.127	0.127	0.142	0.156	0.156	0.156	0.156	0.156	0.156	0.156	0.156	0.146	0.136	0.136	0.136	0.136	0.136	0.136	
0.091	0.091	0.091	0.091	0.091	0.091	0.091	0.091	0.091	0.109	0.127	0.127	0.142	0.156	0.156	0.156	0.156	0.156	0.156	0.156	0.146	0.146	0.136	0.136	0.136	0.136	0.136	0.136	
0.091	0.091	0.091	0.091	0.091	0.091	0.091	0.091	0.091	0.109	0.127	0.127	0.142	0.142	0.156	0.156	0.156	0.156	0.156	0.156	0.146	0.136	0.136	0.136	0.136	0.136	0.136	0.136	
0.091	0.091	0.091	0.091	0.091	0.091	0.091	0.091	0.091	0.109	0.127	0.127	0.127	0.142	0.156	0.156	0.156	0.156	0.156	0.156	0.146	0.136	0.136	0.136	0.136	0.136	0.136	0.136	
0.091	0.091	0.091	0.091	0.091	0.091	0.091	0.091	0.091	0.109	0.127	0.127	0.127	0.142	0.156	0.156	0.156	0.156	0.156	0.156	0.146	0.136	0.136	0.136	0.136	0.136	0.136	0.136	
0.091	0.091	0.091	0.091	0.091	0.091	0.091	0.091	0.091	0.109	0.127	0.127	0.127	0.142	0.156	0.156	0.156	0.156	0.156	0.156	0.146	0.136	0.136	0.136	0.136	0.136	0.136	0.136	
0.091	0.091	0.091	0.091	0.091	0.091	0.091	0.091	0.091	0.109	0.127	0.127	0.127	0.142	0.156	0.156	0.156	0.156	0.156	0.146	0.146	0.136	0.136	0.136	0.136	0.136	0.136	0.136	
0.091	0.091	0.091	0.091	0.091	0.091	0.091	0.091	0.091	0.109	0.127	0.127	0.127	0.142	0.156	0.156	0.156	0.156	0.156	0.146	0.136	0.136	0.136	0.136	0.136	0.136	0.136	0.136	
0.091	0.091	0.091	0.091	0.091	0.091	0.091	0.091	0.091	0.109	0.127	0.127	0.127	0.142	0.156	0.156	0.156	0.156	0.156	0.146	0.136	0.136	0.136	0.136	0.136	0.136	0.136	0.136	
0.091	0.091	0.091	0.091	0.091	0.091	0.091	0.091	0.091	0.109	0.127	0.127	0.127	0.142	0.156	0.156	0.156	0.156	0.156	0.146	0.136	0.136	0.136	0.136	0.136	0.136	0.136	0.136	
0.091	0.091	0.091	0.091	0.091	0.091	0.091	0.091	0.091	0.109	0.109	0.127	0.127	0.142	0.156	0.156	0.156	0.156	0.156	0.146	0.136	0.136	0.136	0.136	0.136	0.136	0.136	0.136	
0.091	0.091	0.091	0.091	0.091	0.091	0.091	0.091	0.091	0.091	0.109	0.127	0.127	0.142	0.156	0.156	0.156	0.156	0.146	0.146	0.136	0.136	0.136	0.136	0.136	0.136	0.136	0.136	
0.091	0.091	0.091	0.091	0.091	0.091	0.091	0.091	0.091	0.091	0.109	0.127	0.127	0.142	0.156	0.156	0.156	0.156	0.146	0.136	0.136	0.136	0.136	0.136	0.136	0.136	0.136	0.136	
0.091	0.091	0.091	0.091	0.091	0.091	0.091	0.091	0.091	0.091	0.109	0.127	0.127	0.142	0.156	0.156	0.156	0.156	0.146	0.136	0.136	0.136	0.136	0.136	0.136	0.136	0.136	0.136	
0.091	0.091	0.091	0.091	0.091	0.091	0.091	0.091	0.091	0.091	0.109	0.127	0.127	0.142	0.156	0.156	0.156	0.156	0.146	0.136	0.136	0.136	0.136	0.136	0.136	0.136	0.136	0.136	
0.095	0.095	0.091	0.091	0.091	0.091	0.091	0.091	0.091	0.091	0.109	0.127	0.127	0.142	0.156	0.156	0.156	0.156	0.146	0.136	0.136	0.136	0.136	0.136	0.136	0.136	0.136	0.136	
0.100	0.095	0.095	0.091	0.091	0.091	0.091	0.091	0.091	0.091	0.109	0.127	0.127	0.142	0.156	0.156	0.156	0.146	0.146	0.136	0.136	0.136	0.136	0.136	0.136	0.136	0.136	0.136	
0.100	0.100	0.095	0.095	0.095	0.091	0.091	0.091	0.091	0.091	0.109	0.127	0.127	0.142	0.156	0.156	0.156	0.146	0.136	0.136	0.136	0.136	0.136	0.136	0.136	0.136	0.113	0.113	
0.100	0.100	0.100	0.100	0.095	0.095	0.091	0.091	0.091	0.091	0.109	0.127	0.127	0.155	0.155	0.156	0.156	0.146	0.136	0.136	0.136	0.136	0.136	0.113	0.113	0.113	0.113	0.090	
0.100	0.100	0.100	0.100	0.100	0.095	0.095	0.095	0.091	0.091	0.109	0.127	0.127	0.154	0.169	0.169	0.156	0.146	0.136	0.136	0.136	0.113	0.113	0.113	0.090	0.090	0.090	0.090	
0.100	0.100	0.100	0.100	0.100	0.100	0.100	0.095	0.095	0.091	0.119	0.134	0.154	0.154	0.181	0.149	0.133	0.134	0.136	0.113	0.113	0.113	0.090	0.090	0.090	0.090	0.090	0.090	
0.100	0.100	0.100	0.100	0.100	0.100	0.100	0.100	0.095	0.110	0.115	0.213	0.205	0.277	0.277	0.146	0.110	0.123	0.112	0.113	0.090	0.090	0.090	0.090	0.090	0.090	0.090	0.090	
0.100	0.100	0.100	0.100	0.100	0.100	0.100	0.100	0.100	0.120	0.140	0.256	0.372	0.372	0.221	0.146	0.110	0.110	0.100	0.090	0.090	0.090	0.090	0.090	0.090	0.090	0.090	0.090	
0.000	0.000	0.000	0.000	0.000	0.000	0.000	0.000	0.000	0.000	0.000	0.000	0.372	0.655	0.473	0.524	0.000	0.000	0.090	0.090	0.090	0.090	0.090	0.090	0.090	0.090	0.090	0.090	
0.000	0.000	0.000	0.000	0.000	0.000	0.000	0.000	0.000	0.000	0.000	0.000	0.655	0.655	0.938	0.938	0.000	0.000	0.000	0.000	0.000	0.000	0.000	0.000	0.000	0.000	0.000	0.000	
0.000	0.000	0.000	0.000	0.000	0.000	0.000	0.000	0.000	0.000	0.000	0.000	0.938	0.938	0.938	0.938	0.000	0.000	0.000	0.000	0.000	0.000	0.000	0.000	0.000	0.000	0.000	0.000	
0.000	0.000	0.000	0.000	0.000	0.000	0.000	0.000	0.000	0.000	0.000	0.000	0.938	0.938	0.938	0.938	0.000	0.000	0.000	0.000	0.000	0.000	0.000	0.000	0.000	0.000	0.000	0.000	
0.000	0.000	0.000	0.000	0.000	0.000	0.000	0.000	0.000	0.000	0.000	0.000	0.938	0.938	0.938	0.938	0.000	0.000	0.000	0.000	0.000	0.000	0.000	0.000	0.000	0.000	0.000	0.000	
