0.010	0.015	0.015	0.020	0.020	0.020	0.020	0.020	0.020	0.020	0.020	0.020	0.020	0.020	0.020	0.020	0.020	0.020	0.020	0.020	0.020	0.020	0.020	0.017	0.014	0.014	0.014	0.014	
0.010	0.010	0.015	0.020	0.020	0.020	0.020	0.020	0.020	0.020	0.020	0.020	0.020	0.020	0.020	0.020	0.020	0.020	0.020	0.020	0.020	0.020	0.020	0.017	0.014	0.014	0.014	0.014	
0.010	0.010	0.015	0.020	0.020	0.020	0.020	0.020	0.020	0.020	0.020	0.020	0.020	0.020	0.020	0.020	0.020	0.020	0.020	0.020	0.020	0.020	0.017	0.017	0.014	0.014	0.014	0.014	
0.010	0.010	0.015	0.020	0.020	0.020	0.020	0.020	0.020	0.020	0.020	0.020	0.020	0.020	0.020	0.020	0.020	0.020	0.020	0.020	0.020	0.020	0.017	0.014	0.014	0.014	0.014	0.014	
0.010	0.010	0.015	0.015	0.020	0.020	0.020	0.020	0.020	0.020	0.020	0.020	0.020	0.020	0.020	0.020	0.020	0.020	0.020	0.020	0.020	0.020	0.017	0.014	0.014	0.014	0.014	0.014	
0.010	0.010	0.010	0.015	0.020	0.020	0.020	0.020	0.020	0.020	0.020	0.020	0.020	0.020	0.020	0.020	0.020	0.020	0.020	0.020	0.020	0.020	0.017	0.014	0.014	0.014	0.014	0.014	
0.010	0.010	0.010	0.015	0.020	0.020	0.020	0.020	0.020	0.020	0.020	0.020	0.020	0.020	0.020	0.020	0.020	0.020	0.020	0.020	0.020	0.020	0.017	0.014	0.014	0.014	0.014	0.014	
0.010	0.010	0.010	0.015	0.020	0.020	0.020	0.020	0.020	0.020	0.020	0.020	0.020	0.020	0.020	0.020	0.020	0.020	0.020	0.020	0.020	0.017	0.017	0.014	0.014	0.014	0.014	0.014	
0.010	0.010	0.010	0.015	0.015	0.020	0.020	0.020	0.020	0.020	0.020	0.020	0.020	0.020	0.020	0.020	0.020	0.020	0.020	0.020	0.020	0.017	0.014	0.014	0.014	0.014	0.014	0.014	
0.010	0.010	0.010	0.010	0.015	0.020	0.020	0.020	0.020	0.020	0.020	0.020	0.020	0.020	0.020	0.020	0.020	0.020	0.020	0.020	0.020	0.017	0.014	0.014	0.014	0.014	0.014	0.014	
0.010	0.010	0.010	0.010	0.015	0.020	0.020	0.020	0.020	0.020	0.020	0.020	0.020	0.020	0.020	0.020	0.020	0.020	0.020	0.020	0.020	0.017	0.014	0.014	0.014	0.014	0.014	0.014	
0.010	0.010	0.010	0.010	0.015	0.020	0.020	0.020	0.020	0.020	0.020	0.020	0.020	0.020	0.020	0.020	0.020	0.020	0.020	0.020	0.020	0.017	0.014	0.014	0.014	0.014	0.014	0.014	
0.010	0.010	0.010	0.010	0.015	0.020	0.020	0.020	0.020	0.020	0.020	0.020	0.020	0.020	0.020	0.020	0.020	0.020	0.020	0.020	0.017	0.017	0.014	0.014	0.014	0.014	0.014	0.014	
0.010	0.010	0.010	0.010	0.015	0.015	0.020	0.020	0.020	0.020	0.020	0.020	0.020	0.020	0.020	0.020	0.020	0.020	0.020	0.020	0.017	0.014	0.014	0.014	0.014	0.014	0.014	0.014	
0.010	0.010	0.010	0.010	0.010	0.015	0.020	0.020	0.020	0.020	0.020	0.020	0.020	0.020	0.020	0.020	0.020	0.020	0.020	0.020	0.017	0.014	0.014	0.014	0.014	0.014	0.014	0.014	
0.010	0.010	0.010	0.010	0.010	0.015	0.020	0.020	0.020	0.020	0.020	0.020	0.020	0.020	0.020	0.020	0.020	0.020	0.020	0.020	0.017	0.014	0.014	0.014	0.014	0.014	0.014	0.014	
0.010	0.010	0.010	0.010	0.010	0.015	0.020	0.020	0.020	0.020	0.020	0.020	0.020	0.020	0.020	0.020	0.020	0.020	0.020	0.020	0.017	0.014	0.014	0.014	0.014	0.014	0.014	0.014	
0.010	0.010	0.010	0.010	0.010	0.015	0.015	0.020	0.020	0.020	0.020	0.020	0.020	0.020	0.020	0.020	0.020	0.020	0.020	0.017	0.017	0.014	0.014	0.014	0.014	0.014	0.014	0.014	
0.010	0.010	0.010	0.010	0.010	0.010	0.015	0.020	0.020	0.020	0.020	0.020	0.020	0.020	0.020	0.020	0.020	0.020	0.020	0.017	0.014	0.014	0.014	0.014	0.014	0.014	0.014	0.014	
0.010	0.010	0.010	0.010	0.010	0.010	0.015	0.020	0.020	0.020	0.020	0.020	0.020	0.020	0.020	0.020	0.020	0.020	0.020	0.017	0.014	0.014	0.014	0.014	0.014	0.014	0.014	0.014	
0.010	0.010	0.010	0.010	0.010	0.010	0.015	0.020	0.020	0.020	0.020	0.020	0.020	0.020	0.020	0.020	0.020	0.020	0.020	0.017	0.014	0.014	0.014	0.014	0.014	0.014	0.014	0.014	
0.010	0.010	0.010	0.010	0.010	0.010	0.015	0.015	0.020	0.020	0.020	0.020	0.020	0.020	0.020	0.020	0.020	0.020	0.020	0.017	0.014	0.014	0.014	0.014	0.014	0.014	0.014	0.014	
0.010	0.010	0.010	0.010	0.010	0.010	0.010	0.015	0.020	0.020	0.020	0.020	0.020	0.020	0.020	0.020	0.020	0.020	0.017	0.017	0.014	0.014	0.014	0.014	0.014	0.014	0.014	0.014	
0.010	0.010	0.010	0.010	0.010	0.010	0.010	0.015	0.020	0.020	0.020	0.020	0.020	0.020	0.020	0.020	0.020	0.020	0.017	0.014	0.014	0.014	0.014	0.014	0.014	0.014	0.014	0.014	
0.030	0.010	0.010	0.010	0.010	0.010	0.010	0.015	0.020	0.020	0.020	0.020	0.020	0.020	0.020	0.020	0.020	0.020	0.017	0.014	0.014	0.014	0.014	0.014	0.014	0.014	0.014	0.014	
0.030	0.010	0.010	0.010	0.010	0.010	0.010	0.015	0.015	0.020	0.020	0.020	0.020	0.020	0.020	0.020	0.020	0.020	0.017	0.014	0.014	0.014	0.014	0.014	0.014	0.014	0.014	0.014	
0.030	0.030	0.010	0.010	0.010	0.010	0.010	0.010	0.015	0.020	0.020	0.020	0.020	0.020	0.020	0.020	0.020	0.020	0.017	0.014	0.014	0.014	0.014	0.014	0.014	0.014	0.014	0.014	
0.050	0.030	0.010	0.010	0.010	0.010	0.010	0.010	0.015	0.020	0.020	0.020	0.020	0.020	0.020	0.020	0.020	0.017	0.017	0.014	0.014	0.014	0.014	0.014	0.014	0.014	0.014	0.014	
0.050	0.030	0.030	0.010	0.010	0.010	0.010	0.010	0.015	0.020	0.020	0.020	0.020	0.020	0.020	0.020	0.020	0.017	0.014	0.014	0.014	0.014	0.014	0.014	0.014	0.014	0.014	0.131	
0.050	0.050	0.030	0.010	0.010	0.010	0.010	0.010	0.015	0.015	0.020	0.020	0.020	0.020	0.020	0.020	0.020	0.017	0.014	0.014	0.014	0.014	0.014	0.014	0.014	0.014	0.014	0.131	
0.050	0.050	0.030	0.030	0.010	0.010	0.010	0.010	0.010	0.015	0.020	0.020	0.020	0.020	0.020	0.020	0.020	0.017	0.014	0.014	0.014	0.014	0.014	0.014	0.014	0.014	0.131	0.131	
0.050	0.050	0.050	0.030	0.030	0.010	0.010	0.010	0.010	0.015	0.020	0.020	0.020	0.020	0.020	0.020	0.020	0.017	0.014	0.014	0.014	0.014	0.014	0.014	0.014	0.014	0.131	0.247	
0.050	0.050	0.050	0.050	0.030	0.010	0.010	0.010	0.010	0.015	0.020	0.020	0.020	0.020	0.020	0.020	0.017	0.017	0.014	0.014	0.014	0.014	0.014	0.014	0.014	0.131	0.131	0.247	
0.050	0.050	0.050	0.050	0.030	0.030	0.010	0.010	0.010	0.015	0.015	0.020	0.020	0.020	0.020	0.020	0.017	0.014	0.014	0.014	0.014	0.014	0.014	0.014	0.131	0.131	0.247	0.247	
0.090	0.050	0.050	0.050	0.050	0.030	0.010	0.010	0.010	0.010	0.015	0.020	0.020	0.020	0.020	0.020	0.017	0.014	0.014	0.014	0.014	0.014	0.014	0.014	0.131	0.247	0.247	0.247	
0.090	0.090	0.050	0.050	0.050	0.030	0.030	0.010	0.010	0.010	0.015	0.020	0.020	0.020	0.020	0.020	0.017	0.014	0.014	0.014	0.014	0.014	0.014	0.131	0.131	0.247	0.247	0.247	
0.130	0.090	0.050	0.050	0.050	0.050	0.030	0.010	0.010	0.010	0.015	0.020	0.020	0.020	0.020	0.020	0.017	0.014	0.014	0.014	0.014	0.014	0.014	0.131	0.247	0.247	0.247	0.247	
0.130	0.090	0.090	0.050	0.050	0.050	0.030	0.030	0.010	0.010	0.015	0.015	0.020	0.020	0.020	0.017	0.017	0.014	0.014	0.014	0.014	0.014	0.144	0.131	0.247	0.247	0.247	0.247	
0.130	0.130	0.090	0.090	0.050	0.050	0.050	0.030	0.010	0.010	0.010	0.015	0.020	0.020	0.020	0.017	0.014	0.014	0.014	0.014	0.014	0.092	0.144	0.247	0.247	0.247	0.247	0.247	
0.130	0.130	0.130	0.090	0.050	0.050	0.050	0.030	0.030	0.010	0.010	0.015	0.020	0.020	0.020	0.019	0.014	0.014	0.014	0.014	0.092	0.144	0.208	0.247	0.247	0.247	0.247	0.247	
0.130	0.130	0.130	0.090	0.090	0.050	0.050	0.050	0.030	0.010	0.010	0.015	0.020	0.020	0.021	0.019	0.014	0.014	0.014	0.092	0.092	0.208	0.247	0.247	0.247	0.247	0.247	0.204	
0.081	0.130	0.130	0.130	0.090	0.090	0.050	0.050	0.030	0.033	0.010	0.019	0.024	0.024	0.021	0.018	0.018	0.014	0.092	0.092	0.170	0.208	0.247	0.247	0.247	0.247	0.204	0.204	
0.081	0.081	0.130	0.130	0.130	0.090	0.090	0.050	0.045	0.033	0.025	0.026	0.028	0.025	0.022	0.052	0.040	0.089	0.092	0.170	0.208	0.208	0.247	0.247	0.247	0.204	0.204	0.160	
0.032	0.081	0.081	0.130	0.130	0.130	0.086	0.064	0.056	0.040	0.040	0.047	0.051	0.040	0.046	0.058	0.082	0.126	0.126	0.170	0.190	0.247	0.247	0.247	0.204	0.204	0.160	0.160	
0.032	0.032	0.081	0.081	0.130	0.130	0.104	0.078	0.063	0.055	0.061	0.056	0.051	0.057	0.070	0.082	0.109	0.109	0.135	0.161	0.190	0.200	0.247	0.204	0.204	0.160	0.160	0.160	
0.032	0.032	0.032	0.094	0.094	0.110	0.110	0.078	0.074	0.070	0.061	0.057	0.076	0.074	0.082	0.082	0.104	0.136	0.144	0.152	0.151	0.183	0.199	0.186	0.160	0.160	0.160	0.160	
0.031	0.032	0.032	0.076	0.120	0.120	0.078	0.057	0.055	0.053	0.049	0.057	0.065	0.080	0.087	0.095	0.101	0.103	0.113	0.124	0.133	0.123	0.150	0.155	0.160	0.160	0.087	0.087	
0.031	0.031	0.031	0.061	0.075	0.070	0.059	0.036	0.031	0.036	0.039	0.041	0.057	0.065	0.069	0.073	0.072	0.071	0.072	0.095	0.087	0.108	0.153	0.155	0.110	0.087	0.087	0.014	
0.030	0.030	0.031	0.031	0.075	0.057	0.028	0.025	0.031	0.032	0.039	0.039	0.042	0.050	0.050	0.051	0.054	0.055	0.064	0.072	0.075	0.115	0.129	0.155	0.085	0.014	0.014	0.014	
0.030	0.030	0.030	0.030	0.030	0.025	0.020	0.020	0.020	0.031	0.039	0.036	0.032	0.020	0.028	0.030	0.030	0.040	0.045	0.050	0.065	0.080	0.118	0.155	0.085	0.014	0.014	0.014	
0.000	0.000	0.000	0.000	0.000	0.000	0.000	0.000	0.000	0.000	0.036	0.036	0.023	0.005	0.000	0.000	0.000	0.000	0.000	0.000	0.000	0.000	0.000	0.000	0.000	0.000	0.000	0.000	
0.000	0.000	0.000	0.000	0.000	0.000	0.000	0.000	0.000	0.000	0.000	0.000	0.010	0.005	0.000	0.000	0.000	0.000	0.000	0.000	0.000	0.000	0.000	0.000	0.000	0.000	0.000	0.000	
0.000	0.000	0.000	0.000	0.000	0.000	0.000	0.000	0.000	0.000	0.000	0.000	0.010	0.005	0.000	0.000	0.000	0.000	0.000	0.000	0.000	0.000	0.000	0.000	0.000	0.000	0.000	0.000	
0.000	0.000	0.000	0.000	0.000	0.000	0.000	0.000	0.000	0.000	0.000	0.000	0.010	0.005	0.000	0.000	0.000	0.000	0.000	0.000	0.000	0.000	0.000	0.000	0.000	0.000	0.000	0.000	
0.000	0.000	0.000	0.000	0.000	0.000	0.000	0.000	0.000	0.000	0.000	0.000	0.010	0.005	0.000	0.000	0.000	0.000	0.000	0.000	0.000	0.000	0.000	0.000	0.000	0.000	0.000	0.000	
