0.150	0.150	0.150	0.150	0.150	0.150	0.150	0.150	0.150	0.150	0.191	0.233	0.233	0.233	0.233	0.233	0.233	0.233	0.233	0.233	0.233	0.233	0.233	0.233	0.233	0.233	0.233	0.224	
0.150	0.150	0.150	0.150	0.150	0.150	0.150	0.150	0.150	0.150	0.191	0.233	0.233	0.233	0.233	0.233	0.233	0.233	0.233	0.233	0.233	0.233	0.233	0.233	0.233	0.233	0.224	0.224	
0.150	0.150	0.150	0.150	0.150	0.150	0.150	0.150	0.150	0.150	0.191	0.191	0.233	0.233	0.233	0.233	0.233	0.233	0.233	0.233	0.233	0.233	0.233	0.233	0.233	0.233	0.224	0.215	
0.150	0.150	0.150	0.150	0.150	0.150	0.150	0.150	0.150	0.150	0.150	0.191	0.233	0.233	0.233	0.233	0.233	0.233	0.233	0.233	0.233	0.233	0.233	0.233	0.233	0.233	0.224	0.215	
0.150	0.150	0.150	0.150	0.150	0.150	0.150	0.150	0.150	0.150	0.150	0.191	0.233	0.233	0.233	0.233	0.233	0.233	0.233	0.233	0.233	0.233	0.233	0.233	0.233	0.233	0.224	0.215	
0.150	0.150	0.150	0.150	0.150	0.150	0.150	0.150	0.150	0.150	0.150	0.191	0.233	0.233	0.233	0.233	0.233	0.233	0.233	0.233	0.233	0.233	0.233	0.233	0.233	0.233	0.224	0.215	
0.150	0.150	0.150	0.150	0.150	0.150	0.150	0.150	0.150	0.150	0.150	0.191	0.233	0.233	0.233	0.233	0.233	0.233	0.233	0.233	0.233	0.233	0.233	0.233	0.233	0.224	0.224	0.215	
0.150	0.150	0.150	0.150	0.150	0.150	0.150	0.150	0.150	0.150	0.150	0.191	0.233	0.233	0.233	0.233	0.233	0.233	0.233	0.233	0.233	0.233	0.233	0.233	0.233	0.224	0.215	0.215	
0.150	0.150	0.150	0.150	0.150	0.150	0.150	0.150	0.150	0.150	0.150	0.191	0.233	0.233	0.233	0.233	0.233	0.233	0.233	0.233	0.233	0.233	0.233	0.233	0.233	0.224	0.215	0.215	
0.150	0.150	0.150	0.150	0.150	0.150	0.150	0.150	0.150	0.150	0.150	0.191	0.233	0.233	0.233	0.233	0.233	0.233	0.233	0.233	0.233	0.233	0.233	0.233	0.233	0.224	0.215	0.215	
0.150	0.150	0.150	0.150	0.150	0.150	0.150	0.150	0.150	0.150	0.150	0.191	0.233	0.233	0.233	0.233	0.233	0.233	0.233	0.233	0.233	0.233	0.233	0.233	0.224	0.224	0.215	0.215	
0.150	0.150	0.150	0.150	0.150	0.150	0.150	0.150	0.150	0.150	0.150	0.191	0.233	0.233	0.233	0.233	0.233	0.233	0.233	0.233	0.233	0.233	0.233	0.233	0.224	0.215	0.215	0.215	
0.150	0.150	0.150	0.150	0.150	0.150	0.150	0.150	0.150	0.150	0.150	0.191	0.233	0.233	0.233	0.233	0.233	0.233	0.233	0.233	0.233	0.233	0.233	0.233	0.224	0.215	0.215	0.215	
0.150	0.150	0.150	0.150	0.150	0.150	0.150	0.150	0.150	0.150	0.150	0.191	0.233	0.233	0.233	0.233	0.233	0.233	0.233	0.233	0.233	0.233	0.233	0.233	0.224	0.215	0.215	0.215	
0.150	0.150	0.150	0.150	0.150	0.150	0.150	0.150	0.150	0.150	0.150	0.191	0.233	0.233	0.233	0.233	0.233	0.233	0.233	0.233	0.233	0.233	0.233	0.224	0.224	0.215	0.215	0.215	
0.150	0.150	0.150	0.150	0.150	0.150	0.150	0.150	0.150	0.150	0.150	0.191	0.233	0.233	0.233	0.233	0.233	0.233	0.233	0.233	0.233	0.233	0.233	0.224	0.215	0.215	0.215	0.215	
0.150	0.150	0.150	0.150	0.150	0.150	0.150	0.150	0.150	0.150	0.150	0.191	0.233	0.233	0.233	0.233	0.233	0.233	0.233	0.233	0.233	0.233	0.233	0.224	0.215	0.215	0.215	0.215	
0.150	0.150	0.150	0.150	0.150	0.150	0.150	0.150	0.150	0.150	0.150	0.191	0.233	0.233	0.233	0.233	0.233	0.233	0.233	0.233	0.233	0.233	0.233	0.224	0.215	0.215	0.215	0.215	
0.150	0.150	0.150	0.150	0.150	0.150	0.150	0.150	0.150	0.150	0.150	0.191	0.233	0.233	0.233	0.233	0.233	0.233	0.233	0.233	0.233	0.233	0.224	0.224	0.215	0.215	0.215	0.215	
0.150	0.150	0.150	0.150	0.150	0.150	0.150	0.150	0.150	0.150	0.150	0.191	0.233	0.233	0.233	0.233	0.233	0.233	0.233	0.233	0.233	0.233	0.224	0.215	0.215	0.215	0.215	0.215	
0.150	0.150	0.150	0.150	0.150	0.150	0.150	0.150	0.150	0.150	0.150	0.191	0.233	0.233	0.233	0.233	0.233	0.233	0.233	0.233	0.233	0.233	0.224	0.215	0.215	0.215	0.215	0.215	
0.150	0.150	0.150	0.150	0.150	0.150	0.150	0.150	0.150	0.150	0.150	0.191	0.233	0.233	0.233	0.233	0.233	0.233	0.233	0.233	0.233	0.233	0.224	0.215	0.215	0.215	0.215	0.215	
0.150	0.150	0.150	0.150	0.150	0.150	0.150	0.150	0.150	0.150	0.150	0.191	0.233	0.233	0.233	0.233	0.233	0.233	0.233	0.233	0.233	0.224	0.224	0.215	0.215	0.215	0.215	0.215	
0.150	0.150	0.150	0.150	0.150	0.150	0.150	0.150	0.150	0.150	0.150	0.191	0.233	0.233	0.233	0.233	0.233	0.233	0.233	0.233	0.233	0.224	0.215	0.215	0.215	0.215	0.215	0.215	
0.150	0.150	0.150	0.150	0.150	0.150	0.150	0.150	0.150	0.150	0.150	0.191	0.233	0.233	0.233	0.233	0.233	0.233	0.233	0.233	0.233	0.224	0.215	0.215	0.215	0.215	0.215	0.215	
0.150	0.150	0.150	0.150	0.150	0.150	0.150	0.150	0.150	0.150	0.150	0.191	0.233	0.233	0.233	0.233	0.233	0.233	0.233	0.233	0.233	0.224	0.215	0.215	0.215	0.215	0.215	0.215	
0.150	0.150	0.150	0.150	0.150	0.150	0.150	0.150	0.150	0.150	0.150	0.191	0.233	0.233	0.233	0.233	0.233	0.233	0.233	0.233	0.224	0.224	0.215	0.215	0.215	0.215	0.215	0.215	
0.150	0.150	0.150	0.150	0.150	0.150	0.150	0.150	0.150	0.150	0.150	0.191	0.191	0.233	0.233	0.233	0.233	0.233	0.233	0.233	0.224	0.215	0.215	0.215	0.215	0.215	0.215	0.215	
0.150	0.150	0.150	0.150	0.150	0.150	0.150	0.150	0.150	0.150	0.150	0.150	0.191	0.233	0.233	0.233	0.233	0.233	0.233	0.233	0.224	0.215	0.215	0.215	0.215	0.215	0.215	0.215	
0.150	0.150	0.150	0.150	0.150	0.150	0.150	0.150	0.150	0.150	0.150	0.150	0.191	0.233	0.233	0.233	0.233	0.233	0.233	0.233	0.224	0.215	0.215	0.215	0.215	0.215	0.215	0.215	
0.150	0.150	0.150	0.150	0.150	0.150	0.150	0.150	0.150	0.150	0.150	0.150	0.191	0.233	0.233	0.233	0.233	0.233	0.233	0.224	0.224	0.215	0.215	0.215	0.215	0.215	0.215	0.215	
0.150	0.150	0.150	0.150	0.150	0.150	0.150	0.150	0.150	0.150	0.150	0.150	0.191	0.233	0.233	0.233	0.233	0.233	0.233	0.224	0.215	0.215	0.215	0.215	0.215	0.215	0.215	0.215	
0.150	0.150	0.150	0.150	0.150	0.150	0.150	0.150	0.150	0.150	0.150	0.150	0.191	0.233	0.233	0.233	0.233	0.233	0.233	0.224	0.215	0.215	0.215	0.215	0.215	0.215	0.215	0.215	
0.150	0.150	0.150	0.150	0.150	0.150	0.150	0.150	0.150	0.150	0.150	0.150	0.191	0.233	0.233	0.233	0.233	0.233	0.233	0.224	0.215	0.215	0.215	0.215	0.215	0.215	0.215	0.215	
0.150	0.150	0.150	0.150	0.150	0.150	0.150	0.150	0.150	0.150	0.150	0.150	0.191	0.233	0.233	0.233	0.233	0.233	0.224	0.224	0.215	0.215	0.215	0.215	0.215	0.215	0.215	0.215	
0.150	0.150	0.150	0.150	0.150	0.150	0.150	0.150	0.150	0.150	0.150	0.150	0.191	0.233	0.233	0.233	0.233	0.233	0.224	0.215	0.215	0.215	0.215	0.215	0.215	0.215	0.215	0.215	
0.150	0.150	0.150	0.150	0.150	0.150	0.150	0.150	0.150	0.150	0.150	0.150	0.191	0.233	0.233	0.233	0.233	0.233	0.224	0.215	0.215	0.215	0.215	0.215	0.215	0.215	0.215	0.215	
0.150	0.150	0.150	0.150	0.150	0.150	0.150	0.150	0.150	0.150	0.150	0.150	0.191	0.233	0.233	0.233	0.233	0.233	0.224	0.215	0.215	0.215	0.215	0.215	0.215	0.215	0.215	0.215	
0.110	0.150	0.150	0.150	0.150	0.150	0.150	0.150	0.150	0.150	0.150	0.150	0.191	0.233	0.233	0.233	0.233	0.224	0.224	0.215	0.215	0.215	0.215	0.215	0.215	0.215	0.215	0.215	
0.110	0.110	0.150	0.150	0.150	0.150	0.150	0.150	0.150	0.150	0.150	0.150	0.191	0.233	0.233	0.233	0.233	0.224	0.215	0.215	0.215	0.215	0.215	0.215	0.215	0.215	0.215	0.137	
0.070	0.110	0.110	0.150	0.150	0.150	0.150	0.150	0.150	0.150	0.150	0.150	0.191	0.233	0.233	0.233	0.233	0.224	0.215	0.215	0.215	0.215	0.215	0.215	0.215	0.215	0.137	0.137	
0.070	0.070	0.110	0.110	0.150	0.150	0.150	0.150	0.150	0.150	0.150	0.150	0.191	0.233	0.233	0.233	0.233	0.224	0.215	0.215	0.215	0.215	0.215	0.215	0.215	0.137	0.137	0.060	
0.070	0.070	0.070	0.110	0.110	0.150	0.150	0.150	0.150	0.150	0.150	0.150	0.191	0.233	0.233	0.233	0.224	0.224	0.215	0.215	0.215	0.215	0.215	0.215	0.137	0.137	0.060	0.060	
0.070	0.070	0.070	0.070	0.110	0.110	0.150	0.150	0.150	0.150	0.150	0.150	0.191	0.233	0.233	0.233	0.224	0.215	0.215	0.215	0.215	0.215	0.137	0.137	0.137	0.060	0.060	0.060	
0.070	0.070	0.070	0.070	0.070	0.110	0.110	0.150	0.150	0.150	0.150	0.150	0.191	0.233	0.233	0.233	0.224	0.215	0.215	0.215	0.215	0.137	0.137	0.060	0.060	0.060	0.060	0.060	
0.070	0.070	0.070	0.070	0.070	0.070	0.110	0.110	0.150	0.150	0.150	0.150	0.191	0.233	0.233	0.233	0.224	0.215	0.215	0.215	0.137	0.137	0.060	0.060	0.060	0.060	0.060	0.060	
0.070	0.070	0.070	0.070	0.070	0.070	0.070	0.110	0.110	0.150	0.150	0.150	0.191	0.233	0.233	0.224	0.224	0.215	0.215	0.137	0.137	0.060	0.060	0.060	0.060	0.060	0.060	0.060	
0.070	0.070	0.070	0.070	0.070	0.070	0.070	0.070	0.110	0.110	0.120	0.120	0.351	0.582	0.208	0.210	0.199	0.215	0.137	0.137	0.060	0.060	0.060	0.060	0.060	0.060	0.060	0.060	
0.070	0.070	0.070	0.070	0.070	0.070	0.070	0.070	0.070	0.104	0.120	0.091	0.511	0.582	0.450	0.184	0.199	0.153	0.137	0.060	0.060	0.060	0.060	0.060	0.060	0.060	0.060	0.060	
0.070	0.070	0.070	0.070	0.070	0.070	0.070	0.070	0.070	0.080	0.091	0.091	0.511	0.932	0.558	0.184	0.184	0.122	0.060	0.060	0.060	0.060	0.060	0.060	0.060	0.060	0.060	0.060	
0.070	0.070	0.070	0.070	0.070	0.070	0.070	0.070	0.070	0.070	0.000	0.000	0.511	0.932	0.558	0.184	0.184	0.122	0.060	0.060	0.060	0.060	0.060	0.060	0.060	0.060	0.060	0.060	
0.000	0.000	0.000	0.000	0.000	0.000	0.000	0.000	0.000	0.000	0.000	0.000	0.932	0.932	0.558	0.558	0.000	0.000	0.000	0.000	0.000	0.000	0.000	0.000	0.000	0.000	0.000	0.000	
0.000	0.000	0.000	0.000	0.000	0.000	0.000	0.000	0.000	0.000	0.000	0.000	0.932	0.932	0.932	0.558	0.000	0.000	0.000	0.000	0.000	0.000	0.000	0.000	0.000	0.000	0.000	0.000	
0.000	0.000	0.000	0.000	0.000	0.000	0.000	0.000	0.000	0.000	0.000	0.000	0.932	0.932	0.932	0.932	0.000	0.000	0.000	0.000	0.000	0.000	0.000	0.000	0.000	0.000	0.000	0.000	
0.000	0.000	0.000	0.000	0.000	0.000	0.000	0.000	0.000	0.000	0.000	0.000	0.932	0.932	0.932	0.932	0.000	0.000	0.000	0.000	0.000	0.000	0.000	0.000	0.000	0.000	0.000	0.000	
