0.032	0.032	0.032	0.038	0.045	0.045	0.045	0.045	0.045	0.045	0.045	0.045	0.045	0.045	0.045	0.045	0.045	0.045	0.045	0.045	0.045	0.045	0.045	0.045	0.063	0.081	0.081	0.081	
0.032	0.032	0.032	0.038	0.038	0.045	0.045	0.045	0.045	0.045	0.045	0.045	0.045	0.045	0.045	0.045	0.045	0.045	0.045	0.045	0.045	0.045	0.045	0.045	0.063	0.081	0.081	0.081	
0.032	0.032	0.032	0.032	0.038	0.045	0.045	0.045	0.045	0.045	0.045	0.045	0.045	0.045	0.045	0.045	0.045	0.045	0.045	0.045	0.045	0.045	0.045	0.063	0.063	0.081	0.081	0.081	
0.032	0.032	0.032	0.032	0.038	0.045	0.045	0.045	0.045	0.045	0.045	0.045	0.045	0.045	0.045	0.045	0.045	0.045	0.045	0.045	0.045	0.045	0.045	0.063	0.081	0.081	0.081	0.081	
0.032	0.032	0.032	0.032	0.038	0.045	0.045	0.045	0.045	0.045	0.045	0.045	0.045	0.045	0.045	0.045	0.045	0.045	0.045	0.045	0.045	0.045	0.045	0.063	0.081	0.081	0.081	0.081	
0.032	0.032	0.032	0.032	0.038	0.045	0.045	0.045	0.045	0.045	0.045	0.045	0.045	0.045	0.045	0.045	0.045	0.045	0.045	0.045	0.045	0.045	0.045	0.063	0.081	0.081	0.081	0.081	
0.032	0.032	0.032	0.032	0.038	0.038	0.045	0.045	0.045	0.045	0.045	0.045	0.045	0.045	0.045	0.045	0.045	0.045	0.045	0.045	0.045	0.045	0.045	0.063	0.081	0.081	0.081	0.081	
0.032	0.032	0.032	0.032	0.032	0.038	0.045	0.045	0.045	0.045	0.045	0.045	0.045	0.045	0.045	0.045	0.045	0.045	0.045	0.045	0.045	0.045	0.063	0.063	0.081	0.081	0.081	0.081	
0.032	0.032	0.032	0.032	0.032	0.038	0.045	0.045	0.045	0.045	0.045	0.045	0.045	0.045	0.045	0.045	0.045	0.045	0.045	0.045	0.045	0.045	0.063	0.081	0.081	0.081	0.081	0.081	
0.032	0.032	0.032	0.032	0.032	0.038	0.045	0.045	0.045	0.045	0.045	0.045	0.045	0.045	0.045	0.045	0.045	0.045	0.045	0.045	0.045	0.045	0.063	0.081	0.081	0.081	0.081	0.081	
0.032	0.032	0.032	0.032	0.032	0.038	0.045	0.045	0.045	0.045	0.045	0.045	0.045	0.045	0.045	0.045	0.045	0.045	0.045	0.045	0.045	0.045	0.063	0.081	0.081	0.081	0.081	0.081	
0.032	0.032	0.032	0.032	0.032	0.038	0.038	0.045	0.045	0.045	0.045	0.045	0.045	0.045	0.045	0.045	0.045	0.045	0.045	0.045	0.045	0.063	0.063	0.081	0.081	0.081	0.081	0.081	
0.032	0.032	0.032	0.032	0.032	0.032	0.038	0.045	0.045	0.045	0.045	0.045	0.045	0.045	0.045	0.045	0.045	0.045	0.045	0.045	0.045	0.063	0.081	0.081	0.081	0.081	0.081	0.081	
0.032	0.032	0.032	0.032	0.032	0.032	0.038	0.045	0.045	0.045	0.045	0.045	0.045	0.045	0.045	0.045	0.045	0.045	0.045	0.045	0.045	0.063	0.081	0.081	0.081	0.081	0.081	0.081	
0.032	0.032	0.032	0.032	0.032	0.032	0.038	0.045	0.045	0.045	0.045	0.045	0.045	0.045	0.045	0.045	0.045	0.045	0.045	0.045	0.045	0.063	0.081	0.081	0.081	0.081	0.081	0.081	
0.032	0.032	0.032	0.032	0.032	0.032	0.038	0.045	0.045	0.045	0.045	0.045	0.045	0.045	0.045	0.045	0.045	0.045	0.045	0.045	0.045	0.063	0.081	0.081	0.081	0.081	0.081	0.081	
0.032	0.032	0.032	0.032	0.032	0.032	0.038	0.038	0.045	0.045	0.045	0.045	0.045	0.045	0.045	0.045	0.045	0.045	0.045	0.045	0.063	0.063	0.081	0.081	0.081	0.081	0.081	0.081	
0.032	0.032	0.032	0.032	0.032	0.032	0.032	0.038	0.045	0.045	0.045	0.045	0.045	0.045	0.045	0.045	0.045	0.045	0.045	0.045	0.063	0.081	0.081	0.081	0.081	0.081	0.081	0.081	
0.032	0.032	0.032	0.032	0.032	0.032	0.032	0.038	0.045	0.045	0.045	0.045	0.045	0.045	0.045	0.045	0.045	0.045	0.045	0.045	0.063	0.081	0.081	0.081	0.081	0.081	0.081	0.081	
0.032	0.032	0.032	0.032	0.032	0.032	0.032	0.038	0.045	0.045	0.045	0.045	0.045	0.045	0.045	0.045	0.045	0.045	0.045	0.045	0.063	0.081	0.081	0.081	0.081	0.081	0.081	0.081	
0.032	0.032	0.032	0.032	0.032	0.032	0.032	0.038	0.045	0.045	0.045	0.045	0.045	0.045	0.045	0.045	0.045	0.045	0.045	0.063	0.063	0.081	0.081	0.081	0.081	0.081	0.081	0.081	
0.032	0.032	0.032	0.032	0.032	0.032	0.032	0.038	0.038	0.045	0.045	0.045	0.045	0.045	0.045	0.045	0.045	0.045	0.045	0.063	0.081	0.081	0.081	0.081	0.081	0.081	0.081	0.081	
0.032	0.032	0.032	0.032	0.032	0.032	0.032	0.032	0.038	0.045	0.045	0.045	0.045	0.045	0.045	0.045	0.045	0.045	0.045	0.063	0.081	0.081	0.081	0.081	0.081	0.081	0.081	0.081	
0.032	0.032	0.032	0.032	0.032	0.032	0.032	0.032	0.038	0.045	0.045	0.045	0.045	0.045	0.045	0.045	0.045	0.045	0.045	0.063	0.081	0.081	0.081	0.081	0.081	0.081	0.081	0.081	
0.021	0.032	0.032	0.032	0.032	0.032	0.032	0.032	0.038	0.045	0.045	0.045	0.045	0.045	0.045	0.045	0.045	0.045	0.045	0.063	0.081	0.081	0.081	0.081	0.081	0.081	0.081	0.081	
0.021	0.032	0.032	0.032	0.032	0.032	0.032	0.032	0.038	0.045	0.045	0.045	0.045	0.045	0.045	0.045	0.045	0.045	0.063	0.063	0.081	0.081	0.081	0.081	0.081	0.081	0.081	0.081	
0.021	0.021	0.032	0.032	0.032	0.032	0.032	0.032	0.038	0.038	0.045	0.045	0.045	0.045	0.045	0.045	0.045	0.045	0.063	0.081	0.081	0.081	0.081	0.081	0.081	0.081	0.081	0.081	
0.010	0.021	0.032	0.032	0.032	0.032	0.032	0.032	0.032	0.038	0.045	0.045	0.045	0.045	0.045	0.045	0.045	0.045	0.063	0.081	0.081	0.081	0.081	0.081	0.081	0.081	0.081	0.081	
0.010	0.021	0.021	0.032	0.032	0.032	0.032	0.032	0.032	0.038	0.045	0.045	0.045	0.045	0.045	0.045	0.045	0.045	0.063	0.081	0.081	0.081	0.081	0.081	0.081	0.081	0.081	0.050	
0.010	0.010	0.021	0.032	0.032	0.032	0.032	0.032	0.032	0.038	0.045	0.045	0.045	0.045	0.045	0.045	0.045	0.063	0.063	0.081	0.081	0.081	0.081	0.081	0.081	0.081	0.081	0.050	
0.010	0.010	0.021	0.021	0.032	0.032	0.032	0.032	0.032	0.038	0.045	0.045	0.045	0.045	0.045	0.045	0.045	0.063	0.081	0.081	0.081	0.081	0.081	0.081	0.081	0.081	0.050	0.050	
0.010	0.010	0.010	0.021	0.032	0.032	0.032	0.032	0.032	0.038	0.038	0.045	0.045	0.045	0.045	0.045	0.045	0.063	0.081	0.081	0.081	0.081	0.081	0.081	0.081	0.081	0.050	0.020	
0.010	0.010	0.010	0.021	0.021	0.032	0.032	0.032	0.032	0.032	0.038	0.045	0.045	0.045	0.045	0.045	0.045	0.063	0.081	0.081	0.081	0.081	0.081	0.081	0.081	0.050	0.050	0.020	
0.010	0.010	0.010	0.010	0.021	0.032	0.032	0.032	0.032	0.032	0.038	0.045	0.045	0.045	0.045	0.045	0.045	0.063	0.081	0.081	0.081	0.081	0.081	0.081	0.081	0.050	0.020	0.020	
0.010	0.010	0.010	0.010	0.021	0.021	0.032	0.032	0.032	0.032	0.038	0.045	0.045	0.045	0.045	0.045	0.063	0.063	0.081	0.081	0.081	0.081	0.081	0.081	0.051	0.050	0.020	0.020	
0.010	0.010	0.010	0.010	0.010	0.021	0.032	0.032	0.032	0.032	0.038	0.045	0.045	0.045	0.045	0.045	0.063	0.081	0.081	0.081	0.081	0.081	0.081	0.066	0.051	0.020	0.020	0.020	
0.012	0.010	0.010	0.010	0.010	0.021	0.021	0.032	0.032	0.032	0.038	0.038	0.045	0.045	0.045	0.045	0.063	0.081	0.081	0.081	0.081	0.081	0.066	0.051	0.035	0.020	0.020	0.020	
0.012	0.012	0.010	0.010	0.010	0.010	0.021	0.021	0.032	0.032	0.032	0.038	0.045	0.045	0.045	0.045	0.063	0.081	0.081	0.081	0.081	0.081	0.066	0.035	0.020	0.020	0.020	0.020	
0.014	0.012	0.012	0.010	0.010	0.010	0.010	0.021	0.032	0.032	0.032	0.038	0.045	0.045	0.045	0.063	0.063	0.081	0.081	0.081	0.081	0.066	0.066	0.035	0.020	0.020	0.020	0.020	
0.017	0.014	0.012	0.012	0.010	0.010	0.010	0.021	0.021	0.032	0.032	0.038	0.045	0.045	0.045	0.063	0.081	0.081	0.081	0.081	0.066	0.066	0.035	0.035	0.020	0.020	0.020	0.020	
0.017	0.017	0.014	0.012	0.012	0.010	0.010	0.010	0.021	0.032	0.032	0.038	0.045	0.045	0.065	0.070	0.083	0.081	0.081	0.066	0.066	0.051	0.035	0.020	0.020	0.020	0.020	0.020	
0.020	0.017	0.014	0.014	0.012	0.012	0.010	0.010	0.021	0.021	0.032	0.036	0.036	0.054	0.065	0.085	0.083	0.081	0.066	0.066	0.051	0.051	0.035	0.020	0.020	0.020	0.020	0.020	
0.020	0.017	0.017	0.014	0.014	0.012	0.012	0.010	0.010	0.017	0.021	0.024	0.032	0.059	0.085	0.085	0.075	0.069	0.063	0.051	0.051	0.035	0.035	0.020	0.020	0.020	0.020	0.015	
0.020	0.020	0.017	0.017	0.014	0.014	0.015	0.015	0.013	0.010	0.010	0.026	0.032	0.066	0.066	0.075	0.072	0.058	0.044	0.051	0.037	0.031	0.020	0.020	0.020	0.020	0.015	0.015	
0.020	0.020	0.020	0.017	0.014	0.014	0.017	0.020	0.015	0.017	0.016	0.025	0.034	0.049	0.081	0.072	0.067	0.040	0.044	0.032	0.037	0.021	0.020	0.020	0.015	0.015	0.015	0.010	
0.020	0.020	0.020	0.017	0.018	0.017	0.019	0.020	0.020	0.021	0.022	0.029	0.036	0.073	0.086	0.078	0.067	0.052	0.022	0.022	0.022	0.017	0.017	0.013	0.015	0.010	0.010	0.010	
0.020	0.020	0.020	0.020	0.020	0.020	0.020	0.020	0.020	0.021	0.026	0.031	0.058	0.069	0.089	0.101	0.045	0.038	0.016	0.018	0.014	0.016	0.010	0.010	0.010	0.010	0.010	0.012	
0.020	0.020	0.020	0.020	0.020	0.025	0.023	0.020	0.023	0.020	0.028	0.036	0.103	0.103	0.132	0.101	0.071	0.014	0.011	0.010	0.010	0.010	0.015	0.013	0.015	0.012	0.012	0.012	
0.020	0.020	0.020	0.020	0.020	0.023	0.025	0.027	0.023	0.027	0.029	0.034	0.080	0.171	0.147	0.069	0.051	0.013	0.011	0.010	0.010	0.010	0.013	0.020	0.015	0.014	0.014	0.014	
0.020	0.020	0.020	0.020	0.020	0.025	0.030	0.030	0.030	0.030	0.031	0.032	0.101	0.274	0.224	0.172	0.014	0.012	0.010	0.010	0.010	0.010	0.015	0.020	0.017	0.014	0.014	0.014	
0.000	0.000	0.000	0.000	0.000	0.030	0.030	0.030	0.000	0.030	0.031	0.032	0.193	0.274	0.377	0.196	0.014	0.012	0.010	0.010	0.000	0.000	0.000	0.000	0.000	0.000	0.000	0.000	
0.000	0.000	0.000	0.000	0.000	0.000	0.000	0.000	0.000	0.000	0.000	0.000	0.691	0.691	0.691	0.377	0.000	0.000	0.000	0.000	0.000	0.000	0.000	0.000	0.000	0.000	0.000	0.000	
0.000	0.000	0.000	0.000	0.000	0.000	0.000	0.000	0.000	0.000	0.000	0.000	1.005	1.005	0.691	0.691	0.000	0.000	0.000	0.000	0.000	0.000	0.000	0.000	0.000	0.000	0.000	0.000	
0.000	0.000	0.000	0.000	0.000	0.000	0.000	0.000	0.000	0.000	0.000	0.000	1.005	1.005	1.005	1.005	0.000	0.000	0.000	0.000	0.000	0.000	0.000	0.000	0.000	0.000	0.000	0.000	
0.000	0.000	0.000	0.000	0.000	0.000	0.000	0.000	0.000	0.000	0.000	0.000	1.005	1.005	1.005	1.005	0.000	0.000	0.000	0.000	0.000	0.000	0.000	0.000	0.000	0.000	0.000	0.000	
