0.242	0.242	0.242	0.242	0.242	0.242	0.242	0.242	0.242	0.242	0.242	0.242	0.242	0.242	0.242	0.242	0.242	0.242	0.242	0.242	0.242	0.242	0.242	0.242	0.242	0.248	0.253	0.253	
0.242	0.242	0.242	0.242	0.242	0.242	0.242	0.242	0.242	0.242	0.242	0.242	0.242	0.242	0.242	0.242	0.242	0.242	0.242	0.242	0.242	0.242	0.242	0.242	0.242	0.248	0.253	0.253	
0.242	0.242	0.242	0.242	0.242	0.242	0.242	0.242	0.242	0.242	0.242	0.242	0.242	0.242	0.242	0.242	0.242	0.242	0.242	0.242	0.242	0.242	0.242	0.242	0.248	0.248	0.253	0.253	
0.242	0.242	0.242	0.242	0.242	0.242	0.242	0.242	0.242	0.242	0.242	0.242	0.242	0.242	0.242	0.242	0.242	0.242	0.242	0.242	0.242	0.242	0.242	0.242	0.248	0.253	0.253	0.253	
0.242	0.242	0.242	0.242	0.242	0.242	0.242	0.242	0.242	0.242	0.242	0.242	0.242	0.242	0.242	0.242	0.242	0.242	0.242	0.242	0.242	0.242	0.242	0.242	0.248	0.253	0.253	0.253	
0.242	0.242	0.242	0.242	0.242	0.242	0.242	0.242	0.242	0.242	0.242	0.242	0.242	0.242	0.242	0.242	0.242	0.242	0.242	0.242	0.242	0.242	0.242	0.248	0.248	0.253	0.253	0.253	
0.242	0.242	0.242	0.242	0.242	0.242	0.242	0.242	0.242	0.242	0.242	0.242	0.242	0.242	0.242	0.242	0.242	0.242	0.242	0.242	0.242	0.242	0.242	0.248	0.253	0.253	0.253	0.253	
0.242	0.242	0.242	0.242	0.242	0.242	0.242	0.242	0.242	0.242	0.242	0.242	0.242	0.242	0.242	0.242	0.242	0.242	0.242	0.242	0.242	0.242	0.242	0.248	0.253	0.253	0.253	0.253	
0.242	0.242	0.242	0.242	0.242	0.242	0.242	0.242	0.242	0.242	0.242	0.242	0.242	0.242	0.242	0.242	0.242	0.242	0.242	0.242	0.242	0.242	0.248	0.248	0.253	0.253	0.253	0.253	
0.242	0.242	0.242	0.242	0.242	0.242	0.242	0.242	0.242	0.242	0.242	0.242	0.242	0.242	0.242	0.242	0.242	0.242	0.242	0.242	0.242	0.242	0.248	0.253	0.253	0.253	0.253	0.253	
0.242	0.242	0.242	0.242	0.242	0.242	0.242	0.242	0.242	0.242	0.242	0.242	0.242	0.242	0.242	0.242	0.242	0.242	0.242	0.242	0.242	0.242	0.248	0.253	0.253	0.253	0.253	0.253	
0.242	0.242	0.242	0.242	0.242	0.242	0.242	0.242	0.242	0.242	0.242	0.242	0.242	0.242	0.242	0.242	0.242	0.242	0.242	0.242	0.242	0.248	0.248	0.253	0.253	0.253	0.253	0.253	
0.242	0.242	0.242	0.242	0.242	0.242	0.242	0.242	0.242	0.242	0.242	0.242	0.242	0.242	0.242	0.242	0.242	0.242	0.242	0.242	0.242	0.248	0.253	0.253	0.253	0.253	0.253	0.253	
0.242	0.242	0.242	0.242	0.242	0.242	0.242	0.242	0.242	0.242	0.242	0.242	0.242	0.242	0.242	0.242	0.242	0.242	0.242	0.242	0.242	0.248	0.253	0.253	0.253	0.253	0.253	0.253	
0.242	0.242	0.242	0.242	0.242	0.242	0.242	0.242	0.242	0.242	0.242	0.242	0.242	0.242	0.242	0.242	0.242	0.242	0.242	0.242	0.248	0.248	0.253	0.253	0.253	0.253	0.253	0.253	
0.242	0.242	0.242	0.242	0.242	0.242	0.242	0.242	0.242	0.242	0.242	0.242	0.242	0.242	0.242	0.242	0.242	0.242	0.242	0.242	0.248	0.253	0.253	0.253	0.253	0.253	0.253	0.253	
0.242	0.242	0.242	0.242	0.242	0.242	0.242	0.242	0.242	0.242	0.242	0.242	0.242	0.242	0.242	0.242	0.242	0.242	0.242	0.242	0.248	0.253	0.253	0.253	0.253	0.253	0.253	0.253	
0.242	0.242	0.242	0.242	0.242	0.242	0.242	0.242	0.242	0.242	0.242	0.242	0.242	0.242	0.242	0.242	0.242	0.242	0.242	0.248	0.248	0.253	0.253	0.253	0.253	0.253	0.253	0.253	
0.242	0.242	0.242	0.242	0.242	0.242	0.242	0.242	0.242	0.242	0.242	0.242	0.242	0.242	0.242	0.242	0.242	0.242	0.242	0.248	0.253	0.253	0.253	0.253	0.253	0.253	0.253	0.253	
0.242	0.242	0.242	0.242	0.242	0.242	0.242	0.242	0.242	0.242	0.242	0.242	0.242	0.242	0.242	0.242	0.242	0.242	0.242	0.248	0.253	0.253	0.253	0.253	0.253	0.253	0.253	0.253	
0.242	0.242	0.242	0.242	0.242	0.242	0.242	0.242	0.242	0.242	0.242	0.242	0.242	0.242	0.242	0.242	0.242	0.242	0.242	0.248	0.253	0.253	0.253	0.253	0.253	0.253	0.253	0.253	
0.242	0.242	0.242	0.242	0.242	0.242	0.242	0.242	0.242	0.242	0.242	0.242	0.242	0.242	0.242	0.242	0.242	0.242	0.248	0.248	0.253	0.253	0.253	0.253	0.253	0.253	0.253	0.253	
0.242	0.242	0.242	0.242	0.242	0.242	0.242	0.242	0.242	0.242	0.242	0.242	0.242	0.242	0.242	0.242	0.242	0.242	0.248	0.253	0.253	0.253	0.253	0.253	0.253	0.253	0.253	0.253	
0.242	0.242	0.242	0.242	0.242	0.242	0.242	0.242	0.242	0.242	0.242	0.242	0.242	0.242	0.242	0.242	0.242	0.242	0.248	0.253	0.253	0.253	0.253	0.253	0.253	0.253	0.253	0.253	
0.323	0.242	0.242	0.242	0.242	0.242	0.242	0.242	0.242	0.242	0.242	0.242	0.242	0.242	0.242	0.242	0.242	0.248	0.248	0.253	0.253	0.253	0.253	0.253	0.253	0.253	0.253	0.253	
0.323	0.323	0.242	0.242	0.242	0.242	0.242	0.242	0.242	0.242	0.242	0.242	0.242	0.242	0.242	0.242	0.242	0.248	0.253	0.253	0.253	0.253	0.253	0.253	0.253	0.253	0.253	0.253	
0.405	0.323	0.242	0.242	0.242	0.242	0.242	0.242	0.242	0.242	0.242	0.242	0.242	0.242	0.242	0.242	0.242	0.248	0.253	0.253	0.253	0.253	0.253	0.253	0.253	0.253	0.253	0.253	
0.405	0.323	0.328	0.242	0.242	0.242	0.242	0.242	0.242	0.242	0.242	0.242	0.242	0.242	0.242	0.242	0.248	0.248	0.253	0.253	0.253	0.253	0.253	0.253	0.253	0.253	0.253	0.253	
0.405	0.405	0.328	0.242	0.242	0.242	0.242	0.242	0.242	0.242	0.242	0.242	0.242	0.242	0.242	0.242	0.248	0.253	0.253	0.253	0.253	0.253	0.253	0.253	0.253	0.253	0.253	0.233	
0.405	0.405	0.328	0.290	0.242	0.242	0.242	0.242	0.242	0.242	0.242	0.242	0.242	0.242	0.242	0.242	0.248	0.253	0.253	0.253	0.253	0.253	0.253	0.253	0.253	0.253	0.233	0.233	
0.405	0.405	0.372	0.290	0.290	0.242	0.242	0.242	0.242	0.242	0.242	0.242	0.242	0.242	0.242	0.248	0.248	0.253	0.253	0.253	0.253	0.253	0.253	0.253	0.253	0.253	0.233	0.212	
0.405	0.405	0.372	0.372	0.290	0.290	0.242	0.242	0.242	0.242	0.242	0.242	0.242	0.242	0.242	0.248	0.253	0.253	0.253	0.253	0.253	0.253	0.253	0.253	0.253	0.233	0.233	0.212	
0.405	0.405	0.405	0.372	0.338	0.290	0.242	0.242	0.242	0.242	0.242	0.242	0.242	0.242	0.242	0.248	0.253	0.253	0.253	0.253	0.253	0.253	0.253	0.253	0.253	0.233	0.212	0.212	
0.405	0.405	0.405	0.372	0.338	0.290	0.290	0.242	0.242	0.242	0.242	0.242	0.242	0.242	0.250	0.250	0.253	0.253	0.253	0.253	0.253	0.253	0.253	0.253	0.233	0.233	0.212	0.212	
0.405	0.405	0.405	0.372	0.372	0.338	0.290	0.290	0.242	0.242	0.242	0.242	0.242	0.248	0.248	0.254	0.253	0.253	0.253	0.253	0.253	0.253	0.253	0.233	0.233	0.212	0.212	0.212	
0.405	0.405	0.405	0.405	0.372	0.338	0.338	0.272	0.239	0.239	0.242	0.242	0.244	0.248	0.255	0.254	0.253	0.253	0.253	0.253	0.253	0.253	0.253	0.233	0.212	0.212	0.212	0.212	
0.405	0.405	0.405	0.405	0.372	0.338	0.338	0.288	0.237	0.239	0.238	0.238	0.244	0.245	0.255	0.254	0.254	0.253	0.253	0.253	0.253	0.253	0.233	0.233	0.212	0.212	0.212	0.212	
0.405	0.405	0.405	0.405	0.372	0.372	0.338	0.288	0.237	0.237	0.236	0.234	0.234	0.245	0.255	0.255	0.254	0.253	0.253	0.253	0.253	0.233	0.233	0.212	0.212	0.212	0.212	0.212	
0.423	0.423	0.405	0.405	0.405	0.372	0.320	0.278	0.237	0.237	0.236	0.234	0.234	0.245	0.255	0.255	0.236	0.227	0.227	0.253	0.253	0.233	0.212	0.212	0.212	0.212	0.212	0.212	
0.440	0.423	0.423	0.423	0.353	0.348	0.320	0.269	0.238	0.238	0.236	0.234	0.223	0.233	0.233	0.222	0.222	0.200	0.227	0.223	0.220	0.227	0.212	0.212	0.212	0.212	0.212	0.212	
0.440	0.440	0.440	0.359	0.344	0.266	0.301	0.269	0.238	0.238	0.235	0.226	0.223	0.233	0.226	0.211	0.205	0.200	0.208	0.208	0.198	0.203	0.212	0.212	0.212	0.212	0.212	0.212	
0.440	0.440	0.440	0.336	0.231	0.266	0.266	0.261	0.241	0.238	0.236	0.222	0.211	0.211	0.211	0.211	0.205	0.209	0.208	0.216	0.198	0.196	0.196	0.212	0.212	0.212	0.212	0.212	
0.440	0.440	0.336	0.336	0.231	0.231	0.244	0.272	0.244	0.238	0.233	0.201	0.201	0.185	0.186	0.186	0.179	0.198	0.190	0.216	0.198	0.180	0.196	0.196	0.212	0.212	0.212	0.212	
0.440	0.340	0.304	0.231	0.215	0.215	0.225	0.221	0.244	0.217	0.204	0.189	0.160	0.160	0.161	0.161	0.163	0.165	0.190	0.184	0.189	0.176	0.180	0.211	0.211	0.227	0.227	0.227	
0.340	0.340	0.236	0.224	0.224	0.199	0.199	0.199	0.198	0.190	0.175	0.167	0.150	0.137	0.145	0.121	0.136	0.165	0.167	0.168	0.171	0.198	0.198	0.211	0.242	0.242	0.242	0.242	
0.240	0.240	0.240	0.240	0.220	0.189	0.160	0.160	0.153	0.135	0.175	0.204	0.170	0.114	0.119	0.119	0.123	0.137	0.167	0.168	0.157	0.182	0.188	0.242	0.242	0.242	0.216	0.216	
0.240	0.240	0.240	0.240	0.184	0.184	0.128	0.141	0.115	0.135	0.125	0.161	0.174	0.174	0.097	0.081	0.119	0.135	0.166	0.150	0.157	0.135	0.188	0.242	0.216	0.216	0.216	0.190	
0.240	0.240	0.181	0.181	0.163	0.125	0.128	0.162	0.153	0.166	0.076	0.160	0.233	0.339	0.240	0.113	0.119	0.162	0.131	0.115	0.113	0.113	0.156	0.174	0.216	0.190	0.190	0.190	
0.181	0.181	0.181	0.122	0.122	0.120	0.119	0.164	0.255	0.166	0.167	0.160	0.358	0.452	0.386	0.129	0.129	0.114	0.114	0.080	0.113	0.105	0.091	0.140	0.190	0.190	0.190	0.190	
0.122	0.122	0.122	0.122	0.122	0.116	0.110	0.183	0.255	0.255	0.212	0.170	0.421	0.671	0.386	0.100	0.109	0.114	0.070	0.080	0.091	0.091	0.091	0.140	0.140	0.190	0.190	0.190	
0.000	0.000	0.000	0.000	0.000	0.000	0.000	0.255	0.255	0.255	0.255	0.000	0.421	0.671	0.386	0.100	0.085	0.070	0.070	0.091	0.091	0.091	0.091	0.091	0.000	0.000	0.000	0.000	
0.000	0.000	0.000	0.000	0.000	0.000	0.000	0.000	0.000	0.000	0.000	0.000	0.828	0.828	0.585	0.543	0.000	0.000	0.000	0.000	0.000	0.000	0.000	0.000	0.000	0.000	0.000	0.000	
0.000	0.000	0.000	0.000	0.000	0.000	0.000	0.000	0.000	0.000	0.000	0.000	0.985	0.985	0.985	0.985	0.000	0.000	0.000	0.000	0.000	0.000	0.000	0.000	0.000	0.000	0.000	0.000	
0.000	0.000	0.000	0.000	0.000	0.000	0.000	0.000	0.000	0.000	0.000	0.000	0.985	0.985	0.985	0.985	0.000	0.000	0.000	0.000	0.000	0.000	0.000	0.000	0.000	0.000	0.000	0.000	
0.000	0.000	0.000	0.000	0.000	0.000	0.000	0.000	0.000	0.000	0.000	0.000	0.985	0.985	0.985	0.985	0.000	0.000	0.000	0.000	0.000	0.000	0.000	0.000	0.000	0.000	0.000	0.000	
