0.028	0.028	0.028	0.028	0.028	0.028	0.028	0.028	0.028	0.028	0.028	0.028	0.061	0.094	0.094	0.094	0.094	0.094	0.094	0.094	0.094	0.094	0.094	0.100	0.106	0.106	0.106	0.106	
0.028	0.028	0.028	0.028	0.028	0.028	0.028	0.028	0.028	0.028	0.028	0.028	0.061	0.094	0.094	0.094	0.094	0.094	0.094	0.094	0.094	0.094	0.094	0.100	0.106	0.106	0.106	0.106	
0.028	0.028	0.028	0.028	0.028	0.028	0.028	0.028	0.028	0.028	0.028	0.028	0.061	0.094	0.094	0.094	0.094	0.094	0.094	0.094	0.094	0.094	0.100	0.100	0.106	0.106	0.106	0.106	
0.028	0.028	0.028	0.028	0.028	0.028	0.028	0.028	0.028	0.028	0.028	0.028	0.061	0.094	0.094	0.094	0.094	0.094	0.094	0.094	0.094	0.094	0.100	0.106	0.106	0.106	0.106	0.106	
0.028	0.028	0.028	0.028	0.028	0.028	0.028	0.028	0.028	0.028	0.028	0.028	0.061	0.094	0.094	0.094	0.094	0.094	0.094	0.094	0.094	0.094	0.100	0.106	0.106	0.106	0.106	0.106	
0.028	0.028	0.028	0.028	0.028	0.028	0.028	0.028	0.028	0.028	0.028	0.028	0.061	0.094	0.094	0.094	0.094	0.094	0.094	0.094	0.094	0.094	0.100	0.106	0.106	0.106	0.106	0.106	
0.028	0.028	0.028	0.028	0.028	0.028	0.028	0.028	0.028	0.028	0.028	0.028	0.061	0.094	0.094	0.094	0.094	0.094	0.094	0.094	0.094	0.094	0.100	0.106	0.106	0.106	0.106	0.106	
0.028	0.028	0.028	0.028	0.028	0.028	0.028	0.028	0.028	0.028	0.028	0.028	0.061	0.094	0.094	0.094	0.094	0.094	0.094	0.094	0.094	0.094	0.100	0.106	0.106	0.106	0.106	0.106	
0.028	0.028	0.028	0.028	0.028	0.028	0.028	0.028	0.028	0.028	0.028	0.028	0.061	0.094	0.094	0.094	0.094	0.094	0.094	0.094	0.094	0.100	0.100	0.106	0.106	0.106	0.106	0.106	
0.028	0.028	0.028	0.028	0.028	0.028	0.028	0.028	0.028	0.028	0.028	0.028	0.061	0.094	0.094	0.094	0.094	0.094	0.094	0.094	0.094	0.100	0.106	0.106	0.106	0.106	0.106	0.106	
0.028	0.028	0.028	0.028	0.028	0.028	0.028	0.028	0.028	0.028	0.028	0.028	0.061	0.094	0.094	0.094	0.094	0.094	0.094	0.094	0.094	0.100	0.106	0.106	0.106	0.106	0.106	0.106	
0.028	0.028	0.028	0.028	0.028	0.028	0.028	0.028	0.028	0.028	0.028	0.028	0.061	0.094	0.094	0.094	0.094	0.094	0.094	0.094	0.094	0.100	0.106	0.106	0.106	0.106	0.106	0.106	
0.028	0.028	0.028	0.028	0.028	0.028	0.028	0.028	0.028	0.028	0.028	0.028	0.061	0.094	0.094	0.094	0.094	0.094	0.094	0.094	0.094	0.100	0.106	0.106	0.106	0.106	0.106	0.106	
0.028	0.028	0.028	0.028	0.028	0.028	0.028	0.028	0.028	0.028	0.028	0.028	0.061	0.094	0.094	0.094	0.094	0.094	0.094	0.094	0.094	0.100	0.106	0.106	0.106	0.106	0.106	0.106	
0.028	0.028	0.028	0.028	0.028	0.028	0.028	0.028	0.028	0.028	0.028	0.028	0.061	0.094	0.094	0.094	0.094	0.094	0.094	0.094	0.094	0.100	0.106	0.106	0.106	0.106	0.106	0.106	
0.028	0.028	0.028	0.028	0.028	0.028	0.028	0.028	0.028	0.028	0.028	0.028	0.061	0.094	0.094	0.094	0.094	0.094	0.094	0.094	0.100	0.100	0.106	0.106	0.106	0.106	0.106	0.106	
0.028	0.028	0.028	0.028	0.028	0.028	0.028	0.028	0.028	0.028	0.028	0.028	0.061	0.094	0.094	0.094	0.094	0.094	0.094	0.094	0.100	0.106	0.106	0.106	0.106	0.106	0.106	0.106	
0.028	0.028	0.028	0.028	0.028	0.028	0.028	0.028	0.028	0.028	0.028	0.028	0.061	0.094	0.094	0.094	0.094	0.094	0.094	0.094	0.100	0.106	0.106	0.106	0.106	0.106	0.106	0.106	
0.028	0.028	0.028	0.028	0.028	0.028	0.028	0.028	0.028	0.028	0.028	0.028	0.061	0.094	0.094	0.094	0.094	0.094	0.094	0.094	0.100	0.106	0.106	0.106	0.106	0.106	0.106	0.106	
0.028	0.028	0.028	0.028	0.028	0.028	0.028	0.028	0.028	0.028	0.028	0.028	0.061	0.094	0.094	0.094	0.094	0.094	0.094	0.094	0.100	0.106	0.106	0.106	0.106	0.106	0.106	0.106	
0.028	0.028	0.028	0.028	0.028	0.028	0.028	0.028	0.028	0.028	0.028	0.028	0.061	0.094	0.094	0.094	0.094	0.094	0.094	0.094	0.100	0.106	0.106	0.106	0.106	0.106	0.106	0.106	
0.028	0.028	0.028	0.028	0.028	0.028	0.028	0.028	0.028	0.028	0.028	0.028	0.061	0.094	0.094	0.094	0.094	0.094	0.094	0.100	0.100	0.106	0.106	0.106	0.106	0.106	0.106	0.106	
0.028	0.028	0.028	0.028	0.028	0.028	0.028	0.028	0.028	0.028	0.028	0.028	0.061	0.094	0.094	0.094	0.094	0.094	0.094	0.100	0.106	0.106	0.106	0.106	0.106	0.106	0.106	0.106	
0.028	0.028	0.028	0.028	0.028	0.028	0.028	0.028	0.028	0.028	0.028	0.028	0.061	0.094	0.094	0.094	0.094	0.094	0.094	0.100	0.106	0.106	0.106	0.106	0.106	0.106	0.106	0.106	
0.028	0.028	0.028	0.028	0.028	0.028	0.028	0.028	0.028	0.028	0.028	0.028	0.061	0.094	0.094	0.094	0.094	0.094	0.094	0.100	0.106	0.106	0.106	0.106	0.106	0.106	0.106	0.106	
0.028	0.028	0.028	0.028	0.028	0.028	0.028	0.028	0.028	0.028	0.028	0.028	0.061	0.094	0.094	0.094	0.094	0.094	0.094	0.100	0.106	0.106	0.106	0.106	0.106	0.106	0.106	0.106	
0.028	0.028	0.028	0.028	0.028	0.028	0.028	0.028	0.028	0.028	0.028	0.028	0.061	0.094	0.094	0.094	0.094	0.094	0.094	0.100	0.106	0.106	0.106	0.106	0.106	0.106	0.106	0.106	
0.028	0.028	0.028	0.028	0.028	0.028	0.028	0.028	0.028	0.028	0.028	0.028	0.061	0.094	0.094	0.094	0.094	0.094	0.100	0.100	0.106	0.106	0.106	0.106	0.106	0.106	0.106	0.099	
0.028	0.028	0.028	0.028	0.028	0.028	0.028	0.028	0.028	0.028	0.028	0.028	0.061	0.094	0.094	0.094	0.094	0.094	0.100	0.106	0.106	0.106	0.106	0.106	0.106	0.106	0.106	0.099	
0.028	0.028	0.028	0.028	0.028	0.028	0.028	0.028	0.028	0.028	0.028	0.028	0.061	0.094	0.094	0.094	0.094	0.094	0.100	0.106	0.106	0.106	0.106	0.106	0.106	0.106	0.099	0.099	
0.028	0.028	0.028	0.028	0.028	0.028	0.028	0.028	0.028	0.028	0.028	0.028	0.061	0.094	0.094	0.094	0.094	0.094	0.100	0.106	0.106	0.106	0.106	0.106	0.106	0.106	0.099	0.092	
0.028	0.028	0.028	0.028	0.028	0.028	0.028	0.028	0.028	0.028	0.028	0.028	0.061	0.094	0.094	0.094	0.094	0.094	0.100	0.106	0.106	0.106	0.106	0.106	0.106	0.099	0.099	0.092	
0.028	0.028	0.028	0.028	0.028	0.028	0.028	0.028	0.028	0.028	0.028	0.028	0.061	0.094	0.094	0.094	0.094	0.094	0.100	0.106	0.106	0.106	0.106	0.106	0.106	0.099	0.092	0.092	
0.028	0.028	0.028	0.028	0.028	0.028	0.028	0.028	0.028	0.028	0.028	0.028	0.061	0.094	0.094	0.094	0.094	0.100	0.100	0.106	0.106	0.106	0.106	0.106	0.099	0.099	0.092	0.092	
0.059	0.028	0.028	0.028	0.028	0.028	0.028	0.028	0.028	0.028	0.028	0.028	0.061	0.094	0.094	0.094	0.094	0.100	0.106	0.106	0.106	0.106	0.106	0.099	0.099	0.092	0.092	0.092	
0.059	0.059	0.028	0.028	0.028	0.028	0.028	0.028	0.028	0.028	0.028	0.028	0.061	0.094	0.094	0.094	0.094	0.100	0.106	0.106	0.106	0.106	0.106	0.099	0.092	0.092	0.092	0.092	
0.090	0.059	0.059	0.028	0.028	0.028	0.028	0.028	0.028	0.028	0.028	0.028	0.091	0.094	0.094	0.094	0.094	0.100	0.106	0.106	0.106	0.106	0.099	0.099	0.092	0.092	0.092	0.092	
0.090	0.090	0.059	0.059	0.028	0.028	0.028	0.028	0.028	0.028	0.028	0.028	0.091	0.094	0.094	0.094	0.094	0.100	0.106	0.106	0.106	0.106	0.099	0.092	0.092	0.092	0.092	0.092	
0.090	0.090	0.090	0.059	0.059	0.028	0.028	0.028	0.028	0.028	0.028	0.089	0.091	0.094	0.094	0.094	0.094	0.100	0.106	0.106	0.106	0.099	0.099	0.092	0.092	0.092	0.092	0.092	
0.090	0.090	0.090	0.090	0.059	0.059	0.028	0.028	0.028	0.028	0.028	0.089	0.122	0.122	0.094	0.094	0.100	0.100	0.106	0.106	0.106	0.099	0.092	0.092	0.092	0.092	0.092	0.092	
0.061	0.090	0.090	0.090	0.090	0.059	0.059	0.028	0.028	0.028	0.028	0.089	0.150	0.122	0.094	0.094	0.100	0.106	0.106	0.106	0.099	0.099	0.092	0.092	0.092	0.092	0.092	0.092	
0.061	0.061	0.090	0.090	0.090	0.090	0.059	0.028	0.028	0.028	0.028	0.089	0.150	0.122	0.094	0.094	0.100	0.106	0.106	0.106	0.099	0.092	0.092	0.092	0.092	0.092	0.092	0.066	
0.032	0.061	0.061	0.090	0.090	0.090	0.059	0.059	0.028	0.028	0.089	0.089	0.150	0.122	0.094	0.094	0.100	0.106	0.106	0.099	0.099	0.092	0.092	0.092	0.092	0.066	0.066	0.066	
0.032	0.032	0.061	0.061	0.061	0.090	0.090	0.059	0.059	0.028	0.103	0.150	0.150	0.115	0.097	0.094	0.101	0.106	0.106	0.099	0.092	0.092	0.092	0.092	0.066	0.066	0.040	0.040	
0.032	0.032	0.032	0.032	0.061	0.061	0.090	0.090	0.083	0.079	0.103	0.168	0.158	0.125	0.097	0.099	0.101	0.105	0.107	0.102	0.092	0.092	0.066	0.066	0.066	0.040	0.040	0.030	
0.027	0.027	0.032	0.032	0.032	0.061	0.061	0.055	0.080	0.130	0.130	0.178	0.162	0.162	0.100	0.101	0.102	0.105	0.108	0.100	0.092	0.066	0.066	0.040	0.040	0.040	0.030	0.030	
0.022	0.027	0.027	0.027	0.032	0.032	0.047	0.055	0.075	0.065	0.133	0.133	0.225	0.163	0.122	0.134	0.136	0.127	0.086	0.088	0.065	0.066	0.040	0.040	0.030	0.030	0.030	0.020	
0.022	0.022	0.022	0.027	0.027	0.032	0.017	0.010	0.020	0.022	0.045	0.104	0.201	0.306	0.164	0.167	0.170	0.116	0.103	0.064	0.038	0.025	0.030	0.030	0.030	0.020	0.020	0.020	
0.022	0.022	0.022	0.022	0.027	0.018	0.016	0.010	0.007	0.022	0.029	0.043	0.285	0.347	0.303	0.184	0.152	0.120	0.067	0.048	0.037	0.025	0.023	0.020	0.020	0.020	0.020	0.020	
0.022	0.022	0.022	0.022	0.022	0.011	0.000	0.000	0.000	0.000	0.021	0.041	0.285	0.530	0.373	0.216	0.152	0.070	0.070	0.040	0.010	0.010	0.015	0.020	0.020	0.020	0.020	0.020	
0.000	0.000	0.000	0.000	0.000	0.000	0.000	0.000	0.000	0.000	0.000	0.000	0.285	0.530	0.373	0.216	0.143	0.070	0.070	0.010	0.000	0.000	0.020	0.020	0.020	0.020	0.020	0.020	
0.000	0.000	0.000	0.000	0.000	0.000	0.000	0.000	0.000	0.000	0.000	0.000	0.765	0.582	0.582	0.608	0.000	0.000	0.000	0.000	0.000	0.000	0.000	0.000	0.000	0.000	0.000	0.000	
0.000	0.000	0.000	0.000	0.000	0.000	0.000	0.000	0.000	0.000	0.000	0.000	1.000	1.000	1.000	1.000	0.000	0.000	0.000	0.000	0.000	0.000	0.000	0.000	0.000	0.000	0.000	0.000	
0.000	0.000	0.000	0.000	0.000	0.000	0.000	0.000	0.000	0.000	0.000	0.000	1.000	1.000	1.000	1.000	0.000	0.000	0.000	0.000	0.000	0.000	0.000	0.000	0.000	0.000	0.000	0.000	
0.000	0.000	0.000	0.000	0.000	0.000	0.000	0.000	0.000	0.000	0.000	0.000	1.000	1.000	1.000	1.000	0.000	0.000	0.000	0.000	0.000	0.000	0.000	0.000	0.000	0.000	0.000	0.000	
