0.440	0.440	0.440	0.440	0.440	0.440	0.440	0.440	0.440	0.440	0.440	0.440	0.440	0.440	0.440	0.440	0.440	0.440	0.440	0.504	0.568	0.568	0.568	0.568	0.568	0.568	0.568	0.568	
0.440	0.440	0.440	0.440	0.440	0.440	0.440	0.440	0.440	0.440	0.440	0.440	0.440	0.440	0.440	0.440	0.440	0.440	0.440	0.504	0.568	0.568	0.568	0.568	0.568	0.568	0.568	0.568	
0.440	0.440	0.440	0.440	0.440	0.440	0.440	0.440	0.440	0.440	0.440	0.440	0.440	0.440	0.440	0.440	0.440	0.440	0.440	0.504	0.568	0.568	0.568	0.568	0.568	0.568	0.568	0.568	
0.440	0.440	0.440	0.440	0.440	0.440	0.440	0.440	0.440	0.440	0.440	0.440	0.440	0.440	0.440	0.440	0.440	0.440	0.440	0.504	0.568	0.568	0.568	0.568	0.568	0.568	0.568	0.568	
0.440	0.440	0.440	0.440	0.440	0.440	0.440	0.440	0.440	0.440	0.440	0.440	0.440	0.440	0.440	0.440	0.440	0.440	0.440	0.504	0.568	0.568	0.568	0.568	0.568	0.568	0.568	0.568	
0.440	0.440	0.440	0.440	0.440	0.440	0.440	0.440	0.440	0.440	0.440	0.440	0.440	0.440	0.440	0.440	0.440	0.440	0.504	0.504	0.568	0.568	0.568	0.568	0.568	0.568	0.568	0.568	
0.427	0.440	0.440	0.440	0.440	0.440	0.440	0.440	0.440	0.440	0.440	0.440	0.440	0.440	0.440	0.440	0.440	0.440	0.504	0.568	0.568	0.568	0.568	0.568	0.568	0.568	0.568	0.568	
0.427	0.440	0.440	0.440	0.440	0.440	0.440	0.440	0.440	0.440	0.440	0.440	0.440	0.440	0.440	0.440	0.440	0.440	0.504	0.568	0.568	0.568	0.568	0.568	0.568	0.568	0.568	0.568	
0.427	0.440	0.440	0.440	0.440	0.440	0.440	0.440	0.440	0.440	0.440	0.440	0.440	0.440	0.440	0.440	0.440	0.440	0.504	0.568	0.568	0.568	0.568	0.568	0.568	0.568	0.568	0.568	
0.427	0.427	0.440	0.440	0.440	0.440	0.440	0.440	0.440	0.440	0.440	0.440	0.440	0.440	0.440	0.440	0.440	0.440	0.504	0.568	0.568	0.568	0.568	0.568	0.568	0.568	0.568	0.568	
0.414	0.427	0.440	0.440	0.440	0.440	0.440	0.440	0.440	0.440	0.440	0.440	0.440	0.440	0.440	0.440	0.440	0.440	0.504	0.568	0.568	0.568	0.568	0.568	0.568	0.568	0.568	0.568	
0.414	0.427	0.427	0.440	0.440	0.440	0.440	0.440	0.440	0.440	0.440	0.440	0.440	0.440	0.440	0.440	0.440	0.440	0.504	0.568	0.568	0.568	0.568	0.568	0.568	0.568	0.568	0.568	
0.414	0.414	0.427	0.440	0.440	0.440	0.440	0.440	0.440	0.440	0.440	0.440	0.440	0.440	0.440	0.440	0.440	0.440	0.504	0.568	0.568	0.568	0.568	0.568	0.568	0.568	0.568	0.568	
0.414	0.414	0.427	0.440	0.440	0.440	0.440	0.440	0.440	0.440	0.440	0.440	0.440	0.440	0.440	0.440	0.440	0.504	0.504	0.568	0.568	0.568	0.568	0.568	0.568	0.568	0.568	0.568	
0.414	0.414	0.427	0.427	0.440	0.440	0.440	0.440	0.440	0.440	0.440	0.440	0.440	0.440	0.440	0.440	0.440	0.504	0.568	0.568	0.568	0.568	0.568	0.568	0.568	0.568	0.568	0.568	
0.414	0.414	0.414	0.427	0.440	0.440	0.440	0.440	0.440	0.440	0.440	0.440	0.440	0.440	0.440	0.440	0.440	0.504	0.568	0.568	0.568	0.568	0.568	0.568	0.568	0.568	0.568	0.568	
0.414	0.414	0.414	0.427	0.427	0.440	0.440	0.440	0.440	0.440	0.440	0.440	0.440	0.440	0.440	0.440	0.440	0.504	0.568	0.568	0.568	0.568	0.568	0.568	0.568	0.568	0.568	0.568	
0.414	0.414	0.414	0.414	0.427	0.440	0.440	0.440	0.440	0.440	0.440	0.440	0.440	0.440	0.440	0.440	0.440	0.504	0.568	0.568	0.568	0.568	0.568	0.568	0.568	0.568	0.568	0.568	
0.414	0.414	0.414	0.414	0.427	0.440	0.440	0.440	0.440	0.440	0.440	0.440	0.440	0.440	0.440	0.440	0.440	0.504	0.568	0.568	0.568	0.568	0.568	0.568	0.568	0.568	0.568	0.585	
0.414	0.414	0.414	0.414	0.427	0.427	0.440	0.440	0.440	0.440	0.440	0.440	0.440	0.440	0.440	0.440	0.440	0.504	0.568	0.568	0.568	0.568	0.568	0.568	0.568	0.568	0.585	0.585	
0.414	0.414	0.414	0.414	0.414	0.427	0.440	0.440	0.440	0.440	0.440	0.440	0.440	0.440	0.440	0.440	0.504	0.504	0.568	0.568	0.568	0.568	0.568	0.568	0.568	0.585	0.585	0.602	
0.414	0.414	0.414	0.414	0.414	0.427	0.427	0.440	0.440	0.440	0.440	0.440	0.440	0.440	0.440	0.440	0.504	0.568	0.568	0.568	0.568	0.568	0.568	0.568	0.568	0.585	0.602	0.602	
0.414	0.414	0.414	0.414	0.414	0.414	0.427	0.440	0.440	0.440	0.440	0.440	0.440	0.440	0.440	0.440	0.504	0.568	0.568	0.568	0.568	0.568	0.568	0.568	0.585	0.585	0.602	0.602	
0.414	0.414	0.414	0.414	0.414	0.414	0.427	0.440	0.440	0.440	0.440	0.440	0.440	0.440	0.440	0.440	0.504	0.568	0.568	0.568	0.568	0.568	0.568	0.585	0.585	0.602	0.602	0.602	
0.414	0.414	0.414	0.414	0.414	0.414	0.427	0.427	0.440	0.440	0.440	0.440	0.440	0.440	0.440	0.440	0.504	0.568	0.568	0.568	0.568	0.568	0.568	0.585	0.602	0.602	0.602	0.602	
0.414	0.414	0.414	0.414	0.414	0.414	0.414	0.455	0.440	0.440	0.440	0.440	0.440	0.440	0.440	0.440	0.504	0.568	0.568	0.568	0.568	0.568	0.585	0.585	0.602	0.602	0.602	0.602	
0.414	0.414	0.414	0.414	0.414	0.414	0.414	0.455	0.475	0.440	0.440	0.440	0.440	0.440	0.440	0.492	0.518	0.568	0.568	0.568	0.568	0.585	0.585	0.602	0.602	0.602	0.602	0.602	
0.414	0.414	0.414	0.414	0.414	0.414	0.462	0.462	0.475	0.441	0.407	0.407	0.407	0.407	0.453	0.492	0.556	0.556	0.568	0.568	0.568	0.585	0.602	0.602	0.602	0.602	0.602	0.602	
0.414	0.414	0.414	0.414	0.414	0.414	0.462	0.510	0.510	0.434	0.373	0.373	0.373	0.459	0.459	0.545	0.550	0.556	0.562	0.562	0.585	0.585	0.602	0.602	0.602	0.602	0.602	0.602	
0.414	0.414	0.414	0.414	0.414	0.462	0.462	0.510	0.510	0.434	0.396	0.373	0.373	0.459	0.545	0.545	0.550	0.556	0.556	0.556	0.571	0.573	0.602	0.602	0.602	0.602	0.602	0.602	
0.414	0.414	0.414	0.414	0.429	0.456	0.510	0.510	0.510	0.464	0.396	0.396	0.373	0.459	0.545	0.545	0.550	0.556	0.556	0.550	0.545	0.573	0.573	0.602	0.602	0.602	0.602	0.602	
0.414	0.429	0.429	0.429	0.429	0.476	0.476	0.510	0.464	0.464	0.418	0.401	0.401	0.444	0.479	0.508	0.524	0.556	0.550	0.550	0.545	0.545	0.606	0.636	0.636	0.636	0.636	0.636	
0.429	0.429	0.443	0.443	0.443	0.443	0.476	0.479	0.470	0.418	0.418	0.415	0.413	0.413	0.476	0.508	0.513	0.532	0.557	0.557	0.545	0.608	0.608	0.671	0.671	0.671	0.671	0.671	
0.419	0.419	0.443	0.443	0.443	0.443	0.463	0.463	0.451	0.434	0.409	0.411	0.413	0.413	0.442	0.471	0.471	0.521	0.570	0.557	0.595	0.608	0.671	0.671	0.671	0.671	0.832	0.832	
0.396	0.419	0.419	0.443	0.467	0.467	0.472	0.484	0.484	0.442	0.401	0.407	0.407	0.442	0.442	0.471	0.521	0.521	0.570	0.570	0.620	0.671	0.671	0.832	0.832	0.832	0.832	0.994	
0.396	0.396	0.396	0.443	0.490	0.490	0.487	0.487	0.484	0.442	0.401	0.367	0.383	0.406	0.402	0.471	0.521	0.570	0.570	0.570	0.658	0.800	0.832	0.832	0.994	0.994	0.994	0.994	
0.396	0.396	0.396	0.443	0.443	0.490	0.490	0.487	0.451	0.434	0.409	0.367	0.334	0.334	0.382	0.406	0.461	0.455	0.652	0.652	0.652	0.864	0.864	0.994	0.994	0.994	0.994	0.994	
0.396	0.396	0.396	0.396	0.443	0.490	0.490	0.460	0.451	0.418	0.384	0.384	0.334	0.337	0.337	0.341	0.341	0.473	0.604	0.734	0.734	0.734	0.864	0.994	0.994	0.994	0.994	0.994	
0.396	0.396	0.396	0.396	0.425	0.431	0.468	0.452	0.432	0.418	0.418	0.368	0.343	0.342	0.341	0.341	0.424	0.424	0.621	0.621	0.734	0.734	0.864	0.994	0.994	0.994	0.994	0.994	
0.396	0.393	0.393	0.393	0.393	0.418	0.446	0.446	0.432	0.418	0.385	0.385	0.352	0.313	0.294	0.294	0.365	0.508	0.508	0.621	0.621	0.734	0.908	0.908	0.994	0.994	0.994	0.994	
0.393	0.393	0.390	0.390	0.390	0.418	0.446	0.446	0.411	0.411	0.379	0.360	0.352	0.300	0.247	0.247	0.344	0.508	0.508	0.510	0.687	0.865	0.865	0.994	0.994	0.994	0.994	0.994	
0.390	0.390	0.390	0.390	0.390	0.418	0.418	0.394	0.386	0.369	0.369	0.327	0.306	0.286	0.247	0.262	0.344	0.432	0.510	0.510	0.753	0.995	0.995	0.995	0.995	0.994	0.994	0.994	
0.390	0.390	0.390	0.349	0.349	0.349	0.372	0.394	0.355	0.355	0.369	0.314	0.260	0.254	0.261	0.262	0.277	0.394	0.512	0.512	0.753	0.995	0.995	0.995	0.995	0.995	0.995	0.995	
0.349	0.349	0.349	0.349	0.308	0.308	0.325	0.342	0.342	0.355	0.348	0.318	0.260	0.260	0.249	0.243	0.277	0.394	0.512	0.512	0.753	0.995	0.995	0.995	0.995	0.995	0.995	0.995	
0.349	0.308	0.308	0.308	0.308	0.308	0.325	0.325	0.282	0.315	0.346	0.293	0.293	0.265	0.235	0.243	0.217	0.318	0.338	0.512	0.753	0.995	0.995	0.995	0.995	0.995	0.995	0.995	
0.363	0.308	0.308	0.308	0.308	0.232	0.232	0.269	0.240	0.274	0.274	0.326	0.326	0.320	0.210	0.210	0.187	0.165	0.338	0.338	0.557	0.995	0.995	0.995	0.995	0.995	0.995	0.995	
0.363	0.363	0.363	0.363	0.294	0.232	0.156	0.156	0.189	0.222	0.274	0.274	0.374	0.320	0.316	0.266	0.187	0.165	0.165	0.165	0.557	0.427	0.995	0.995	0.995	0.995	0.995	0.995	
0.419	0.419	0.419	0.419	0.287	0.287	0.156	0.168	0.174	0.181	0.213	0.312	0.341	0.422	0.422	0.366	0.165	0.143	0.143	0.143	0.143	0.427	0.558	0.995	0.995	0.995	0.995	0.995	
0.419	0.419	0.419	0.419	0.419	0.287	0.252	0.168	0.181	0.140	0.208	0.276	0.349	0.403	0.466	0.366	0.265	0.143	0.120	0.120	0.120	0.120	0.558	0.558	0.558	0.995	0.995	0.995	
0.419	0.419	0.419	0.419	0.419	0.419	0.300	0.180	0.160	0.140	0.208	0.208	0.276	0.393	0.510	0.510	0.315	0.120	0.120	0.120	0.120	0.120	0.120	0.120	0.558	0.558	0.558	0.995	
0.000	0.000	0.000	0.000	0.000	0.000	0.180	0.180	0.160	0.140	0.140	0.208	0.276	0.596	0.510	0.510	0.120	0.120	0.120	0.120	0.120	0.120	0.000	0.000	0.000	0.000	0.995	0.995	
0.000	0.000	0.000	0.000	0.000	0.000	0.000	0.000	0.000	0.000	0.000	0.000	0.640	0.596	0.757	0.757	0.000	0.000	0.000	0.000	0.000	0.000	0.000	0.000	0.000	0.000	0.000	0.000	
0.000	0.000	0.000	0.000	0.000	0.000	0.000	0.000	0.000	0.000	0.000	0.000	1.003	1.003	1.003	1.003	0.000	0.000	0.000	0.000	0.000	0.000	0.000	0.000	0.000	0.000	0.000	0.000	
0.000	0.000	0.000	0.000	0.000	0.000	0.000	0.000	0.000	0.000	0.000	0.000	1.003	1.003	1.003	1.003	0.000	0.000	0.000	0.000	0.000	0.000	0.000	0.000	0.000	0.000	0.000	0.000	
0.000	0.000	0.000	0.000	0.000	0.000	0.000	0.000	0.000	0.000	0.000	0.000	1.003	1.003	1.003	1.003	0.000	0.000	0.000	0.000	0.000	0.000	0.000	0.000	0.000	0.000	0.000	0.000	
