0.032	0.032	0.032	0.032	0.032	0.032	0.032	0.032	0.032	0.032	0.032	0.032	0.115	0.199	0.199	0.199	0.199	0.199	0.199	0.199	0.199	0.149	0.099	0.099	0.099	0.099	0.099	0.099	
0.032	0.032	0.032	0.032	0.032	0.032	0.032	0.032	0.032	0.032	0.032	0.032	0.115	0.199	0.199	0.199	0.199	0.199	0.199	0.199	0.199	0.149	0.099	0.099	0.099	0.099	0.099	0.099	
0.032	0.032	0.032	0.032	0.032	0.032	0.032	0.032	0.032	0.032	0.032	0.032	0.115	0.199	0.199	0.199	0.199	0.199	0.199	0.199	0.199	0.149	0.099	0.099	0.099	0.099	0.099	0.099	
0.032	0.032	0.032	0.032	0.032	0.032	0.032	0.032	0.032	0.032	0.032	0.032	0.115	0.199	0.199	0.199	0.199	0.199	0.199	0.199	0.149	0.149	0.099	0.099	0.099	0.099	0.099	0.099	
0.032	0.032	0.032	0.032	0.032	0.032	0.032	0.032	0.032	0.032	0.032	0.032	0.115	0.199	0.199	0.199	0.199	0.199	0.199	0.199	0.149	0.099	0.099	0.099	0.099	0.099	0.099	0.099	
0.032	0.032	0.032	0.032	0.032	0.032	0.032	0.032	0.032	0.032	0.032	0.032	0.115	0.115	0.199	0.199	0.199	0.199	0.199	0.199	0.149	0.099	0.099	0.099	0.099	0.099	0.099	0.099	
0.032	0.032	0.032	0.032	0.032	0.032	0.032	0.032	0.032	0.032	0.032	0.032	0.032	0.115	0.199	0.199	0.199	0.199	0.199	0.199	0.149	0.099	0.099	0.099	0.099	0.099	0.099	0.099	
0.032	0.032	0.032	0.032	0.032	0.032	0.032	0.032	0.032	0.032	0.032	0.032	0.032	0.115	0.199	0.199	0.199	0.199	0.199	0.199	0.149	0.099	0.099	0.099	0.099	0.099	0.099	0.099	
0.032	0.032	0.032	0.032	0.032	0.032	0.032	0.032	0.032	0.032	0.032	0.032	0.032	0.115	0.199	0.199	0.199	0.199	0.199	0.199	0.149	0.099	0.099	0.099	0.099	0.099	0.099	0.099	
0.032	0.032	0.032	0.032	0.032	0.032	0.032	0.032	0.032	0.032	0.032	0.032	0.032	0.115	0.199	0.199	0.199	0.199	0.199	0.199	0.149	0.099	0.099	0.099	0.099	0.099	0.099	0.099	
0.032	0.032	0.032	0.032	0.032	0.032	0.032	0.032	0.032	0.032	0.032	0.032	0.032	0.115	0.199	0.199	0.199	0.199	0.199	0.199	0.149	0.099	0.099	0.099	0.099	0.099	0.099	0.099	
0.032	0.032	0.032	0.032	0.032	0.032	0.032	0.032	0.032	0.032	0.032	0.032	0.032	0.115	0.199	0.199	0.199	0.199	0.199	0.199	0.149	0.099	0.099	0.099	0.099	0.099	0.099	0.099	
0.032	0.032	0.032	0.032	0.032	0.032	0.032	0.032	0.032	0.032	0.032	0.032	0.032	0.115	0.199	0.199	0.199	0.199	0.199	0.149	0.149	0.099	0.099	0.099	0.099	0.099	0.099	0.099	
0.032	0.032	0.032	0.032	0.032	0.032	0.032	0.032	0.032	0.032	0.032	0.032	0.032	0.115	0.199	0.199	0.199	0.199	0.199	0.149	0.099	0.099	0.099	0.099	0.099	0.099	0.099	0.099	
0.032	0.032	0.032	0.032	0.032	0.032	0.032	0.032	0.032	0.032	0.032	0.032	0.032	0.115	0.199	0.199	0.199	0.199	0.199	0.149	0.099	0.099	0.099	0.099	0.099	0.099	0.099	0.099	
0.032	0.032	0.032	0.032	0.032	0.032	0.032	0.032	0.032	0.032	0.032	0.032	0.032	0.115	0.199	0.199	0.199	0.199	0.199	0.149	0.099	0.099	0.099	0.099	0.099	0.099	0.099	0.099	
0.032	0.032	0.032	0.032	0.032	0.032	0.032	0.032	0.032	0.032	0.032	0.032	0.032	0.115	0.199	0.199	0.199	0.199	0.199	0.149	0.099	0.099	0.099	0.099	0.099	0.099	0.099	0.099	
0.032	0.032	0.032	0.032	0.032	0.032	0.032	0.032	0.032	0.032	0.032	0.032	0.032	0.115	0.199	0.199	0.199	0.199	0.199	0.149	0.099	0.099	0.099	0.099	0.099	0.099	0.099	0.099	
0.032	0.032	0.032	0.032	0.032	0.032	0.032	0.032	0.032	0.032	0.032	0.032	0.032	0.115	0.199	0.199	0.199	0.199	0.199	0.149	0.099	0.099	0.099	0.099	0.099	0.099	0.099	0.099	
0.032	0.032	0.032	0.032	0.032	0.032	0.032	0.032	0.032	0.032	0.032	0.032	0.032	0.115	0.199	0.199	0.199	0.199	0.199	0.149	0.099	0.099	0.099	0.099	0.099	0.099	0.099	0.099	
0.032	0.032	0.032	0.032	0.032	0.032	0.032	0.032	0.032	0.032	0.032	0.032	0.032	0.115	0.199	0.199	0.199	0.199	0.199	0.149	0.099	0.099	0.099	0.099	0.099	0.099	0.099	0.099	
0.032	0.032	0.032	0.032	0.032	0.032	0.032	0.032	0.032	0.032	0.032	0.032	0.032	0.115	0.199	0.199	0.199	0.199	0.149	0.149	0.099	0.099	0.099	0.099	0.099	0.099	0.099	0.099	
0.041	0.032	0.032	0.032	0.032	0.032	0.032	0.032	0.032	0.032	0.032	0.032	0.032	0.115	0.199	0.199	0.199	0.199	0.149	0.099	0.099	0.099	0.099	0.099	0.099	0.099	0.099	0.099	
0.041	0.032	0.032	0.032	0.032	0.032	0.032	0.032	0.032	0.032	0.032	0.032	0.032	0.115	0.199	0.199	0.199	0.199	0.149	0.099	0.099	0.099	0.099	0.099	0.099	0.099	0.099	0.099	
0.041	0.032	0.032	0.032	0.032	0.032	0.032	0.032	0.032	0.032	0.032	0.032	0.032	0.115	0.199	0.199	0.199	0.199	0.149	0.099	0.099	0.099	0.099	0.099	0.099	0.099	0.099	0.099	
0.041	0.041	0.032	0.032	0.032	0.032	0.032	0.032	0.032	0.032	0.032	0.032	0.032	0.115	0.199	0.199	0.199	0.199	0.149	0.099	0.099	0.099	0.099	0.099	0.099	0.099	0.099	0.099	
0.051	0.041	0.032	0.032	0.032	0.032	0.032	0.032	0.032	0.032	0.032	0.032	0.032	0.115	0.199	0.199	0.199	0.199	0.149	0.099	0.099	0.099	0.099	0.099	0.099	0.099	0.099	0.099	
0.051	0.041	0.041	0.032	0.032	0.032	0.032	0.032	0.032	0.032	0.032	0.032	0.032	0.115	0.199	0.199	0.199	0.199	0.149	0.099	0.099	0.099	0.099	0.099	0.099	0.099	0.099	0.099	
0.051	0.051	0.041	0.032	0.032	0.032	0.032	0.032	0.032	0.032	0.032	0.032	0.032	0.115	0.199	0.199	0.199	0.199	0.149	0.099	0.099	0.099	0.099	0.099	0.099	0.099	0.099	0.099	
0.051	0.051	0.041	0.041	0.032	0.032	0.032	0.032	0.032	0.032	0.032	0.032	0.032	0.115	0.199	0.199	0.199	0.199	0.149	0.099	0.099	0.099	0.099	0.099	0.099	0.099	0.099	0.099	
0.051	0.051	0.051	0.041	0.032	0.032	0.032	0.032	0.032	0.032	0.032	0.032	0.032	0.115	0.199	0.199	0.199	0.199	0.149	0.099	0.099	0.099	0.099	0.099	0.099	0.099	0.099	0.099	
0.051	0.051	0.051	0.041	0.041	0.032	0.032	0.032	0.032	0.032	0.032	0.032	0.032	0.115	0.199	0.199	0.199	0.149	0.149	0.099	0.099	0.099	0.099	0.099	0.099	0.099	0.099	0.099	
0.051	0.051	0.051	0.051	0.041	0.032	0.032	0.032	0.032	0.032	0.032	0.032	0.032	0.115	0.199	0.199	0.199	0.149	0.099	0.099	0.099	0.099	0.099	0.099	0.099	0.099	0.099	0.099	
0.051	0.051	0.051	0.051	0.041	0.041	0.032	0.032	0.032	0.032	0.032	0.032	0.032	0.115	0.199	0.199	0.199	0.149	0.099	0.099	0.099	0.099	0.099	0.099	0.099	0.099	0.099	0.099	
0.051	0.051	0.051	0.051	0.051	0.041	0.032	0.032	0.032	0.032	0.032	0.032	0.032	0.115	0.199	0.199	0.199	0.149	0.099	0.099	0.099	0.099	0.099	0.099	0.099	0.099	0.099	0.099	
0.051	0.051	0.051	0.051	0.051	0.041	0.032	0.032	0.032	0.032	0.032	0.032	0.032	0.115	0.199	0.199	0.199	0.149	0.099	0.099	0.099	0.099	0.099	0.099	0.099	0.099	0.099	0.099	
0.051	0.051	0.051	0.051	0.051	0.041	0.041	0.032	0.032	0.032	0.032	0.032	0.032	0.115	0.199	0.199	0.199	0.149	0.099	0.099	0.099	0.099	0.099	0.099	0.099	0.099	0.099	0.099	
0.051	0.051	0.051	0.051	0.051	0.051	0.041	0.032	0.032	0.032	0.032	0.032	0.032	0.115	0.199	0.199	0.199	0.149	0.099	0.099	0.099	0.099	0.099	0.099	0.099	0.099	0.099	0.099	
0.051	0.051	0.051	0.051	0.051	0.051	0.041	0.041	0.032	0.032	0.032	0.032	0.032	0.115	0.199	0.199	0.199	0.149	0.099	0.099	0.099	0.099	0.099	0.099	0.099	0.099	0.099	0.099	
0.051	0.051	0.051	0.051	0.051	0.051	0.051	0.041	0.032	0.032	0.032	0.032	0.032	0.115	0.199	0.199	0.199	0.149	0.099	0.099	0.099	0.099	0.099	0.099	0.099	0.099	0.099	0.097	
0.051	0.051	0.051	0.051	0.051	0.051	0.051	0.041	0.041	0.032	0.032	0.032	0.032	0.115	0.199	0.199	0.149	0.149	0.099	0.099	0.099	0.099	0.099	0.099	0.099	0.097	0.097	0.097	
0.051	0.051	0.051	0.051	0.051	0.051	0.051	0.051	0.041	0.032	0.032	0.032	0.032	0.115	0.199	0.199	0.149	0.099	0.099	0.099	0.099	0.099	0.099	0.099	0.097	0.097	0.094	0.063	
0.070	0.051	0.051	0.051	0.051	0.051	0.051	0.051	0.041	0.041	0.032	0.032	0.032	0.115	0.199	0.199	0.149	0.099	0.099	0.099	0.099	0.099	0.099	0.097	0.097	0.094	0.063	0.063	
0.070	0.070	0.070	0.051	0.051	0.051	0.051	0.051	0.051	0.041	0.032	0.032	0.032	0.115	0.199	0.199	0.149	0.099	0.099	0.099	0.099	0.097	0.097	0.097	0.094	0.063	0.063	0.032	
0.090	0.090	0.070	0.070	0.051	0.051	0.051	0.051	0.051	0.041	0.041	0.032	0.032	0.115	0.199	0.199	0.149	0.099	0.099	0.099	0.097	0.097	0.094	0.063	0.063	0.063	0.032	0.032	
0.090	0.090	0.090	0.070	0.070	0.070	0.051	0.051	0.051	0.052	0.045	0.043	0.032	0.153	0.214	0.199	0.143	0.099	0.099	0.097	0.097	0.094	0.063	0.063	0.032	0.032	0.032	0.032	
0.090	0.090	0.090	0.090	0.090	0.070	0.070	0.051	0.051	0.052	0.054	0.043	0.105	0.130	0.214	0.186	0.143	0.108	0.097	0.097	0.094	0.063	0.063	0.032	0.032	0.032	0.032	0.032	
0.090	0.090	0.090	0.090	0.090	0.090	0.070	0.070	0.080	0.072	0.082	0.097	0.141	0.228	0.228	0.219	0.130	0.105	0.092	0.094	0.063	0.063	0.032	0.032	0.032	0.032	0.032	0.032	
0.090	0.090	0.090	0.090	0.090	0.090	0.090	0.070	0.084	0.110	0.101	0.097	0.184	0.373	0.263	0.219	0.173	0.110	0.092	0.072	0.063	0.032	0.032	0.032	0.032	0.032	0.032	0.032	
0.090	0.090	0.090	0.090	0.090	0.090	0.090	0.090	0.100	0.110	0.125	0.140	0.482	0.421	0.561	0.298	0.194	0.091	0.091	0.061	0.032	0.032	0.032	0.032	0.032	0.032	0.032	0.032	
0.000	0.000	0.000	0.000	0.000	0.000	0.000	0.000	0.110	0.110	0.125	0.140	0.482	0.824	0.561	0.561	0.000	0.000	0.000	0.000	0.000	0.000	0.000	0.000	0.000	0.000	0.000	0.000	
0.000	0.000	0.000	0.000	0.000	0.000	0.000	0.000	0.000	0.000	0.000	0.000	0.824	0.824	0.824	0.824	0.000	0.000	0.000	0.000	0.000	0.000	0.000	0.000	0.000	0.000	0.000	0.000	
0.000	0.000	0.000	0.000	0.000	0.000	0.000	0.000	0.000	0.000	0.000	0.000	0.824	0.824	0.824	0.824	0.000	0.000	0.000	0.000	0.000	0.000	0.000	0.000	0.000	0.000	0.000	0.000	
0.000	0.000	0.000	0.000	0.000	0.000	0.000	0.000	0.000	0.000	0.000	0.000	0.824	0.824	0.824	0.824	0.000	0.000	0.000	0.000	0.000	0.000	0.000	0.000	0.000	0.000	0.000	0.000	
0.000	0.000	0.000	0.000	0.000	0.000	0.000	0.000	0.000	0.000	0.000	0.000	0.824	0.824	0.824	0.824	0.000	0.000	0.000	0.000	0.000	0.000	0.000	0.000	0.000	0.000	0.000	0.000	
