0.114	0.114	0.114	0.114	0.114	0.114	0.114	0.114	0.114	0.114	0.114	0.114	0.114	0.114	0.114	0.114	0.111	0.108	0.108	0.108	0.108	0.108	0.108	0.108	0.108	0.108	0.108	0.108	
0.114	0.114	0.114	0.114	0.114	0.114	0.114	0.114	0.114	0.114	0.114	0.114	0.114	0.114	0.114	0.111	0.111	0.108	0.108	0.108	0.108	0.108	0.108	0.108	0.108	0.108	0.108	0.108	
0.114	0.114	0.114	0.114	0.114	0.114	0.114	0.114	0.114	0.114	0.114	0.114	0.114	0.114	0.114	0.111	0.108	0.108	0.108	0.108	0.108	0.108	0.108	0.108	0.108	0.108	0.108	0.108	
0.114	0.114	0.114	0.114	0.114	0.114	0.114	0.114	0.114	0.114	0.114	0.114	0.114	0.114	0.114	0.111	0.108	0.108	0.108	0.108	0.108	0.108	0.108	0.108	0.108	0.108	0.108	0.108	
0.114	0.114	0.114	0.114	0.114	0.114	0.114	0.114	0.114	0.114	0.114	0.114	0.114	0.114	0.114	0.111	0.108	0.108	0.108	0.108	0.108	0.108	0.108	0.108	0.108	0.108	0.108	0.108	
0.114	0.114	0.114	0.114	0.114	0.114	0.114	0.114	0.114	0.114	0.114	0.114	0.114	0.114	0.114	0.111	0.108	0.108	0.108	0.108	0.108	0.108	0.108	0.108	0.108	0.108	0.108	0.108	
0.114	0.114	0.114	0.114	0.114	0.114	0.114	0.114	0.114	0.114	0.114	0.114	0.114	0.114	0.114	0.111	0.108	0.108	0.108	0.108	0.108	0.108	0.108	0.108	0.108	0.108	0.108	0.108	
0.114	0.114	0.114	0.114	0.114	0.114	0.114	0.114	0.114	0.114	0.114	0.114	0.114	0.114	0.114	0.111	0.108	0.108	0.108	0.108	0.108	0.108	0.108	0.108	0.108	0.108	0.108	0.108	
0.114	0.114	0.114	0.114	0.114	0.114	0.114	0.114	0.114	0.114	0.114	0.114	0.114	0.114	0.114	0.111	0.108	0.108	0.108	0.108	0.108	0.108	0.108	0.108	0.108	0.108	0.108	0.108	
0.114	0.114	0.114	0.114	0.114	0.114	0.114	0.114	0.114	0.114	0.114	0.114	0.114	0.114	0.114	0.111	0.108	0.108	0.108	0.108	0.108	0.108	0.108	0.108	0.108	0.108	0.108	0.108	
0.114	0.114	0.114	0.114	0.114	0.114	0.114	0.114	0.114	0.114	0.114	0.114	0.114	0.114	0.114	0.111	0.108	0.108	0.108	0.108	0.108	0.108	0.108	0.108	0.108	0.108	0.108	0.108	
0.114	0.114	0.114	0.114	0.114	0.114	0.114	0.114	0.114	0.114	0.114	0.114	0.114	0.114	0.114	0.111	0.108	0.108	0.108	0.108	0.108	0.108	0.108	0.108	0.108	0.108	0.108	0.108	
0.114	0.114	0.114	0.114	0.114	0.114	0.114	0.114	0.114	0.114	0.114	0.114	0.114	0.114	0.114	0.111	0.108	0.108	0.108	0.108	0.108	0.108	0.108	0.108	0.108	0.108	0.108	0.108	
0.114	0.114	0.114	0.114	0.114	0.114	0.114	0.114	0.114	0.114	0.114	0.114	0.114	0.114	0.114	0.111	0.108	0.108	0.108	0.108	0.108	0.108	0.108	0.108	0.108	0.108	0.108	0.108	
0.114	0.114	0.114	0.114	0.114	0.114	0.114	0.114	0.114	0.114	0.114	0.114	0.114	0.114	0.114	0.111	0.108	0.108	0.108	0.108	0.108	0.108	0.108	0.108	0.108	0.108	0.108	0.108	
0.114	0.114	0.114	0.114	0.114	0.114	0.114	0.114	0.114	0.114	0.114	0.114	0.114	0.114	0.114	0.111	0.108	0.108	0.108	0.108	0.108	0.108	0.108	0.108	0.108	0.108	0.108	0.108	
0.075	0.114	0.114	0.114	0.114	0.114	0.114	0.114	0.114	0.114	0.114	0.114	0.114	0.114	0.114	0.111	0.108	0.108	0.108	0.108	0.108	0.108	0.108	0.108	0.108	0.108	0.108	0.108	
0.075	0.114	0.114	0.114	0.114	0.114	0.114	0.114	0.114	0.114	0.114	0.114	0.114	0.114	0.114	0.111	0.108	0.108	0.108	0.108	0.108	0.108	0.108	0.108	0.108	0.108	0.108	0.108	
0.075	0.114	0.114	0.114	0.114	0.114	0.114	0.114	0.114	0.114	0.114	0.114	0.114	0.114	0.114	0.111	0.108	0.108	0.108	0.108	0.108	0.108	0.108	0.108	0.108	0.108	0.108	0.108	
0.075	0.075	0.114	0.114	0.114	0.114	0.114	0.114	0.114	0.114	0.114	0.114	0.114	0.114	0.114	0.111	0.108	0.108	0.108	0.108	0.108	0.108	0.108	0.108	0.108	0.108	0.108	0.108	
0.036	0.075	0.114	0.114	0.114	0.114	0.114	0.114	0.114	0.114	0.114	0.114	0.114	0.114	0.114	0.111	0.108	0.108	0.108	0.108	0.108	0.108	0.108	0.108	0.108	0.108	0.108	0.108	
0.036	0.075	0.114	0.114	0.114	0.114	0.114	0.114	0.114	0.114	0.114	0.114	0.114	0.114	0.114	0.111	0.108	0.108	0.108	0.108	0.108	0.108	0.108	0.108	0.108	0.108	0.108	0.108	
0.036	0.075	0.075	0.114	0.114	0.114	0.114	0.114	0.114	0.114	0.114	0.114	0.114	0.114	0.114	0.111	0.108	0.108	0.108	0.108	0.108	0.108	0.108	0.108	0.108	0.108	0.108	0.108	
0.036	0.036	0.075	0.114	0.114	0.114	0.114	0.114	0.114	0.114	0.114	0.114	0.114	0.114	0.114	0.111	0.108	0.108	0.108	0.108	0.108	0.108	0.108	0.108	0.108	0.108	0.108	0.108	
0.036	0.036	0.075	0.075	0.114	0.114	0.114	0.114	0.114	0.114	0.114	0.114	0.114	0.114	0.114	0.111	0.108	0.108	0.108	0.108	0.108	0.108	0.108	0.108	0.108	0.108	0.108	0.108	
0.036	0.036	0.036	0.075	0.114	0.114	0.114	0.114	0.114	0.114	0.114	0.114	0.114	0.114	0.114	0.111	0.108	0.108	0.108	0.108	0.108	0.108	0.108	0.108	0.108	0.108	0.108	0.108	
0.036	0.036	0.036	0.075	0.114	0.114	0.114	0.114	0.114	0.114	0.114	0.114	0.114	0.114	0.114	0.111	0.108	0.108	0.108	0.108	0.108	0.108	0.108	0.108	0.108	0.108	0.108	0.104	
0.036	0.036	0.036	0.075	0.075	0.114	0.114	0.114	0.114	0.114	0.114	0.114	0.114	0.114	0.114	0.111	0.108	0.108	0.108	0.108	0.108	0.108	0.108	0.108	0.108	0.108	0.104	0.104	
0.036	0.036	0.036	0.036	0.075	0.114	0.114	0.114	0.114	0.114	0.114	0.114	0.114	0.114	0.114	0.111	0.108	0.108	0.108	0.108	0.108	0.108	0.108	0.108	0.108	0.108	0.104	0.100	
0.036	0.036	0.036	0.036	0.075	0.114	0.114	0.114	0.114	0.114	0.114	0.114	0.114	0.114	0.114	0.111	0.108	0.108	0.108	0.108	0.108	0.108	0.108	0.108	0.108	0.104	0.104	0.100	
0.036	0.036	0.036	0.036	0.075	0.075	0.114	0.114	0.114	0.114	0.114	0.114	0.114	0.114	0.114	0.111	0.108	0.108	0.108	0.108	0.108	0.108	0.108	0.108	0.108	0.104	0.100	0.100	
0.036	0.036	0.036	0.036	0.036	0.075	0.114	0.114	0.114	0.114	0.114	0.114	0.114	0.114	0.111	0.111	0.108	0.108	0.108	0.108	0.108	0.108	0.108	0.108	0.104	0.104	0.100	0.100	
0.036	0.036	0.036	0.036	0.036	0.075	0.075	0.114	0.114	0.114	0.114	0.114	0.114	0.114	0.111	0.108	0.108	0.108	0.108	0.108	0.108	0.108	0.108	0.108	0.104	0.100	0.100	0.100	
0.036	0.036	0.036	0.036	0.036	0.036	0.075	0.114	0.114	0.114	0.114	0.114	0.114	0.114	0.111	0.108	0.108	0.108	0.108	0.108	0.108	0.108	0.108	0.104	0.104	0.100	0.100	0.100	
0.036	0.036	0.036	0.036	0.036	0.036	0.075	0.114	0.114	0.114	0.114	0.114	0.114	0.114	0.111	0.108	0.108	0.108	0.108	0.108	0.108	0.108	0.108	0.104	0.100	0.100	0.100	0.100	
0.036	0.036	0.036	0.036	0.036	0.036	0.075	0.075	0.114	0.114	0.114	0.114	0.114	0.114	0.111	0.108	0.108	0.108	0.108	0.108	0.108	0.108	0.104	0.104	0.100	0.100	0.100	0.100	
0.036	0.036	0.036	0.036	0.036	0.036	0.036	0.075	0.114	0.114	0.114	0.114	0.114	0.114	0.111	0.108	0.108	0.108	0.108	0.108	0.108	0.108	0.104	0.100	0.100	0.100	0.100	0.100	
0.036	0.036	0.036	0.036	0.036	0.036	0.036	0.075	0.114	0.114	0.114	0.114	0.114	0.114	0.111	0.108	0.108	0.108	0.108	0.108	0.108	0.104	0.104	0.100	0.100	0.100	0.100	0.100	
0.036	0.036	0.036	0.036	0.036	0.036	0.036	0.075	0.075	0.114	0.114	0.114	0.114	0.114	0.111	0.108	0.108	0.108	0.108	0.108	0.108	0.104	0.100	0.100	0.100	0.100	0.100	0.100	
0.036	0.036	0.036	0.036	0.036	0.036	0.036	0.036	0.075	0.114	0.114	0.114	0.114	0.114	0.111	0.108	0.108	0.108	0.108	0.108	0.104	0.104	0.100	0.100	0.100	0.100	0.100	0.100	
0.036	0.036	0.036	0.036	0.036	0.036	0.036	0.036	0.075	0.075	0.114	0.114	0.114	0.114	0.111	0.108	0.108	0.108	0.108	0.108	0.104	0.100	0.100	0.100	0.100	0.100	0.100	0.100	
0.036	0.036	0.036	0.036	0.036	0.036	0.036	0.036	0.036	0.075	0.114	0.114	0.114	0.114	0.111	0.108	0.108	0.108	0.108	0.104	0.104	0.100	0.100	0.100	0.100	0.100	0.100	0.100	
0.088	0.036	0.036	0.036	0.036	0.036	0.036	0.036	0.036	0.075	0.114	0.114	0.114	0.114	0.111	0.108	0.108	0.108	0.108	0.104	0.100	0.100	0.100	0.100	0.100	0.100	0.100	0.086	
0.088	0.088	0.036	0.036	0.036	0.036	0.036	0.036	0.036	0.075	0.075	0.114	0.114	0.114	0.111	0.108	0.108	0.108	0.104	0.104	0.100	0.100	0.100	0.100	0.100	0.086	0.086	0.086	
0.140	0.088	0.088	0.088	0.036	0.036	0.036	0.036	0.036	0.036	0.064	0.078	0.114	0.114	0.111	0.108	0.108	0.108	0.104	0.100	0.100	0.100	0.100	0.100	0.086	0.086	0.071	0.071	
0.140	0.140	0.140	0.088	0.088	0.036	0.036	0.036	0.036	0.036	0.039	0.078	0.078	0.114	0.142	0.108	0.108	0.104	0.104	0.100	0.100	0.100	0.086	0.086	0.086	0.071	0.071	0.071	
0.140	0.140	0.140	0.140	0.088	0.088	0.088	0.036	0.036	0.039	0.039	0.041	0.119	0.158	0.142	0.151	0.125	0.117	0.100	0.100	0.100	0.086	0.086	0.071	0.071	0.071	0.071	0.071	
0.140	0.140	0.140	0.140	0.140	0.140	0.088	0.088	0.088	0.079	0.101	0.129	0.153	0.202	0.202	0.172	0.142	0.104	0.086	0.086	0.086	0.086	0.071	0.071	0.071	0.071	0.071	0.071	
0.140	0.140	0.140	0.140	0.140	0.140	0.140	0.140	0.112	0.098	0.101	0.129	0.209	0.283	0.316	0.258	0.214	0.106	0.086	0.081	0.071	0.071	0.071	0.071	0.071	0.071	0.071	0.071	
0.140	0.140	0.140	0.140	0.140	0.140	0.140	0.140	0.150	0.160	0.160	0.216	0.216	0.323	0.430	0.430	0.214	0.071	0.071	0.071	0.071	0.071	0.071	0.071	0.071	0.071	0.071	0.071	
0.140	0.140	0.140	0.140	0.140	0.140	0.140	0.140	0.140	0.160	0.160	0.216	0.602	0.544	0.709	0.430	0.250	0.071	0.071	0.071	0.071	0.071	0.071	0.071	0.071	0.071	0.071	0.071	
0.000	0.000	0.000	0.000	0.000	0.000	0.000	0.000	0.000	0.000	0.000	0.000	0.987	0.987	0.709	0.709	0.000	0.000	0.000	0.000	0.000	0.000	0.000	0.000	0.000	0.000	0.000	0.000	
0.000	0.000	0.000	0.000	0.000	0.000	0.000	0.000	0.000	0.000	0.000	0.000	0.987	0.987	0.987	0.987	0.000	0.000	0.000	0.000	0.000	0.000	0.000	0.000	0.000	0.000	0.000	0.000	
0.000	0.000	0.000	0.000	0.000	0.000	0.000	0.000	0.000	0.000	0.000	0.000	0.987	0.987	0.987	0.987	0.000	0.000	0.000	0.000	0.000	0.000	0.000	0.000	0.000	0.000	0.000	0.000	
0.000	0.000	0.000	0.000	0.000	0.000	0.000	0.000	0.000	0.000	0.000	0.000	0.987	0.987	0.987	0.987	0.000	0.000	0.000	0.000	0.000	0.000	0.000	0.000	0.000	0.000	0.000	0.000	
