0.051	0.051	0.076	0.102	0.102	0.102	0.102	0.102	0.102	0.102	0.102	0.102	0.102	0.102	0.102	0.102	0.102	0.102	0.102	0.102	0.102	0.102	0.102	0.102	0.112	0.122	0.122	0.122	
0.051	0.051	0.076	0.076	0.102	0.102	0.102	0.102	0.102	0.102	0.102	0.102	0.102	0.102	0.102	0.102	0.102	0.102	0.102	0.102	0.102	0.102	0.102	0.112	0.112	0.122	0.122	0.122	
0.051	0.051	0.051	0.076	0.102	0.102	0.102	0.102	0.102	0.102	0.102	0.102	0.102	0.102	0.102	0.102	0.102	0.102	0.102	0.102	0.102	0.102	0.102	0.112	0.122	0.122	0.122	0.122	
0.051	0.051	0.051	0.076	0.102	0.102	0.102	0.102	0.102	0.102	0.102	0.102	0.102	0.102	0.102	0.102	0.102	0.102	0.102	0.102	0.102	0.102	0.102	0.112	0.122	0.122	0.122	0.122	
0.051	0.051	0.051	0.076	0.102	0.102	0.102	0.102	0.102	0.102	0.102	0.102	0.102	0.102	0.102	0.102	0.102	0.102	0.102	0.102	0.102	0.102	0.102	0.112	0.122	0.122	0.122	0.122	
0.051	0.051	0.051	0.076	0.076	0.102	0.102	0.102	0.102	0.102	0.102	0.102	0.102	0.102	0.102	0.102	0.102	0.102	0.102	0.102	0.102	0.102	0.102	0.112	0.122	0.122	0.122	0.122	
0.051	0.051	0.051	0.051	0.076	0.102	0.102	0.102	0.102	0.102	0.102	0.102	0.102	0.102	0.102	0.102	0.102	0.102	0.102	0.102	0.102	0.102	0.112	0.112	0.122	0.122	0.122	0.122	
0.051	0.051	0.051	0.051	0.076	0.102	0.102	0.102	0.102	0.102	0.102	0.102	0.102	0.102	0.102	0.102	0.102	0.102	0.102	0.102	0.102	0.102	0.112	0.122	0.122	0.122	0.122	0.122	
0.051	0.051	0.051	0.051	0.076	0.102	0.102	0.102	0.102	0.102	0.102	0.102	0.102	0.102	0.102	0.102	0.102	0.102	0.102	0.102	0.102	0.102	0.112	0.122	0.122	0.122	0.122	0.122	
0.051	0.051	0.051	0.051	0.076	0.076	0.102	0.102	0.102	0.102	0.102	0.102	0.102	0.102	0.102	0.102	0.102	0.102	0.102	0.102	0.102	0.102	0.112	0.122	0.122	0.122	0.122	0.122	
0.051	0.051	0.051	0.051	0.051	0.076	0.102	0.102	0.102	0.102	0.102	0.102	0.102	0.102	0.102	0.102	0.102	0.102	0.102	0.102	0.102	0.102	0.112	0.122	0.122	0.122	0.122	0.122	
0.051	0.051	0.051	0.051	0.051	0.076	0.102	0.102	0.102	0.102	0.102	0.102	0.102	0.102	0.102	0.102	0.102	0.102	0.102	0.102	0.102	0.112	0.112	0.122	0.122	0.122	0.122	0.122	
0.051	0.051	0.051	0.051	0.051	0.076	0.102	0.102	0.102	0.102	0.102	0.102	0.102	0.102	0.102	0.102	0.102	0.102	0.102	0.102	0.102	0.112	0.122	0.122	0.122	0.122	0.122	0.122	
0.051	0.051	0.051	0.051	0.051	0.076	0.102	0.102	0.102	0.102	0.102	0.102	0.102	0.102	0.102	0.102	0.102	0.102	0.102	0.102	0.102	0.112	0.122	0.122	0.122	0.122	0.122	0.122	
0.051	0.051	0.051	0.051	0.051	0.076	0.076	0.102	0.102	0.102	0.102	0.102	0.102	0.102	0.102	0.102	0.102	0.102	0.102	0.102	0.102	0.112	0.122	0.122	0.122	0.122	0.122	0.122	
0.051	0.051	0.051	0.051	0.051	0.051	0.076	0.102	0.102	0.102	0.102	0.102	0.102	0.102	0.102	0.102	0.102	0.102	0.102	0.102	0.112	0.112	0.122	0.122	0.122	0.122	0.122	0.122	
0.051	0.051	0.051	0.051	0.051	0.051	0.076	0.102	0.102	0.102	0.102	0.102	0.102	0.102	0.102	0.102	0.102	0.102	0.102	0.102	0.112	0.122	0.122	0.122	0.122	0.122	0.122	0.122	
0.051	0.051	0.051	0.051	0.051	0.051	0.076	0.102	0.102	0.102	0.102	0.102	0.102	0.102	0.102	0.102	0.102	0.102	0.102	0.102	0.112	0.122	0.122	0.122	0.122	0.122	0.122	0.122	
0.051	0.051	0.051	0.051	0.051	0.051	0.076	0.076	0.102	0.102	0.102	0.102	0.102	0.102	0.102	0.102	0.102	0.102	0.102	0.102	0.112	0.122	0.122	0.122	0.122	0.122	0.122	0.122	
0.051	0.051	0.051	0.051	0.051	0.051	0.051	0.076	0.102	0.102	0.102	0.102	0.102	0.102	0.102	0.102	0.102	0.102	0.102	0.102	0.112	0.122	0.122	0.122	0.122	0.122	0.122	0.122	
0.085	0.051	0.051	0.051	0.051	0.051	0.051	0.076	0.102	0.102	0.102	0.102	0.102	0.102	0.102	0.102	0.102	0.102	0.102	0.112	0.112	0.122	0.122	0.122	0.122	0.122	0.122	0.122	
0.085	0.051	0.051	0.051	0.051	0.051	0.051	0.076	0.102	0.102	0.102	0.102	0.102	0.102	0.102	0.102	0.102	0.102	0.102	0.112	0.122	0.122	0.122	0.122	0.122	0.122	0.122	0.122	
0.085	0.051	0.051	0.051	0.051	0.051	0.051	0.076	0.102	0.102	0.102	0.102	0.102	0.102	0.102	0.102	0.102	0.102	0.102	0.112	0.122	0.122	0.122	0.122	0.122	0.122	0.122	0.122	
0.085	0.085	0.051	0.051	0.051	0.051	0.051	0.076	0.076	0.102	0.102	0.102	0.102	0.102	0.102	0.102	0.102	0.102	0.102	0.112	0.122	0.122	0.122	0.122	0.122	0.122	0.122	0.122	
0.120	0.085	0.051	0.051	0.051	0.051	0.051	0.051	0.076	0.102	0.102	0.102	0.102	0.102	0.102	0.102	0.102	0.102	0.112	0.112	0.122	0.122	0.122	0.122	0.122	0.122	0.122	0.122	
0.120	0.085	0.085	0.051	0.051	0.051	0.051	0.051	0.076	0.102	0.102	0.102	0.102	0.102	0.102	0.102	0.102	0.102	0.112	0.122	0.122	0.122	0.122	0.122	0.122	0.122	0.122	0.122	
0.120	0.120	0.085	0.051	0.051	0.051	0.051	0.051	0.076	0.102	0.102	0.102	0.102	0.102	0.102	0.102	0.102	0.102	0.112	0.122	0.122	0.122	0.122	0.122	0.122	0.122	0.122	0.122	
0.120	0.120	0.085	0.085	0.051	0.051	0.051	0.051	0.076	0.076	0.102	0.102	0.102	0.102	0.102	0.102	0.102	0.102	0.112	0.122	0.122	0.122	0.122	0.122	0.122	0.122	0.122	0.122	
0.120	0.120	0.120	0.085	0.051	0.051	0.051	0.051	0.051	0.076	0.102	0.102	0.102	0.102	0.102	0.102	0.102	0.102	0.112	0.122	0.122	0.122	0.122	0.122	0.122	0.122	0.122	0.168	
0.120	0.120	0.120	0.085	0.085	0.051	0.051	0.051	0.051	0.076	0.102	0.102	0.102	0.102	0.102	0.102	0.102	0.112	0.112	0.122	0.122	0.122	0.122	0.122	0.122	0.122	0.122	0.168	
0.120	0.120	0.120	0.120	0.085	0.051	0.051	0.051	0.051	0.076	0.102	0.102	0.102	0.102	0.102	0.102	0.102	0.112	0.122	0.122	0.122	0.122	0.122	0.122	0.122	0.122	0.168	0.168	
0.120	0.120	0.120	0.120	0.085	0.051	0.051	0.051	0.051	0.076	0.102	0.102	0.102	0.102	0.102	0.102	0.102	0.112	0.122	0.122	0.122	0.122	0.122	0.122	0.122	0.122	0.168	0.215	
0.120	0.120	0.120	0.120	0.085	0.085	0.051	0.051	0.051	0.076	0.076	0.102	0.102	0.102	0.102	0.102	0.102	0.112	0.122	0.122	0.122	0.122	0.122	0.122	0.122	0.168	0.168	0.215	
0.123	0.120	0.120	0.120	0.120	0.085	0.051	0.051	0.051	0.051	0.076	0.102	0.102	0.102	0.102	0.102	0.112	0.112	0.122	0.122	0.122	0.122	0.122	0.122	0.168	0.168	0.215	0.215	
0.123	0.123	0.120	0.120	0.120	0.085	0.085	0.051	0.051	0.051	0.076	0.102	0.102	0.102	0.102	0.102	0.112	0.122	0.122	0.122	0.122	0.122	0.122	0.122	0.168	0.215	0.215	0.215	
0.126	0.123	0.120	0.120	0.120	0.120	0.085	0.051	0.051	0.051	0.076	0.102	0.102	0.102	0.102	0.102	0.112	0.122	0.122	0.122	0.122	0.122	0.122	0.168	0.168	0.215	0.215	0.215	
0.126	0.123	0.123	0.120	0.120	0.120	0.085	0.085	0.051	0.051	0.076	0.076	0.102	0.102	0.102	0.102	0.112	0.122	0.122	0.122	0.122	0.122	0.168	0.168	0.215	0.215	0.215	0.215	
0.126	0.126	0.123	0.123	0.120	0.120	0.120	0.085	0.051	0.051	0.051	0.076	0.102	0.102	0.102	0.102	0.112	0.122	0.122	0.122	0.122	0.122	0.168	0.215	0.215	0.215	0.215	0.224	
0.126	0.126	0.126	0.123	0.120	0.120	0.120	0.085	0.051	0.051	0.051	0.076	0.102	0.102	0.102	0.112	0.112	0.122	0.122	0.122	0.122	0.168	0.168	0.215	0.215	0.215	0.215	0.224	
0.126	0.126	0.126	0.123	0.123	0.120	0.120	0.085	0.085	0.051	0.051	0.076	0.102	0.102	0.102	0.108	0.122	0.122	0.122	0.122	0.122	0.168	0.215	0.215	0.215	0.215	0.224	0.224	
0.126	0.126	0.126	0.126	0.123	0.120	0.120	0.120	0.085	0.051	0.051	0.076	0.102	0.102	0.101	0.108	0.111	0.122	0.122	0.122	0.168	0.168	0.215	0.215	0.215	0.224	0.224	0.234	
0.126	0.126	0.126	0.126	0.123	0.123	0.120	0.120	0.085	0.072	0.051	0.091	0.111	0.107	0.101	0.100	0.111	0.122	0.158	0.158	0.177	0.215	0.215	0.215	0.224	0.224	0.234	0.234	
0.095	0.126	0.126	0.126	0.126	0.123	0.123	0.120	0.082	0.072	0.072	0.072	0.120	0.116	0.114	0.104	0.110	0.141	0.158	0.194	0.204	0.215	0.215	0.215	0.224	0.234	0.234	0.234	
0.095	0.095	0.126	0.126	0.126	0.126	0.122	0.120	0.095	0.045	0.058	0.079	0.107	0.124	0.114	0.112	0.108	0.151	0.194	0.194	0.204	0.215	0.215	0.224	0.224	0.234	0.234	0.234	
0.064	0.095	0.095	0.095	0.126	0.129	0.123	0.120	0.065	0.038	0.049	0.072	0.107	0.128	0.128	0.108	0.108	0.137	0.134	0.147	0.170	0.150	0.174	0.194	0.234	0.234	0.234	0.234	
0.064	0.064	0.064	0.110	0.133	0.129	0.127	0.121	0.091	0.032	0.063	0.078	0.087	0.087	0.093	0.108	0.102	0.108	0.104	0.100	0.117	0.150	0.134	0.184	0.234	0.234	0.234	0.234	
0.062	0.064	0.064	0.102	0.102	0.140	0.131	0.122	0.063	0.034	0.051	0.078	0.073	0.061	0.075	0.089	0.083	0.080	0.086	0.074	0.102	0.103	0.134	0.196	0.234	0.234	0.157	0.157	
0.062	0.062	0.062	0.072	0.095	0.121	0.135	0.066	0.056	0.036	0.060	0.078	0.060	0.042	0.056	0.070	0.064	0.051	0.051	0.044	0.072	0.124	0.142	0.196	0.178	0.157	0.157	0.081	
0.060	0.060	0.068	0.072	0.081	0.112	0.132	0.092	0.023	0.022	0.053	0.078	0.034	0.022	0.028	0.051	0.037	0.030	0.024	0.044	0.051	0.071	0.145	0.220	0.150	0.081	0.081	0.081	
0.060	0.060	0.070	0.081	0.081	0.112	0.143	0.077	0.010	0.015	0.045	0.045	0.034	0.014	0.023	0.024	0.024	0.010	0.010	0.010	0.040	0.071	0.145	0.145	0.150	0.081	0.081	0.081	
0.000	0.000	0.000	0.000	0.000	0.000	0.000	0.010	0.010	0.015	0.020	0.020	0.040	0.010	0.010	0.010	0.000	0.000	0.000	0.000	0.000	0.000	0.000	0.220	0.150	0.081	0.081	0.081	
0.000	0.000	0.000	0.000	0.000	0.000	0.000	0.000	0.000	0.000	0.000	0.000	0.010	0.010	0.010	0.010	0.000	0.000	0.000	0.000	0.000	0.000	0.000	0.000	0.000	0.000	0.000	0.000	
0.000	0.000	0.000	0.000	0.000	0.000	0.000	0.000	0.000	0.000	0.000	0.000	0.010	0.010	0.010	0.010	0.000	0.000	0.000	0.000	0.000	0.000	0.000	0.000	0.000	0.000	0.000	0.000	
0.000	0.000	0.000	0.000	0.000	0.000	0.000	0.000	0.000	0.000	0.000	0.000	0.010	0.010	0.010	0.010	0.000	0.000	0.000	0.000	0.000	0.000	0.000	0.000	0.000	0.000	0.000	0.000	
0.000	0.000	0.000	0.000	0.000	0.000	0.000	0.000	0.000	0.000	0.000	0.000	0.010	0.010	0.010	0.010	0.000	0.000	0.000	0.000	0.000	0.000	0.000	0.000	0.000	0.000	0.000	0.000	
