0.122	0.122	0.122	0.122	0.122	0.122	0.122	0.122	0.124	0.125	0.125	0.125	0.125	0.125	0.125	0.125	0.125	0.125	0.125	0.125	0.108	0.091	0.091	0.091	0.091	0.091	0.091	0.091	
0.122	0.122	0.122	0.122	0.122	0.122	0.122	0.122	0.124	0.125	0.125	0.125	0.125	0.125	0.125	0.125	0.125	0.125	0.125	0.125	0.108	0.091	0.091	0.091	0.091	0.091	0.091	0.091	
0.122	0.122	0.122	0.122	0.122	0.122	0.122	0.122	0.124	0.125	0.125	0.125	0.125	0.125	0.125	0.125	0.125	0.125	0.125	0.125	0.108	0.091	0.091	0.091	0.091	0.091	0.091	0.091	
0.122	0.122	0.122	0.122	0.122	0.122	0.122	0.122	0.124	0.125	0.125	0.125	0.125	0.125	0.125	0.125	0.125	0.125	0.125	0.125	0.108	0.091	0.091	0.091	0.091	0.091	0.091	0.091	
0.122	0.122	0.122	0.122	0.122	0.122	0.122	0.122	0.124	0.125	0.125	0.125	0.125	0.125	0.125	0.125	0.125	0.125	0.125	0.125	0.108	0.091	0.091	0.091	0.091	0.091	0.091	0.091	
0.122	0.122	0.122	0.122	0.122	0.122	0.122	0.122	0.124	0.124	0.125	0.125	0.125	0.125	0.125	0.125	0.125	0.125	0.125	0.125	0.108	0.091	0.091	0.091	0.091	0.091	0.091	0.091	
0.122	0.122	0.122	0.122	0.122	0.122	0.122	0.122	0.122	0.124	0.125	0.125	0.125	0.125	0.125	0.125	0.125	0.125	0.125	0.125	0.108	0.091	0.091	0.091	0.091	0.091	0.091	0.091	
0.122	0.122	0.122	0.122	0.122	0.122	0.122	0.122	0.122	0.124	0.125	0.125	0.125	0.125	0.125	0.125	0.125	0.125	0.125	0.108	0.108	0.091	0.091	0.091	0.091	0.091	0.091	0.091	
0.122	0.122	0.122	0.122	0.122	0.122	0.122	0.122	0.122	0.124	0.125	0.125	0.125	0.125	0.125	0.125	0.125	0.125	0.125	0.108	0.091	0.091	0.091	0.091	0.091	0.091	0.091	0.091	
0.122	0.122	0.122	0.122	0.122	0.122	0.122	0.122	0.122	0.124	0.125	0.125	0.125	0.125	0.125	0.125	0.125	0.125	0.125	0.108	0.091	0.091	0.091	0.091	0.091	0.091	0.091	0.091	
0.122	0.122	0.122	0.122	0.122	0.122	0.122	0.122	0.122	0.124	0.125	0.125	0.125	0.125	0.125	0.125	0.125	0.125	0.125	0.108	0.091	0.091	0.091	0.091	0.091	0.091	0.091	0.091	
0.122	0.122	0.122	0.122	0.122	0.122	0.122	0.122	0.122	0.124	0.125	0.125	0.125	0.125	0.125	0.125	0.125	0.125	0.125	0.108	0.091	0.091	0.091	0.091	0.091	0.091	0.091	0.091	
0.122	0.122	0.122	0.122	0.122	0.122	0.122	0.122	0.122	0.124	0.125	0.125	0.125	0.125	0.125	0.125	0.125	0.125	0.125	0.108	0.091	0.091	0.091	0.091	0.091	0.091	0.091	0.091	
0.122	0.122	0.122	0.122	0.122	0.122	0.122	0.122	0.122	0.124	0.125	0.125	0.125	0.125	0.125	0.125	0.125	0.125	0.125	0.108	0.091	0.091	0.091	0.091	0.091	0.091	0.091	0.091	
0.122	0.122	0.122	0.122	0.122	0.122	0.122	0.122	0.122	0.124	0.125	0.125	0.125	0.125	0.125	0.125	0.125	0.125	0.125	0.108	0.091	0.091	0.091	0.091	0.091	0.091	0.091	0.091	
0.122	0.122	0.122	0.122	0.122	0.122	0.122	0.122	0.122	0.124	0.125	0.125	0.125	0.125	0.125	0.125	0.125	0.125	0.108	0.108	0.091	0.091	0.091	0.091	0.091	0.091	0.091	0.091	
0.122	0.122	0.122	0.122	0.122	0.122	0.122	0.122	0.122	0.124	0.124	0.125	0.125	0.125	0.125	0.125	0.125	0.125	0.108	0.091	0.091	0.091	0.091	0.091	0.091	0.091	0.091	0.091	
0.122	0.122	0.122	0.122	0.122	0.122	0.122	0.122	0.122	0.122	0.124	0.125	0.125	0.125	0.125	0.125	0.125	0.125	0.108	0.091	0.091	0.091	0.091	0.091	0.091	0.091	0.091	0.091	
0.122	0.122	0.122	0.122	0.122	0.122	0.122	0.122	0.122	0.122	0.124	0.125	0.125	0.125	0.125	0.125	0.125	0.125	0.108	0.091	0.091	0.091	0.091	0.091	0.091	0.091	0.091	0.091	
0.122	0.122	0.122	0.122	0.122	0.122	0.122	0.122	0.122	0.122	0.124	0.125	0.125	0.125	0.125	0.125	0.125	0.125	0.108	0.091	0.091	0.091	0.091	0.091	0.091	0.091	0.091	0.091	
0.122	0.122	0.122	0.122	0.122	0.122	0.122	0.122	0.122	0.122	0.124	0.125	0.125	0.125	0.125	0.125	0.125	0.125	0.108	0.091	0.091	0.091	0.091	0.091	0.091	0.091	0.091	0.091	
0.122	0.122	0.122	0.122	0.122	0.122	0.122	0.122	0.122	0.122	0.124	0.125	0.125	0.125	0.125	0.125	0.125	0.125	0.108	0.091	0.091	0.091	0.091	0.091	0.091	0.091	0.091	0.091	
0.122	0.122	0.122	0.122	0.122	0.122	0.122	0.122	0.122	0.122	0.124	0.125	0.125	0.125	0.125	0.125	0.125	0.125	0.108	0.091	0.091	0.091	0.091	0.091	0.091	0.091	0.091	0.091	
0.122	0.122	0.122	0.122	0.122	0.122	0.122	0.122	0.122	0.122	0.124	0.125	0.125	0.125	0.125	0.125	0.125	0.108	0.108	0.091	0.091	0.091	0.091	0.091	0.091	0.091	0.091	0.091	
0.122	0.122	0.122	0.122	0.122	0.122	0.122	0.122	0.122	0.122	0.124	0.125	0.125	0.125	0.125	0.125	0.125	0.108	0.091	0.091	0.091	0.091	0.091	0.091	0.091	0.091	0.091	0.055	
0.102	0.122	0.122	0.122	0.122	0.122	0.122	0.122	0.122	0.122	0.124	0.125	0.125	0.125	0.125	0.125	0.125	0.108	0.091	0.091	0.091	0.091	0.091	0.091	0.091	0.091	0.091	0.055	
0.102	0.122	0.122	0.122	0.122	0.122	0.122	0.122	0.122	0.122	0.124	0.125	0.125	0.125	0.125	0.125	0.125	0.108	0.091	0.091	0.091	0.091	0.091	0.091	0.091	0.091	0.055	0.055	
0.102	0.102	0.122	0.122	0.122	0.122	0.122	0.122	0.122	0.122	0.124	0.125	0.125	0.125	0.125	0.125	0.125	0.108	0.091	0.091	0.091	0.091	0.091	0.091	0.091	0.091	0.055	0.020	
0.082	0.102	0.122	0.122	0.122	0.122	0.122	0.122	0.122	0.122	0.124	0.124	0.125	0.125	0.125	0.125	0.125	0.108	0.091	0.091	0.091	0.091	0.091	0.091	0.091	0.055	0.055	0.020	
0.082	0.102	0.102	0.122	0.122	0.122	0.122	0.122	0.122	0.122	0.122	0.124	0.125	0.125	0.125	0.125	0.125	0.108	0.091	0.091	0.091	0.091	0.091	0.091	0.091	0.055	0.020	0.020	
0.082	0.082	0.102	0.122	0.122	0.122	0.122	0.122	0.122	0.122	0.122	0.124	0.125	0.125	0.125	0.125	0.125	0.108	0.091	0.091	0.091	0.091	0.091	0.091	0.055	0.055	0.020	0.020	
0.082	0.082	0.102	0.102	0.122	0.122	0.122	0.122	0.122	0.122	0.122	0.124	0.125	0.125	0.125	0.125	0.108	0.108	0.091	0.091	0.091	0.091	0.091	0.091	0.055	0.020	0.020	0.020	
0.082	0.082	0.082	0.102	0.122	0.122	0.122	0.122	0.122	0.122	0.122	0.124	0.125	0.125	0.125	0.125	0.108	0.091	0.091	0.091	0.091	0.091	0.091	0.091	0.055	0.020	0.020	0.020	
0.082	0.082	0.082	0.102	0.102	0.122	0.122	0.122	0.122	0.122	0.122	0.124	0.125	0.125	0.125	0.125	0.108	0.091	0.091	0.091	0.091	0.091	0.091	0.055	0.055	0.020	0.020	0.020	
0.082	0.082	0.082	0.082	0.102	0.122	0.122	0.122	0.122	0.122	0.122	0.124	0.125	0.125	0.125	0.125	0.108	0.091	0.091	0.091	0.091	0.091	0.091	0.055	0.020	0.020	0.020	0.020	
0.082	0.082	0.082	0.082	0.102	0.102	0.122	0.122	0.122	0.122	0.122	0.124	0.125	0.125	0.125	0.125	0.108	0.091	0.091	0.091	0.091	0.091	0.055	0.055	0.020	0.020	0.020	0.020	
0.082	0.082	0.082	0.082	0.082	0.102	0.122	0.122	0.122	0.122	0.122	0.124	0.125	0.125	0.125	0.125	0.108	0.091	0.091	0.091	0.091	0.091	0.055	0.020	0.020	0.020	0.020	0.020	
0.082	0.082	0.082	0.082	0.082	0.102	0.102	0.122	0.122	0.122	0.122	0.124	0.125	0.125	0.125	0.125	0.108	0.091	0.091	0.091	0.091	0.055	0.055	0.020	0.020	0.020	0.020	0.042	
0.082	0.082	0.082	0.082	0.082	0.082	0.102	0.122	0.122	0.122	0.122	0.124	0.125	0.125	0.125	0.125	0.108	0.091	0.091	0.091	0.091	0.055	0.020	0.020	0.020	0.020	0.042	0.042	
0.056	0.082	0.082	0.082	0.082	0.082	0.102	0.102	0.122	0.122	0.122	0.124	0.124	0.125	0.125	0.108	0.108	0.091	0.091	0.091	0.055	0.055	0.020	0.020	0.020	0.042	0.042	0.063	
0.056	0.056	0.082	0.082	0.082	0.082	0.082	0.102	0.122	0.122	0.122	0.122	0.124	0.125	0.125	0.108	0.091	0.091	0.091	0.091	0.055	0.020	0.020	0.020	0.042	0.042	0.063	0.063	
0.030	0.056	0.056	0.082	0.082	0.082	0.082	0.102	0.102	0.122	0.122	0.122	0.124	0.125	0.125	0.108	0.091	0.091	0.091	0.055	0.055	0.020	0.020	0.020	0.042	0.063	0.063	0.063	
0.030	0.030	0.056	0.056	0.056	0.082	0.082	0.082	0.102	0.102	0.122	0.122	0.124	0.125	0.125	0.108	0.091	0.091	0.091	0.055	0.020	0.020	0.020	0.042	0.042	0.063	0.063	0.063	
0.030	0.030	0.030	0.030	0.056	0.056	0.082	0.082	0.082	0.102	0.122	0.122	0.124	0.125	0.120	0.110	0.102	0.091	0.055	0.055	0.020	0.020	0.042	0.042	0.063	0.063	0.063	0.063	
0.015	0.030	0.030	0.030	0.030	0.056	0.056	0.082	0.082	0.099	0.107	0.088	0.097	0.096	0.096	0.114	0.102	0.091	0.055	0.020	0.020	0.042	0.042	0.063	0.063	0.063	0.063	0.063	
0.015	0.015	0.015	0.030	0.030	0.030	0.056	0.056	0.052	0.066	0.092	0.071	0.050	0.050	0.082	0.114	0.107	0.104	0.077	0.050	0.042	0.042	0.063	0.063	0.063	0.063	0.052	0.052	
0.000	0.000	0.015	0.015	0.030	0.030	0.030	0.045	0.052	0.057	0.064	0.073	0.063	0.050	0.081	0.113	0.114	0.117	0.099	0.050	0.055	0.063	0.063	0.063	0.052	0.052	0.052	0.040	
0.000	0.000	0.000	0.015	0.015	0.015	0.030	0.021	0.016	0.022	0.058	0.076	0.059	0.050	0.081	0.112	0.107	0.083	0.080	0.081	0.065	0.065	0.052	0.052	0.052	0.040	0.040	0.040	
0.000	0.000	0.000	0.000	0.000	0.015	0.013	0.020	0.016	0.024	0.046	0.058	0.045	0.030	0.073	0.078	0.102	0.067	0.061	0.057	0.065	0.057	0.051	0.040	0.040	0.040	0.040	0.040	
0.000	0.000	0.000	0.000	0.000	0.000	0.005	0.010	0.010	0.025	0.040	0.042	0.043	0.039	0.053	0.074	0.092	0.067	0.041	0.046	0.050	0.050	0.045	0.040	0.040	0.040	0.040	0.040	
0.000	0.000	0.000	0.000	0.000	0.000	0.000	0.000	0.000	0.040	0.040	0.040	0.010	0.033	0.033	0.074	0.000	0.000	0.000	0.000	0.000	0.000	0.000	0.000	0.000	0.000	0.000	0.000	
0.000	0.000	0.000	0.000	0.000	0.000	0.000	0.000	0.000	0.000	0.000	0.000	0.010	0.010	0.033	0.057	0.000	0.000	0.000	0.000	0.000	0.000	0.000	0.000	0.000	0.000	0.000	0.000	
0.000	0.000	0.000	0.000	0.000	0.000	0.000	0.000	0.000	0.000	0.000	0.000	0.010	0.010	0.033	0.057	0.000	0.000	0.000	0.000	0.000	0.000	0.000	0.000	0.000	0.000	0.000	0.000	
0.000	0.000	0.000	0.000	0.000	0.000	0.000	0.000	0.000	0.000	0.000	0.000	0.010	0.010	0.033	0.057	0.000	0.000	0.000	0.000	0.000	0.000	0.000	0.000	0.000	0.000	0.000	0.000	
0.000	0.000	0.000	0.000	0.000	0.000	0.000	0.000	0.000	0.000	0.000	0.000	0.010	0.010	0.033	0.057	0.000	0.000	0.000	0.000	0.000	0.000	0.000	0.000	0.000	0.000	0.000	0.000	
