0.798	0.798	0.535	0.272	0.272	0.272	0.272	0.272	0.272	0.272	0.272	0.272	0.272	0.272	0.272	0.288	0.305	0.305	0.305	0.305	0.305	0.305	0.305	0.305	0.305	0.305	0.305	0.305	
0.798	0.798	0.535	0.535	0.272	0.272	0.272	0.272	0.272	0.272	0.272	0.272	0.272	0.272	0.272	0.288	0.305	0.305	0.305	0.305	0.305	0.305	0.305	0.305	0.305	0.305	0.305	0.305	
0.798	0.798	0.798	0.535	0.272	0.272	0.272	0.272	0.272	0.272	0.272	0.272	0.272	0.272	0.272	0.288	0.288	0.305	0.305	0.305	0.305	0.305	0.305	0.305	0.305	0.305	0.305	0.305	
0.798	0.798	0.798	0.535	0.272	0.272	0.272	0.272	0.272	0.272	0.272	0.272	0.272	0.272	0.272	0.272	0.288	0.305	0.305	0.305	0.305	0.305	0.305	0.305	0.305	0.305	0.305	0.305	
0.798	0.798	0.798	0.535	0.272	0.272	0.272	0.272	0.272	0.272	0.272	0.272	0.272	0.272	0.272	0.272	0.288	0.305	0.305	0.305	0.305	0.305	0.305	0.305	0.305	0.305	0.305	0.305	
0.798	0.798	0.798	0.535	0.272	0.272	0.272	0.272	0.272	0.272	0.272	0.272	0.272	0.272	0.272	0.272	0.288	0.305	0.305	0.305	0.305	0.305	0.305	0.305	0.305	0.305	0.305	0.305	
0.798	0.798	0.798	0.535	0.535	0.272	0.272	0.272	0.272	0.272	0.272	0.272	0.272	0.272	0.272	0.272	0.288	0.305	0.305	0.305	0.305	0.305	0.305	0.305	0.305	0.305	0.305	0.305	
0.798	0.798	0.798	0.798	0.535	0.272	0.272	0.272	0.272	0.272	0.272	0.272	0.272	0.272	0.272	0.272	0.288	0.305	0.305	0.305	0.305	0.305	0.305	0.305	0.305	0.305	0.305	0.305	
0.798	0.798	0.798	0.798	0.535	0.272	0.272	0.272	0.272	0.272	0.272	0.272	0.272	0.272	0.272	0.272	0.288	0.305	0.305	0.305	0.305	0.305	0.305	0.305	0.305	0.305	0.305	0.305	
0.798	0.798	0.798	0.798	0.535	0.272	0.272	0.272	0.272	0.272	0.272	0.272	0.272	0.272	0.272	0.272	0.288	0.305	0.305	0.305	0.305	0.305	0.305	0.305	0.305	0.305	0.305	0.305	
0.798	0.798	0.798	0.798	0.535	0.535	0.272	0.272	0.272	0.272	0.272	0.272	0.272	0.272	0.272	0.272	0.288	0.305	0.305	0.305	0.305	0.305	0.305	0.305	0.305	0.305	0.305	0.305	
0.798	0.798	0.798	0.798	0.798	0.535	0.272	0.272	0.272	0.272	0.272	0.272	0.272	0.272	0.272	0.272	0.288	0.305	0.305	0.305	0.305	0.305	0.305	0.305	0.305	0.305	0.305	0.305	
0.798	0.798	0.798	0.798	0.798	0.535	0.272	0.272	0.272	0.272	0.272	0.272	0.272	0.272	0.272	0.272	0.288	0.305	0.305	0.305	0.305	0.305	0.305	0.305	0.305	0.305	0.305	0.313	
0.798	0.798	0.798	0.798	0.798	0.535	0.272	0.272	0.272	0.272	0.272	0.272	0.272	0.272	0.272	0.272	0.288	0.305	0.305	0.305	0.305	0.305	0.305	0.305	0.305	0.305	0.305	0.313	
0.798	0.798	0.798	0.798	0.798	0.535	0.272	0.272	0.272	0.272	0.272	0.272	0.272	0.272	0.272	0.272	0.288	0.305	0.305	0.305	0.305	0.305	0.305	0.305	0.305	0.305	0.313	0.313	
0.798	0.798	0.798	0.798	0.798	0.535	0.535	0.272	0.272	0.272	0.272	0.272	0.272	0.272	0.272	0.272	0.288	0.305	0.305	0.305	0.305	0.305	0.305	0.305	0.305	0.313	0.313	0.321	
0.798	0.798	0.798	0.798	0.798	0.798	0.535	0.272	0.272	0.272	0.272	0.272	0.272	0.272	0.272	0.272	0.409	0.477	0.305	0.305	0.305	0.305	0.305	0.305	0.305	0.313	0.321	0.321	
0.798	0.798	0.798	0.798	0.798	0.798	0.600	0.272	0.272	0.272	0.272	0.272	0.272	0.272	0.272	0.272	0.461	0.477	0.305	0.305	0.305	0.305	0.305	0.305	0.313	0.313	0.321	0.321	
0.798	0.798	0.798	0.798	0.798	0.764	0.600	0.501	0.272	0.272	0.272	0.272	0.272	0.272	0.272	0.461	0.461	0.477	0.305	0.305	0.305	0.305	0.305	0.305	0.313	0.321	0.321	0.321	
0.798	0.798	0.798	0.798	0.798	0.764	0.731	0.501	0.272	0.272	0.272	0.272	0.272	0.272	0.272	0.461	0.650	0.477	0.477	0.305	0.305	0.305	0.305	0.313	0.313	0.321	0.321	0.321	
0.798	0.798	0.798	0.798	0.764	0.764	0.731	0.501	0.501	0.272	0.272	0.272	0.272	0.272	0.461	0.461	0.650	0.650	0.477	0.305	0.305	0.305	0.305	0.313	0.321	0.321	0.321	0.631	
0.798	0.798	0.798	0.798	0.764	0.731	0.731	0.731	0.501	0.272	0.272	0.272	0.272	0.367	0.462	0.650	0.650	0.650	0.512	0.521	0.426	0.426	0.391	0.313	0.321	0.321	0.631	0.631	
0.798	0.798	0.798	0.798	0.764	0.731	0.731	0.731	0.381	0.292	0.367	0.367	0.367	0.367	0.556	0.650	0.650	0.650	0.616	0.564	0.547	0.547	0.434	0.434	0.321	0.631	0.631	0.942	
0.798	0.798	0.798	0.764	0.764	0.731	0.731	0.435	0.435	0.301	0.301	0.463	0.463	0.463	0.556	0.556	0.650	0.616	0.616	0.564	0.564	0.547	0.547	0.546	0.678	0.678	0.942	0.942	
0.798	0.798	0.798	0.764	0.731	0.731	0.731	0.435	0.140	0.140	0.301	0.463	0.463	0.463	0.541	0.577	0.617	0.616	0.581	0.581	0.564	0.547	0.659	0.659	0.770	0.856	0.942	0.942	
0.798	0.798	0.658	0.658	0.588	0.731	0.435	0.435	0.140	0.140	0.324	0.416	0.416	0.483	0.541	0.618	0.600	0.600	0.581	0.669	0.628	0.663	0.695	0.770	0.770	0.856	0.856	0.942	
0.622	0.622	0.622	0.446	0.588	0.588	0.439	0.140	0.140	0.140	0.423	0.369	0.369	0.494	0.494	0.618	0.618	0.652	0.669	0.669	0.756	0.763	0.769	0.770	0.770	0.770	0.856	0.942	
0.532	0.399	0.446	0.446	0.446	0.446	0.319	0.255	0.423	0.450	0.423	0.565	0.369	0.369	0.494	0.618	0.618	0.687	0.756	0.756	0.756	0.763	0.769	0.770	0.770	0.884	0.903	0.903	
0.352	0.399	0.399	0.399	0.446	0.408	0.408	0.370	0.565	0.760	0.760	0.565	0.539	0.369	0.640	0.775	0.775	0.769	0.756	0.756	0.756	0.763	0.769	0.884	0.846	0.884	0.998	0.998	
0.352	0.352	0.352	0.399	0.399	0.389	0.370	0.370	0.565	0.565	0.623	0.623	0.539	0.596	0.650	0.931	0.931	0.718	0.611	0.611	0.734	0.835	0.875	0.916	0.998	0.998	0.998	0.998	
0.337	0.352	0.352	0.352	0.636	0.522	0.646	0.575	0.402	0.513	0.623	0.487	0.487	0.709	0.931	0.931	0.931	0.699	0.466	0.466	0.723	0.980	0.980	0.989	0.998	0.998	0.998	0.998	
0.337	0.337	0.337	0.636	0.636	0.921	0.678	0.678	0.434	0.460	0.460	0.487	0.487	0.709	0.931	0.931	0.699	0.699	0.466	0.466	0.723	0.980	0.980	0.989	0.998	0.998	0.998	0.998	
0.323	0.323	0.337	0.532	0.921	0.921	0.678	0.434	0.434	0.434	0.354	0.476	0.644	0.740	0.866	0.931	0.699	0.466	0.466	0.466	0.723	0.980	0.980	0.989	0.989	0.998	0.998	0.998	
0.323	0.323	0.323	0.622	0.622	0.921	0.678	0.434	0.434	0.288	0.288	0.471	0.801	0.801	0.866	0.787	0.676	0.548	0.548	0.466	0.723	0.980	0.980	0.980	0.989	0.998	0.998	0.998	
0.336	0.336	0.336	0.336	0.531	0.921	0.532	0.338	0.272	0.288	0.141	0.471	0.801	0.801	0.801	0.715	0.630	0.630	0.548	0.548	0.692	0.980	0.980	0.980	0.989	0.989	0.998	0.998	
0.349	0.349	0.349	0.349	0.492	0.429	0.581	0.242	0.192	0.192	0.141	0.471	0.471	0.801	0.801	0.715	0.630	0.630	0.630	0.630	0.805	0.805	0.980	0.980	0.980	0.989	0.998	0.998	
0.349	0.349	0.349	0.348	0.301	0.224	0.224	0.242	0.242	0.268	0.281	0.281	0.454	0.611	0.771	0.771	0.630	0.630	0.630	0.630	0.630	0.805	0.805	0.980	0.980	0.989	0.998	0.998	
0.349	0.349	0.348	0.348	0.276	0.276	0.224	0.224	0.242	0.331	0.420	0.420	0.420	0.701	0.842	0.756	0.756	0.630	0.630	0.630	0.630	0.630	0.805	0.805	0.980	0.989	0.989	0.998	
0.387	0.374	0.348	0.347	0.347	0.276	0.206	0.224	0.375	0.446	0.420	0.420	0.652	0.652	0.883	0.883	0.722	0.642	0.642	0.642	0.642	0.642	0.642	0.755	0.878	0.990	0.989	0.998	
0.425	0.386	0.386	0.347	0.347	0.276	0.206	0.502	0.441	0.549	0.691	0.698	0.759	0.883	0.883	0.883	0.768	0.654	0.654	0.654	0.654	0.654	0.827	0.827	0.827	0.990	0.993	0.999	
0.425	0.425	0.386	0.393	0.377	0.396	0.414	0.502	0.650	0.677	0.826	0.975	0.929	0.929	0.883	0.768	0.768	0.654	0.654	0.654	0.654	0.827	0.827	0.999	0.999	0.999	0.999	0.999	
0.425	0.425	0.417	0.417	0.408	0.515	0.623	0.623	0.650	0.677	0.826	0.975	0.975	0.929	0.929	0.768	0.654	0.654	0.654	0.827	0.827	0.827	0.999	0.999	0.999	0.999	0.999	0.999	
0.425	0.690	0.596	0.682	0.408	0.515	0.515	0.623	0.650	0.677	0.826	0.975	0.975	0.975	0.821	0.714	0.629	0.752	0.827	0.827	0.999	0.999	0.999	0.999	0.999	0.999	0.999	0.999	
0.690	0.690	0.955	0.682	0.788	0.705	0.677	0.750	0.642	0.652	0.759	0.801	0.801	0.790	0.821	0.604	0.604	0.802	0.999	0.999	0.999	0.999	0.999	0.999	0.999	0.999	0.999	0.999	
0.955	0.955	0.955	0.955	0.788	1.001	1.001	0.814	0.626	0.626	0.626	0.626	0.808	0.840	0.782	0.604	0.604	0.802	0.802	0.999	0.999	0.999	0.999	0.999	0.999	0.999	0.999	0.999	
0.955	0.955	0.955	0.978	0.978	1.001	1.001	0.814	0.626	0.626	0.626	0.724	0.724	0.891	0.782	0.782	0.604	0.604	0.802	0.999	0.999	0.999	0.999	0.999	0.999	0.999	0.999	0.999	
0.955	0.955	0.955	0.978	1.001	1.001	1.001	0.814	0.626	0.626	0.724	0.724	0.822	0.891	0.960	0.782	0.782	0.604	0.802	0.802	0.999	0.999	0.999	0.999	0.999	0.999	0.999	0.999	
0.955	0.955	0.955	0.978	1.001	1.001	1.001	0.814	0.626	0.724	0.724	0.822	0.822	0.891	0.960	0.960	0.782	0.782	0.604	0.802	0.999	0.999	0.999	0.999	0.999	0.999	0.999	0.999	
0.955	0.955	0.978	0.978	1.001	1.001	1.001	0.814	0.724	0.724	0.822	0.822	0.822	0.891	0.960	0.960	0.960	0.782	0.782	0.802	0.802	0.999	0.999	0.999	0.999	0.999	0.999	0.999	
0.955	0.955	0.978	1.001	1.001	1.001	1.001	0.814	0.724	0.822	0.822	0.822	0.822	0.891	0.960	0.960	0.960	0.960	0.782	0.782	0.802	0.999	0.999	0.999	0.999	0.999	0.999	0.999	
0.000	0.000	1.001	1.001	1.001	1.001	1.001	1.001	0.822	0.822	0.822	0.822	0.822	0.891	0.960	0.960	0.960	0.960	0.960	0.960	0.999	0.999	0.999	0.999	0.999	0.999	0.999	0.000	
0.000	0.000	0.000	0.000	0.000	0.000	0.000	0.000	0.000	0.000	0.000	0.000	0.822	0.891	0.960	0.960	0.000	0.000	0.000	0.000	0.000	0.000	0.000	0.000	0.000	0.000	0.000	0.000	
0.000	0.000	0.000	0.000	0.000	0.000	0.000	0.000	0.000	0.000	0.000	0.000	0.822	0.891	0.960	0.960	0.000	0.000	0.000	0.000	0.000	0.000	0.000	0.000	0.000	0.000	0.000	0.000	
0.000	0.000	0.000	0.000	0.000	0.000	0.000	0.000	0.000	0.000	0.000	0.000	0.822	0.891	0.960	0.960	0.000	0.000	0.000	0.000	0.000	0.000	0.000	0.000	0.000	0.000	0.000	0.000	
0.000	0.000	0.000	0.000	0.000	0.000	0.000	0.000	0.000	0.000	0.000	0.000	0.822	0.891	0.960	0.960	0.000	0.000	0.000	0.000	0.000	0.000	0.000	0.000	0.000	0.000	0.000	0.000	
