0.071	0.081	0.081	0.081	0.081	0.081	0.081	0.081	0.081	0.081	0.081	0.102	0.124	0.124	0.124	0.124	0.124	0.124	0.124	0.124	0.124	0.124	0.124	0.124	0.124	0.124	0.124	0.124	
0.071	0.081	0.081	0.081	0.081	0.081	0.081	0.081	0.081	0.081	0.081	0.102	0.124	0.124	0.124	0.124	0.124	0.124	0.124	0.124	0.124	0.124	0.124	0.124	0.124	0.124	0.124	0.124	
0.071	0.081	0.081	0.081	0.081	0.081	0.081	0.081	0.081	0.081	0.081	0.102	0.124	0.124	0.124	0.124	0.124	0.124	0.124	0.124	0.124	0.124	0.124	0.124	0.124	0.124	0.124	0.124	
0.071	0.071	0.081	0.081	0.081	0.081	0.081	0.081	0.081	0.081	0.081	0.102	0.124	0.124	0.124	0.124	0.124	0.124	0.124	0.124	0.124	0.124	0.124	0.124	0.124	0.124	0.124	0.124	
0.061	0.071	0.081	0.081	0.081	0.081	0.081	0.081	0.081	0.081	0.081	0.102	0.124	0.124	0.124	0.124	0.124	0.124	0.124	0.124	0.124	0.124	0.124	0.124	0.124	0.124	0.124	0.124	
0.061	0.071	0.081	0.081	0.081	0.081	0.081	0.081	0.081	0.081	0.081	0.102	0.124	0.124	0.124	0.124	0.124	0.124	0.124	0.124	0.124	0.124	0.124	0.124	0.124	0.124	0.124	0.124	
0.061	0.071	0.081	0.081	0.081	0.081	0.081	0.081	0.081	0.081	0.081	0.102	0.124	0.124	0.124	0.124	0.124	0.124	0.124	0.124	0.124	0.124	0.124	0.124	0.124	0.124	0.124	0.124	
0.061	0.071	0.081	0.081	0.081	0.081	0.081	0.081	0.081	0.081	0.081	0.102	0.124	0.124	0.124	0.124	0.124	0.124	0.124	0.124	0.124	0.124	0.124	0.124	0.124	0.124	0.124	0.102	
0.061	0.071	0.071	0.081	0.081	0.081	0.081	0.081	0.081	0.081	0.081	0.102	0.124	0.124	0.124	0.124	0.124	0.124	0.124	0.124	0.124	0.124	0.124	0.124	0.124	0.124	0.124	0.102	
0.061	0.061	0.071	0.081	0.081	0.081	0.081	0.081	0.081	0.081	0.081	0.102	0.124	0.124	0.124	0.124	0.124	0.124	0.124	0.124	0.124	0.124	0.124	0.124	0.124	0.124	0.124	0.102	
0.061	0.061	0.071	0.081	0.081	0.081	0.081	0.081	0.081	0.081	0.081	0.102	0.124	0.124	0.124	0.124	0.124	0.124	0.124	0.124	0.124	0.124	0.124	0.124	0.124	0.124	0.124	0.102	
0.061	0.061	0.071	0.081	0.081	0.081	0.081	0.081	0.081	0.081	0.081	0.102	0.124	0.124	0.124	0.124	0.124	0.124	0.124	0.124	0.124	0.124	0.124	0.124	0.124	0.124	0.102	0.102	
0.061	0.061	0.071	0.071	0.081	0.081	0.081	0.081	0.081	0.081	0.081	0.102	0.102	0.124	0.124	0.124	0.124	0.124	0.124	0.124	0.124	0.124	0.124	0.124	0.124	0.124	0.102	0.081	
0.061	0.061	0.061	0.071	0.081	0.081	0.081	0.081	0.081	0.081	0.081	0.081	0.102	0.124	0.124	0.124	0.124	0.124	0.124	0.124	0.124	0.124	0.124	0.124	0.124	0.124	0.102	0.081	
0.061	0.061	0.061	0.071	0.081	0.081	0.081	0.081	0.081	0.081	0.081	0.081	0.102	0.124	0.124	0.124	0.124	0.124	0.124	0.124	0.124	0.124	0.124	0.124	0.124	0.102	0.102	0.081	
0.061	0.061	0.061	0.071	0.081	0.081	0.081	0.081	0.081	0.081	0.081	0.081	0.102	0.124	0.124	0.124	0.124	0.124	0.124	0.124	0.124	0.124	0.124	0.124	0.124	0.102	0.081	0.081	
0.061	0.061	0.061	0.071	0.071	0.081	0.081	0.081	0.081	0.081	0.081	0.081	0.102	0.124	0.124	0.124	0.124	0.124	0.124	0.124	0.124	0.124	0.124	0.124	0.124	0.102	0.081	0.081	
0.061	0.061	0.061	0.061	0.071	0.081	0.081	0.081	0.081	0.081	0.081	0.081	0.102	0.124	0.124	0.124	0.124	0.124	0.124	0.124	0.124	0.124	0.124	0.124	0.102	0.102	0.081	0.081	
0.061	0.061	0.061	0.061	0.071	0.081	0.081	0.081	0.081	0.081	0.081	0.081	0.102	0.124	0.124	0.124	0.124	0.124	0.124	0.124	0.124	0.124	0.124	0.124	0.102	0.081	0.081	0.081	
0.061	0.061	0.061	0.061	0.071	0.081	0.081	0.081	0.081	0.081	0.081	0.081	0.102	0.124	0.124	0.124	0.124	0.124	0.124	0.124	0.124	0.124	0.124	0.124	0.102	0.081	0.081	0.081	
0.061	0.061	0.061	0.061	0.071	0.071	0.081	0.081	0.081	0.081	0.081	0.081	0.102	0.124	0.124	0.124	0.124	0.124	0.124	0.124	0.124	0.124	0.124	0.124	0.102	0.081	0.081	0.081	
0.061	0.061	0.061	0.061	0.061	0.071	0.081	0.081	0.081	0.081	0.081	0.081	0.102	0.124	0.124	0.124	0.124	0.124	0.124	0.124	0.124	0.124	0.124	0.102	0.102	0.081	0.081	0.081	
0.061	0.061	0.061	0.061	0.061	0.071	0.081	0.081	0.081	0.081	0.081	0.081	0.102	0.124	0.124	0.124	0.124	0.124	0.124	0.124	0.124	0.124	0.124	0.102	0.081	0.081	0.081	0.081	
0.061	0.061	0.061	0.061	0.061	0.071	0.081	0.081	0.081	0.081	0.081	0.081	0.102	0.124	0.124	0.124	0.124	0.124	0.124	0.124	0.124	0.124	0.124	0.102	0.081	0.081	0.081	0.081	
0.061	0.061	0.061	0.061	0.061	0.071	0.071	0.081	0.081	0.081	0.081	0.081	0.102	0.124	0.124	0.124	0.124	0.124	0.124	0.124	0.124	0.124	0.102	0.102	0.081	0.081	0.081	0.081	
0.061	0.061	0.061	0.061	0.061	0.061	0.071	0.081	0.081	0.081	0.081	0.081	0.102	0.124	0.124	0.124	0.124	0.124	0.124	0.124	0.124	0.124	0.102	0.081	0.081	0.081	0.081	0.081	
0.061	0.061	0.061	0.061	0.061	0.061	0.071	0.081	0.081	0.081	0.081	0.081	0.102	0.124	0.124	0.124	0.124	0.124	0.124	0.124	0.124	0.124	0.102	0.081	0.081	0.081	0.081	0.081	
0.061	0.061	0.061	0.061	0.061	0.061	0.071	0.081	0.081	0.081	0.081	0.081	0.102	0.124	0.124	0.124	0.124	0.124	0.124	0.124	0.124	0.102	0.102	0.081	0.081	0.081	0.081	0.081	
0.061	0.061	0.061	0.061	0.061	0.061	0.071	0.071	0.081	0.081	0.081	0.081	0.102	0.102	0.124	0.124	0.124	0.124	0.124	0.124	0.124	0.102	0.081	0.081	0.081	0.081	0.081	0.081	
0.061	0.061	0.061	0.061	0.061	0.061	0.061	0.071	0.081	0.081	0.081	0.081	0.081	0.102	0.124	0.124	0.124	0.124	0.124	0.124	0.124	0.102	0.081	0.081	0.081	0.081	0.081	0.081	
0.061	0.061	0.061	0.061	0.061	0.061	0.061	0.071	0.081	0.081	0.081	0.081	0.081	0.102	0.124	0.124	0.124	0.124	0.124	0.124	0.124	0.102	0.081	0.081	0.081	0.081	0.081	0.081	
0.061	0.061	0.061	0.061	0.061	0.061	0.061	0.071	0.081	0.081	0.081	0.081	0.081	0.102	0.124	0.124	0.124	0.124	0.124	0.124	0.102	0.102	0.081	0.081	0.081	0.081	0.081	0.081	
0.061	0.061	0.061	0.061	0.061	0.061	0.061	0.071	0.071	0.081	0.081	0.081	0.081	0.102	0.124	0.124	0.124	0.124	0.124	0.124	0.102	0.081	0.081	0.081	0.081	0.081	0.081	0.081	
0.061	0.061	0.061	0.061	0.061	0.061	0.061	0.061	0.071	0.081	0.081	0.081	0.081	0.102	0.124	0.124	0.124	0.124	0.124	0.124	0.102	0.081	0.081	0.081	0.081	0.081	0.081	0.081	
0.061	0.061	0.061	0.061	0.061	0.061	0.061	0.061	0.071	0.081	0.081	0.081	0.081	0.102	0.124	0.124	0.124	0.124	0.124	0.102	0.102	0.081	0.081	0.081	0.081	0.081	0.081	0.081	
0.061	0.061	0.061	0.061	0.061	0.061	0.061	0.061	0.071	0.081	0.081	0.081	0.081	0.102	0.124	0.124	0.124	0.124	0.124	0.102	0.081	0.081	0.081	0.081	0.081	0.081	0.081	0.054	
0.061	0.061	0.061	0.061	0.061	0.061	0.061	0.061	0.071	0.071	0.081	0.081	0.081	0.102	0.124	0.124	0.124	0.124	0.124	0.102	0.081	0.081	0.081	0.081	0.081	0.081	0.054	0.054	
0.061	0.061	0.061	0.061	0.061	0.061	0.061	0.061	0.061	0.071	0.081	0.081	0.081	0.102	0.124	0.124	0.124	0.124	0.102	0.102	0.081	0.081	0.081	0.081	0.081	0.054	0.054	0.028	
0.061	0.061	0.061	0.061	0.061	0.061	0.061	0.061	0.061	0.071	0.081	0.081	0.081	0.102	0.124	0.124	0.124	0.124	0.102	0.081	0.081	0.081	0.081	0.081	0.081	0.054	0.028	0.028	
0.061	0.061	0.061	0.061	0.061	0.061	0.061	0.061	0.061	0.071	0.081	0.081	0.081	0.102	0.124	0.124	0.124	0.124	0.102	0.081	0.081	0.081	0.081	0.081	0.054	0.054	0.028	0.028	
0.061	0.061	0.061	0.061	0.061	0.061	0.061	0.061	0.061	0.071	0.071	0.081	0.081	0.102	0.124	0.124	0.124	0.124	0.102	0.081	0.081	0.081	0.081	0.054	0.054	0.028	0.028	0.028	
0.061	0.061	0.061	0.061	0.061	0.061	0.061	0.061	0.061	0.061	0.071	0.081	0.081	0.102	0.124	0.124	0.124	0.102	0.102	0.081	0.081	0.081	0.054	0.054	0.028	0.028	0.028	0.028	
0.061	0.061	0.061	0.061	0.061	0.061	0.061	0.061	0.061	0.061	0.071	0.081	0.081	0.102	0.124	0.124	0.124	0.102	0.081	0.081	0.081	0.054	0.054	0.028	0.028	0.028	0.028	0.028	
0.061	0.061	0.061	0.061	0.061	0.061	0.061	0.061	0.061	0.061	0.071	0.081	0.081	0.102	0.124	0.124	0.124	0.102	0.081	0.081	0.081	0.054	0.028	0.028	0.028	0.028	0.028	0.028	
0.051	0.061	0.061	0.061	0.061	0.061	0.061	0.061	0.061	0.061	0.071	0.071	0.081	0.099	0.108	0.124	0.126	0.102	0.081	0.081	0.054	0.054	0.028	0.028	0.028	0.028	0.028	0.019	
0.051	0.051	0.051	0.061	0.061	0.061	0.061	0.061	0.061	0.061	0.056	0.064	0.075	0.086	0.108	0.130	0.126	0.098	0.081	0.054	0.054	0.028	0.028	0.028	0.028	0.019	0.019	0.019	
0.041	0.041	0.051	0.051	0.051	0.061	0.061	0.061	0.062	0.062	0.058	0.051	0.078	0.091	0.092	0.132	0.173	0.098	0.061	0.050	0.028	0.028	0.028	0.019	0.019	0.019	0.010	0.010	
0.041	0.041	0.041	0.041	0.051	0.051	0.051	0.050	0.055	0.063	0.062	0.071	0.070	0.091	0.142	0.169	0.146	0.079	0.041	0.027	0.019	0.019	0.019	0.019	0.010	0.010	0.010	0.010	
0.041	0.041	0.041	0.041	0.041	0.041	0.051	0.047	0.052	0.058	0.067	0.071	0.080	0.090	0.167	0.243	0.133	0.032	0.025	0.026	0.016	0.019	0.010	0.010	0.010	0.010	0.010	0.010	
0.041	0.041	0.041	0.041	0.041	0.041	0.041	0.041	0.040	0.055	0.071	0.168	0.142	0.178	0.200	0.243	0.133	0.022	0.016	0.010	0.010	0.010	0.010	0.010	0.010	0.010	0.010	0.010	
0.000	0.000	0.000	0.000	0.000	0.000	0.000	0.000	0.000	0.000	0.000	0.266	0.266	0.266	0.469	0.469	0.022	0.022	0.022	0.010	0.010	0.010	0.010	0.010	0.010	0.010	0.010	0.010	
0.000	0.000	0.000	0.000	0.000	0.000	0.000	0.000	0.000	0.000	0.000	0.000	0.582	0.582	0.582	0.897	0.000	0.000	0.000	0.000	0.000	0.000	0.000	0.000	0.000	0.000	0.000	0.000	
0.000	0.000	0.000	0.000	0.000	0.000	0.000	0.000	0.000	0.000	0.000	0.000	0.897	0.897	0.897	0.897	0.000	0.000	0.000	0.000	0.000	0.000	0.000	0.000	0.000	0.000	0.000	0.000	
0.000	0.000	0.000	0.000	0.000	0.000	0.000	0.000	0.000	0.000	0.000	0.000	0.897	0.897	0.897	0.897	0.000	0.000	0.000	0.000	0.000	0.000	0.000	0.000	0.000	0.000	0.000	0.000	
0.000	0.000	0.000	0.000	0.000	0.000	0.000	0.000	0.000	0.000	0.000	0.000	0.897	0.897	0.897	0.897	0.000	0.000	0.000	0.000	0.000	0.000	0.000	0.000	0.000	0.000	0.000	0.000	
