0.042	0.042	0.042	0.042	0.042	0.042	0.042	0.042	0.042	0.035	0.028	0.028	0.028	0.028	0.028	0.049	0.071	0.071	0.071	0.071	0.071	0.071	0.071	0.071	0.071	0.071	0.071	0.071	
0.042	0.042	0.042	0.042	0.042	0.042	0.042	0.042	0.042	0.035	0.028	0.028	0.028	0.028	0.028	0.049	0.071	0.071	0.071	0.071	0.071	0.071	0.071	0.071	0.071	0.071	0.071	0.071	
0.042	0.042	0.042	0.042	0.042	0.042	0.042	0.042	0.042	0.035	0.028	0.028	0.028	0.028	0.028	0.049	0.071	0.071	0.071	0.071	0.071	0.071	0.071	0.071	0.071	0.071	0.071	0.071	
0.042	0.042	0.042	0.042	0.042	0.042	0.042	0.042	0.042	0.035	0.028	0.028	0.028	0.028	0.028	0.049	0.071	0.071	0.071	0.071	0.071	0.071	0.071	0.071	0.071	0.071	0.071	0.071	
0.042	0.042	0.042	0.042	0.042	0.042	0.042	0.042	0.042	0.035	0.028	0.028	0.028	0.028	0.028	0.049	0.071	0.071	0.071	0.071	0.071	0.071	0.071	0.071	0.071	0.071	0.071	0.071	
0.042	0.042	0.042	0.042	0.042	0.042	0.042	0.042	0.042	0.035	0.028	0.028	0.028	0.028	0.028	0.049	0.071	0.071	0.071	0.071	0.071	0.071	0.071	0.071	0.071	0.071	0.071	0.071	
0.042	0.042	0.042	0.042	0.042	0.042	0.042	0.042	0.042	0.035	0.028	0.028	0.028	0.028	0.028	0.049	0.071	0.071	0.071	0.071	0.071	0.071	0.071	0.071	0.071	0.071	0.071	0.071	
0.042	0.042	0.042	0.042	0.042	0.042	0.042	0.042	0.042	0.035	0.028	0.028	0.028	0.028	0.028	0.049	0.071	0.071	0.071	0.071	0.071	0.071	0.071	0.071	0.071	0.071	0.071	0.071	
0.042	0.042	0.042	0.042	0.042	0.042	0.042	0.042	0.042	0.035	0.028	0.028	0.028	0.028	0.028	0.049	0.071	0.071	0.071	0.071	0.071	0.071	0.071	0.071	0.071	0.071	0.071	0.071	
0.042	0.042	0.042	0.042	0.042	0.042	0.042	0.042	0.042	0.035	0.028	0.028	0.028	0.028	0.028	0.049	0.071	0.071	0.071	0.071	0.071	0.071	0.071	0.071	0.071	0.071	0.071	0.071	
0.042	0.042	0.042	0.042	0.042	0.042	0.042	0.042	0.042	0.035	0.028	0.028	0.028	0.028	0.028	0.049	0.071	0.071	0.071	0.071	0.071	0.071	0.071	0.071	0.071	0.071	0.071	0.071	
0.042	0.042	0.042	0.042	0.042	0.042	0.042	0.042	0.042	0.035	0.028	0.028	0.028	0.028	0.028	0.049	0.071	0.071	0.071	0.071	0.071	0.071	0.071	0.071	0.071	0.071	0.071	0.071	
0.042	0.042	0.042	0.042	0.042	0.042	0.042	0.042	0.042	0.035	0.028	0.028	0.028	0.028	0.028	0.049	0.071	0.071	0.071	0.071	0.071	0.071	0.071	0.071	0.071	0.071	0.071	0.071	
0.042	0.042	0.042	0.042	0.042	0.042	0.042	0.042	0.042	0.035	0.028	0.028	0.028	0.028	0.028	0.049	0.071	0.071	0.071	0.071	0.071	0.071	0.071	0.071	0.071	0.071	0.071	0.071	
0.042	0.042	0.042	0.042	0.042	0.042	0.042	0.042	0.042	0.035	0.028	0.028	0.028	0.028	0.028	0.049	0.071	0.071	0.071	0.071	0.071	0.071	0.071	0.071	0.071	0.071	0.071	0.071	
0.042	0.042	0.042	0.042	0.042	0.042	0.042	0.042	0.042	0.035	0.028	0.028	0.028	0.028	0.028	0.049	0.071	0.071	0.071	0.071	0.071	0.071	0.071	0.071	0.071	0.071	0.071	0.071	
0.042	0.042	0.042	0.042	0.042	0.042	0.042	0.042	0.042	0.035	0.028	0.028	0.028	0.028	0.028	0.049	0.071	0.071	0.071	0.071	0.071	0.071	0.071	0.071	0.071	0.071	0.071	0.071	
0.042	0.042	0.042	0.042	0.042	0.042	0.042	0.042	0.042	0.035	0.028	0.028	0.028	0.028	0.028	0.049	0.071	0.071	0.071	0.071	0.071	0.071	0.071	0.071	0.071	0.071	0.071	0.071	
0.042	0.042	0.042	0.042	0.042	0.042	0.042	0.042	0.042	0.035	0.035	0.028	0.028	0.028	0.028	0.049	0.071	0.071	0.071	0.071	0.071	0.071	0.071	0.071	0.071	0.071	0.071	0.071	
0.042	0.042	0.042	0.042	0.042	0.042	0.042	0.042	0.042	0.042	0.035	0.028	0.028	0.028	0.028	0.049	0.071	0.071	0.071	0.071	0.071	0.071	0.071	0.071	0.071	0.071	0.071	0.071	
0.042	0.042	0.042	0.042	0.042	0.042	0.042	0.042	0.042	0.042	0.035	0.028	0.028	0.028	0.028	0.049	0.071	0.071	0.071	0.071	0.071	0.071	0.071	0.071	0.071	0.071	0.071	0.071	
0.042	0.042	0.042	0.042	0.042	0.042	0.042	0.042	0.042	0.042	0.035	0.028	0.028	0.028	0.028	0.049	0.071	0.071	0.071	0.071	0.071	0.071	0.071	0.071	0.071	0.071	0.071	0.071	
0.042	0.042	0.042	0.042	0.042	0.042	0.042	0.042	0.042	0.042	0.035	0.028	0.028	0.028	0.028	0.049	0.071	0.071	0.071	0.071	0.071	0.071	0.071	0.071	0.071	0.071	0.071	0.071	
0.042	0.042	0.042	0.042	0.042	0.042	0.042	0.042	0.042	0.042	0.035	0.028	0.028	0.028	0.028	0.049	0.071	0.071	0.071	0.071	0.071	0.071	0.071	0.071	0.071	0.071	0.071	0.071	
0.042	0.042	0.042	0.042	0.042	0.042	0.042	0.042	0.042	0.042	0.035	0.028	0.028	0.028	0.028	0.049	0.071	0.071	0.071	0.071	0.071	0.071	0.071	0.071	0.071	0.071	0.071	0.071	
0.042	0.042	0.042	0.042	0.042	0.042	0.042	0.042	0.042	0.042	0.035	0.028	0.028	0.028	0.028	0.049	0.071	0.071	0.071	0.071	0.071	0.071	0.071	0.071	0.071	0.071	0.071	0.071	
0.042	0.042	0.042	0.042	0.042	0.042	0.042	0.042	0.042	0.042	0.035	0.028	0.028	0.028	0.028	0.049	0.071	0.071	0.071	0.071	0.071	0.071	0.071	0.071	0.071	0.071	0.071	0.071	
0.042	0.042	0.042	0.042	0.042	0.042	0.042	0.042	0.042	0.042	0.035	0.028	0.028	0.028	0.028	0.049	0.071	0.071	0.071	0.071	0.071	0.071	0.071	0.071	0.071	0.071	0.071	0.116	
0.042	0.042	0.042	0.042	0.042	0.042	0.042	0.042	0.042	0.042	0.035	0.028	0.028	0.028	0.028	0.049	0.071	0.071	0.071	0.071	0.071	0.071	0.071	0.071	0.071	0.071	0.071	0.116	
0.042	0.042	0.042	0.042	0.042	0.042	0.042	0.042	0.042	0.042	0.035	0.028	0.028	0.028	0.028	0.049	0.071	0.071	0.071	0.071	0.071	0.071	0.071	0.071	0.071	0.071	0.116	0.116	
0.047	0.042	0.042	0.042	0.042	0.042	0.042	0.042	0.042	0.042	0.035	0.028	0.028	0.028	0.028	0.049	0.071	0.071	0.071	0.071	0.071	0.071	0.071	0.071	0.071	0.071	0.116	0.161	
0.047	0.047	0.042	0.042	0.042	0.042	0.042	0.042	0.042	0.042	0.035	0.028	0.028	0.028	0.028	0.049	0.071	0.071	0.071	0.071	0.071	0.071	0.071	0.071	0.071	0.116	0.116	0.161	
0.051	0.047	0.042	0.042	0.042	0.042	0.042	0.042	0.042	0.042	0.035	0.028	0.028	0.028	0.028	0.049	0.071	0.071	0.071	0.071	0.071	0.071	0.071	0.071	0.071	0.116	0.161	0.161	
0.051	0.047	0.047	0.042	0.042	0.042	0.042	0.042	0.042	0.042	0.035	0.028	0.028	0.028	0.028	0.049	0.071	0.071	0.071	0.071	0.071	0.071	0.071	0.071	0.116	0.116	0.161	0.161	
0.051	0.051	0.047	0.042	0.042	0.042	0.042	0.042	0.042	0.042	0.035	0.028	0.028	0.028	0.028	0.049	0.071	0.071	0.071	0.071	0.071	0.071	0.071	0.071	0.116	0.161	0.161	0.161	
0.051	0.051	0.047	0.047	0.042	0.042	0.042	0.042	0.042	0.042	0.035	0.028	0.028	0.028	0.028	0.049	0.071	0.071	0.071	0.071	0.071	0.071	0.071	0.116	0.116	0.161	0.161	0.161	
0.051	0.051	0.051	0.047	0.047	0.042	0.042	0.042	0.042	0.042	0.035	0.028	0.028	0.028	0.028	0.049	0.071	0.071	0.071	0.071	0.071	0.071	0.071	0.116	0.161	0.161	0.161	0.161	
0.051	0.051	0.051	0.051	0.047	0.042	0.042	0.042	0.042	0.042	0.035	0.028	0.028	0.028	0.028	0.049	0.071	0.071	0.071	0.071	0.071	0.071	0.116	0.116	0.161	0.161	0.161	0.161	
0.051	0.051	0.051	0.051	0.047	0.047	0.042	0.042	0.042	0.042	0.035	0.035	0.028	0.028	0.028	0.049	0.071	0.071	0.071	0.071	0.071	0.071	0.116	0.161	0.161	0.161	0.161	0.161	
0.051	0.051	0.051	0.051	0.051	0.047	0.042	0.042	0.042	0.042	0.042	0.035	0.028	0.028	0.028	0.045	0.071	0.071	0.071	0.071	0.071	0.116	0.116	0.161	0.161	0.161	0.161	0.161	
0.051	0.051	0.051	0.051	0.051	0.047	0.047	0.042	0.042	0.042	0.042	0.035	0.028	0.028	0.032	0.045	0.071	0.071	0.071	0.071	0.071	0.116	0.161	0.161	0.161	0.161	0.161	0.161	
0.056	0.051	0.051	0.051	0.051	0.051	0.047	0.047	0.042	0.042	0.042	0.035	0.028	0.028	0.032	0.053	0.053	0.071	0.071	0.071	0.116	0.116	0.161	0.161	0.161	0.161	0.161	0.161	
0.056	0.056	0.056	0.051	0.051	0.051	0.051	0.047	0.042	0.042	0.042	0.035	0.028	0.032	0.032	0.036	0.053	0.071	0.071	0.114	0.130	0.161	0.161	0.161	0.161	0.161	0.161	0.161	
0.061	0.061	0.056	0.056	0.051	0.051	0.051	0.047	0.054	0.042	0.070	0.056	0.063	0.032	0.036	0.036	0.088	0.114	0.114	0.114	0.160	0.161	0.161	0.161	0.161	0.161	0.103	0.103	
0.061	0.061	0.061	0.056	0.056	0.051	0.051	0.060	0.054	0.056	0.070	0.098	0.086	0.065	0.083	0.108	0.096	0.128	0.114	0.158	0.160	0.161	0.161	0.161	0.103	0.103	0.103	0.037	
0.051	0.061	0.061	0.061	0.056	0.056	0.056	0.064	0.070	0.070	0.084	0.101	0.111	0.130	0.176	0.136	0.157	0.112	0.112	0.100	0.121	0.103	0.103	0.103	0.103	0.045	0.037	0.037	
0.051	0.051	0.051	0.061	0.061	0.061	0.061	0.061	0.074	0.075	0.088	0.095	0.117	0.152	0.176	0.189	0.134	0.089	0.074	0.100	0.102	0.083	0.045	0.045	0.037	0.037	0.037	0.030	
0.041	0.041	0.051	0.051	0.051	0.055	0.061	0.071	0.067	0.065	0.081	0.093	0.168	0.172	0.227	0.222	0.111	0.022	0.038	0.046	0.031	0.036	0.045	0.037	0.037	0.030	0.030	0.030	
0.041	0.041	0.041	0.041	0.051	0.051	0.060	0.057	0.060	0.065	0.050	0.068	0.119	0.232	0.281	0.234	0.111	0.054	0.036	0.046	0.037	0.032	0.032	0.037	0.030	0.030	0.030	0.030	
0.041	0.041	0.041	0.041	0.041	0.046	0.050	0.050	0.050	0.050	0.035	0.020	0.126	0.311	0.311	0.240	0.240	0.070	0.050	0.050	0.035	0.020	0.025	0.030	0.030	0.030	0.030	0.030	
0.000	0.000	0.000	0.000	0.000	0.050	0.050	0.050	0.050	0.050	0.035	0.020	0.348	0.358	0.591	0.389	0.090	0.090	0.000	0.000	0.020	0.020	0.000	0.000	0.000	0.000	0.000	0.000	
0.000	0.000	0.000	0.000	0.000	0.000	0.000	0.000	0.000	0.000	0.000	0.000	0.792	0.792	0.591	0.591	0.000	0.000	0.000	0.000	0.000	0.000	0.000	0.000	0.000	0.000	0.000	0.000	
0.000	0.000	0.000	0.000	0.000	0.000	0.000	0.000	0.000	0.000	0.000	0.000	0.792	0.792	0.792	0.792	0.000	0.000	0.000	0.000	0.000	0.000	0.000	0.000	0.000	0.000	0.000	0.000	
0.000	0.000	0.000	0.000	0.000	0.000	0.000	0.000	0.000	0.000	0.000	0.000	0.792	0.792	0.792	0.792	0.000	0.000	0.000	0.000	0.000	0.000	0.000	0.000	0.000	0.000	0.000	0.000	
0.000	0.000	0.000	0.000	0.000	0.000	0.000	0.000	0.000	0.000	0.000	0.000	0.792	0.792	0.792	0.792	0.000	0.000	0.000	0.000	0.000	0.000	0.000	0.000	0.000	0.000	0.000	0.000	
