0.092	0.092	0.092	0.092	0.092	0.092	0.092	0.092	0.092	0.138	0.184	0.184	0.184	0.184	0.184	0.184	0.184	0.184	0.184	0.184	0.184	0.184	0.121	0.058	0.058	0.058	0.058	0.058	
0.092	0.092	0.092	0.092	0.092	0.092	0.092	0.092	0.092	0.144	0.184	0.184	0.184	0.184	0.184	0.184	0.184	0.184	0.184	0.184	0.184	0.184	0.121	0.058	0.058	0.058	0.058	0.058	
0.092	0.092	0.092	0.092	0.092	0.092	0.092	0.092	0.092	0.144	0.184	0.184	0.184	0.184	0.184	0.184	0.184	0.184	0.184	0.184	0.184	0.184	0.121	0.058	0.058	0.058	0.058	0.058	
0.092	0.092	0.092	0.092	0.092	0.092	0.092	0.092	0.092	0.144	0.184	0.184	0.184	0.184	0.184	0.184	0.184	0.184	0.184	0.184	0.184	0.184	0.121	0.058	0.058	0.058	0.058	0.058	
0.092	0.092	0.092	0.092	0.092	0.092	0.092	0.092	0.092	0.144	0.170	0.184	0.184	0.184	0.184	0.184	0.184	0.184	0.184	0.184	0.184	0.184	0.121	0.058	0.058	0.058	0.058	0.058	
0.092	0.092	0.092	0.092	0.092	0.092	0.092	0.092	0.092	0.124	0.170	0.184	0.184	0.184	0.184	0.184	0.184	0.184	0.184	0.184	0.184	0.121	0.121	0.058	0.058	0.058	0.058	0.058	
0.092	0.092	0.092	0.092	0.092	0.092	0.092	0.092	0.092	0.124	0.170	0.184	0.184	0.184	0.184	0.184	0.184	0.184	0.184	0.184	0.184	0.121	0.058	0.058	0.058	0.058	0.058	0.058	
0.092	0.092	0.092	0.092	0.092	0.092	0.092	0.092	0.092	0.124	0.170	0.184	0.184	0.184	0.184	0.184	0.184	0.184	0.184	0.184	0.184	0.121	0.058	0.058	0.058	0.058	0.058	0.058	
0.092	0.092	0.092	0.092	0.092	0.092	0.092	0.092	0.092	0.124	0.170	0.184	0.184	0.184	0.184	0.184	0.184	0.184	0.184	0.184	0.184	0.121	0.058	0.058	0.058	0.058	0.058	0.058	
0.092	0.092	0.092	0.092	0.092	0.092	0.092	0.092	0.092	0.124	0.144	0.184	0.184	0.184	0.184	0.184	0.184	0.184	0.184	0.184	0.184	0.121	0.058	0.058	0.058	0.058	0.058	0.058	
0.092	0.092	0.092	0.092	0.092	0.092	0.092	0.092	0.092	0.092	0.144	0.184	0.184	0.184	0.184	0.184	0.184	0.184	0.184	0.184	0.184	0.121	0.058	0.058	0.058	0.058	0.058	0.058	
0.092	0.092	0.092	0.092	0.092	0.092	0.092	0.092	0.092	0.092	0.144	0.184	0.184	0.184	0.184	0.184	0.184	0.184	0.184	0.184	0.184	0.121	0.058	0.058	0.058	0.058	0.058	0.058	
0.092	0.092	0.092	0.092	0.092	0.092	0.092	0.092	0.092	0.092	0.144	0.184	0.184	0.184	0.184	0.184	0.184	0.184	0.184	0.184	0.184	0.121	0.058	0.058	0.058	0.058	0.058	0.058	
0.092	0.092	0.092	0.092	0.092	0.092	0.092	0.092	0.092	0.092	0.144	0.184	0.184	0.184	0.184	0.184	0.184	0.184	0.184	0.184	0.121	0.121	0.058	0.058	0.058	0.058	0.058	0.058	
0.092	0.092	0.092	0.092	0.092	0.092	0.092	0.092	0.092	0.092	0.144	0.184	0.184	0.184	0.184	0.184	0.184	0.184	0.184	0.184	0.121	0.058	0.058	0.058	0.058	0.058	0.058	0.058	
0.092	0.092	0.092	0.092	0.092	0.092	0.092	0.092	0.092	0.092	0.144	0.170	0.184	0.184	0.184	0.184	0.184	0.184	0.184	0.184	0.121	0.058	0.058	0.058	0.058	0.058	0.058	0.058	
0.092	0.092	0.092	0.092	0.092	0.092	0.092	0.092	0.092	0.092	0.124	0.170	0.184	0.184	0.184	0.184	0.184	0.184	0.184	0.184	0.121	0.058	0.058	0.058	0.058	0.058	0.058	0.058	
0.092	0.092	0.092	0.092	0.092	0.092	0.092	0.092	0.092	0.092	0.124	0.170	0.184	0.184	0.184	0.184	0.184	0.184	0.184	0.184	0.121	0.058	0.058	0.058	0.058	0.058	0.058	0.058	
0.092	0.092	0.092	0.092	0.092	0.092	0.092	0.092	0.092	0.092	0.124	0.170	0.184	0.184	0.184	0.184	0.184	0.184	0.184	0.184	0.121	0.058	0.058	0.058	0.058	0.058	0.058	0.058	
0.092	0.092	0.092	0.092	0.092	0.092	0.092	0.092	0.092	0.092	0.124	0.170	0.184	0.184	0.184	0.184	0.184	0.184	0.184	0.184	0.121	0.058	0.058	0.058	0.058	0.058	0.058	0.058	
0.092	0.092	0.092	0.092	0.092	0.092	0.092	0.092	0.092	0.092	0.124	0.170	0.184	0.184	0.184	0.184	0.184	0.184	0.184	0.184	0.121	0.058	0.058	0.058	0.058	0.058	0.058	0.058	
0.092	0.092	0.092	0.092	0.092	0.092	0.092	0.092	0.092	0.092	0.124	0.170	0.184	0.184	0.184	0.184	0.184	0.184	0.184	0.121	0.121	0.058	0.058	0.058	0.058	0.058	0.058	0.058	
0.092	0.092	0.092	0.092	0.092	0.092	0.092	0.092	0.092	0.092	0.124	0.170	0.184	0.184	0.184	0.184	0.184	0.184	0.184	0.121	0.058	0.058	0.058	0.058	0.058	0.058	0.058	0.058	
0.092	0.092	0.092	0.092	0.092	0.092	0.092	0.092	0.092	0.092	0.124	0.170	0.184	0.184	0.184	0.184	0.184	0.184	0.184	0.121	0.058	0.058	0.058	0.058	0.058	0.058	0.058	0.058	
0.092	0.092	0.092	0.092	0.092	0.092	0.092	0.092	0.092	0.092	0.124	0.170	0.184	0.184	0.184	0.184	0.184	0.184	0.184	0.121	0.058	0.058	0.058	0.058	0.058	0.058	0.058	0.058	
0.092	0.092	0.092	0.092	0.092	0.092	0.092	0.092	0.092	0.092	0.124	0.170	0.170	0.184	0.184	0.184	0.184	0.184	0.184	0.121	0.058	0.058	0.058	0.058	0.058	0.058	0.058	0.058	
0.092	0.092	0.092	0.092	0.092	0.092	0.092	0.092	0.092	0.092	0.124	0.156	0.170	0.184	0.184	0.184	0.184	0.184	0.184	0.121	0.058	0.058	0.058	0.058	0.058	0.058	0.058	0.058	
0.092	0.092	0.092	0.092	0.092	0.092	0.092	0.092	0.092	0.092	0.124	0.156	0.170	0.184	0.184	0.184	0.184	0.184	0.184	0.121	0.058	0.058	0.058	0.058	0.058	0.058	0.058	0.058	
0.092	0.092	0.092	0.092	0.092	0.092	0.092	0.092	0.092	0.092	0.124	0.156	0.170	0.184	0.184	0.184	0.184	0.184	0.184	0.121	0.058	0.058	0.058	0.058	0.058	0.058	0.058	0.058	
0.092	0.092	0.092	0.092	0.092	0.092	0.092	0.092	0.092	0.092	0.124	0.156	0.170	0.184	0.184	0.184	0.184	0.184	0.121	0.121	0.058	0.058	0.058	0.058	0.058	0.058	0.058	0.058	
0.092	0.092	0.092	0.092	0.092	0.092	0.092	0.092	0.092	0.092	0.124	0.156	0.170	0.184	0.184	0.184	0.184	0.184	0.121	0.058	0.058	0.058	0.058	0.058	0.058	0.058	0.058	0.058	
0.092	0.092	0.092	0.092	0.092	0.092	0.092	0.092	0.092	0.092	0.124	0.156	0.170	0.184	0.184	0.184	0.184	0.184	0.121	0.058	0.058	0.058	0.058	0.058	0.058	0.058	0.058	0.058	
0.092	0.092	0.092	0.092	0.092	0.092	0.092	0.092	0.092	0.092	0.124	0.156	0.170	0.184	0.184	0.184	0.184	0.184	0.121	0.058	0.058	0.058	0.058	0.058	0.058	0.058	0.058	0.058	
0.092	0.092	0.092	0.092	0.092	0.092	0.092	0.092	0.092	0.092	0.124	0.156	0.170	0.184	0.184	0.184	0.184	0.184	0.121	0.058	0.058	0.058	0.058	0.058	0.058	0.058	0.058	0.058	
0.092	0.092	0.092	0.092	0.092	0.092	0.092	0.092	0.092	0.092	0.124	0.156	0.170	0.184	0.184	0.184	0.184	0.184	0.121	0.058	0.058	0.058	0.058	0.058	0.058	0.058	0.058	0.058	
0.092	0.092	0.092	0.092	0.092	0.092	0.092	0.092	0.092	0.092	0.124	0.156	0.170	0.170	0.184	0.184	0.184	0.184	0.121	0.058	0.058	0.058	0.058	0.058	0.058	0.058	0.058	0.058	
0.092	0.092	0.092	0.092	0.092	0.092	0.092	0.092	0.092	0.092	0.124	0.124	0.156	0.170	0.184	0.184	0.184	0.121	0.121	0.058	0.058	0.058	0.058	0.058	0.058	0.058	0.058	0.058	
0.092	0.092	0.092	0.092	0.092	0.092	0.092	0.092	0.092	0.092	0.092	0.124	0.156	0.170	0.184	0.184	0.184	0.121	0.058	0.058	0.058	0.058	0.058	0.058	0.058	0.058	0.058	0.058	
0.092	0.092	0.092	0.092	0.092	0.092	0.092	0.092	0.092	0.092	0.092	0.124	0.156	0.170	0.184	0.184	0.184	0.121	0.058	0.058	0.058	0.058	0.058	0.058	0.058	0.058	0.058	0.058	
0.092	0.092	0.092	0.092	0.092	0.092	0.092	0.092	0.092	0.092	0.092	0.124	0.156	0.170	0.184	0.184	0.184	0.121	0.058	0.058	0.058	0.058	0.058	0.058	0.058	0.058	0.058	0.058	
0.092	0.092	0.092	0.092	0.092	0.092	0.092	0.092	0.092	0.092	0.092	0.124	0.156	0.170	0.184	0.184	0.184	0.121	0.058	0.058	0.058	0.058	0.058	0.058	0.058	0.058	0.058	0.058	
0.092	0.092	0.092	0.092	0.092	0.092	0.092	0.092	0.092	0.092	0.092	0.124	0.156	0.170	0.184	0.184	0.184	0.121	0.058	0.058	0.058	0.058	0.058	0.058	0.058	0.058	0.058	0.058	
0.091	0.091	0.092	0.092	0.092	0.092	0.092	0.092	0.092	0.092	0.092	0.124	0.156	0.170	0.184	0.184	0.184	0.121	0.058	0.058	0.058	0.058	0.058	0.058	0.058	0.058	0.055	0.055	
0.090	0.091	0.091	0.092	0.092	0.092	0.092	0.092	0.092	0.092	0.092	0.124	0.156	0.170	0.184	0.184	0.184	0.121	0.058	0.058	0.058	0.058	0.058	0.058	0.055	0.055	0.055	0.051	
0.090	0.090	0.091	0.091	0.091	0.092	0.092	0.092	0.092	0.092	0.092	0.124	0.156	0.170	0.184	0.184	0.121	0.121	0.058	0.058	0.058	0.058	0.058	0.055	0.055	0.051	0.051	0.051	
0.090	0.090	0.090	0.090	0.091	0.091	0.091	0.092	0.092	0.092	0.092	0.124	0.156	0.170	0.184	0.184	0.121	0.058	0.058	0.058	0.058	0.055	0.055	0.055	0.051	0.051	0.051	0.051	
0.090	0.090	0.090	0.090	0.090	0.090	0.091	0.091	0.092	0.092	0.092	0.124	0.156	0.170	0.170	0.184	0.121	0.058	0.058	0.058	0.055	0.055	0.051	0.051	0.051	0.051	0.051	0.051	
0.090	0.090	0.090	0.090	0.090	0.090	0.090	0.091	0.091	0.091	0.081	0.106	0.113	0.343	0.290	0.249	0.091	0.045	0.055	0.055	0.055	0.051	0.051	0.051	0.051	0.051	0.051	0.051	
0.090	0.090	0.090	0.090	0.090	0.090	0.090	0.090	0.090	0.091	0.084	0.070	0.252	0.343	0.531	0.249	0.032	0.045	0.047	0.051	0.051	0.051	0.051	0.051	0.051	0.051	0.051	0.051	
0.090	0.090	0.090	0.090	0.090	0.090	0.090	0.090	0.090	0.090	0.080	0.070	0.300	0.531	0.531	0.281	0.032	0.032	0.041	0.051	0.051	0.051	0.051	0.051	0.051	0.051	0.051	0.051	
0.090	0.090	0.090	0.090	0.090	0.090	0.090	0.090	0.090	0.090	0.090	0.000	0.300	0.531	0.531	0.281	0.000	0.000	0.051	0.051	0.051	0.051	0.051	0.051	0.051	0.051	0.051	0.051	
0.000	0.000	0.000	0.000	0.000	0.000	0.000	0.000	0.000	0.000	0.000	0.000	0.507	0.726	0.726	0.726	0.000	0.000	0.000	0.000	0.000	0.000	0.000	0.000	0.000	0.000	0.000	0.000	
0.000	0.000	0.000	0.000	0.000	0.000	0.000	0.000	0.000	0.000	0.000	0.000	0.921	0.921	0.921	0.921	0.000	0.000	0.000	0.000	0.000	0.000	0.000	0.000	0.000	0.000	0.000	0.000	
0.000	0.000	0.000	0.000	0.000	0.000	0.000	0.000	0.000	0.000	0.000	0.000	0.921	0.921	0.921	0.921	0.000	0.000	0.000	0.000	0.000	0.000	0.000	0.000	0.000	0.000	0.000	0.000	
0.000	0.000	0.000	0.000	0.000	0.000	0.000	0.000	0.000	0.000	0.000	0.000	0.921	0.921	0.921	0.921	0.000	0.000	0.000	0.000	0.000	0.000	0.000	0.000	0.000	0.000	0.000	0.000	
