0.264	0.264	0.264	0.264	0.264	0.264	0.264	0.264	0.264	0.264	0.264	0.264	0.264	0.264	0.264	0.264	0.264	0.264	0.264	0.264	0.264	0.264	0.264	0.264	0.264	0.264	0.207	0.150	
0.264	0.264	0.264	0.264	0.264	0.264	0.264	0.264	0.264	0.264	0.264	0.264	0.264	0.264	0.264	0.264	0.264	0.264	0.264	0.264	0.264	0.264	0.264	0.264	0.264	0.264	0.207	0.150	
0.264	0.264	0.264	0.264	0.264	0.264	0.264	0.264	0.264	0.264	0.264	0.264	0.264	0.264	0.264	0.264	0.264	0.264	0.264	0.264	0.264	0.264	0.264	0.264	0.264	0.264	0.207	0.150	
0.264	0.264	0.264	0.264	0.264	0.264	0.264	0.264	0.264	0.264	0.264	0.264	0.264	0.264	0.264	0.264	0.264	0.264	0.264	0.264	0.264	0.264	0.264	0.264	0.264	0.207	0.207	0.150	
0.264	0.264	0.264	0.264	0.264	0.264	0.264	0.264	0.264	0.264	0.264	0.264	0.264	0.264	0.264	0.264	0.264	0.264	0.264	0.264	0.264	0.264	0.264	0.264	0.264	0.207	0.150	0.150	
0.264	0.264	0.264	0.264	0.264	0.264	0.264	0.264	0.264	0.264	0.264	0.264	0.264	0.264	0.264	0.264	0.264	0.264	0.264	0.264	0.264	0.264	0.264	0.264	0.264	0.207	0.150	0.150	
0.264	0.264	0.264	0.264	0.264	0.264	0.264	0.264	0.264	0.264	0.264	0.264	0.264	0.264	0.264	0.264	0.264	0.264	0.264	0.264	0.264	0.264	0.264	0.264	0.207	0.207	0.150	0.150	
0.264	0.264	0.264	0.264	0.264	0.264	0.264	0.264	0.264	0.264	0.264	0.264	0.264	0.264	0.264	0.264	0.264	0.264	0.264	0.264	0.264	0.264	0.264	0.264	0.207	0.150	0.150	0.150	
0.264	0.264	0.264	0.264	0.264	0.264	0.264	0.264	0.264	0.264	0.264	0.264	0.264	0.264	0.264	0.264	0.264	0.264	0.264	0.264	0.264	0.264	0.264	0.264	0.207	0.150	0.150	0.150	
0.264	0.264	0.264	0.264	0.264	0.264	0.264	0.264	0.264	0.264	0.264	0.264	0.264	0.264	0.264	0.264	0.264	0.264	0.264	0.264	0.264	0.264	0.264	0.264	0.207	0.150	0.150	0.150	
0.264	0.264	0.264	0.264	0.264	0.264	0.264	0.264	0.264	0.264	0.264	0.264	0.264	0.264	0.264	0.264	0.264	0.264	0.264	0.264	0.264	0.264	0.264	0.207	0.207	0.150	0.150	0.150	
0.264	0.264	0.264	0.264	0.264	0.264	0.264	0.264	0.264	0.264	0.264	0.264	0.264	0.264	0.264	0.264	0.264	0.264	0.264	0.264	0.264	0.264	0.264	0.207	0.150	0.150	0.150	0.150	
0.264	0.264	0.264	0.264	0.264	0.264	0.264	0.264	0.264	0.264	0.264	0.264	0.264	0.264	0.264	0.264	0.264	0.264	0.264	0.264	0.264	0.264	0.264	0.207	0.150	0.150	0.150	0.150	
0.264	0.264	0.264	0.264	0.264	0.264	0.264	0.264	0.264	0.264	0.264	0.264	0.264	0.264	0.264	0.264	0.264	0.264	0.264	0.264	0.264	0.264	0.207	0.207	0.150	0.150	0.150	0.150	
0.264	0.264	0.264	0.264	0.264	0.264	0.264	0.264	0.264	0.264	0.264	0.264	0.264	0.264	0.264	0.264	0.264	0.264	0.264	0.264	0.264	0.264	0.207	0.150	0.150	0.150	0.150	0.150	
0.264	0.264	0.264	0.264	0.264	0.264	0.264	0.264	0.264	0.264	0.264	0.264	0.264	0.264	0.264	0.264	0.264	0.264	0.264	0.264	0.264	0.264	0.207	0.150	0.150	0.150	0.150	0.150	
0.264	0.264	0.264	0.264	0.264	0.264	0.264	0.264	0.264	0.264	0.264	0.264	0.264	0.264	0.264	0.264	0.264	0.264	0.264	0.264	0.264	0.264	0.207	0.150	0.150	0.150	0.150	0.150	
0.264	0.264	0.264	0.264	0.264	0.264	0.264	0.264	0.264	0.264	0.264	0.264	0.264	0.264	0.264	0.264	0.264	0.264	0.264	0.264	0.264	0.207	0.207	0.150	0.150	0.150	0.150	0.150	
0.264	0.264	0.264	0.264	0.264	0.264	0.264	0.264	0.264	0.264	0.264	0.264	0.264	0.264	0.264	0.264	0.264	0.264	0.264	0.264	0.264	0.207	0.150	0.150	0.150	0.150	0.150	0.150	
0.205	0.264	0.264	0.264	0.264	0.264	0.264	0.264	0.264	0.264	0.264	0.264	0.264	0.264	0.264	0.264	0.264	0.264	0.264	0.264	0.264	0.207	0.150	0.150	0.150	0.150	0.150	0.150	
0.205	0.264	0.264	0.264	0.264	0.264	0.264	0.264	0.264	0.264	0.264	0.264	0.264	0.264	0.264	0.264	0.264	0.264	0.264	0.264	0.207	0.207	0.150	0.150	0.150	0.150	0.150	0.150	
0.205	0.205	0.264	0.264	0.264	0.264	0.264	0.264	0.264	0.264	0.264	0.264	0.264	0.264	0.264	0.264	0.264	0.264	0.264	0.264	0.207	0.150	0.150	0.150	0.150	0.150	0.150	0.150	
0.146	0.205	0.264	0.264	0.264	0.264	0.264	0.264	0.264	0.264	0.264	0.264	0.264	0.264	0.264	0.264	0.264	0.264	0.264	0.264	0.207	0.150	0.150	0.150	0.150	0.150	0.150	0.150	
0.146	0.205	0.205	0.264	0.264	0.264	0.264	0.264	0.264	0.264	0.264	0.264	0.264	0.264	0.264	0.264	0.264	0.264	0.264	0.264	0.207	0.150	0.150	0.150	0.150	0.150	0.150	0.150	
0.146	0.146	0.205	0.264	0.264	0.264	0.264	0.264	0.264	0.264	0.264	0.264	0.264	0.264	0.264	0.264	0.264	0.264	0.264	0.207	0.207	0.150	0.150	0.150	0.150	0.150	0.150	0.150	
0.146	0.146	0.205	0.205	0.264	0.264	0.264	0.264	0.264	0.264	0.264	0.264	0.264	0.264	0.264	0.264	0.264	0.264	0.264	0.207	0.150	0.150	0.150	0.150	0.150	0.150	0.150	0.150	
0.146	0.146	0.146	0.205	0.264	0.264	0.264	0.264	0.264	0.264	0.264	0.264	0.264	0.264	0.264	0.264	0.264	0.264	0.264	0.207	0.150	0.150	0.150	0.150	0.150	0.150	0.150	0.150	
0.146	0.146	0.146	0.205	0.205	0.264	0.264	0.264	0.264	0.264	0.264	0.264	0.264	0.264	0.264	0.264	0.264	0.264	0.207	0.207	0.150	0.150	0.150	0.150	0.150	0.150	0.150	0.150	
0.146	0.146	0.146	0.146	0.205	0.264	0.264	0.264	0.264	0.264	0.264	0.264	0.264	0.264	0.264	0.264	0.264	0.264	0.207	0.150	0.150	0.150	0.150	0.150	0.150	0.150	0.150	0.150	
0.158	0.146	0.146	0.146	0.174	0.188	0.264	0.264	0.264	0.264	0.264	0.264	0.264	0.264	0.264	0.264	0.264	0.264	0.207	0.150	0.150	0.150	0.150	0.150	0.150	0.150	0.150	0.150	
0.158	0.146	0.146	0.146	0.129	0.174	0.264	0.264	0.264	0.264	0.264	0.264	0.264	0.264	0.264	0.264	0.264	0.264	0.207	0.150	0.150	0.150	0.150	0.150	0.150	0.150	0.150	0.150	
0.158	0.158	0.146	0.146	0.146	0.174	0.188	0.264	0.264	0.264	0.264	0.264	0.264	0.264	0.264	0.264	0.264	0.207	0.207	0.150	0.150	0.150	0.150	0.150	0.150	0.150	0.150	0.150	
0.171	0.158	0.146	0.146	0.146	0.129	0.174	0.264	0.264	0.264	0.264	0.264	0.264	0.264	0.264	0.264	0.264	0.207	0.150	0.150	0.150	0.150	0.150	0.150	0.150	0.150	0.150	0.175	
0.171	0.158	0.158	0.146	0.146	0.146	0.174	0.188	0.264	0.264	0.264	0.264	0.264	0.264	0.264	0.264	0.264	0.207	0.150	0.150	0.150	0.150	0.150	0.150	0.150	0.150	0.150	0.175	
0.171	0.171	0.158	0.146	0.146	0.146	0.129	0.188	0.188	0.264	0.264	0.264	0.264	0.264	0.264	0.264	0.207	0.207	0.150	0.150	0.150	0.150	0.150	0.150	0.150	0.150	0.175	0.175	
0.171	0.171	0.158	0.158	0.146	0.146	0.129	0.129	0.188	0.264	0.264	0.264	0.264	0.264	0.264	0.264	0.207	0.150	0.150	0.150	0.150	0.150	0.150	0.150	0.150	0.175	0.175	0.199	
0.171	0.171	0.171	0.158	0.146	0.146	0.146	0.129	0.188	0.188	0.264	0.264	0.264	0.264	0.264	0.264	0.207	0.150	0.150	0.150	0.150	0.150	0.150	0.150	0.175	0.175	0.199	0.199	
0.171	0.171	0.171	0.158	0.158	0.146	0.146	0.129	0.112	0.188	0.188	0.264	0.264	0.264	0.264	0.189	0.176	0.150	0.150	0.150	0.150	0.150	0.150	0.150	0.175	0.199	0.199	0.199	
0.171	0.171	0.171	0.171	0.158	0.146	0.146	0.129	0.129	0.112	0.188	0.264	0.264	0.264	0.189	0.189	0.132	0.150	0.150	0.150	0.150	0.150	0.150	0.175	0.175	0.199	0.199	0.199	
0.171	0.171	0.171	0.171	0.158	0.158	0.146	0.146	0.129	0.112	0.188	0.188	0.264	0.189	0.189	0.114	0.132	0.150	0.150	0.150	0.150	0.150	0.173	0.173	0.199	0.199	0.199	0.199	
0.171	0.171	0.171	0.171	0.171	0.158	0.146	0.146	0.129	0.112	0.112	0.175	0.207	0.176	0.114	0.114	0.132	0.150	0.150	0.150	0.160	0.160	0.173	0.199	0.199	0.199	0.199	0.199	
0.171	0.171	0.171	0.171	0.171	0.158	0.158	0.146	0.129	0.121	0.131	0.131	0.150	0.133	0.124	0.114	0.151	0.151	0.169	0.169	0.160	0.170	0.185	0.199	0.199	0.199	0.199	0.199	
0.171	0.171	0.171	0.171	0.171	0.171	0.146	0.133	0.132	0.130	0.130	0.125	0.126	0.142	0.120	0.113	0.138	0.188	0.188	0.169	0.170	0.170	0.185	0.199	0.199	0.199	0.199	0.199	
0.165	0.165	0.165	0.171	0.171	0.154	0.154	0.120	0.105	0.097	0.112	0.112	0.114	0.134	0.123	0.112	0.150	0.150	0.179	0.179	0.170	0.185	0.185	0.199	0.199	0.199	0.199	0.199	
0.158	0.158	0.167	0.167	0.170	0.170	0.134	0.116	0.092	0.097	0.096	0.094	0.113	0.122	0.116	0.111	0.105	0.131	0.128	0.115	0.123	0.170	0.170	0.199	0.199	0.199	0.199	0.199	
0.158	0.158	0.158	0.164	0.164	0.141	0.141	0.116	0.099	0.064	0.083	0.092	0.098	0.110	0.110	0.110	0.101	0.092	0.076	0.060	0.100	0.140	0.150	0.150	0.155	0.155	0.155	0.133	
0.139	0.158	0.158	0.158	0.143	0.135	0.106	0.112	0.074	0.066	0.066	0.091	0.092	0.093	0.094	0.095	0.076	0.057	0.058	0.051	0.090	0.107	0.125	0.110	0.110	0.100	0.100	0.100	
0.139	0.139	0.139	0.119	0.113	0.090	0.106	0.072	0.062	0.045	0.072	0.113	0.103	0.076	0.089	0.080	0.051	0.022	0.022	0.044	0.070	0.093	0.080	0.110	0.100	0.100	0.091	0.091	
0.120	0.120	0.139	0.119	0.080	0.090	0.065	0.065	0.037	0.032	0.066	0.077	0.084	0.059	0.069	0.048	0.039	0.020	0.022	0.046	0.047	0.060	0.080	0.084	0.100	0.091	0.091	0.091	
0.120	0.120	0.120	0.100	0.080	0.090	0.070	0.030	0.030	0.025	0.020	0.066	0.088	0.056	0.063	0.048	0.014	0.018	0.022	0.022	0.047	0.050	0.050	0.070	0.091	0.091	0.091	0.091	
0.000	0.000	0.000	0.000	0.000	0.000	0.000	0.000	0.000	0.000	0.000	0.000	0.042	0.046	0.050	0.032	0.014	0.018	0.022	0.022	0.022	0.000	0.000	0.000	0.000	0.000	0.000	0.000	
0.000	0.000	0.000	0.000	0.000	0.000	0.000	0.000	0.000	0.000	0.000	0.000	0.042	0.046	0.050	0.050	0.000	0.000	0.000	0.000	0.000	0.000	0.000	0.000	0.000	0.000	0.000	0.000	
0.000	0.000	0.000	0.000	0.000	0.000	0.000	0.000	0.000	0.000	0.000	0.000	0.042	0.046	0.050	0.050	0.000	0.000	0.000	0.000	0.000	0.000	0.000	0.000	0.000	0.000	0.000	0.000	
0.000	0.000	0.000	0.000	0.000	0.000	0.000	0.000	0.000	0.000	0.000	0.000	0.042	0.046	0.050	0.050	0.000	0.000	0.000	0.000	0.000	0.000	0.000	0.000	0.000	0.000	0.000	0.000	
0.000	0.000	0.000	0.000	0.000	0.000	0.000	0.000	0.000	0.000	0.000	0.000	0.042	0.046	0.050	0.050	0.000	0.000	0.000	0.000	0.000	0.000	0.000	0.000	0.000	0.000	0.000	0.000	
