0.090	0.090	0.090	0.090	0.090	0.090	0.090	0.090	0.090	0.090	0.090	0.090	0.090	0.067	0.045	0.045	0.045	0.045	0.045	0.045	0.045	0.045	0.045	0.045	0.045	0.045	0.045	0.045	
0.090	0.090	0.090	0.090	0.090	0.090	0.090	0.090	0.090	0.090	0.090	0.090	0.090	0.067	0.045	0.045	0.045	0.045	0.045	0.045	0.045	0.045	0.045	0.045	0.045	0.045	0.045	0.045	
0.090	0.090	0.090	0.090	0.090	0.090	0.090	0.090	0.090	0.090	0.090	0.090	0.090	0.067	0.045	0.045	0.045	0.045	0.045	0.045	0.045	0.045	0.045	0.045	0.045	0.045	0.045	0.045	
0.090	0.090	0.090	0.090	0.090	0.090	0.090	0.090	0.090	0.090	0.090	0.090	0.090	0.067	0.045	0.045	0.045	0.045	0.045	0.045	0.045	0.045	0.045	0.045	0.045	0.045	0.045	0.045	
0.090	0.090	0.090	0.090	0.090	0.090	0.090	0.090	0.090	0.090	0.090	0.090	0.090	0.067	0.045	0.045	0.045	0.045	0.045	0.045	0.045	0.045	0.045	0.045	0.045	0.045	0.045	0.045	
0.090	0.090	0.090	0.090	0.090	0.090	0.090	0.090	0.090	0.090	0.090	0.090	0.090	0.067	0.045	0.045	0.045	0.045	0.045	0.045	0.045	0.045	0.045	0.045	0.045	0.045	0.045	0.045	
0.090	0.090	0.090	0.090	0.090	0.090	0.090	0.090	0.090	0.090	0.090	0.090	0.090	0.067	0.045	0.045	0.045	0.045	0.045	0.045	0.045	0.045	0.045	0.045	0.045	0.045	0.045	0.045	
0.090	0.090	0.090	0.090	0.090	0.090	0.090	0.090	0.090	0.090	0.090	0.090	0.090	0.067	0.067	0.045	0.045	0.045	0.045	0.045	0.045	0.045	0.045	0.045	0.045	0.045	0.045	0.045	
0.090	0.090	0.090	0.090	0.090	0.090	0.090	0.090	0.090	0.090	0.090	0.090	0.090	0.090	0.067	0.045	0.045	0.045	0.045	0.045	0.045	0.045	0.045	0.045	0.045	0.045	0.045	0.045	
0.090	0.090	0.090	0.090	0.090	0.090	0.090	0.090	0.090	0.090	0.090	0.090	0.090	0.090	0.067	0.045	0.045	0.045	0.045	0.045	0.045	0.045	0.045	0.045	0.045	0.045	0.045	0.045	
0.090	0.090	0.090	0.090	0.090	0.090	0.090	0.090	0.090	0.090	0.090	0.090	0.090	0.090	0.067	0.045	0.045	0.045	0.045	0.045	0.045	0.045	0.045	0.045	0.045	0.045	0.045	0.045	
0.090	0.090	0.090	0.090	0.090	0.090	0.090	0.090	0.090	0.090	0.090	0.090	0.090	0.090	0.067	0.045	0.045	0.045	0.045	0.045	0.045	0.045	0.045	0.045	0.045	0.045	0.045	0.045	
0.090	0.090	0.090	0.090	0.090	0.090	0.090	0.090	0.090	0.090	0.090	0.090	0.090	0.090	0.067	0.045	0.045	0.045	0.045	0.045	0.045	0.045	0.045	0.045	0.045	0.045	0.045	0.045	
0.090	0.090	0.090	0.090	0.090	0.090	0.090	0.090	0.090	0.090	0.090	0.090	0.090	0.090	0.067	0.045	0.045	0.045	0.045	0.045	0.045	0.045	0.045	0.045	0.045	0.045	0.045	0.045	
0.090	0.090	0.090	0.090	0.090	0.090	0.090	0.090	0.090	0.090	0.090	0.090	0.090	0.090	0.067	0.045	0.045	0.045	0.045	0.045	0.045	0.045	0.045	0.045	0.045	0.045	0.045	0.045	
0.090	0.090	0.090	0.090	0.090	0.090	0.090	0.090	0.090	0.090	0.090	0.090	0.090	0.090	0.067	0.045	0.045	0.045	0.045	0.045	0.045	0.045	0.045	0.045	0.045	0.045	0.045	0.045	
0.090	0.090	0.090	0.090	0.090	0.090	0.090	0.090	0.090	0.090	0.090	0.090	0.090	0.095	0.078	0.045	0.045	0.045	0.045	0.045	0.045	0.045	0.045	0.045	0.045	0.045	0.045	0.045	
0.090	0.090	0.090	0.090	0.090	0.090	0.090	0.090	0.090	0.090	0.090	0.090	0.090	0.095	0.072	0.045	0.045	0.045	0.045	0.045	0.045	0.045	0.045	0.045	0.045	0.045	0.045	0.045	
0.090	0.090	0.090	0.090	0.090	0.090	0.090	0.090	0.090	0.090	0.090	0.090	0.090	0.095	0.072	0.045	0.045	0.045	0.045	0.045	0.045	0.045	0.045	0.045	0.045	0.045	0.045	0.045	
0.090	0.090	0.090	0.090	0.090	0.090	0.090	0.090	0.090	0.090	0.090	0.090	0.090	0.095	0.072	0.045	0.045	0.045	0.045	0.045	0.045	0.045	0.045	0.045	0.045	0.045	0.045	0.045	
0.090	0.090	0.090	0.090	0.090	0.090	0.090	0.090	0.090	0.090	0.090	0.090	0.090	0.095	0.072	0.045	0.045	0.045	0.045	0.045	0.045	0.045	0.045	0.045	0.045	0.045	0.045	0.045	
0.090	0.090	0.090	0.090	0.090	0.090	0.090	0.090	0.090	0.090	0.090	0.090	0.090	0.095	0.072	0.045	0.045	0.045	0.045	0.045	0.045	0.045	0.045	0.045	0.045	0.045	0.045	0.045	
0.090	0.090	0.090	0.090	0.090	0.090	0.090	0.090	0.090	0.090	0.090	0.090	0.090	0.095	0.072	0.045	0.045	0.045	0.045	0.045	0.045	0.045	0.045	0.045	0.045	0.045	0.045	0.045	
0.090	0.090	0.090	0.090	0.090	0.090	0.090	0.090	0.090	0.090	0.090	0.090	0.090	0.095	0.072	0.045	0.045	0.045	0.045	0.045	0.045	0.045	0.045	0.045	0.045	0.045	0.045	0.045	
0.090	0.090	0.090	0.090	0.090	0.090	0.090	0.090	0.090	0.090	0.090	0.090	0.090	0.095	0.072	0.045	0.045	0.045	0.045	0.045	0.045	0.045	0.045	0.045	0.045	0.045	0.045	0.045	
0.090	0.090	0.090	0.090	0.090	0.090	0.090	0.090	0.090	0.090	0.090	0.090	0.090	0.095	0.072	0.045	0.045	0.045	0.045	0.045	0.045	0.045	0.045	0.045	0.045	0.045	0.045	0.045	
0.060	0.090	0.090	0.090	0.090	0.090	0.090	0.090	0.090	0.090	0.090	0.090	0.090	0.095	0.072	0.045	0.045	0.045	0.045	0.045	0.045	0.045	0.045	0.045	0.045	0.045	0.045	0.045	
0.060	0.090	0.090	0.090	0.090	0.090	0.090	0.090	0.090	0.090	0.090	0.090	0.095	0.095	0.072	0.045	0.045	0.045	0.045	0.045	0.045	0.045	0.045	0.045	0.045	0.045	0.045	0.045	
0.060	0.060	0.090	0.090	0.090	0.090	0.090	0.090	0.090	0.090	0.090	0.090	0.095	0.100	0.072	0.045	0.045	0.045	0.045	0.045	0.045	0.045	0.045	0.045	0.045	0.045	0.045	0.045	
0.030	0.060	0.090	0.090	0.090	0.090	0.090	0.090	0.090	0.090	0.090	0.090	0.095	0.100	0.072	0.045	0.045	0.045	0.045	0.045	0.045	0.045	0.045	0.045	0.045	0.045	0.045	0.045	
0.030	0.060	0.060	0.090	0.090	0.090	0.090	0.090	0.090	0.090	0.090	0.090	0.095	0.100	0.072	0.045	0.045	0.045	0.045	0.045	0.045	0.045	0.045	0.045	0.045	0.045	0.045	0.045	
0.030	0.030	0.060	0.090	0.090	0.090	0.090	0.090	0.090	0.090	0.090	0.090	0.095	0.100	0.072	0.045	0.045	0.045	0.045	0.045	0.045	0.045	0.045	0.045	0.045	0.045	0.045	0.042	
0.030	0.030	0.060	0.060	0.090	0.090	0.090	0.090	0.090	0.090	0.090	0.090	0.095	0.100	0.072	0.072	0.045	0.045	0.045	0.045	0.045	0.045	0.045	0.045	0.045	0.045	0.045	0.042	
0.030	0.030	0.030	0.060	0.090	0.090	0.090	0.090	0.090	0.090	0.090	0.090	0.095	0.100	0.100	0.072	0.045	0.045	0.045	0.045	0.045	0.045	0.045	0.045	0.045	0.045	0.042	0.042	
0.030	0.030	0.030	0.060	0.060	0.090	0.090	0.090	0.090	0.090	0.090	0.090	0.095	0.100	0.100	0.072	0.045	0.045	0.045	0.045	0.045	0.045	0.045	0.045	0.045	0.042	0.042	0.040	
0.030	0.030	0.030	0.030	0.060	0.090	0.090	0.090	0.090	0.090	0.090	0.090	0.095	0.100	0.100	0.087	0.045	0.045	0.045	0.045	0.045	0.045	0.045	0.045	0.045	0.042	0.040	0.040	
0.030	0.030	0.030	0.030	0.060	0.060	0.090	0.090	0.090	0.090	0.090	0.090	0.095	0.100	0.100	0.087	0.045	0.045	0.045	0.045	0.045	0.045	0.045	0.045	0.042	0.042	0.040	0.040	
0.030	0.030	0.030	0.030	0.030	0.060	0.090	0.090	0.090	0.090	0.090	0.090	0.095	0.100	0.108	0.087	0.045	0.045	0.045	0.045	0.045	0.045	0.045	0.042	0.042	0.040	0.040	0.040	
0.030	0.030	0.030	0.030	0.030	0.060	0.060	0.090	0.090	0.090	0.090	0.090	0.095	0.100	0.108	0.081	0.045	0.045	0.045	0.045	0.045	0.045	0.042	0.042	0.040	0.040	0.040	0.040	
0.030	0.030	0.030	0.030	0.030	0.030	0.060	0.090	0.090	0.090	0.090	0.095	0.095	0.100	0.108	0.081	0.081	0.045	0.045	0.045	0.045	0.045	0.042	0.040	0.040	0.040	0.040	0.040	
0.030	0.030	0.030	0.030	0.030	0.030	0.060	0.060	0.090	0.090	0.090	0.095	0.100	0.100	0.108	0.117	0.081	0.045	0.045	0.045	0.045	0.042	0.042	0.040	0.040	0.040	0.040	0.040	
0.030	0.030	0.030	0.030	0.030	0.030	0.030	0.060	0.090	0.090	0.090	0.095	0.100	0.100	0.108	0.117	0.081	0.045	0.045	0.045	0.042	0.042	0.040	0.040	0.040	0.040	0.027	0.027	
0.036	0.036	0.030	0.030	0.030	0.030	0.030	0.060	0.060	0.090	0.090	0.095	0.100	0.100	0.108	0.117	0.081	0.045	0.045	0.045	0.042	0.040	0.040	0.040	0.040	0.027	0.027	0.014	
0.041	0.036	0.036	0.036	0.030	0.030	0.030	0.030	0.053	0.065	0.090	0.078	0.100	0.100	0.108	0.117	0.081	0.081	0.045	0.042	0.042	0.040	0.040	0.040	0.027	0.027	0.014	0.014	
0.041	0.041	0.041	0.036	0.036	0.030	0.030	0.030	0.035	0.065	0.058	0.078	0.078	0.095	0.104	0.112	0.096	0.075	0.054	0.049	0.040	0.040	0.027	0.027	0.027	0.014	0.014	0.014	
0.036	0.036	0.041	0.041	0.036	0.036	0.036	0.037	0.037	0.040	0.042	0.045	0.068	0.091	0.099	0.108	0.085	0.085	0.063	0.041	0.030	0.027	0.027	0.014	0.014	0.014	0.007	0.007	
0.030	0.036	0.036	0.041	0.041	0.041	0.037	0.036	0.041	0.044	0.045	0.067	0.081	0.098	0.205	0.263	0.061	0.062	0.032	0.042	0.025	0.025	0.014	0.014	0.007	0.007	0.007	0.000	
0.030	0.030	0.036	0.036	0.036	0.041	0.038	0.036	0.041	0.041	0.051	0.062	0.106	0.205	0.254	0.140	0.047	0.014	0.019	0.020	0.010	0.011	0.014	0.007	0.007	0.000	0.000	0.000	
0.030	0.030	0.030	0.030	0.036	0.034	0.036	0.036	0.034	0.041	0.037	0.062	0.068	0.262	0.418	0.219	0.017	0.019	0.019	0.014	0.010	0.007	0.005	0.007	0.000	0.000	0.000	0.000	
0.030	0.030	0.030	0.030	0.030	0.031	0.032	0.032	0.031	0.030	0.030	0.030	0.068	0.354	0.433	0.219	0.020	0.021	0.022	0.011	0.000	0.000	0.000	0.000	0.000	0.000	0.000	0.000	
0.000	0.000	0.000	0.000	0.000	0.000	0.000	0.000	0.030	0.030	0.030	0.000	0.446	0.446	0.433	0.441	0.000	0.022	0.022	0.022	0.000	0.000	0.000	0.000	0.000	0.000	0.000	0.000	
0.000	0.000	0.000	0.000	0.000	0.000	0.000	0.000	0.000	0.000	0.000	0.000	0.862	0.862	0.862	0.862	0.000	0.000	0.000	0.000	0.000	0.000	0.000	0.000	0.000	0.000	0.000	0.000	
0.000	0.000	0.000	0.000	0.000	0.000	0.000	0.000	0.000	0.000	0.000	0.000	0.862	0.862	0.862	0.862	0.000	0.000	0.000	0.000	0.000	0.000	0.000	0.000	0.000	0.000	0.000	0.000	
0.000	0.000	0.000	0.000	0.000	0.000	0.000	0.000	0.000	0.000	0.000	0.000	0.862	0.862	0.862	0.862	0.000	0.000	0.000	0.000	0.000	0.000	0.000	0.000	0.000	0.000	0.000	0.000	
0.000	0.000	0.000	0.000	0.000	0.000	0.000	0.000	0.000	0.000	0.000	0.000	0.862	0.862	0.862	0.862	0.000	0.000	0.000	0.000	0.000	0.000	0.000	0.000	0.000	0.000	0.000	0.000	
