0.230	0.230	0.230	0.230	0.230	0.230	0.230	0.230	0.230	0.230	0.230	0.230	0.230	0.230	0.230	0.230	0.230	0.230	0.230	0.230	0.230	0.230	0.230	0.230	0.230	0.230	0.230	0.200	
0.230	0.230	0.230	0.230	0.230	0.230	0.230	0.230	0.230	0.230	0.230	0.230	0.230	0.230	0.230	0.230	0.230	0.230	0.230	0.230	0.230	0.230	0.230	0.230	0.230	0.230	0.230	0.200	
0.230	0.230	0.230	0.230	0.230	0.230	0.230	0.230	0.230	0.230	0.230	0.230	0.230	0.230	0.230	0.230	0.230	0.230	0.230	0.230	0.230	0.230	0.230	0.230	0.230	0.230	0.230	0.200	
0.230	0.230	0.230	0.230	0.230	0.230	0.230	0.230	0.230	0.230	0.230	0.230	0.230	0.230	0.230	0.230	0.230	0.230	0.230	0.230	0.230	0.230	0.230	0.230	0.230	0.230	0.200	0.200	
0.230	0.230	0.230	0.230	0.230	0.230	0.230	0.230	0.230	0.230	0.230	0.230	0.230	0.230	0.230	0.230	0.230	0.230	0.230	0.230	0.230	0.230	0.230	0.230	0.230	0.230	0.200	0.170	
0.230	0.230	0.230	0.230	0.230	0.230	0.230	0.230	0.230	0.230	0.230	0.230	0.230	0.230	0.230	0.230	0.230	0.230	0.230	0.230	0.230	0.230	0.230	0.230	0.230	0.230	0.200	0.170	
0.230	0.230	0.230	0.230	0.230	0.230	0.230	0.230	0.230	0.230	0.230	0.230	0.230	0.230	0.230	0.230	0.230	0.230	0.230	0.230	0.230	0.230	0.230	0.230	0.230	0.200	0.200	0.170	
0.230	0.230	0.230	0.230	0.230	0.230	0.230	0.230	0.230	0.230	0.230	0.230	0.230	0.230	0.230	0.230	0.230	0.230	0.230	0.230	0.230	0.230	0.230	0.230	0.230	0.200	0.170	0.170	
0.230	0.230	0.230	0.230	0.230	0.230	0.230	0.230	0.230	0.230	0.230	0.230	0.230	0.230	0.230	0.230	0.230	0.230	0.230	0.230	0.230	0.230	0.230	0.230	0.230	0.200	0.170	0.170	
0.147	0.230	0.230	0.230	0.230	0.230	0.230	0.230	0.230	0.230	0.230	0.230	0.230	0.230	0.230	0.230	0.230	0.230	0.230	0.230	0.230	0.230	0.230	0.230	0.200	0.200	0.170	0.170	
0.147	0.230	0.230	0.230	0.230	0.230	0.230	0.230	0.230	0.230	0.230	0.230	0.230	0.230	0.230	0.230	0.230	0.230	0.230	0.230	0.230	0.230	0.230	0.230	0.200	0.170	0.170	0.170	
0.147	0.230	0.230	0.230	0.230	0.230	0.230	0.230	0.230	0.230	0.230	0.230	0.230	0.230	0.230	0.230	0.230	0.230	0.230	0.230	0.230	0.230	0.230	0.230	0.200	0.170	0.170	0.170	
0.147	0.147	0.230	0.230	0.230	0.230	0.230	0.230	0.230	0.230	0.230	0.230	0.230	0.230	0.230	0.230	0.230	0.230	0.230	0.230	0.230	0.230	0.230	0.230	0.200	0.170	0.170	0.170	
0.064	0.147	0.230	0.230	0.230	0.230	0.230	0.230	0.230	0.230	0.230	0.230	0.230	0.230	0.230	0.230	0.230	0.230	0.230	0.230	0.230	0.230	0.230	0.200	0.200	0.170	0.170	0.170	
0.064	0.147	0.230	0.230	0.230	0.230	0.230	0.230	0.230	0.230	0.230	0.230	0.230	0.230	0.230	0.230	0.230	0.230	0.230	0.230	0.230	0.230	0.230	0.200	0.170	0.170	0.170	0.170	
0.064	0.147	0.147	0.230	0.230	0.230	0.230	0.230	0.230	0.230	0.230	0.230	0.230	0.230	0.230	0.230	0.230	0.230	0.230	0.230	0.230	0.230	0.230	0.200	0.170	0.170	0.170	0.170	
0.064	0.064	0.147	0.230	0.230	0.230	0.230	0.230	0.230	0.230	0.230	0.230	0.230	0.230	0.230	0.230	0.230	0.230	0.230	0.230	0.230	0.230	0.200	0.200	0.170	0.170	0.170	0.170	
0.064	0.064	0.147	0.147	0.230	0.230	0.230	0.230	0.230	0.230	0.230	0.230	0.230	0.230	0.230	0.230	0.230	0.230	0.230	0.230	0.230	0.230	0.200	0.170	0.170	0.170	0.170	0.170	
0.064	0.064	0.064	0.147	0.230	0.230	0.230	0.230	0.230	0.230	0.230	0.230	0.230	0.230	0.230	0.230	0.230	0.230	0.230	0.230	0.230	0.230	0.200	0.170	0.170	0.170	0.170	0.170	
0.087	0.064	0.064	0.147	0.230	0.230	0.230	0.230	0.230	0.230	0.230	0.230	0.230	0.230	0.230	0.230	0.230	0.230	0.230	0.230	0.230	0.200	0.200	0.170	0.170	0.170	0.170	0.170	
0.087	0.064	0.064	0.147	0.147	0.230	0.230	0.230	0.230	0.230	0.230	0.230	0.230	0.230	0.230	0.230	0.230	0.230	0.230	0.230	0.230	0.200	0.170	0.170	0.170	0.170	0.170	0.170	
0.087	0.087	0.064	0.064	0.147	0.230	0.230	0.230	0.230	0.230	0.230	0.230	0.230	0.230	0.230	0.230	0.230	0.230	0.230	0.230	0.230	0.200	0.170	0.170	0.170	0.170	0.170	0.170	
0.110	0.087	0.064	0.064	0.147	0.147	0.230	0.230	0.230	0.230	0.230	0.230	0.230	0.230	0.230	0.230	0.230	0.230	0.230	0.230	0.200	0.200	0.170	0.170	0.170	0.170	0.170	0.170	
0.110	0.087	0.064	0.064	0.064	0.147	0.230	0.230	0.230	0.230	0.230	0.230	0.230	0.230	0.230	0.230	0.230	0.230	0.230	0.230	0.200	0.170	0.170	0.170	0.170	0.170	0.170	0.170	
0.110	0.087	0.087	0.064	0.064	0.147	0.230	0.230	0.230	0.230	0.230	0.230	0.230	0.230	0.230	0.230	0.230	0.230	0.230	0.230	0.200	0.170	0.170	0.170	0.170	0.170	0.170	0.170	
0.110	0.110	0.087	0.064	0.064	0.147	0.147	0.230	0.230	0.230	0.230	0.230	0.230	0.230	0.230	0.230	0.230	0.230	0.230	0.230	0.200	0.170	0.170	0.170	0.170	0.170	0.170	0.170	
0.110	0.110	0.087	0.087	0.064	0.064	0.147	0.230	0.230	0.230	0.230	0.230	0.230	0.230	0.230	0.230	0.230	0.230	0.230	0.200	0.200	0.170	0.170	0.170	0.170	0.170	0.170	0.170	
0.110	0.110	0.110	0.087	0.064	0.064	0.147	0.147	0.230	0.230	0.230	0.230	0.230	0.230	0.230	0.230	0.230	0.230	0.230	0.200	0.170	0.170	0.170	0.170	0.170	0.170	0.170	0.170	
0.110	0.110	0.110	0.087	0.064	0.064	0.064	0.147	0.230	0.230	0.230	0.230	0.230	0.230	0.230	0.230	0.230	0.230	0.230	0.200	0.170	0.170	0.170	0.170	0.170	0.170	0.170	0.170	
0.110	0.110	0.110	0.087	0.087	0.064	0.064	0.147	0.230	0.230	0.230	0.230	0.230	0.230	0.230	0.230	0.230	0.230	0.200	0.200	0.170	0.170	0.170	0.170	0.170	0.170	0.170	0.170	
0.110	0.110	0.110	0.110	0.087	0.064	0.064	0.147	0.147	0.230	0.230	0.230	0.230	0.230	0.230	0.230	0.230	0.230	0.200	0.170	0.170	0.170	0.170	0.170	0.170	0.170	0.170	0.170	
0.130	0.110	0.110	0.110	0.087	0.087	0.064	0.064	0.147	0.230	0.230	0.230	0.230	0.230	0.230	0.230	0.230	0.230	0.200	0.170	0.170	0.170	0.170	0.170	0.170	0.170	0.170	0.153	
0.130	0.110	0.110	0.110	0.110	0.087	0.064	0.064	0.147	0.230	0.230	0.230	0.230	0.230	0.230	0.230	0.230	0.200	0.200	0.170	0.170	0.170	0.170	0.170	0.170	0.170	0.170	0.153	
0.130	0.130	0.110	0.110	0.110	0.087	0.064	0.064	0.147	0.147	0.230	0.230	0.230	0.230	0.230	0.230	0.230	0.200	0.170	0.170	0.170	0.170	0.170	0.170	0.170	0.170	0.153	0.191	
0.150	0.130	0.110	0.110	0.110	0.087	0.087	0.064	0.064	0.147	0.230	0.230	0.230	0.230	0.230	0.230	0.230	0.200	0.170	0.170	0.170	0.170	0.170	0.170	0.170	0.153	0.153	0.201	
0.150	0.130	0.130	0.110	0.110	0.110	0.087	0.064	0.064	0.147	0.147	0.230	0.230	0.230	0.230	0.230	0.200	0.200	0.170	0.170	0.170	0.170	0.170	0.170	0.153	0.153	0.201	0.201	
0.150	0.150	0.130	0.130	0.110	0.110	0.087	0.087	0.064	0.064	0.147	0.230	0.230	0.230	0.230	0.230	0.200	0.170	0.170	0.170	0.170	0.170	0.170	0.153	0.153	0.136	0.201	0.266	
0.150	0.150	0.150	0.130	0.110	0.110	0.110	0.087	0.064	0.064	0.147	0.230	0.230	0.230	0.230	0.230	0.200	0.170	0.170	0.170	0.170	0.170	0.170	0.153	0.136	0.201	0.201	0.266	
0.150	0.150	0.150	0.130	0.130	0.110	0.110	0.087	0.064	0.064	0.147	0.147	0.230	0.230	0.230	0.176	0.174	0.170	0.170	0.170	0.170	0.170	0.153	0.153	0.136	0.201	0.266	0.266	
0.150	0.150	0.150	0.150	0.130	0.110	0.110	0.087	0.087	0.064	0.064	0.147	0.230	0.230	0.176	0.176	0.145	0.170	0.170	0.170	0.170	0.153	0.153	0.136	0.201	0.201	0.266	0.266	
0.150	0.150	0.150	0.150	0.130	0.130	0.110	0.110	0.087	0.064	0.064	0.148	0.190	0.167	0.176	0.121	0.145	0.170	0.170	0.170	0.153	0.153	0.136	0.136	0.201	0.266	0.266	0.266	
0.150	0.150	0.150	0.150	0.150	0.130	0.110	0.110	0.072	0.072	0.085	0.107	0.150	0.167	0.121	0.121	0.145	0.170	0.170	0.153	0.153	0.136	0.136	0.201	0.201	0.266	0.266	0.266	
0.150	0.150	0.150	0.150	0.150	0.130	0.123	0.110	0.076	0.041	0.085	0.096	0.150	0.135	0.112	0.102	0.130	0.133	0.159	0.151	0.136	0.136	0.136	0.201	0.266	0.266	0.266	0.266	
0.136	0.136	0.150	0.150	0.150	0.150	0.130	0.110	0.087	0.041	0.066	0.094	0.125	0.142	0.108	0.082	0.082	0.115	0.148	0.142	0.136	0.136	0.201	0.201	0.266	0.266	0.266	0.266	
0.122	0.136	0.136	0.145	0.156	0.141	0.141	0.110	0.063	0.039	0.056	0.091	0.102	0.107	0.093	0.073	0.062	0.090	0.081	0.113	0.093	0.113	0.164	0.266	0.266	0.266	0.266	0.266	
0.122	0.122	0.122	0.142	0.163	0.163	0.135	0.120	0.092	0.036	0.076	0.096	0.091	0.107	0.093	0.062	0.062	0.041	0.048	0.054	0.072	0.089	0.178	0.178	0.266	0.266	0.266	0.194	
0.101	0.122	0.122	0.142	0.142	0.183	0.165	0.130	0.062	0.028	0.052	0.100	0.091	0.081	0.072	0.063	0.048	0.032	0.039	0.033	0.055	0.056	0.115	0.165	0.203	0.176	0.194	0.194	
0.101	0.101	0.101	0.116	0.149	0.158	0.166	0.093	0.057	0.020	0.053	0.096	0.076	0.056	0.060	0.063	0.048	0.022	0.022	0.022	0.022	0.076	0.093	0.140	0.131	0.131	0.122	0.122	
0.081	0.081	0.101	0.104	0.110	0.156	0.202	0.111	0.020	0.013	0.037	0.092	0.046	0.023	0.038	0.063	0.039	0.026	0.028	0.025	0.035	0.036	0.095	0.131	0.131	0.122	0.122	0.122	
0.081	0.081	0.081	0.096	0.110	0.156	0.111	0.111	0.020	0.010	0.046	0.035	0.053	0.022	0.038	0.038	0.038	0.030	0.031	0.032	0.041	0.050	0.095	0.104	0.122	0.122	0.122	0.122	
0.000	0.000	0.000	0.110	0.110	0.110	0.020	0.020	0.020	0.020	0.000	0.053	0.014	0.017	0.020	0.020	0.030	0.030	0.031	0.032	0.032	0.000	0.000	0.122	0.122	0.122	0.122	0.122	
0.000	0.000	0.000	0.000	0.000	0.000	0.000	0.000	0.000	0.000	0.000	0.000	0.014	0.017	0.020	0.020	0.000	0.000	0.000	0.000	0.000	0.000	0.000	0.000	0.000	0.000	0.000	0.000	
0.000	0.000	0.000	0.000	0.000	0.000	0.000	0.000	0.000	0.000	0.000	0.000	0.014	0.017	0.020	0.020	0.000	0.000	0.000	0.000	0.000	0.000	0.000	0.000	0.000	0.000	0.000	0.000	
0.000	0.000	0.000	0.000	0.000	0.000	0.000	0.000	0.000	0.000	0.000	0.000	0.014	0.017	0.020	0.020	0.000	0.000	0.000	0.000	0.000	0.000	0.000	0.000	0.000	0.000	0.000	0.000	
0.000	0.000	0.000	0.000	0.000	0.000	0.000	0.000	0.000	0.000	0.000	0.000	0.014	0.017	0.020	0.020	0.000	0.000	0.000	0.000	0.000	0.000	0.000	0.000	0.000	0.000	0.000	0.000	
