0.190	0.190	0.190	0.190	0.190	0.190	0.190	0.190	0.190	0.190	0.190	0.190	0.190	0.190	0.190	0.190	0.190	0.190	0.291	0.393	0.393	0.393	0.393	0.393	0.393	0.393	0.208	0.022	
0.190	0.190	0.190	0.190	0.190	0.190	0.190	0.190	0.190	0.190	0.190	0.190	0.190	0.190	0.190	0.190	0.190	0.190	0.291	0.393	0.393	0.393	0.393	0.393	0.393	0.393	0.208	0.022	
0.190	0.190	0.190	0.190	0.190	0.190	0.190	0.190	0.190	0.190	0.190	0.190	0.190	0.190	0.190	0.190	0.190	0.190	0.291	0.393	0.393	0.393	0.393	0.393	0.393	0.208	0.208	0.022	
0.190	0.190	0.190	0.190	0.190	0.190	0.190	0.190	0.190	0.190	0.190	0.190	0.190	0.190	0.190	0.190	0.190	0.190	0.291	0.393	0.393	0.393	0.393	0.393	0.393	0.208	0.022	0.022	
0.190	0.190	0.190	0.190	0.190	0.190	0.190	0.190	0.190	0.190	0.190	0.190	0.190	0.190	0.190	0.190	0.190	0.190	0.291	0.393	0.393	0.393	0.393	0.393	0.393	0.208	0.022	0.022	
0.190	0.190	0.190	0.190	0.190	0.190	0.190	0.190	0.190	0.190	0.190	0.190	0.190	0.190	0.190	0.190	0.190	0.190	0.291	0.393	0.393	0.393	0.393	0.393	0.393	0.208	0.022	0.022	
0.190	0.190	0.190	0.190	0.190	0.190	0.190	0.190	0.190	0.190	0.190	0.190	0.190	0.190	0.190	0.190	0.190	0.190	0.291	0.393	0.393	0.393	0.393	0.393	0.393	0.208	0.022	0.022	
0.190	0.190	0.190	0.190	0.190	0.190	0.190	0.190	0.190	0.190	0.190	0.190	0.190	0.190	0.190	0.190	0.190	0.291	0.291	0.393	0.393	0.393	0.393	0.393	0.208	0.208	0.022	0.022	
0.190	0.190	0.190	0.190	0.190	0.190	0.190	0.190	0.190	0.190	0.190	0.190	0.190	0.190	0.190	0.190	0.190	0.291	0.393	0.393	0.393	0.393	0.393	0.393	0.208	0.022	0.022	0.022	
0.190	0.190	0.190	0.190	0.190	0.190	0.190	0.190	0.190	0.190	0.190	0.190	0.190	0.190	0.190	0.190	0.190	0.291	0.393	0.393	0.393	0.393	0.393	0.393	0.208	0.022	0.022	0.022	
0.190	0.190	0.190	0.190	0.190	0.190	0.190	0.190	0.190	0.190	0.190	0.190	0.190	0.190	0.190	0.190	0.190	0.291	0.393	0.393	0.393	0.393	0.393	0.393	0.208	0.022	0.022	0.022	
0.190	0.190	0.190	0.190	0.190	0.190	0.190	0.190	0.190	0.190	0.190	0.190	0.190	0.190	0.190	0.190	0.190	0.291	0.393	0.393	0.393	0.393	0.393	0.393	0.208	0.022	0.022	0.022	
0.190	0.190	0.190	0.190	0.190	0.190	0.190	0.190	0.190	0.190	0.190	0.190	0.190	0.190	0.190	0.190	0.190	0.291	0.393	0.393	0.393	0.393	0.393	0.208	0.208	0.022	0.022	0.022	
0.190	0.190	0.190	0.190	0.190	0.190	0.190	0.190	0.190	0.190	0.190	0.190	0.190	0.190	0.190	0.190	0.190	0.291	0.393	0.393	0.393	0.393	0.393	0.208	0.022	0.022	0.022	0.022	
0.190	0.190	0.190	0.190	0.190	0.190	0.190	0.190	0.190	0.190	0.190	0.190	0.190	0.190	0.190	0.190	0.190	0.291	0.393	0.393	0.393	0.393	0.393	0.208	0.022	0.022	0.022	0.022	
0.190	0.190	0.190	0.190	0.190	0.190	0.190	0.190	0.190	0.190	0.190	0.190	0.190	0.190	0.190	0.190	0.291	0.291	0.393	0.393	0.393	0.393	0.393	0.208	0.022	0.022	0.022	0.022	
0.190	0.190	0.190	0.190	0.190	0.190	0.190	0.190	0.190	0.190	0.190	0.190	0.190	0.190	0.190	0.190	0.291	0.393	0.393	0.393	0.393	0.393	0.393	0.208	0.022	0.022	0.022	0.022	
0.190	0.190	0.190	0.190	0.190	0.190	0.190	0.190	0.190	0.190	0.190	0.190	0.190	0.190	0.190	0.190	0.291	0.393	0.393	0.393	0.393	0.393	0.208	0.208	0.022	0.022	0.022	0.022	
0.190	0.190	0.190	0.190	0.190	0.190	0.190	0.190	0.190	0.190	0.190	0.190	0.190	0.190	0.190	0.190	0.291	0.393	0.393	0.393	0.393	0.393	0.208	0.022	0.022	0.022	0.022	0.022	
0.190	0.190	0.190	0.190	0.190	0.190	0.190	0.190	0.190	0.190	0.190	0.190	0.190	0.190	0.190	0.190	0.291	0.393	0.393	0.393	0.393	0.393	0.208	0.022	0.022	0.022	0.022	0.022	
0.190	0.190	0.190	0.190	0.190	0.190	0.190	0.190	0.190	0.190	0.190	0.190	0.190	0.190	0.190	0.190	0.291	0.393	0.393	0.393	0.393	0.393	0.208	0.022	0.022	0.022	0.022	0.022	
0.190	0.190	0.190	0.190	0.190	0.190	0.190	0.190	0.190	0.190	0.190	0.190	0.190	0.190	0.190	0.190	0.291	0.393	0.393	0.393	0.393	0.393	0.208	0.022	0.022	0.022	0.022	0.022	
0.190	0.190	0.190	0.190	0.190	0.190	0.190	0.190	0.190	0.190	0.190	0.190	0.190	0.190	0.190	0.190	0.291	0.393	0.393	0.393	0.393	0.208	0.208	0.022	0.022	0.022	0.022	0.022	
0.190	0.190	0.190	0.190	0.190	0.190	0.190	0.190	0.190	0.190	0.190	0.190	0.190	0.190	0.190	0.190	0.291	0.393	0.393	0.393	0.393	0.208	0.022	0.022	0.022	0.022	0.022	0.022	
0.190	0.190	0.190	0.190	0.190	0.190	0.190	0.190	0.190	0.190	0.190	0.190	0.190	0.190	0.190	0.291	0.291	0.393	0.393	0.393	0.393	0.208	0.022	0.022	0.022	0.022	0.022	0.022	
0.190	0.190	0.190	0.190	0.190	0.190	0.190	0.190	0.190	0.190	0.190	0.190	0.190	0.190	0.190	0.291	0.393	0.393	0.393	0.393	0.393	0.208	0.022	0.022	0.022	0.022	0.022	0.022	
0.190	0.190	0.190	0.190	0.190	0.190	0.190	0.190	0.190	0.190	0.190	0.190	0.190	0.190	0.190	0.291	0.393	0.393	0.393	0.393	0.393	0.208	0.022	0.022	0.022	0.022	0.022	0.022	
0.190	0.190	0.190	0.190	0.190	0.190	0.190	0.190	0.190	0.190	0.190	0.190	0.190	0.190	0.190	0.291	0.393	0.393	0.393	0.393	0.208	0.208	0.022	0.022	0.022	0.022	0.022	0.022	
0.190	0.190	0.190	0.190	0.190	0.190	0.190	0.190	0.190	0.190	0.190	0.190	0.190	0.190	0.190	0.291	0.393	0.393	0.393	0.393	0.208	0.022	0.022	0.022	0.022	0.022	0.022	0.022	
0.190	0.190	0.190	0.190	0.190	0.190	0.190	0.190	0.190	0.190	0.190	0.190	0.190	0.190	0.190	0.291	0.393	0.393	0.393	0.393	0.208	0.022	0.022	0.022	0.022	0.022	0.022	0.022	
0.190	0.190	0.190	0.190	0.190	0.190	0.190	0.190	0.190	0.190	0.190	0.190	0.190	0.190	0.190	0.291	0.393	0.393	0.393	0.393	0.208	0.022	0.022	0.022	0.022	0.022	0.022	0.022	
0.130	0.190	0.190	0.190	0.190	0.190	0.190	0.190	0.190	0.190	0.190	0.190	0.190	0.190	0.190	0.291	0.393	0.393	0.393	0.393	0.208	0.022	0.022	0.022	0.022	0.022	0.022	0.022	
0.130	0.130	0.190	0.190	0.190	0.190	0.190	0.190	0.190	0.190	0.190	0.190	0.190	0.190	0.291	0.291	0.393	0.393	0.393	0.208	0.208	0.022	0.022	0.022	0.022	0.022	0.022	0.022	
0.070	0.130	0.190	0.190	0.190	0.190	0.190	0.190	0.190	0.190	0.190	0.190	0.190	0.190	0.291	0.393	0.393	0.393	0.393	0.208	0.022	0.022	0.022	0.022	0.022	0.022	0.022	0.022	
0.070	0.130	0.130	0.190	0.190	0.190	0.190	0.190	0.190	0.190	0.190	0.190	0.190	0.190	0.291	0.393	0.393	0.393	0.393	0.208	0.022	0.022	0.022	0.022	0.022	0.022	0.022	0.022	
0.070	0.070	0.130	0.130	0.190	0.190	0.190	0.190	0.190	0.190	0.190	0.190	0.190	0.190	0.291	0.393	0.393	0.393	0.393	0.208	0.022	0.022	0.022	0.022	0.022	0.022	0.022	0.022	
0.070	0.070	0.070	0.130	0.190	0.190	0.190	0.190	0.190	0.190	0.190	0.190	0.190	0.190	0.291	0.393	0.393	0.393	0.208	0.208	0.022	0.022	0.022	0.022	0.022	0.022	0.022	0.022	
0.070	0.070	0.070	0.130	0.130	0.190	0.190	0.190	0.190	0.190	0.190	0.190	0.190	0.190	0.291	0.393	0.393	0.393	0.208	0.022	0.022	0.022	0.022	0.022	0.022	0.022	0.022	0.022	
0.070	0.070	0.070	0.070	0.130	0.190	0.190	0.190	0.190	0.190	0.190	0.190	0.190	0.190	0.291	0.393	0.393	0.393	0.208	0.022	0.022	0.022	0.022	0.022	0.022	0.022	0.022	0.022	
0.070	0.070	0.070	0.070	0.130	0.130	0.190	0.190	0.190	0.190	0.190	0.190	0.190	0.190	0.291	0.393	0.393	0.393	0.208	0.022	0.022	0.022	0.022	0.022	0.022	0.022	0.022	0.022	
0.070	0.070	0.070	0.070	0.070	0.130	0.130	0.190	0.190	0.190	0.190	0.190	0.190	0.291	0.291	0.393	0.393	0.393	0.208	0.022	0.022	0.022	0.022	0.022	0.022	0.022	0.022	0.022	
0.070	0.070	0.070	0.070	0.070	0.070	0.130	0.190	0.190	0.190	0.190	0.190	0.190	0.291	0.393	0.393	0.393	0.208	0.208	0.022	0.022	0.022	0.022	0.022	0.022	0.022	0.022	0.022	
0.070	0.070	0.070	0.070	0.070	0.070	0.130	0.130	0.190	0.190	0.190	0.190	0.190	0.291	0.393	0.393	0.393	0.208	0.022	0.022	0.022	0.022	0.022	0.022	0.022	0.022	0.022	0.022	
0.070	0.070	0.070	0.070	0.070	0.070	0.070	0.130	0.130	0.190	0.190	0.190	0.190	0.291	0.393	0.393	0.393	0.146	0.022	0.022	0.022	0.022	0.022	0.022	0.022	0.022	0.022	0.022	
0.070	0.070	0.070	0.070	0.070	0.070	0.070	0.070	0.130	0.190	0.190	0.190	0.190	0.291	0.393	0.393	0.393	0.146	0.022	0.022	0.022	0.022	0.022	0.022	0.022	0.022	0.022	0.022	
0.070	0.070	0.070	0.070	0.070	0.070	0.070	0.070	0.130	0.130	0.190	0.190	0.190	0.291	0.393	0.393	0.208	0.146	0.022	0.022	0.022	0.022	0.022	0.022	0.022	0.022	0.022	0.022	
0.070	0.070	0.070	0.070	0.070	0.070	0.070	0.070	0.070	0.130	0.190	0.190	0.190	0.291	0.393	0.393	0.208	0.022	0.022	0.022	0.022	0.022	0.022	0.022	0.022	0.022	0.022	0.022	
0.070	0.070	0.070	0.070	0.070	0.070	0.070	0.070	0.070	0.130	0.130	0.190	0.190	0.291	0.393	0.208	0.208	0.022	0.022	0.022	0.022	0.022	0.022	0.022	0.022	0.022	0.022	0.022	
0.070	0.070	0.070	0.070	0.070	0.070	0.070	0.070	0.070	0.070	0.130	0.130	0.291	0.291	0.393	0.208	0.022	0.022	0.022	0.022	0.022	0.022	0.022	0.022	0.022	0.022	0.022	0.022	
0.070	0.070	0.070	0.070	0.070	0.070	0.070	0.070	0.070	0.070	0.070	0.130	0.486	0.634	0.208	0.208	0.022	0.022	0.022	0.022	0.022	0.022	0.022	0.022	0.022	0.022	0.022	0.022	
0.000	0.000	0.000	0.000	0.000	0.000	0.000	0.000	0.000	0.000	0.000	0.000	0.532	0.634	0.430	0.449	0.000	0.022	0.022	0.022	0.022	0.022	0.022	0.022	0.022	0.022	0.022	0.000	
0.000	0.000	0.000	0.000	0.000	0.000	0.000	0.000	0.000	0.000	0.000	0.000	0.875	0.875	0.875	0.875	0.000	0.000	0.000	0.000	0.000	0.000	0.000	0.000	0.000	0.000	0.000	0.000	
0.000	0.000	0.000	0.000	0.000	0.000	0.000	0.000	0.000	0.000	0.000	0.000	0.875	0.875	0.875	0.875	0.000	0.000	0.000	0.000	0.000	0.000	0.000	0.000	0.000	0.000	0.000	0.000	
0.000	0.000	0.000	0.000	0.000	0.000	0.000	0.000	0.000	0.000	0.000	0.000	0.875	0.875	0.875	0.875	0.000	0.000	0.000	0.000	0.000	0.000	0.000	0.000	0.000	0.000	0.000	0.000	
0.000	0.000	0.000	0.000	0.000	0.000	0.000	0.000	0.000	0.000	0.000	0.000	0.875	0.875	0.875	0.875	0.000	0.000	0.000	0.000	0.000	0.000	0.000	0.000	0.000	0.000	0.000	0.000	
