0.120	0.120	0.120	0.120	0.120	0.120	0.138	0.157	0.157	0.157	0.157	0.157	0.157	0.157	0.173	0.190	0.190	0.190	0.190	0.190	0.190	0.190	0.190	0.190	0.190	0.190	0.190	0.190	
0.120	0.120	0.120	0.120	0.120	0.120	0.138	0.157	0.157	0.157	0.157	0.157	0.157	0.157	0.173	0.190	0.190	0.190	0.190	0.190	0.190	0.190	0.190	0.190	0.190	0.190	0.190	0.190	
0.120	0.120	0.120	0.120	0.120	0.120	0.138	0.157	0.157	0.157	0.157	0.157	0.157	0.157	0.173	0.190	0.190	0.190	0.190	0.190	0.190	0.190	0.190	0.190	0.190	0.190	0.190	0.190	
0.120	0.120	0.120	0.120	0.120	0.120	0.138	0.138	0.157	0.157	0.157	0.157	0.157	0.157	0.173	0.190	0.190	0.190	0.190	0.190	0.190	0.190	0.190	0.190	0.190	0.190	0.190	0.190	
0.120	0.120	0.120	0.120	0.120	0.120	0.120	0.138	0.157	0.157	0.157	0.157	0.157	0.157	0.173	0.190	0.190	0.190	0.190	0.190	0.190	0.190	0.190	0.190	0.190	0.190	0.190	0.190	
0.120	0.120	0.120	0.120	0.120	0.120	0.120	0.138	0.157	0.157	0.157	0.157	0.157	0.157	0.173	0.190	0.190	0.190	0.190	0.190	0.190	0.190	0.190	0.190	0.190	0.190	0.190	0.190	
0.120	0.120	0.120	0.120	0.120	0.120	0.120	0.138	0.157	0.157	0.157	0.157	0.157	0.157	0.173	0.190	0.190	0.190	0.190	0.190	0.190	0.190	0.190	0.190	0.190	0.190	0.190	0.190	
0.120	0.120	0.120	0.120	0.120	0.120	0.120	0.138	0.157	0.157	0.157	0.157	0.157	0.157	0.173	0.190	0.190	0.190	0.190	0.190	0.190	0.190	0.190	0.190	0.190	0.190	0.190	0.190	
0.120	0.120	0.120	0.120	0.120	0.120	0.120	0.138	0.157	0.157	0.157	0.157	0.157	0.157	0.173	0.190	0.190	0.190	0.190	0.190	0.190	0.190	0.190	0.190	0.190	0.190	0.190	0.190	
0.120	0.120	0.120	0.120	0.120	0.120	0.120	0.138	0.157	0.157	0.157	0.157	0.157	0.157	0.173	0.190	0.190	0.190	0.190	0.190	0.190	0.190	0.190	0.190	0.190	0.190	0.190	0.190	
0.120	0.120	0.120	0.120	0.120	0.120	0.120	0.138	0.157	0.157	0.157	0.157	0.157	0.157	0.173	0.190	0.190	0.190	0.190	0.190	0.190	0.190	0.190	0.190	0.190	0.190	0.190	0.190	
0.120	0.120	0.120	0.120	0.120	0.120	0.120	0.138	0.157	0.157	0.157	0.157	0.157	0.157	0.173	0.190	0.190	0.190	0.190	0.190	0.190	0.190	0.190	0.190	0.190	0.190	0.190	0.190	
0.120	0.120	0.120	0.120	0.120	0.120	0.120	0.138	0.157	0.157	0.157	0.157	0.157	0.157	0.173	0.190	0.190	0.190	0.190	0.190	0.190	0.190	0.190	0.190	0.190	0.190	0.190	0.190	
0.120	0.120	0.120	0.120	0.120	0.120	0.120	0.138	0.138	0.157	0.157	0.157	0.157	0.157	0.173	0.190	0.190	0.190	0.190	0.190	0.190	0.190	0.190	0.190	0.190	0.190	0.190	0.190	
0.120	0.120	0.120	0.120	0.120	0.120	0.120	0.120	0.138	0.157	0.157	0.157	0.157	0.157	0.173	0.190	0.190	0.190	0.190	0.190	0.190	0.190	0.190	0.190	0.190	0.190	0.190	0.190	
0.120	0.120	0.120	0.120	0.120	0.120	0.120	0.120	0.138	0.157	0.157	0.157	0.157	0.157	0.173	0.190	0.190	0.190	0.190	0.190	0.190	0.190	0.190	0.190	0.190	0.190	0.190	0.190	
0.120	0.120	0.120	0.120	0.120	0.120	0.120	0.120	0.138	0.157	0.157	0.157	0.157	0.157	0.173	0.190	0.190	0.190	0.190	0.190	0.190	0.190	0.190	0.190	0.190	0.190	0.190	0.190	
0.120	0.120	0.120	0.120	0.120	0.120	0.120	0.120	0.138	0.157	0.157	0.157	0.157	0.157	0.173	0.190	0.190	0.190	0.190	0.190	0.190	0.190	0.190	0.190	0.190	0.190	0.190	0.190	
0.120	0.120	0.120	0.120	0.120	0.120	0.120	0.120	0.138	0.157	0.157	0.157	0.157	0.157	0.173	0.190	0.190	0.190	0.190	0.190	0.190	0.190	0.190	0.190	0.190	0.190	0.190	0.190	
0.120	0.120	0.120	0.120	0.120	0.120	0.120	0.120	0.138	0.157	0.157	0.157	0.157	0.157	0.173	0.190	0.190	0.190	0.190	0.190	0.190	0.190	0.190	0.190	0.190	0.190	0.190	0.190	
0.120	0.120	0.120	0.120	0.120	0.120	0.120	0.120	0.138	0.157	0.157	0.157	0.157	0.157	0.173	0.190	0.190	0.190	0.190	0.190	0.190	0.190	0.190	0.190	0.190	0.190	0.190	0.190	
0.120	0.120	0.120	0.120	0.120	0.120	0.120	0.120	0.138	0.157	0.157	0.157	0.157	0.157	0.173	0.190	0.190	0.190	0.190	0.190	0.190	0.190	0.190	0.190	0.190	0.190	0.190	0.190	
0.120	0.120	0.120	0.120	0.120	0.120	0.120	0.120	0.138	0.138	0.157	0.157	0.157	0.157	0.173	0.190	0.190	0.190	0.190	0.190	0.190	0.190	0.190	0.190	0.190	0.190	0.190	0.190	
0.120	0.120	0.120	0.120	0.120	0.120	0.120	0.120	0.120	0.138	0.157	0.157	0.157	0.157	0.173	0.190	0.190	0.190	0.190	0.190	0.190	0.190	0.190	0.190	0.190	0.190	0.190	0.190	
0.120	0.120	0.120	0.120	0.120	0.120	0.120	0.120	0.120	0.138	0.157	0.157	0.157	0.157	0.173	0.190	0.190	0.190	0.190	0.190	0.190	0.190	0.190	0.190	0.190	0.190	0.190	0.190	
0.120	0.120	0.120	0.120	0.120	0.120	0.120	0.120	0.120	0.138	0.157	0.157	0.157	0.157	0.173	0.190	0.190	0.190	0.190	0.190	0.190	0.190	0.190	0.190	0.190	0.190	0.190	0.190	
0.120	0.120	0.120	0.120	0.120	0.120	0.120	0.120	0.120	0.138	0.157	0.157	0.157	0.157	0.173	0.190	0.190	0.190	0.190	0.190	0.190	0.190	0.190	0.190	0.190	0.190	0.190	0.190	
0.120	0.120	0.120	0.120	0.120	0.120	0.120	0.120	0.120	0.138	0.157	0.157	0.157	0.157	0.173	0.190	0.190	0.190	0.190	0.190	0.190	0.190	0.190	0.190	0.190	0.190	0.190	0.190	
0.120	0.120	0.120	0.120	0.120	0.120	0.120	0.120	0.120	0.138	0.157	0.157	0.157	0.157	0.173	0.190	0.190	0.190	0.190	0.190	0.190	0.190	0.190	0.190	0.190	0.190	0.190	0.190	
0.120	0.120	0.120	0.120	0.120	0.120	0.120	0.120	0.120	0.138	0.157	0.157	0.157	0.157	0.173	0.190	0.190	0.190	0.190	0.190	0.190	0.190	0.190	0.190	0.190	0.190	0.190	0.190	
0.120	0.120	0.120	0.120	0.120	0.120	0.120	0.120	0.120	0.138	0.157	0.157	0.157	0.157	0.173	0.190	0.190	0.190	0.190	0.190	0.190	0.190	0.190	0.190	0.190	0.190	0.190	0.190	
0.120	0.120	0.120	0.120	0.120	0.120	0.120	0.120	0.120	0.138	0.138	0.157	0.157	0.157	0.173	0.190	0.190	0.190	0.190	0.190	0.190	0.190	0.190	0.190	0.190	0.190	0.190	0.190	
0.120	0.120	0.120	0.120	0.120	0.120	0.120	0.120	0.120	0.120	0.138	0.157	0.157	0.157	0.173	0.190	0.190	0.190	0.190	0.190	0.190	0.190	0.190	0.190	0.190	0.190	0.190	0.190	
0.120	0.120	0.120	0.120	0.120	0.120	0.120	0.120	0.120	0.120	0.138	0.157	0.157	0.157	0.173	0.190	0.190	0.190	0.190	0.190	0.190	0.190	0.190	0.190	0.190	0.190	0.190	0.190	
0.120	0.120	0.120	0.120	0.120	0.120	0.120	0.120	0.120	0.120	0.138	0.157	0.157	0.157	0.173	0.190	0.190	0.190	0.190	0.190	0.190	0.190	0.190	0.190	0.190	0.190	0.190	0.190	
0.120	0.120	0.120	0.120	0.120	0.120	0.120	0.120	0.120	0.120	0.138	0.157	0.157	0.157	0.173	0.190	0.190	0.190	0.190	0.190	0.190	0.190	0.190	0.190	0.190	0.190	0.190	0.190	
0.120	0.120	0.120	0.120	0.120	0.120	0.120	0.120	0.120	0.120	0.138	0.157	0.157	0.157	0.173	0.190	0.190	0.190	0.190	0.190	0.190	0.190	0.190	0.190	0.190	0.190	0.190	0.190	
0.120	0.120	0.120	0.120	0.120	0.120	0.120	0.120	0.120	0.120	0.138	0.157	0.157	0.157	0.173	0.190	0.190	0.190	0.190	0.190	0.190	0.190	0.190	0.190	0.190	0.190	0.190	0.110	
0.120	0.120	0.120	0.120	0.120	0.120	0.120	0.120	0.120	0.120	0.138	0.157	0.157	0.157	0.173	0.190	0.190	0.190	0.190	0.190	0.190	0.190	0.190	0.190	0.190	0.190	0.110	0.110	
0.120	0.120	0.120	0.120	0.120	0.120	0.120	0.120	0.120	0.120	0.138	0.157	0.157	0.157	0.173	0.190	0.190	0.190	0.190	0.190	0.190	0.190	0.190	0.190	0.190	0.110	0.110	0.030	
0.120	0.120	0.120	0.120	0.120	0.120	0.120	0.120	0.120	0.120	0.138	0.138	0.157	0.157	0.173	0.190	0.190	0.190	0.190	0.190	0.190	0.190	0.190	0.190	0.110	0.110	0.030	0.030	
0.130	0.120	0.120	0.120	0.120	0.120	0.120	0.120	0.120	0.120	0.120	0.138	0.157	0.157	0.173	0.190	0.190	0.190	0.190	0.190	0.190	0.190	0.190	0.110	0.110	0.030	0.030	0.030	
0.130	0.130	0.130	0.120	0.120	0.120	0.120	0.120	0.120	0.120	0.120	0.138	0.157	0.157	0.173	0.190	0.190	0.190	0.190	0.190	0.190	0.190	0.110	0.110	0.030	0.030	0.030	0.030	
0.140	0.140	0.130	0.130	0.120	0.120	0.120	0.120	0.120	0.120	0.120	0.138	0.157	0.157	0.173	0.190	0.190	0.190	0.190	0.190	0.190	0.110	0.110	0.030	0.030	0.030	0.030	0.030	
0.140	0.140	0.140	0.130	0.130	0.130	0.120	0.120	0.120	0.120	0.120	0.138	0.157	0.157	0.173	0.190	0.190	0.190	0.190	0.190	0.110	0.110	0.030	0.030	0.030	0.030	0.030	0.030	
0.140	0.140	0.140	0.140	0.140	0.130	0.130	0.120	0.120	0.120	0.120	0.138	0.157	0.157	0.173	0.190	0.190	0.190	0.190	0.110	0.110	0.030	0.030	0.030	0.030	0.030	0.030	0.030	
0.140	0.140	0.140	0.140	0.140	0.140	0.130	0.130	0.130	0.120	0.120	0.138	0.157	0.157	0.264	0.317	0.190	0.190	0.110	0.110	0.030	0.030	0.030	0.030	0.030	0.030	0.030	0.030	
0.140	0.140	0.140	0.140	0.140	0.140	0.140	0.140	0.130	0.130	0.120	0.149	0.163	0.300	0.300	0.219	0.106	0.106	0.081	0.030	0.030	0.030	0.030	0.030	0.030	0.030	0.030	0.030	
0.140	0.140	0.140	0.140	0.140	0.140	0.140	0.140	0.140	0.130	0.143	0.145	0.163	0.257	0.444	0.233	0.022	0.022	0.026	0.030	0.030	0.030	0.030	0.030	0.030	0.030	0.030	0.030	
0.140	0.140	0.140	0.140	0.140	0.140	0.140	0.140	0.140	0.140	0.155	0.170	0.170	0.307	0.444	0.233	0.022	0.022	0.026	0.030	0.030	0.030	0.030	0.030	0.030	0.030	0.030	0.030	
0.140	0.140	0.140	0.140	0.140	0.140	0.140	0.140	0.140	0.140	0.155	0.170	0.583	0.536	0.719	0.487	0.000	0.022	0.022	0.000	0.000	0.000	0.000	0.000	0.000	0.000	0.000	0.000	
0.000	0.000	0.000	0.000	0.000	0.000	0.000	0.000	0.000	0.000	0.000	0.000	0.995	0.995	0.995	0.995	0.000	0.000	0.000	0.000	0.000	0.000	0.000	0.000	0.000	0.000	0.000	0.000	
0.000	0.000	0.000	0.000	0.000	0.000	0.000	0.000	0.000	0.000	0.000	0.000	0.995	0.995	0.995	0.995	0.000	0.000	0.000	0.000	0.000	0.000	0.000	0.000	0.000	0.000	0.000	0.000	
0.000	0.000	0.000	0.000	0.000	0.000	0.000	0.000	0.000	0.000	0.000	0.000	0.995	0.995	0.995	0.995	0.000	0.000	0.000	0.000	0.000	0.000	0.000	0.000	0.000	0.000	0.000	0.000	
0.000	0.000	0.000	0.000	0.000	0.000	0.000	0.000	0.000	0.000	0.000	0.000	0.995	0.995	0.995	0.995	0.000	0.000	0.000	0.000	0.000	0.000	0.000	0.000	0.000	0.000	0.000	0.000	
