0.014	0.014	0.014	0.014	0.014	0.014	0.014	0.014	0.014	0.014	0.014	0.014	0.014	0.064	0.114	0.114	0.114	0.114	0.114	0.114	0.114	0.114	0.114	0.114	0.114	0.114	0.114	0.114	
0.014	0.014	0.014	0.014	0.014	0.014	0.014	0.014	0.014	0.014	0.014	0.014	0.014	0.064	0.114	0.114	0.114	0.114	0.114	0.114	0.114	0.114	0.114	0.114	0.114	0.114	0.114	0.114	
0.014	0.014	0.014	0.014	0.014	0.014	0.014	0.014	0.014	0.014	0.014	0.014	0.014	0.064	0.114	0.114	0.114	0.114	0.114	0.114	0.114	0.114	0.114	0.114	0.114	0.114	0.114	0.114	
0.014	0.014	0.014	0.014	0.014	0.014	0.014	0.014	0.014	0.014	0.014	0.014	0.014	0.064	0.114	0.114	0.114	0.114	0.114	0.114	0.114	0.114	0.114	0.114	0.114	0.114	0.114	0.114	
0.014	0.014	0.014	0.014	0.014	0.014	0.014	0.014	0.014	0.014	0.014	0.014	0.014	0.064	0.114	0.114	0.114	0.114	0.114	0.114	0.114	0.114	0.114	0.114	0.114	0.114	0.114	0.114	
0.014	0.014	0.014	0.014	0.014	0.014	0.014	0.014	0.014	0.014	0.014	0.014	0.014	0.064	0.114	0.114	0.114	0.114	0.114	0.114	0.114	0.114	0.114	0.114	0.114	0.114	0.114	0.114	
0.014	0.014	0.014	0.014	0.014	0.014	0.014	0.014	0.014	0.014	0.014	0.014	0.014	0.064	0.114	0.114	0.114	0.114	0.114	0.114	0.114	0.114	0.114	0.114	0.114	0.114	0.114	0.114	
0.014	0.014	0.014	0.014	0.014	0.014	0.014	0.014	0.014	0.014	0.014	0.014	0.014	0.064	0.114	0.114	0.114	0.114	0.114	0.114	0.114	0.114	0.114	0.114	0.114	0.114	0.114	0.114	
0.014	0.014	0.014	0.014	0.014	0.014	0.014	0.014	0.014	0.014	0.014	0.014	0.014	0.064	0.114	0.114	0.114	0.114	0.114	0.114	0.114	0.114	0.114	0.114	0.114	0.114	0.114	0.114	
0.014	0.014	0.014	0.014	0.014	0.014	0.014	0.014	0.014	0.014	0.014	0.014	0.014	0.064	0.114	0.114	0.114	0.114	0.114	0.114	0.114	0.114	0.114	0.114	0.114	0.114	0.114	0.114	
0.014	0.014	0.014	0.014	0.014	0.014	0.014	0.014	0.014	0.014	0.014	0.014	0.014	0.064	0.114	0.114	0.114	0.114	0.114	0.114	0.114	0.114	0.114	0.114	0.114	0.114	0.114	0.114	
0.014	0.014	0.014	0.014	0.014	0.014	0.014	0.014	0.014	0.014	0.014	0.014	0.014	0.064	0.114	0.114	0.114	0.114	0.114	0.114	0.114	0.114	0.114	0.114	0.114	0.114	0.114	0.114	
0.014	0.014	0.014	0.014	0.014	0.014	0.014	0.014	0.014	0.014	0.014	0.014	0.014	0.064	0.114	0.114	0.114	0.114	0.114	0.114	0.114	0.114	0.114	0.114	0.114	0.114	0.114	0.114	
0.014	0.014	0.014	0.014	0.014	0.014	0.014	0.014	0.014	0.014	0.014	0.014	0.014	0.064	0.114	0.114	0.114	0.114	0.114	0.114	0.114	0.114	0.114	0.114	0.114	0.114	0.114	0.114	
0.014	0.014	0.014	0.014	0.014	0.014	0.014	0.014	0.014	0.014	0.014	0.014	0.014	0.064	0.114	0.114	0.114	0.114	0.114	0.114	0.114	0.114	0.114	0.114	0.114	0.114	0.114	0.114	
0.014	0.014	0.014	0.014	0.014	0.014	0.014	0.014	0.014	0.014	0.014	0.014	0.014	0.064	0.114	0.114	0.114	0.114	0.114	0.114	0.114	0.114	0.114	0.114	0.114	0.114	0.114	0.114	
0.014	0.014	0.014	0.014	0.014	0.014	0.014	0.014	0.014	0.014	0.014	0.014	0.014	0.064	0.114	0.114	0.114	0.114	0.114	0.114	0.114	0.114	0.114	0.114	0.114	0.114	0.114	0.114	
0.014	0.014	0.014	0.014	0.014	0.014	0.014	0.014	0.014	0.014	0.014	0.014	0.014	0.064	0.114	0.114	0.114	0.114	0.114	0.114	0.114	0.114	0.114	0.114	0.114	0.114	0.114	0.114	
0.014	0.014	0.014	0.014	0.014	0.014	0.014	0.014	0.014	0.014	0.014	0.014	0.014	0.064	0.114	0.114	0.114	0.114	0.114	0.114	0.114	0.114	0.114	0.114	0.114	0.114	0.114	0.114	
0.014	0.014	0.014	0.014	0.014	0.014	0.014	0.014	0.014	0.014	0.014	0.014	0.014	0.064	0.114	0.114	0.114	0.114	0.114	0.114	0.114	0.114	0.114	0.114	0.114	0.114	0.114	0.114	
0.014	0.014	0.014	0.014	0.014	0.014	0.014	0.014	0.014	0.014	0.014	0.014	0.014	0.064	0.064	0.114	0.114	0.114	0.114	0.114	0.114	0.114	0.114	0.114	0.114	0.114	0.114	0.114	
0.014	0.014	0.014	0.014	0.014	0.014	0.014	0.014	0.014	0.014	0.014	0.014	0.014	0.014	0.064	0.114	0.114	0.114	0.114	0.114	0.114	0.114	0.114	0.114	0.114	0.114	0.114	0.114	
0.014	0.014	0.014	0.014	0.014	0.014	0.014	0.014	0.014	0.014	0.014	0.014	0.014	0.014	0.064	0.114	0.114	0.114	0.114	0.114	0.114	0.114	0.114	0.114	0.114	0.114	0.114	0.114	
0.014	0.014	0.014	0.014	0.014	0.014	0.014	0.014	0.014	0.014	0.014	0.014	0.014	0.014	0.064	0.114	0.114	0.114	0.114	0.114	0.114	0.114	0.114	0.114	0.114	0.114	0.114	0.114	
0.014	0.014	0.014	0.014	0.014	0.014	0.014	0.014	0.014	0.014	0.014	0.014	0.014	0.014	0.064	0.114	0.114	0.114	0.114	0.114	0.114	0.114	0.114	0.114	0.114	0.114	0.114	0.114	
0.037	0.014	0.014	0.014	0.014	0.014	0.014	0.014	0.014	0.014	0.014	0.014	0.014	0.014	0.064	0.114	0.114	0.114	0.114	0.114	0.114	0.114	0.114	0.114	0.114	0.114	0.114	0.114	
0.037	0.014	0.014	0.014	0.014	0.014	0.014	0.014	0.014	0.014	0.014	0.014	0.014	0.014	0.064	0.114	0.114	0.114	0.114	0.114	0.114	0.114	0.114	0.114	0.114	0.114	0.114	0.114	
0.037	0.037	0.014	0.014	0.014	0.014	0.014	0.014	0.014	0.014	0.014	0.014	0.014	0.014	0.064	0.114	0.114	0.114	0.114	0.114	0.114	0.114	0.114	0.114	0.114	0.114	0.114	0.114	
0.061	0.037	0.014	0.014	0.014	0.014	0.014	0.014	0.014	0.014	0.014	0.014	0.014	0.014	0.063	0.114	0.114	0.114	0.114	0.114	0.114	0.114	0.114	0.114	0.114	0.114	0.114	0.114	
0.061	0.037	0.037	0.014	0.014	0.014	0.014	0.014	0.014	0.014	0.014	0.014	0.014	0.037	0.063	0.114	0.114	0.114	0.114	0.114	0.114	0.114	0.114	0.114	0.114	0.114	0.114	0.114	
0.061	0.061	0.037	0.014	0.014	0.014	0.014	0.014	0.014	0.014	0.014	0.014	0.014	0.037	0.087	0.114	0.114	0.114	0.114	0.114	0.114	0.114	0.114	0.114	0.114	0.114	0.114	0.114	
0.061	0.061	0.037	0.037	0.014	0.014	0.014	0.014	0.014	0.014	0.014	0.014	0.014	0.037	0.087	0.114	0.114	0.114	0.114	0.114	0.114	0.114	0.114	0.114	0.114	0.114	0.114	0.092	
0.061	0.061	0.061	0.037	0.014	0.014	0.014	0.014	0.014	0.014	0.014	0.014	0.014	0.037	0.087	0.114	0.114	0.114	0.114	0.114	0.114	0.114	0.114	0.114	0.114	0.114	0.114	0.092	
0.061	0.061	0.061	0.037	0.037	0.014	0.014	0.014	0.014	0.014	0.014	0.014	0.014	0.037	0.087	0.114	0.114	0.114	0.114	0.114	0.114	0.114	0.114	0.114	0.114	0.114	0.092	0.092	
0.061	0.061	0.061	0.061	0.037	0.014	0.014	0.014	0.014	0.014	0.014	0.014	0.014	0.037	0.087	0.114	0.114	0.114	0.114	0.114	0.114	0.114	0.114	0.114	0.114	0.092	0.092	0.071	
0.061	0.061	0.061	0.061	0.037	0.037	0.014	0.014	0.014	0.014	0.014	0.014	0.037	0.037	0.087	0.114	0.114	0.114	0.114	0.114	0.114	0.114	0.114	0.114	0.092	0.092	0.071	0.071	
0.061	0.061	0.061	0.061	0.061	0.037	0.014	0.014	0.014	0.014	0.014	0.014	0.037	0.061	0.087	0.087	0.114	0.114	0.114	0.114	0.114	0.114	0.114	0.114	0.092	0.071	0.071	0.071	
0.061	0.061	0.061	0.061	0.061	0.037	0.037	0.014	0.014	0.014	0.014	0.014	0.037	0.061	0.061	0.087	0.114	0.114	0.114	0.114	0.114	0.114	0.114	0.092	0.092	0.071	0.071	0.071	
0.061	0.061	0.061	0.061	0.061	0.061	0.037	0.014	0.014	0.014	0.014	0.014	0.037	0.061	0.061	0.087	0.114	0.114	0.114	0.114	0.114	0.114	0.092	0.092	0.071	0.071	0.071	0.071	
0.061	0.061	0.061	0.061	0.061	0.061	0.037	0.014	0.014	0.014	0.014	0.014	0.037	0.061	0.061	0.087	0.114	0.114	0.114	0.114	0.114	0.114	0.092	0.071	0.071	0.071	0.071	0.071	
0.061	0.061	0.061	0.061	0.061	0.061	0.037	0.037	0.014	0.014	0.014	0.014	0.037	0.061	0.061	0.105	0.114	0.114	0.114	0.114	0.114	0.092	0.092	0.071	0.071	0.071	0.071	0.051	
0.060	0.061	0.061	0.061	0.061	0.061	0.061	0.037	0.014	0.014	0.014	0.014	0.037	0.061	0.100	0.105	0.126	0.114	0.114	0.114	0.092	0.092	0.071	0.071	0.071	0.071	0.051	0.051	
0.060	0.060	0.061	0.061	0.061	0.061	0.061	0.037	0.037	0.014	0.014	0.037	0.037	0.061	0.100	0.139	0.126	0.114	0.114	0.092	0.092	0.071	0.071	0.071	0.071	0.051	0.051	0.032	
0.060	0.060	0.060	0.060	0.061	0.061	0.061	0.061	0.044	0.036	0.014	0.047	0.061	0.061	0.100	0.139	0.126	0.126	0.114	0.092	0.071	0.071	0.071	0.051	0.051	0.051	0.032	0.032	
0.060	0.060	0.060	0.060	0.060	0.060	0.061	0.061	0.060	0.036	0.047	0.047	0.064	0.094	0.118	0.139	0.106	0.108	0.093	0.086	0.071	0.071	0.051	0.051	0.032	0.032	0.032	0.032	
0.055	0.055	0.060	0.060	0.060	0.060	0.060	0.057	0.058	0.058	0.063	0.067	0.111	0.111	0.131	0.119	0.103	0.072	0.072	0.061	0.055	0.051	0.051	0.032	0.032	0.032	0.032	0.032	
0.050	0.055	0.055	0.055	0.060	0.060	0.060	0.058	0.056	0.068	0.072	0.079	0.104	0.155	0.127	0.098	0.081	0.081	0.061	0.056	0.047	0.047	0.032	0.032	0.032	0.032	0.032	0.032	
0.050	0.050	0.050	0.055	0.055	0.055	0.051	0.051	0.054	0.068	0.091	0.072	0.153	0.277	0.200	0.180	0.107	0.072	0.051	0.040	0.035	0.034	0.032	0.032	0.032	0.032	0.032	0.032	
0.050	0.050	0.050	0.050	0.050	0.050	0.050	0.047	0.051	0.068	0.068	0.072	0.226	0.398	0.274	0.150	0.111	0.087	0.051	0.037	0.035	0.031	0.031	0.032	0.032	0.032	0.032	0.032	
0.050	0.050	0.050	0.050	0.050	0.045	0.040	0.040	0.050	0.060	0.057	0.054	0.226	0.462	0.494	0.150	0.150	0.087	0.040	0.035	0.030	0.030	0.031	0.032	0.032	0.032	0.032	0.032	
0.000	0.000	0.000	0.000	0.000	0.000	0.040	0.040	0.040	0.000	0.054	0.054	0.494	0.462	0.542	0.542	0.150	0.150	0.000	0.030	0.030	0.030	0.030	0.000	0.000	0.000	0.000	0.000	
0.000	0.000	0.000	0.000	0.000	0.000	0.000	0.000	0.000	0.000	0.000	0.000	0.933	0.933	0.933	0.933	0.000	0.000	0.000	0.000	0.000	0.000	0.000	0.000	0.000	0.000	0.000	0.000	
0.000	0.000	0.000	0.000	0.000	0.000	0.000	0.000	0.000	0.000	0.000	0.000	0.933	0.933	0.933	0.933	0.000	0.000	0.000	0.000	0.000	0.000	0.000	0.000	0.000	0.000	0.000	0.000	
0.000	0.000	0.000	0.000	0.000	0.000	0.000	0.000	0.000	0.000	0.000	0.000	0.933	0.933	0.933	0.933	0.000	0.000	0.000	0.000	0.000	0.000	0.000	0.000	0.000	0.000	0.000	0.000	
0.000	0.000	0.000	0.000	0.000	0.000	0.000	0.000	0.000	0.000	0.000	0.000	0.933	0.933	0.933	0.933	0.000	0.000	0.000	0.000	0.000	0.000	0.000	0.000	0.000	0.000	0.000	0.000	
