0.051	0.051	0.051	0.054	0.057	0.057	0.057	0.057	0.057	0.057	0.057	0.057	0.057	0.057	0.057	0.057	0.057	0.057	0.057	0.057	0.057	0.057	0.057	0.057	0.062	0.067	0.067	0.067	
0.051	0.051	0.051	0.054	0.057	0.057	0.057	0.057	0.057	0.057	0.057	0.057	0.057	0.057	0.057	0.057	0.057	0.057	0.057	0.057	0.057	0.057	0.057	0.057	0.062	0.067	0.067	0.067	
0.051	0.051	0.051	0.054	0.057	0.057	0.057	0.057	0.057	0.057	0.057	0.057	0.057	0.057	0.057	0.057	0.057	0.057	0.057	0.057	0.057	0.057	0.057	0.057	0.062	0.067	0.067	0.067	
0.051	0.051	0.051	0.054	0.057	0.057	0.057	0.057	0.057	0.057	0.057	0.057	0.057	0.057	0.057	0.057	0.057	0.057	0.057	0.057	0.057	0.057	0.057	0.062	0.062	0.067	0.067	0.067	
0.051	0.051	0.051	0.054	0.054	0.057	0.057	0.057	0.057	0.057	0.057	0.057	0.057	0.057	0.057	0.057	0.057	0.057	0.057	0.057	0.057	0.057	0.057	0.062	0.067	0.067	0.067	0.067	
0.051	0.051	0.051	0.051	0.054	0.057	0.057	0.057	0.057	0.057	0.057	0.057	0.057	0.057	0.057	0.057	0.057	0.057	0.057	0.057	0.057	0.057	0.057	0.062	0.067	0.067	0.067	0.067	
0.051	0.051	0.051	0.051	0.054	0.057	0.057	0.057	0.057	0.057	0.057	0.057	0.057	0.057	0.057	0.057	0.057	0.057	0.057	0.057	0.057	0.057	0.057	0.062	0.067	0.067	0.067	0.067	
0.051	0.051	0.051	0.051	0.054	0.057	0.057	0.057	0.057	0.057	0.057	0.057	0.057	0.057	0.057	0.057	0.057	0.057	0.057	0.057	0.057	0.057	0.057	0.062	0.067	0.067	0.067	0.067	
0.051	0.051	0.051	0.051	0.054	0.057	0.057	0.057	0.057	0.057	0.057	0.057	0.057	0.057	0.057	0.057	0.057	0.057	0.057	0.057	0.057	0.057	0.062	0.062	0.067	0.067	0.067	0.067	
0.051	0.051	0.051	0.051	0.054	0.054	0.057	0.057	0.057	0.057	0.057	0.057	0.057	0.057	0.057	0.057	0.057	0.057	0.057	0.057	0.057	0.057	0.062	0.067	0.067	0.067	0.067	0.067	
0.051	0.051	0.051	0.051	0.051	0.054	0.057	0.057	0.057	0.057	0.057	0.057	0.057	0.057	0.057	0.057	0.057	0.057	0.057	0.057	0.057	0.057	0.062	0.067	0.067	0.067	0.067	0.067	
0.051	0.051	0.051	0.051	0.051	0.054	0.057	0.057	0.057	0.057	0.057	0.057	0.057	0.057	0.057	0.057	0.057	0.057	0.057	0.057	0.057	0.057	0.062	0.067	0.067	0.067	0.067	0.067	
0.051	0.051	0.051	0.051	0.051	0.054	0.057	0.057	0.057	0.057	0.057	0.057	0.057	0.057	0.057	0.057	0.057	0.057	0.057	0.057	0.057	0.062	0.062	0.067	0.067	0.067	0.067	0.067	
0.051	0.051	0.051	0.051	0.051	0.054	0.054	0.057	0.057	0.057	0.057	0.057	0.057	0.057	0.057	0.057	0.057	0.057	0.057	0.057	0.057	0.062	0.067	0.067	0.067	0.067	0.067	0.067	
0.051	0.051	0.051	0.051	0.051	0.051	0.054	0.057	0.057	0.057	0.057	0.057	0.057	0.057	0.057	0.057	0.057	0.057	0.057	0.057	0.057	0.062	0.067	0.067	0.067	0.067	0.067	0.067	
0.051	0.051	0.051	0.051	0.051	0.051	0.054	0.057	0.057	0.057	0.057	0.057	0.057	0.057	0.057	0.057	0.057	0.057	0.057	0.057	0.057	0.062	0.067	0.067	0.067	0.067	0.067	0.067	
0.051	0.051	0.051	0.051	0.051	0.051	0.054	0.057	0.057	0.057	0.057	0.057	0.057	0.057	0.057	0.057	0.057	0.057	0.057	0.057	0.062	0.062	0.067	0.067	0.067	0.067	0.067	0.067	
0.051	0.051	0.051	0.051	0.051	0.051	0.054	0.057	0.057	0.057	0.057	0.057	0.057	0.057	0.057	0.057	0.057	0.057	0.057	0.057	0.062	0.067	0.067	0.067	0.067	0.067	0.067	0.067	
0.051	0.051	0.051	0.051	0.051	0.051	0.054	0.054	0.057	0.057	0.057	0.057	0.057	0.057	0.057	0.057	0.057	0.057	0.057	0.057	0.062	0.067	0.067	0.067	0.067	0.067	0.067	0.067	
0.051	0.051	0.051	0.051	0.051	0.051	0.051	0.054	0.057	0.057	0.057	0.057	0.057	0.057	0.057	0.057	0.057	0.057	0.057	0.057	0.062	0.067	0.067	0.067	0.067	0.067	0.067	0.067	
0.051	0.051	0.051	0.051	0.051	0.051	0.051	0.054	0.057	0.057	0.057	0.057	0.057	0.057	0.057	0.057	0.057	0.057	0.057	0.057	0.062	0.067	0.067	0.067	0.067	0.067	0.067	0.067	
0.051	0.051	0.051	0.051	0.051	0.051	0.051	0.054	0.057	0.057	0.057	0.057	0.057	0.057	0.057	0.057	0.057	0.057	0.057	0.062	0.062	0.067	0.067	0.067	0.067	0.067	0.067	0.067	
0.051	0.051	0.051	0.051	0.051	0.051	0.051	0.054	0.054	0.057	0.057	0.057	0.057	0.057	0.057	0.057	0.057	0.057	0.057	0.062	0.067	0.067	0.067	0.067	0.067	0.067	0.067	0.067	
0.025	0.051	0.051	0.051	0.051	0.051	0.051	0.051	0.054	0.057	0.057	0.057	0.057	0.057	0.057	0.057	0.057	0.057	0.057	0.062	0.067	0.067	0.067	0.067	0.067	0.067	0.067	0.067	
0.025	0.051	0.051	0.051	0.051	0.051	0.051	0.051	0.054	0.057	0.057	0.057	0.057	0.057	0.057	0.057	0.057	0.057	0.057	0.062	0.067	0.067	0.067	0.067	0.067	0.067	0.067	0.067	
0.025	0.025	0.051	0.051	0.051	0.051	0.051	0.051	0.054	0.057	0.057	0.057	0.057	0.057	0.057	0.057	0.057	0.057	0.062	0.062	0.067	0.067	0.067	0.067	0.067	0.067	0.067	0.067	
0.000	0.025	0.051	0.051	0.051	0.051	0.051	0.051	0.054	0.057	0.057	0.057	0.057	0.057	0.057	0.057	0.057	0.057	0.062	0.067	0.067	0.067	0.067	0.067	0.067	0.067	0.067	0.067	
0.000	0.025	0.025	0.051	0.051	0.051	0.051	0.051	0.054	0.054	0.057	0.057	0.057	0.057	0.057	0.057	0.057	0.057	0.062	0.067	0.067	0.067	0.067	0.067	0.067	0.067	0.067	0.067	
0.000	0.000	0.025	0.051	0.051	0.051	0.051	0.051	0.051	0.054	0.057	0.057	0.057	0.057	0.057	0.057	0.057	0.057	0.062	0.067	0.067	0.067	0.067	0.067	0.067	0.067	0.067	0.041	
0.000	0.000	0.025	0.025	0.051	0.051	0.051	0.051	0.051	0.054	0.057	0.057	0.057	0.057	0.057	0.057	0.057	0.057	0.062	0.067	0.067	0.067	0.067	0.067	0.067	0.067	0.067	0.041	
0.000	0.000	0.000	0.025	0.051	0.051	0.051	0.051	0.051	0.054	0.057	0.057	0.057	0.057	0.057	0.057	0.057	0.062	0.062	0.067	0.067	0.067	0.067	0.067	0.067	0.067	0.041	0.041	
0.000	0.000	0.000	0.025	0.025	0.051	0.051	0.051	0.051	0.054	0.054	0.057	0.057	0.057	0.057	0.057	0.057	0.062	0.067	0.067	0.067	0.067	0.067	0.067	0.067	0.067	0.041	0.014	
0.000	0.000	0.000	0.000	0.025	0.051	0.051	0.051	0.051	0.051	0.054	0.057	0.057	0.057	0.057	0.057	0.057	0.062	0.067	0.067	0.067	0.067	0.067	0.067	0.067	0.041	0.041	0.014	
0.000	0.000	0.000	0.000	0.025	0.025	0.051	0.051	0.051	0.051	0.054	0.057	0.057	0.057	0.057	0.057	0.057	0.062	0.067	0.067	0.067	0.067	0.067	0.067	0.067	0.044	0.014	0.014	
0.000	0.000	0.000	0.000	0.000	0.025	0.051	0.051	0.051	0.051	0.054	0.057	0.057	0.057	0.057	0.057	0.062	0.062	0.067	0.067	0.067	0.067	0.067	0.067	0.044	0.044	0.014	0.014	
0.000	0.000	0.000	0.000	0.000	0.025	0.025	0.051	0.051	0.051	0.054	0.057	0.057	0.057	0.057	0.057	0.062	0.067	0.067	0.067	0.067	0.067	0.067	0.059	0.044	0.014	0.014	0.014	
0.010	0.000	0.000	0.000	0.000	0.000	0.025	0.051	0.051	0.051	0.054	0.054	0.057	0.057	0.057	0.057	0.062	0.067	0.067	0.067	0.067	0.067	0.059	0.044	0.032	0.014	0.014	0.014	
0.010	0.010	0.000	0.000	0.000	0.000	0.025	0.025	0.051	0.051	0.051	0.054	0.057	0.057	0.057	0.057	0.062	0.067	0.067	0.067	0.067	0.059	0.059	0.032	0.014	0.014	0.014	0.014	
0.020	0.010	0.010	0.000	0.000	0.000	0.000	0.025	0.051	0.051	0.051	0.054	0.057	0.057	0.057	0.062	0.062	0.067	0.067	0.067	0.067	0.059	0.050	0.032	0.014	0.014	0.014	0.014	
0.015	0.020	0.010	0.010	0.000	0.000	0.000	0.025	0.025	0.051	0.051	0.054	0.057	0.057	0.057	0.062	0.067	0.067	0.067	0.067	0.059	0.059	0.032	0.032	0.014	0.014	0.014	0.014	
0.015	0.015	0.020	0.010	0.010	0.000	0.000	0.000	0.025	0.051	0.051	0.054	0.054	0.057	0.076	0.073	0.081	0.067	0.067	0.059	0.059	0.050	0.032	0.014	0.014	0.014	0.014	0.014	
0.010	0.015	0.020	0.020	0.010	0.010	0.000	0.000	0.025	0.025	0.051	0.051	0.053	0.067	0.076	0.095	0.081	0.067	0.059	0.059	0.050	0.050	0.032	0.014	0.014	0.014	0.014	0.014	
0.010	0.015	0.015	0.020	0.020	0.010	0.010	0.000	0.007	0.022	0.033	0.039	0.051	0.073	0.095	0.095	0.073	0.063	0.058	0.050	0.050	0.032	0.014	0.014	0.014	0.014	0.014	0.012	
0.010	0.010	0.015	0.015	0.020	0.020	0.011	0.007	0.009	0.014	0.014	0.033	0.051	0.075	0.075	0.078	0.077	0.058	0.044	0.050	0.032	0.026	0.014	0.014	0.014	0.014	0.012	0.012	
0.010	0.010	0.010	0.015	0.020	0.020	0.017	0.014	0.014	0.019	0.022	0.038	0.055	0.063	0.081	0.079	0.078	0.040	0.044	0.029	0.032	0.014	0.014	0.014	0.012	0.012	0.012	0.010	
0.010	0.010	0.010	0.015	0.017	0.020	0.019	0.017	0.014	0.022	0.030	0.044	0.058	0.083	0.096	0.090	0.078	0.060	0.022	0.018	0.014	0.014	0.014	0.013	0.012	0.010	0.010	0.010	
0.016	0.010	0.010	0.015	0.015	0.020	0.020	0.017	0.019	0.022	0.027	0.039	0.066	0.084	0.104	0.104	0.056	0.045	0.016	0.016	0.013	0.014	0.014	0.012	0.010	0.010	0.010	0.010	
0.016	0.016	0.018	0.017	0.021	0.020	0.020	0.020	0.021	0.022	0.025	0.028	0.120	0.166	0.162	0.121	0.089	0.014	0.008	0.010	0.008	0.007	0.012	0.011	0.010	0.010	0.010	0.010	
0.022	0.022	0.018	0.022	0.021	0.021	0.020	0.020	0.021	0.024	0.026	0.025	0.091	0.222	0.189	0.083	0.060	0.008	0.008	0.003	0.005	0.008	0.012	0.010	0.010	0.010	0.010	0.010	
0.022	0.022	0.022	0.022	0.022	0.021	0.020	0.020	0.020	0.025	0.026	0.022	0.122	0.400	0.318	0.247	0.010	0.005	0.000	0.000	0.000	0.005	0.005	0.010	0.010	0.010	0.010	0.010	
0.000	0.000	0.000	0.000	0.000	0.000	0.000	0.020	0.020	0.025	0.026	0.022	0.274	0.400	0.577	0.294	0.010	0.005	0.000	0.000	0.000	0.000	0.000	0.000	0.000	0.000	0.000	0.000	
0.000	0.000	0.000	0.000	0.000	0.000	0.000	0.000	0.000	0.000	0.000	0.000	0.577	0.577	0.577	0.577	0.000	0.000	0.000	0.000	0.000	0.000	0.000	0.000	0.000	0.000	0.000	0.000	
0.000	0.000	0.000	0.000	0.000	0.000	0.000	0.000	0.000	0.000	0.000	0.000	0.791	0.791	0.791	0.791	0.000	0.000	0.000	0.000	0.000	0.000	0.000	0.000	0.000	0.000	0.000	0.000	
0.000	0.000	0.000	0.000	0.000	0.000	0.000	0.000	0.000	0.000	0.000	0.000	1.005	1.005	1.005	1.005	0.000	0.000	0.000	0.000	0.000	0.000	0.000	0.000	0.000	0.000	0.000	0.000	
0.000	0.000	0.000	0.000	0.000	0.000	0.000	0.000	0.000	0.000	0.000	0.000	1.005	1.005	1.005	1.005	0.000	0.000	0.000	0.000	0.000	0.000	0.000	0.000	0.000	0.000	0.000	0.000	
