0.108	0.184	0.184	0.184	0.184	0.184	0.184	0.184	0.184	0.184	0.184	0.184	0.184	0.184	0.184	0.184	0.184	0.184	0.184	0.184	0.184	0.184	0.167	0.150	0.150	0.150	0.150	0.150	
0.108	0.184	0.184	0.184	0.184	0.184	0.184	0.184	0.184	0.184	0.184	0.184	0.184	0.184	0.184	0.184	0.184	0.184	0.184	0.184	0.184	0.184	0.167	0.150	0.150	0.150	0.150	0.150	
0.108	0.108	0.184	0.184	0.184	0.184	0.184	0.184	0.184	0.184	0.184	0.184	0.184	0.184	0.184	0.184	0.184	0.184	0.184	0.184	0.184	0.184	0.167	0.150	0.150	0.150	0.150	0.150	
0.032	0.108	0.184	0.184	0.184	0.184	0.184	0.184	0.184	0.184	0.184	0.184	0.184	0.184	0.184	0.184	0.184	0.184	0.184	0.184	0.184	0.184	0.167	0.150	0.150	0.150	0.150	0.150	
0.032	0.108	0.184	0.184	0.184	0.184	0.184	0.184	0.184	0.184	0.184	0.184	0.184	0.184	0.184	0.184	0.184	0.184	0.184	0.184	0.184	0.167	0.167	0.150	0.150	0.150	0.150	0.150	
0.032	0.108	0.184	0.184	0.184	0.184	0.184	0.184	0.184	0.184	0.184	0.184	0.184	0.184	0.184	0.184	0.184	0.184	0.184	0.184	0.184	0.167	0.150	0.150	0.150	0.150	0.150	0.150	
0.032	0.108	0.184	0.184	0.184	0.184	0.184	0.184	0.184	0.184	0.184	0.184	0.184	0.184	0.184	0.184	0.184	0.184	0.184	0.184	0.184	0.167	0.150	0.150	0.150	0.150	0.150	0.150	
0.032	0.108	0.108	0.184	0.184	0.184	0.184	0.184	0.184	0.184	0.184	0.184	0.184	0.184	0.184	0.184	0.184	0.184	0.184	0.184	0.184	0.167	0.150	0.150	0.150	0.150	0.150	0.150	
0.032	0.032	0.108	0.184	0.184	0.184	0.184	0.184	0.184	0.184	0.184	0.184	0.184	0.184	0.184	0.184	0.184	0.184	0.184	0.184	0.184	0.167	0.150	0.150	0.150	0.150	0.150	0.150	
0.032	0.032	0.108	0.184	0.184	0.184	0.184	0.184	0.184	0.184	0.184	0.184	0.184	0.184	0.184	0.184	0.184	0.184	0.184	0.184	0.184	0.167	0.150	0.150	0.150	0.150	0.150	0.150	
0.032	0.032	0.108	0.184	0.184	0.184	0.184	0.184	0.184	0.184	0.184	0.184	0.184	0.184	0.184	0.184	0.184	0.184	0.184	0.184	0.184	0.167	0.150	0.150	0.150	0.150	0.150	0.150	
0.032	0.032	0.108	0.108	0.184	0.184	0.184	0.184	0.184	0.184	0.184	0.184	0.184	0.184	0.184	0.184	0.184	0.184	0.184	0.184	0.167	0.167	0.150	0.150	0.150	0.150	0.150	0.150	
0.032	0.032	0.032	0.108	0.184	0.184	0.184	0.184	0.184	0.184	0.184	0.184	0.184	0.184	0.184	0.184	0.184	0.184	0.184	0.184	0.167	0.150	0.150	0.150	0.150	0.150	0.150	0.150	
0.032	0.032	0.032	0.108	0.184	0.184	0.184	0.184	0.184	0.184	0.184	0.184	0.184	0.184	0.184	0.184	0.184	0.184	0.184	0.184	0.167	0.150	0.150	0.150	0.150	0.150	0.150	0.150	
0.032	0.032	0.032	0.108	0.184	0.184	0.184	0.184	0.184	0.184	0.184	0.184	0.184	0.184	0.184	0.184	0.184	0.184	0.184	0.184	0.167	0.150	0.150	0.150	0.150	0.150	0.150	0.150	
0.032	0.032	0.032	0.108	0.108	0.184	0.184	0.184	0.184	0.184	0.184	0.184	0.184	0.184	0.184	0.184	0.184	0.184	0.184	0.184	0.167	0.150	0.150	0.150	0.150	0.150	0.150	0.150	
0.032	0.032	0.032	0.032	0.108	0.184	0.184	0.184	0.184	0.184	0.184	0.184	0.184	0.184	0.184	0.184	0.184	0.184	0.184	0.184	0.167	0.150	0.150	0.150	0.150	0.150	0.150	0.150	
0.032	0.032	0.032	0.032	0.108	0.184	0.184	0.184	0.184	0.184	0.184	0.184	0.184	0.184	0.184	0.184	0.184	0.184	0.184	0.167	0.167	0.150	0.150	0.150	0.150	0.150	0.150	0.150	
0.032	0.032	0.032	0.032	0.108	0.184	0.184	0.184	0.184	0.184	0.184	0.184	0.184	0.184	0.184	0.184	0.184	0.184	0.184	0.167	0.150	0.150	0.150	0.150	0.150	0.150	0.150	0.150	
0.032	0.032	0.032	0.032	0.108	0.108	0.184	0.184	0.184	0.184	0.184	0.184	0.184	0.184	0.184	0.184	0.184	0.184	0.184	0.167	0.150	0.150	0.150	0.150	0.150	0.150	0.150	0.150	
0.032	0.032	0.032	0.032	0.032	0.108	0.184	0.184	0.184	0.184	0.184	0.184	0.184	0.184	0.184	0.184	0.184	0.184	0.184	0.167	0.150	0.150	0.150	0.150	0.150	0.150	0.150	0.150	
0.032	0.032	0.032	0.032	0.032	0.108	0.184	0.184	0.184	0.184	0.184	0.184	0.184	0.184	0.184	0.184	0.184	0.184	0.184	0.167	0.150	0.150	0.150	0.150	0.150	0.150	0.150	0.150	
0.032	0.032	0.032	0.032	0.032	0.108	0.184	0.184	0.184	0.184	0.184	0.184	0.184	0.184	0.184	0.184	0.184	0.184	0.184	0.167	0.150	0.150	0.150	0.150	0.150	0.150	0.150	0.150	
0.032	0.032	0.032	0.032	0.032	0.108	0.108	0.184	0.184	0.184	0.184	0.184	0.184	0.184	0.184	0.184	0.184	0.184	0.184	0.167	0.150	0.150	0.150	0.150	0.150	0.150	0.150	0.150	
0.032	0.032	0.032	0.032	0.032	0.032	0.108	0.184	0.184	0.184	0.184	0.184	0.184	0.184	0.184	0.184	0.184	0.184	0.167	0.167	0.150	0.150	0.150	0.150	0.150	0.150	0.150	0.150	
0.032	0.032	0.032	0.032	0.032	0.032	0.108	0.184	0.184	0.184	0.184	0.184	0.184	0.184	0.184	0.184	0.184	0.184	0.167	0.150	0.150	0.150	0.150	0.150	0.150	0.150	0.150	0.150	
0.032	0.032	0.032	0.032	0.032	0.032	0.108	0.184	0.184	0.184	0.184	0.184	0.184	0.184	0.184	0.184	0.184	0.184	0.167	0.150	0.150	0.150	0.150	0.150	0.150	0.150	0.150	0.150	
0.032	0.032	0.032	0.032	0.032	0.032	0.108	0.108	0.184	0.184	0.184	0.184	0.184	0.184	0.184	0.184	0.184	0.184	0.167	0.150	0.150	0.150	0.150	0.150	0.150	0.150	0.150	0.150	
0.032	0.032	0.032	0.032	0.032	0.032	0.032	0.108	0.184	0.184	0.184	0.184	0.184	0.184	0.184	0.184	0.184	0.184	0.167	0.150	0.150	0.150	0.150	0.150	0.150	0.150	0.150	0.150	
0.032	0.032	0.032	0.032	0.032	0.032	0.032	0.108	0.184	0.184	0.184	0.184	0.184	0.184	0.184	0.184	0.184	0.184	0.167	0.150	0.150	0.150	0.150	0.150	0.150	0.150	0.150	0.150	
0.032	0.032	0.032	0.032	0.032	0.032	0.032	0.108	0.184	0.184	0.184	0.184	0.184	0.184	0.184	0.184	0.184	0.167	0.167	0.150	0.150	0.150	0.150	0.150	0.150	0.150	0.150	0.150	
0.032	0.032	0.032	0.032	0.032	0.032	0.032	0.108	0.108	0.184	0.184	0.184	0.184	0.184	0.184	0.184	0.184	0.167	0.150	0.150	0.150	0.150	0.150	0.150	0.150	0.150	0.150	0.150	
0.032	0.032	0.032	0.032	0.032	0.032	0.032	0.032	0.108	0.184	0.184	0.184	0.184	0.184	0.184	0.184	0.184	0.167	0.150	0.150	0.150	0.150	0.150	0.150	0.150	0.150	0.150	0.150	
0.032	0.032	0.032	0.032	0.032	0.032	0.032	0.032	0.108	0.184	0.184	0.184	0.184	0.184	0.184	0.184	0.184	0.167	0.150	0.150	0.150	0.150	0.150	0.150	0.150	0.150	0.150	0.150	
0.032	0.032	0.032	0.032	0.032	0.032	0.032	0.032	0.108	0.184	0.184	0.184	0.184	0.184	0.184	0.184	0.184	0.167	0.150	0.150	0.150	0.150	0.150	0.150	0.150	0.150	0.150	0.150	
0.032	0.032	0.032	0.032	0.032	0.032	0.032	0.032	0.108	0.108	0.184	0.184	0.184	0.184	0.184	0.184	0.184	0.167	0.150	0.150	0.150	0.150	0.150	0.150	0.150	0.150	0.150	0.150	
0.032	0.032	0.032	0.032	0.032	0.032	0.032	0.032	0.032	0.108	0.184	0.184	0.184	0.184	0.184	0.184	0.167	0.167	0.150	0.150	0.150	0.150	0.150	0.150	0.150	0.150	0.150	0.150	
0.032	0.032	0.032	0.032	0.032	0.032	0.032	0.032	0.032	0.108	0.184	0.184	0.184	0.184	0.184	0.184	0.167	0.150	0.150	0.150	0.150	0.150	0.150	0.150	0.150	0.150	0.150	0.150	
0.032	0.032	0.032	0.032	0.032	0.032	0.032	0.032	0.032	0.108	0.184	0.184	0.184	0.184	0.184	0.184	0.167	0.150	0.150	0.150	0.150	0.150	0.150	0.150	0.150	0.150	0.150	0.150	
0.032	0.032	0.032	0.032	0.032	0.032	0.032	0.032	0.032	0.108	0.108	0.184	0.184	0.184	0.184	0.184	0.167	0.150	0.150	0.150	0.150	0.150	0.150	0.150	0.150	0.150	0.150	0.150	
0.021	0.032	0.032	0.032	0.032	0.032	0.032	0.032	0.032	0.032	0.108	0.184	0.184	0.184	0.184	0.184	0.167	0.150	0.150	0.150	0.150	0.150	0.150	0.150	0.150	0.150	0.150	0.150	
0.021	0.021	0.021	0.032	0.032	0.032	0.032	0.032	0.032	0.032	0.108	0.184	0.184	0.184	0.184	0.184	0.167	0.150	0.150	0.150	0.150	0.150	0.150	0.150	0.150	0.150	0.135	0.135	
0.010	0.010	0.021	0.021	0.032	0.032	0.032	0.032	0.032	0.032	0.108	0.184	0.184	0.184	0.184	0.184	0.167	0.150	0.150	0.150	0.150	0.150	0.150	0.150	0.150	0.135	0.135	0.120	
0.010	0.010	0.010	0.021	0.021	0.032	0.032	0.032	0.032	0.032	0.108	0.108	0.184	0.184	0.184	0.167	0.167	0.150	0.150	0.150	0.150	0.150	0.150	0.150	0.135	0.135	0.120	0.120	
0.010	0.010	0.010	0.010	0.021	0.021	0.032	0.032	0.032	0.032	0.032	0.108	0.184	0.184	0.184	0.168	0.150	0.150	0.150	0.150	0.150	0.150	0.135	0.135	0.135	0.120	0.120	0.120	
0.010	0.010	0.010	0.010	0.010	0.021	0.021	0.021	0.032	0.032	0.032	0.108	0.184	0.184	0.177	0.168	0.160	0.150	0.150	0.150	0.150	0.135	0.135	0.120	0.120	0.120	0.120	0.120	
0.010	0.010	0.010	0.010	0.010	0.010	0.010	0.021	0.021	0.032	0.032	0.108	0.184	0.184	0.177	0.170	0.160	0.150	0.150	0.150	0.135	0.135	0.120	0.120	0.120	0.120	0.120	0.120	
0.010	0.010	0.010	0.010	0.010	0.010	0.010	0.010	0.021	0.021	0.026	0.140	0.253	0.225	0.225	0.170	0.147	0.135	0.135	0.135	0.135	0.120	0.120	0.120	0.120	0.120	0.120	0.120	
0.010	0.010	0.010	0.010	0.010	0.010	0.010	0.010	0.010	0.021	0.026	0.171	0.171	0.323	0.246	0.145	0.145	0.135	0.130	0.120	0.120	0.120	0.120	0.120	0.120	0.120	0.120	0.120	
0.010	0.010	0.010	0.010	0.010	0.010	0.010	0.010	0.010	0.015	0.020	0.020	0.171	0.573	0.359	0.371	0.120	0.120	0.120	0.120	0.120	0.120	0.120	0.120	0.120	0.120	0.120	0.120	
0.000	0.000	0.000	0.000	0.000	0.000	0.000	0.000	0.000	0.000	0.000	0.000	0.389	0.573	0.824	0.472	0.120	0.120	0.120	0.120	0.120	0.120	0.120	0.120	0.120	0.120	0.120	0.120	
0.000	0.000	0.000	0.000	0.000	0.000	0.000	0.000	0.000	0.000	0.000	0.000	0.824	0.824	0.824	0.824	0.000	0.000	0.000	0.000	0.000	0.000	0.000	0.000	0.000	0.000	0.000	0.000	
0.000	0.000	0.000	0.000	0.000	0.000	0.000	0.000	0.000	0.000	0.000	0.000	0.824	0.824	0.824	0.824	0.000	0.000	0.000	0.000	0.000	0.000	0.000	0.000	0.000	0.000	0.000	0.000	
0.000	0.000	0.000	0.000	0.000	0.000	0.000	0.000	0.000	0.000	0.000	0.000	0.824	0.824	0.824	0.824	0.000	0.000	0.000	0.000	0.000	0.000	0.000	0.000	0.000	0.000	0.000	0.000	
0.000	0.000	0.000	0.000	0.000	0.000	0.000	0.000	0.000	0.000	0.000	0.000	0.824	0.824	0.824	0.824	0.000	0.000	0.000	0.000	0.000	0.000	0.000	0.000	0.000	0.000	0.000	0.000	
