0.086	0.086	0.086	0.086	0.086	0.086	0.086	0.086	0.086	0.086	0.086	0.086	0.086	0.086	0.086	0.114	0.141	0.141	0.104	0.067	0.067	0.067	0.067	0.067	0.067	0.067	0.067	0.067	
0.086	0.086	0.086	0.086	0.086	0.086	0.086	0.086	0.086	0.086	0.086	0.086	0.086	0.086	0.086	0.114	0.141	0.141	0.104	0.067	0.067	0.067	0.067	0.067	0.067	0.067	0.067	0.067	
0.086	0.086	0.086	0.086	0.086	0.086	0.086	0.086	0.086	0.086	0.086	0.086	0.086	0.086	0.086	0.114	0.141	0.141	0.104	0.067	0.067	0.067	0.067	0.067	0.067	0.067	0.067	0.067	
0.086	0.086	0.086	0.086	0.086	0.086	0.086	0.086	0.086	0.086	0.086	0.086	0.086	0.086	0.114	0.114	0.141	0.141	0.104	0.067	0.067	0.067	0.067	0.067	0.067	0.067	0.067	0.067	
0.086	0.086	0.086	0.086	0.086	0.086	0.086	0.086	0.086	0.086	0.086	0.086	0.086	0.086	0.114	0.141	0.141	0.141	0.104	0.067	0.067	0.067	0.067	0.067	0.067	0.067	0.067	0.067	
0.086	0.086	0.086	0.086	0.086	0.086	0.086	0.086	0.086	0.086	0.086	0.086	0.086	0.086	0.114	0.141	0.141	0.141	0.104	0.067	0.067	0.067	0.067	0.067	0.067	0.067	0.067	0.067	
0.086	0.086	0.086	0.086	0.086	0.086	0.086	0.086	0.086	0.086	0.086	0.086	0.086	0.086	0.114	0.141	0.141	0.141	0.104	0.067	0.067	0.067	0.067	0.067	0.067	0.067	0.067	0.067	
0.086	0.086	0.086	0.086	0.086	0.086	0.086	0.086	0.086	0.086	0.086	0.086	0.086	0.086	0.114	0.141	0.141	0.141	0.104	0.067	0.067	0.067	0.067	0.067	0.067	0.067	0.067	0.067	
0.086	0.086	0.086	0.086	0.086	0.086	0.086	0.086	0.086	0.086	0.086	0.086	0.086	0.086	0.114	0.141	0.141	0.141	0.104	0.067	0.067	0.067	0.067	0.067	0.067	0.067	0.067	0.067	
0.086	0.086	0.086	0.086	0.086	0.086	0.086	0.086	0.086	0.086	0.086	0.086	0.086	0.086	0.114	0.141	0.141	0.141	0.104	0.067	0.067	0.067	0.067	0.067	0.067	0.067	0.067	0.067	
0.086	0.086	0.086	0.086	0.086	0.086	0.086	0.086	0.086	0.086	0.086	0.086	0.086	0.086	0.114	0.141	0.141	0.141	0.104	0.067	0.067	0.067	0.067	0.067	0.067	0.067	0.067	0.067	
0.086	0.086	0.086	0.086	0.086	0.086	0.086	0.086	0.086	0.086	0.086	0.086	0.086	0.086	0.114	0.141	0.141	0.141	0.104	0.067	0.067	0.067	0.067	0.067	0.067	0.067	0.067	0.067	
0.086	0.086	0.086	0.086	0.086	0.086	0.086	0.086	0.086	0.086	0.086	0.086	0.086	0.086	0.114	0.141	0.141	0.141	0.104	0.067	0.067	0.067	0.067	0.067	0.067	0.067	0.067	0.067	
0.086	0.086	0.086	0.086	0.086	0.086	0.086	0.086	0.086	0.086	0.086	0.086	0.086	0.086	0.114	0.141	0.141	0.141	0.104	0.067	0.067	0.067	0.067	0.067	0.067	0.067	0.067	0.067	
0.086	0.086	0.086	0.086	0.086	0.086	0.086	0.086	0.086	0.086	0.086	0.086	0.086	0.086	0.114	0.141	0.141	0.141	0.104	0.067	0.067	0.067	0.067	0.067	0.067	0.067	0.067	0.067	
0.086	0.086	0.086	0.086	0.086	0.086	0.086	0.086	0.086	0.086	0.086	0.086	0.086	0.086	0.114	0.141	0.141	0.141	0.104	0.067	0.067	0.067	0.067	0.067	0.067	0.067	0.067	0.067	
0.086	0.086	0.086	0.086	0.086	0.086	0.086	0.086	0.086	0.086	0.086	0.086	0.086	0.086	0.114	0.141	0.141	0.141	0.104	0.067	0.067	0.067	0.067	0.067	0.067	0.067	0.067	0.067	
0.086	0.086	0.086	0.086	0.086	0.086	0.086	0.086	0.086	0.086	0.086	0.086	0.086	0.086	0.114	0.141	0.141	0.141	0.104	0.067	0.067	0.067	0.067	0.067	0.067	0.067	0.067	0.067	
0.086	0.086	0.086	0.086	0.086	0.086	0.086	0.086	0.086	0.086	0.086	0.086	0.086	0.086	0.114	0.141	0.141	0.141	0.104	0.067	0.067	0.067	0.067	0.067	0.067	0.067	0.067	0.067	
0.086	0.086	0.086	0.086	0.086	0.086	0.086	0.086	0.086	0.086	0.086	0.086	0.086	0.086	0.114	0.141	0.141	0.141	0.104	0.067	0.067	0.067	0.067	0.067	0.067	0.067	0.067	0.067	
0.086	0.086	0.086	0.086	0.086	0.086	0.086	0.086	0.086	0.086	0.086	0.086	0.086	0.086	0.114	0.141	0.141	0.141	0.104	0.067	0.067	0.067	0.067	0.067	0.067	0.067	0.067	0.067	
0.086	0.086	0.086	0.086	0.086	0.086	0.086	0.086	0.086	0.086	0.086	0.086	0.086	0.086	0.114	0.141	0.141	0.141	0.104	0.067	0.067	0.067	0.067	0.067	0.067	0.067	0.067	0.067	
0.086	0.086	0.086	0.086	0.086	0.086	0.086	0.086	0.086	0.086	0.086	0.086	0.086	0.086	0.114	0.141	0.141	0.141	0.104	0.067	0.067	0.067	0.067	0.067	0.067	0.067	0.067	0.067	
0.086	0.086	0.086	0.086	0.086	0.086	0.086	0.086	0.086	0.086	0.086	0.086	0.086	0.086	0.114	0.141	0.141	0.141	0.104	0.067	0.067	0.067	0.067	0.067	0.067	0.067	0.067	0.067	
0.086	0.086	0.086	0.086	0.086	0.086	0.086	0.086	0.086	0.086	0.086	0.086	0.086	0.086	0.114	0.141	0.141	0.141	0.104	0.067	0.067	0.067	0.067	0.067	0.067	0.067	0.067	0.067	
0.086	0.086	0.086	0.086	0.086	0.086	0.086	0.086	0.086	0.086	0.086	0.086	0.086	0.086	0.114	0.141	0.141	0.141	0.104	0.067	0.067	0.067	0.067	0.067	0.067	0.067	0.067	0.067	
0.103	0.086	0.086	0.086	0.086	0.086	0.086	0.086	0.086	0.086	0.086	0.086	0.086	0.086	0.114	0.141	0.141	0.104	0.104	0.067	0.067	0.067	0.067	0.067	0.067	0.067	0.067	0.067	
0.103	0.086	0.086	0.086	0.086	0.086	0.086	0.086	0.086	0.086	0.086	0.086	0.086	0.086	0.114	0.141	0.141	0.104	0.067	0.067	0.067	0.067	0.067	0.067	0.067	0.067	0.067	0.067	
0.103	0.103	0.086	0.086	0.086	0.086	0.086	0.086	0.086	0.086	0.086	0.086	0.086	0.086	0.114	0.141	0.141	0.104	0.067	0.067	0.067	0.067	0.067	0.067	0.067	0.067	0.067	0.067	
0.120	0.103	0.086	0.086	0.086	0.086	0.086	0.086	0.086	0.086	0.086	0.086	0.086	0.086	0.114	0.141	0.141	0.104	0.067	0.067	0.067	0.067	0.067	0.067	0.067	0.067	0.067	0.067	
0.120	0.103	0.103	0.086	0.086	0.086	0.086	0.086	0.086	0.086	0.086	0.086	0.086	0.086	0.114	0.141	0.141	0.104	0.067	0.067	0.067	0.067	0.067	0.067	0.067	0.067	0.067	0.067	
0.120	0.120	0.103	0.086	0.086	0.086	0.086	0.086	0.086	0.086	0.086	0.086	0.086	0.086	0.114	0.141	0.141	0.104	0.067	0.067	0.067	0.067	0.067	0.067	0.067	0.067	0.067	0.067	
0.120	0.120	0.103	0.103	0.086	0.086	0.086	0.086	0.086	0.086	0.086	0.086	0.086	0.086	0.114	0.141	0.141	0.104	0.067	0.067	0.067	0.067	0.067	0.067	0.067	0.067	0.067	0.067	
0.120	0.120	0.120	0.103	0.086	0.086	0.086	0.086	0.086	0.086	0.086	0.086	0.086	0.086	0.114	0.141	0.141	0.104	0.067	0.067	0.067	0.067	0.067	0.067	0.067	0.067	0.067	0.067	
0.120	0.120	0.120	0.103	0.103	0.086	0.086	0.086	0.086	0.086	0.086	0.086	0.086	0.114	0.114	0.141	0.141	0.104	0.067	0.067	0.067	0.067	0.067	0.067	0.067	0.067	0.067	0.067	
0.120	0.120	0.120	0.120	0.103	0.086	0.086	0.086	0.086	0.086	0.086	0.086	0.086	0.114	0.141	0.141	0.141	0.104	0.067	0.067	0.067	0.067	0.067	0.067	0.067	0.067	0.067	0.067	
0.120	0.120	0.120	0.120	0.103	0.103	0.086	0.086	0.086	0.086	0.086	0.086	0.086	0.114	0.141	0.141	0.141	0.104	0.067	0.067	0.067	0.067	0.067	0.067	0.067	0.067	0.067	0.067	
0.120	0.120	0.120	0.120	0.120	0.103	0.086	0.086	0.086	0.086	0.086	0.086	0.086	0.114	0.141	0.141	0.141	0.104	0.067	0.067	0.067	0.067	0.067	0.067	0.067	0.067	0.067	0.067	
0.120	0.120	0.120	0.120	0.120	0.103	0.103	0.086	0.086	0.086	0.086	0.086	0.086	0.114	0.141	0.141	0.141	0.104	0.067	0.067	0.067	0.067	0.067	0.067	0.067	0.067	0.067	0.067	
0.120	0.120	0.120	0.120	0.120	0.120	0.103	0.086	0.086	0.086	0.086	0.086	0.086	0.114	0.141	0.141	0.141	0.104	0.067	0.067	0.067	0.067	0.067	0.067	0.067	0.067	0.067	0.067	
0.120	0.120	0.120	0.120	0.120	0.120	0.103	0.103	0.086	0.086	0.086	0.086	0.086	0.114	0.141	0.141	0.141	0.104	0.067	0.067	0.067	0.067	0.067	0.067	0.067	0.067	0.067	0.067	
0.120	0.120	0.120	0.120	0.120	0.120	0.120	0.103	0.086	0.086	0.086	0.086	0.086	0.114	0.141	0.141	0.141	0.104	0.067	0.067	0.067	0.067	0.067	0.067	0.067	0.067	0.067	0.067	
0.120	0.120	0.120	0.120	0.120	0.120	0.120	0.103	0.103	0.086	0.086	0.086	0.086	0.103	0.141	0.141	0.141	0.104	0.067	0.067	0.067	0.067	0.067	0.067	0.067	0.067	0.067	0.049	
0.120	0.120	0.120	0.120	0.120	0.120	0.120	0.120	0.103	0.086	0.086	0.086	0.086	0.103	0.112	0.141	0.141	0.104	0.067	0.067	0.067	0.067	0.067	0.067	0.067	0.067	0.049	0.049	
0.081	0.120	0.120	0.120	0.120	0.120	0.120	0.120	0.110	0.105	0.086	0.086	0.084	0.084	0.112	0.141	0.141	0.104	0.067	0.067	0.067	0.067	0.067	0.067	0.067	0.049	0.049	0.032	
0.081	0.081	0.081	0.120	0.120	0.120	0.120	0.120	0.122	0.105	0.105	0.119	0.107	0.082	0.112	0.112	0.141	0.117	0.067	0.067	0.067	0.067	0.067	0.049	0.049	0.049	0.032	0.032	
0.041	0.041	0.081	0.081	0.081	0.120	0.120	0.120	0.122	0.124	0.105	0.121	0.118	0.118	0.137	0.139	0.141	0.104	0.092	0.067	0.067	0.067	0.049	0.049	0.032	0.032	0.032	0.032	
0.041	0.041	0.041	0.041	0.081	0.081	0.081	0.070	0.098	0.087	0.112	0.112	0.153	0.142	0.137	0.167	0.122	0.141	0.086	0.059	0.067	0.049	0.049	0.032	0.032	0.032	0.032	0.032	
0.041	0.041	0.041	0.041	0.041	0.041	0.041	0.070	0.050	0.087	0.078	0.106	0.287	0.331	0.421	0.112	0.122	0.074	0.096	0.059	0.050	0.049	0.032	0.032	0.032	0.032	0.032	0.032	
0.041	0.041	0.041	0.041	0.041	0.041	0.041	0.046	0.050	0.055	0.055	0.060	0.355	0.649	0.291	0.291	0.032	0.041	0.050	0.050	0.041	0.032	0.032	0.032	0.032	0.032	0.032	0.032	
0.000	0.000	0.000	0.000	0.000	0.000	0.000	0.000	0.050	0.050	0.000	0.000	0.355	0.649	0.649	0.341	0.000	0.000	0.050	0.050	0.050	0.000	0.000	0.000	0.000	0.000	0.000	0.000	
0.000	0.000	0.000	0.000	0.000	0.000	0.000	0.000	0.000	0.000	0.000	0.000	0.649	0.826	0.826	0.826	0.000	0.000	0.000	0.000	0.000	0.000	0.000	0.000	0.000	0.000	0.000	0.000	
0.000	0.000	0.000	0.000	0.000	0.000	0.000	0.000	0.000	0.000	0.000	0.000	0.826	0.826	1.002	1.002	0.000	0.000	0.000	0.000	0.000	0.000	0.000	0.000	0.000	0.000	0.000	0.000	
0.000	0.000	0.000	0.000	0.000	0.000	0.000	0.000	0.000	0.000	0.000	0.000	1.002	1.002	1.002	1.002	0.000	0.000	0.000	0.000	0.000	0.000	0.000	0.000	0.000	0.000	0.000	0.000	
0.000	0.000	0.000	0.000	0.000	0.000	0.000	0.000	0.000	0.000	0.000	0.000	1.002	1.002	1.002	1.002	0.000	0.000	0.000	0.000	0.000	0.000	0.000	0.000	0.000	0.000	0.000	0.000	
