0.045	0.058	0.058	0.058	0.058	0.058	0.058	0.058	0.058	0.058	0.058	0.058	0.058	0.058	0.058	0.058	0.058	0.058	0.058	0.058	0.058	0.058	0.058	0.104	0.150	0.150	0.150	0.150	
0.045	0.058	0.058	0.058	0.058	0.058	0.058	0.058	0.058	0.058	0.058	0.058	0.058	0.058	0.058	0.058	0.058	0.058	0.058	0.058	0.058	0.058	0.058	0.104	0.150	0.150	0.150	0.150	
0.045	0.058	0.058	0.058	0.058	0.058	0.058	0.058	0.058	0.058	0.058	0.058	0.058	0.058	0.058	0.058	0.058	0.058	0.058	0.058	0.058	0.058	0.058	0.104	0.150	0.150	0.150	0.150	
0.045	0.045	0.058	0.058	0.058	0.058	0.058	0.058	0.058	0.058	0.058	0.058	0.058	0.058	0.058	0.058	0.058	0.058	0.058	0.058	0.058	0.058	0.058	0.104	0.150	0.150	0.150	0.150	
0.032	0.045	0.058	0.058	0.058	0.058	0.058	0.058	0.058	0.058	0.058	0.058	0.058	0.058	0.058	0.058	0.058	0.058	0.058	0.058	0.058	0.058	0.104	0.104	0.150	0.150	0.150	0.150	
0.032	0.045	0.058	0.058	0.058	0.058	0.058	0.058	0.058	0.058	0.058	0.058	0.058	0.058	0.058	0.058	0.058	0.058	0.058	0.058	0.058	0.058	0.104	0.150	0.150	0.150	0.150	0.150	
0.032	0.045	0.058	0.058	0.058	0.058	0.058	0.058	0.058	0.058	0.058	0.058	0.058	0.058	0.058	0.058	0.058	0.058	0.058	0.058	0.058	0.058	0.104	0.150	0.150	0.150	0.150	0.150	
0.032	0.045	0.045	0.058	0.058	0.058	0.058	0.058	0.058	0.058	0.058	0.058	0.058	0.058	0.058	0.058	0.058	0.058	0.058	0.058	0.058	0.058	0.104	0.150	0.150	0.150	0.150	0.150	
0.032	0.032	0.045	0.058	0.058	0.058	0.058	0.058	0.058	0.058	0.058	0.058	0.058	0.058	0.058	0.058	0.058	0.058	0.058	0.058	0.058	0.058	0.104	0.150	0.150	0.150	0.150	0.150	
0.032	0.032	0.045	0.058	0.058	0.058	0.058	0.058	0.058	0.058	0.058	0.058	0.058	0.058	0.058	0.058	0.058	0.058	0.058	0.058	0.058	0.104	0.104	0.150	0.150	0.150	0.150	0.150	
0.032	0.032	0.045	0.058	0.058	0.058	0.058	0.058	0.058	0.058	0.058	0.058	0.058	0.058	0.058	0.058	0.058	0.058	0.058	0.058	0.058	0.104	0.150	0.150	0.150	0.150	0.150	0.150	
0.032	0.032	0.045	0.045	0.058	0.058	0.058	0.058	0.058	0.058	0.058	0.058	0.058	0.058	0.058	0.058	0.058	0.058	0.058	0.058	0.058	0.104	0.150	0.150	0.150	0.150	0.150	0.150	
0.032	0.032	0.032	0.045	0.058	0.058	0.058	0.058	0.058	0.058	0.058	0.058	0.058	0.058	0.058	0.058	0.058	0.058	0.058	0.058	0.058	0.104	0.150	0.150	0.150	0.150	0.150	0.150	
0.032	0.032	0.032	0.045	0.058	0.058	0.058	0.058	0.058	0.058	0.058	0.058	0.058	0.058	0.058	0.058	0.058	0.058	0.058	0.058	0.058	0.104	0.150	0.150	0.150	0.150	0.150	0.150	
0.032	0.032	0.032	0.045	0.058	0.058	0.058	0.058	0.058	0.058	0.058	0.058	0.058	0.058	0.058	0.058	0.058	0.058	0.058	0.058	0.058	0.104	0.150	0.150	0.150	0.150	0.150	0.150	
0.032	0.032	0.032	0.045	0.045	0.058	0.058	0.058	0.058	0.058	0.058	0.058	0.058	0.058	0.058	0.058	0.058	0.058	0.058	0.058	0.104	0.104	0.150	0.150	0.150	0.150	0.150	0.150	
0.032	0.032	0.032	0.032	0.045	0.058	0.058	0.058	0.058	0.058	0.058	0.058	0.058	0.058	0.058	0.058	0.058	0.058	0.058	0.058	0.104	0.150	0.150	0.150	0.150	0.150	0.150	0.150	
0.032	0.032	0.032	0.032	0.045	0.058	0.058	0.058	0.058	0.058	0.058	0.058	0.058	0.058	0.058	0.058	0.058	0.058	0.058	0.058	0.104	0.150	0.150	0.150	0.150	0.150	0.150	0.150	
0.032	0.032	0.032	0.032	0.045	0.058	0.058	0.058	0.058	0.058	0.058	0.058	0.058	0.058	0.058	0.058	0.058	0.058	0.058	0.058	0.104	0.150	0.150	0.150	0.150	0.150	0.150	0.150	
0.032	0.032	0.032	0.032	0.045	0.045	0.058	0.058	0.058	0.058	0.058	0.058	0.058	0.058	0.058	0.058	0.058	0.058	0.058	0.058	0.104	0.150	0.150	0.150	0.150	0.150	0.150	0.150	
0.032	0.032	0.032	0.032	0.032	0.045	0.058	0.058	0.058	0.058	0.058	0.058	0.058	0.058	0.058	0.058	0.058	0.058	0.058	0.104	0.104	0.150	0.150	0.150	0.150	0.150	0.150	0.150	
0.032	0.032	0.032	0.032	0.032	0.045	0.058	0.058	0.058	0.058	0.058	0.058	0.058	0.058	0.058	0.058	0.058	0.058	0.058	0.104	0.150	0.150	0.150	0.150	0.150	0.150	0.150	0.150	
0.032	0.032	0.032	0.032	0.032	0.045	0.058	0.058	0.058	0.058	0.058	0.058	0.058	0.058	0.058	0.058	0.058	0.058	0.058	0.104	0.150	0.150	0.150	0.150	0.150	0.150	0.150	0.150	
0.032	0.032	0.032	0.032	0.032	0.045	0.045	0.058	0.058	0.058	0.058	0.058	0.058	0.058	0.058	0.058	0.058	0.058	0.058	0.104	0.150	0.150	0.150	0.150	0.150	0.150	0.150	0.150	
0.032	0.032	0.032	0.032	0.032	0.032	0.045	0.058	0.058	0.058	0.058	0.058	0.058	0.058	0.058	0.058	0.058	0.058	0.058	0.104	0.150	0.150	0.150	0.150	0.150	0.150	0.150	0.150	
0.032	0.032	0.032	0.032	0.032	0.032	0.045	0.058	0.058	0.058	0.058	0.058	0.058	0.058	0.058	0.058	0.058	0.058	0.104	0.104	0.150	0.150	0.150	0.150	0.150	0.150	0.150	0.150	
0.032	0.032	0.032	0.032	0.032	0.032	0.045	0.058	0.058	0.058	0.058	0.058	0.058	0.058	0.058	0.058	0.058	0.058	0.104	0.150	0.150	0.150	0.150	0.150	0.150	0.150	0.150	0.150	
0.032	0.032	0.032	0.032	0.032	0.032	0.045	0.058	0.058	0.058	0.058	0.058	0.058	0.058	0.058	0.058	0.058	0.058	0.104	0.150	0.150	0.150	0.150	0.150	0.150	0.150	0.150	0.150	
0.032	0.032	0.032	0.032	0.032	0.032	0.045	0.045	0.058	0.058	0.058	0.058	0.058	0.058	0.058	0.058	0.058	0.058	0.104	0.150	0.150	0.150	0.150	0.150	0.150	0.150	0.150	0.150	
0.032	0.032	0.032	0.032	0.032	0.032	0.032	0.045	0.058	0.058	0.058	0.058	0.058	0.058	0.058	0.058	0.058	0.058	0.104	0.150	0.150	0.150	0.150	0.150	0.150	0.150	0.150	0.150	
0.032	0.032	0.032	0.032	0.032	0.032	0.032	0.045	0.058	0.058	0.058	0.058	0.058	0.058	0.058	0.058	0.058	0.058	0.104	0.150	0.150	0.150	0.150	0.150	0.150	0.150	0.150	0.150	
0.032	0.032	0.032	0.032	0.032	0.032	0.032	0.045	0.058	0.058	0.058	0.058	0.058	0.058	0.058	0.058	0.058	0.104	0.104	0.150	0.150	0.150	0.150	0.150	0.150	0.150	0.150	0.150	
0.032	0.032	0.032	0.032	0.032	0.032	0.032	0.045	0.045	0.058	0.058	0.058	0.058	0.058	0.058	0.058	0.058	0.098	0.150	0.150	0.150	0.150	0.150	0.150	0.150	0.150	0.150	0.093	
0.032	0.032	0.032	0.032	0.032	0.032	0.032	0.032	0.045	0.058	0.058	0.058	0.058	0.058	0.058	0.058	0.058	0.098	0.150	0.150	0.150	0.150	0.150	0.150	0.150	0.150	0.150	0.093	
0.032	0.032	0.032	0.032	0.032	0.032	0.032	0.032	0.045	0.058	0.058	0.058	0.058	0.058	0.058	0.058	0.072	0.098	0.150	0.150	0.150	0.150	0.150	0.150	0.150	0.150	0.093	0.093	
0.032	0.032	0.032	0.032	0.032	0.032	0.032	0.032	0.045	0.058	0.058	0.058	0.058	0.058	0.058	0.058	0.072	0.118	0.150	0.150	0.150	0.150	0.150	0.150	0.150	0.093	0.093	0.036	
0.038	0.032	0.032	0.032	0.032	0.032	0.032	0.032	0.045	0.045	0.058	0.058	0.058	0.058	0.058	0.058	0.072	0.118	0.150	0.150	0.150	0.150	0.150	0.150	0.150	0.093	0.036	0.036	
0.038	0.038	0.032	0.032	0.032	0.032	0.032	0.032	0.032	0.045	0.058	0.058	0.058	0.058	0.058	0.072	0.072	0.118	0.150	0.150	0.150	0.150	0.150	0.150	0.093	0.093	0.036	0.036	
0.045	0.038	0.038	0.032	0.032	0.032	0.032	0.032	0.032	0.045	0.058	0.058	0.058	0.058	0.058	0.072	0.085	0.118	0.150	0.150	0.150	0.150	0.150	0.093	0.093	0.036	0.036	0.036	
0.045	0.045	0.038	0.038	0.032	0.032	0.032	0.032	0.032	0.054	0.066	0.058	0.058	0.058	0.072	0.072	0.085	0.118	0.150	0.150	0.150	0.150	0.093	0.093	0.036	0.036	0.036	0.036	
0.045	0.045	0.045	0.038	0.038	0.032	0.032	0.032	0.032	0.052	0.066	0.058	0.058	0.058	0.072	0.085	0.085	0.118	0.150	0.150	0.150	0.150	0.093	0.036	0.036	0.036	0.036	0.036	
0.045	0.045	0.045	0.045	0.038	0.038	0.032	0.032	0.032	0.052	0.066	0.066	0.058	0.058	0.072	0.085	0.085	0.118	0.150	0.150	0.150	0.093	0.093	0.036	0.036	0.036	0.036	0.039	
0.048	0.048	0.045	0.045	0.045	0.038	0.038	0.032	0.032	0.052	0.073	0.066	0.060	0.065	0.065	0.085	0.118	0.129	0.150	0.150	0.093	0.093	0.036	0.036	0.036	0.036	0.039	0.039	
0.051	0.048	0.048	0.045	0.045	0.045	0.038	0.038	0.046	0.055	0.073	0.061	0.061	0.050	0.063	0.097	0.118	0.151	0.151	0.150	0.093	0.036	0.036	0.036	0.039	0.039	0.039	0.041	
0.051	0.051	0.048	0.048	0.045	0.045	0.045	0.046	0.046	0.078	0.086	0.074	0.075	0.052	0.052	0.103	0.103	0.151	0.105	0.082	0.067	0.036	0.036	0.039	0.039	0.041	0.041	0.041	
0.056	0.051	0.051	0.048	0.048	0.048	0.053	0.055	0.061	0.080	0.100	0.100	0.080	0.064	0.072	0.096	0.115	0.101	0.083	0.014	0.024	0.029	0.039	0.039	0.041	0.041	0.041	0.051	
0.056	0.056	0.051	0.051	0.051	0.052	0.053	0.061	0.062	0.075	0.100	0.108	0.113	0.100	0.085	0.101	0.139	0.058	0.018	0.020	0.018	0.033	0.033	0.041	0.041	0.051	0.051	0.051	
0.061	0.056	0.056	0.056	0.051	0.061	0.065	0.070	0.068	0.063	0.100	0.136	0.113	0.112	0.110	0.125	0.124	0.090	0.022	0.038	0.022	0.041	0.041	0.051	0.051	0.051	0.060	0.060	
0.061	0.061	0.061	0.056	0.061	0.060	0.065	0.070	0.072	0.078	0.097	0.152	0.182	0.141	0.165	0.145	0.145	0.066	0.067	0.038	0.051	0.041	0.051	0.054	0.060	0.060	0.060	0.060	
0.061	0.061	0.061	0.061	0.065	0.070	0.070	0.075	0.080	0.085	0.091	0.152	0.228	0.228	0.220	0.220	0.165	0.110	0.090	0.070	0.065	0.060	0.060	0.060	0.060	0.060	0.060	0.060	
0.000	0.000	0.000	0.000	0.070	0.070	0.070	0.070	0.000	0.000	0.000	0.000	0.228	0.575	0.571	0.220	0.000	0.110	0.090	0.070	0.065	0.060	0.060	0.060	0.000	0.000	0.000	0.000	
0.000	0.000	0.000	0.000	0.000	0.000	0.000	0.000	0.000	0.000	0.000	0.000	0.575	0.575	0.571	0.571	0.000	0.000	0.000	0.000	0.000	0.000	0.000	0.000	0.000	0.000	0.000	0.000	
0.000	0.000	0.000	0.000	0.000	0.000	0.000	0.000	0.000	0.000	0.000	0.000	0.922	0.922	0.922	0.922	0.000	0.000	0.000	0.000	0.000	0.000	0.000	0.000	0.000	0.000	0.000	0.000	
0.000	0.000	0.000	0.000	0.000	0.000	0.000	0.000	0.000	0.000	0.000	0.000	0.922	0.922	0.922	0.922	0.000	0.000	0.000	0.000	0.000	0.000	0.000	0.000	0.000	0.000	0.000	0.000	
0.000	0.000	0.000	0.000	0.000	0.000	0.000	0.000	0.000	0.000	0.000	0.000	0.922	0.922	0.922	0.922	0.000	0.000	0.000	0.000	0.000	0.000	0.000	0.000	0.000	0.000	0.000	0.000	
