0.242	0.242	0.242	0.242	0.242	0.242	0.242	0.242	0.242	0.242	0.242	0.242	0.242	0.242	0.242	0.242	0.242	0.242	0.242	0.242	0.242	0.242	0.242	0.242	0.242	0.242	0.242	0.200	
0.242	0.242	0.242	0.242	0.242	0.242	0.242	0.242	0.242	0.242	0.242	0.242	0.242	0.242	0.242	0.242	0.242	0.242	0.242	0.242	0.242	0.242	0.242	0.242	0.242	0.242	0.200	0.200	
0.242	0.242	0.242	0.242	0.242	0.242	0.242	0.242	0.242	0.242	0.242	0.242	0.242	0.242	0.242	0.242	0.242	0.242	0.242	0.242	0.242	0.242	0.242	0.242	0.242	0.242	0.200	0.158	
0.242	0.242	0.242	0.242	0.242	0.242	0.242	0.242	0.242	0.242	0.242	0.242	0.242	0.242	0.242	0.242	0.242	0.242	0.242	0.242	0.242	0.242	0.242	0.242	0.242	0.242	0.200	0.158	
0.242	0.242	0.242	0.242	0.242	0.242	0.242	0.242	0.242	0.242	0.242	0.242	0.242	0.242	0.242	0.242	0.242	0.242	0.242	0.242	0.242	0.242	0.242	0.242	0.242	0.200	0.200	0.158	
0.242	0.242	0.242	0.242	0.242	0.242	0.242	0.242	0.242	0.242	0.242	0.242	0.242	0.242	0.242	0.242	0.242	0.242	0.242	0.242	0.242	0.242	0.242	0.242	0.242	0.200	0.158	0.158	
0.242	0.242	0.242	0.242	0.242	0.242	0.242	0.242	0.242	0.242	0.242	0.242	0.242	0.242	0.242	0.242	0.242	0.242	0.242	0.242	0.242	0.242	0.242	0.242	0.242	0.200	0.158	0.158	
0.242	0.242	0.242	0.242	0.242	0.242	0.242	0.242	0.242	0.242	0.242	0.242	0.242	0.242	0.242	0.242	0.242	0.242	0.242	0.242	0.242	0.242	0.242	0.242	0.242	0.200	0.158	0.158	
0.242	0.242	0.242	0.242	0.242	0.242	0.242	0.242	0.242	0.242	0.242	0.242	0.242	0.242	0.242	0.242	0.242	0.242	0.242	0.242	0.242	0.242	0.242	0.242	0.200	0.200	0.158	0.158	
0.242	0.242	0.242	0.242	0.242	0.242	0.242	0.242	0.242	0.242	0.242	0.242	0.242	0.242	0.242	0.242	0.242	0.242	0.242	0.242	0.242	0.242	0.242	0.242	0.200	0.158	0.158	0.158	
0.242	0.242	0.242	0.242	0.242	0.242	0.242	0.242	0.242	0.242	0.242	0.242	0.242	0.242	0.242	0.242	0.242	0.242	0.242	0.242	0.242	0.242	0.242	0.242	0.200	0.158	0.158	0.158	
0.242	0.242	0.242	0.242	0.242	0.242	0.242	0.242	0.242	0.242	0.242	0.242	0.242	0.242	0.242	0.242	0.242	0.242	0.242	0.242	0.242	0.242	0.242	0.200	0.200	0.158	0.158	0.158	
0.242	0.242	0.242	0.242	0.242	0.242	0.242	0.242	0.242	0.242	0.242	0.242	0.242	0.242	0.242	0.242	0.242	0.242	0.242	0.242	0.242	0.242	0.242	0.200	0.158	0.158	0.158	0.158	
0.242	0.242	0.242	0.242	0.242	0.242	0.242	0.242	0.242	0.242	0.242	0.242	0.242	0.242	0.242	0.242	0.242	0.242	0.242	0.242	0.242	0.242	0.242	0.200	0.158	0.158	0.158	0.158	
0.242	0.242	0.242	0.242	0.242	0.242	0.242	0.242	0.242	0.242	0.242	0.242	0.242	0.242	0.242	0.242	0.242	0.242	0.242	0.242	0.242	0.242	0.242	0.200	0.158	0.158	0.158	0.158	
0.242	0.242	0.242	0.242	0.242	0.242	0.242	0.242	0.242	0.242	0.242	0.242	0.242	0.242	0.242	0.242	0.242	0.242	0.242	0.242	0.242	0.242	0.200	0.200	0.158	0.158	0.158	0.158	
0.242	0.242	0.242	0.242	0.242	0.242	0.242	0.242	0.242	0.242	0.242	0.242	0.242	0.242	0.242	0.242	0.242	0.242	0.242	0.242	0.242	0.242	0.200	0.158	0.158	0.158	0.158	0.158	
0.242	0.242	0.242	0.242	0.242	0.242	0.242	0.242	0.242	0.242	0.242	0.242	0.242	0.242	0.242	0.242	0.242	0.242	0.242	0.242	0.242	0.242	0.200	0.158	0.158	0.158	0.158	0.158	
0.178	0.242	0.242	0.242	0.242	0.242	0.242	0.242	0.242	0.242	0.242	0.242	0.242	0.242	0.242	0.242	0.242	0.242	0.242	0.242	0.242	0.200	0.200	0.158	0.158	0.158	0.158	0.158	
0.178	0.242	0.242	0.242	0.242	0.242	0.242	0.242	0.242	0.242	0.242	0.242	0.242	0.242	0.242	0.242	0.242	0.242	0.242	0.242	0.242	0.200	0.158	0.158	0.158	0.158	0.158	0.158	
0.178	0.178	0.242	0.242	0.242	0.242	0.242	0.242	0.242	0.242	0.242	0.242	0.242	0.242	0.242	0.242	0.242	0.242	0.242	0.242	0.242	0.200	0.158	0.158	0.158	0.158	0.158	0.158	
0.114	0.178	0.242	0.242	0.242	0.242	0.242	0.242	0.242	0.242	0.242	0.242	0.242	0.242	0.242	0.242	0.242	0.242	0.242	0.242	0.200	0.200	0.158	0.158	0.158	0.158	0.158	0.158	
0.114	0.178	0.242	0.242	0.242	0.242	0.242	0.242	0.242	0.242	0.242	0.242	0.242	0.242	0.242	0.242	0.242	0.242	0.242	0.242	0.200	0.158	0.158	0.158	0.158	0.158	0.158	0.158	
0.114	0.178	0.178	0.242	0.242	0.242	0.242	0.242	0.242	0.242	0.242	0.242	0.242	0.242	0.242	0.242	0.242	0.242	0.242	0.242	0.200	0.158	0.158	0.158	0.158	0.158	0.158	0.158	
0.114	0.114	0.178	0.242	0.242	0.242	0.242	0.242	0.242	0.242	0.242	0.242	0.242	0.242	0.242	0.242	0.242	0.242	0.242	0.242	0.200	0.158	0.158	0.158	0.158	0.158	0.158	0.158	
0.114	0.114	0.178	0.178	0.242	0.242	0.242	0.242	0.242	0.242	0.242	0.242	0.242	0.242	0.242	0.242	0.242	0.242	0.242	0.200	0.200	0.158	0.158	0.158	0.158	0.158	0.158	0.158	
0.114	0.114	0.114	0.152	0.242	0.242	0.242	0.242	0.242	0.242	0.242	0.242	0.242	0.242	0.242	0.242	0.242	0.242	0.242	0.200	0.158	0.158	0.158	0.158	0.158	0.158	0.158	0.158	
0.114	0.114	0.114	0.152	0.152	0.242	0.242	0.242	0.242	0.242	0.242	0.242	0.242	0.242	0.242	0.242	0.242	0.242	0.242	0.200	0.158	0.158	0.158	0.158	0.158	0.158	0.158	0.158	
0.114	0.114	0.114	0.114	0.152	0.170	0.242	0.242	0.242	0.242	0.242	0.242	0.242	0.242	0.242	0.242	0.242	0.242	0.200	0.200	0.158	0.158	0.158	0.158	0.158	0.158	0.158	0.158	
0.114	0.114	0.114	0.114	0.106	0.170	0.242	0.242	0.242	0.242	0.242	0.242	0.242	0.242	0.242	0.242	0.242	0.242	0.200	0.158	0.158	0.158	0.158	0.158	0.158	0.158	0.158	0.158	
0.142	0.114	0.114	0.114	0.106	0.152	0.170	0.242	0.242	0.242	0.242	0.242	0.242	0.242	0.242	0.242	0.242	0.242	0.200	0.158	0.158	0.158	0.158	0.158	0.158	0.158	0.158	0.158	
0.142	0.114	0.114	0.114	0.114	0.106	0.170	0.242	0.242	0.242	0.242	0.242	0.242	0.242	0.242	0.242	0.242	0.200	0.200	0.158	0.158	0.158	0.158	0.158	0.158	0.158	0.158	0.158	
0.142	0.142	0.114	0.114	0.114	0.106	0.170	0.170	0.242	0.242	0.242	0.242	0.242	0.242	0.242	0.242	0.242	0.200	0.158	0.158	0.158	0.158	0.158	0.158	0.158	0.158	0.158	0.187	
0.170	0.142	0.114	0.114	0.114	0.106	0.106	0.170	0.170	0.242	0.242	0.242	0.242	0.242	0.242	0.242	0.242	0.200	0.158	0.158	0.158	0.158	0.158	0.158	0.158	0.158	0.158	0.187	
0.170	0.142	0.142	0.114	0.114	0.114	0.106	0.098	0.170	0.242	0.242	0.242	0.242	0.242	0.242	0.242	0.242	0.200	0.158	0.158	0.158	0.158	0.158	0.158	0.158	0.158	0.187	0.187	
0.170	0.170	0.142	0.114	0.114	0.114	0.106	0.106	0.170	0.170	0.242	0.242	0.242	0.242	0.242	0.242	0.200	0.200	0.158	0.158	0.158	0.158	0.158	0.158	0.158	0.187	0.187	0.215	
0.170	0.170	0.142	0.142	0.114	0.114	0.114	0.106	0.098	0.170	0.242	0.242	0.242	0.242	0.242	0.242	0.200	0.158	0.158	0.158	0.158	0.158	0.158	0.158	0.158	0.187	0.215	0.215	
0.170	0.170	0.170	0.142	0.114	0.114	0.114	0.106	0.098	0.170	0.170	0.242	0.242	0.242	0.242	0.177	0.171	0.158	0.158	0.158	0.158	0.158	0.158	0.158	0.187	0.187	0.215	0.215	
0.170	0.170	0.170	0.142	0.142	0.114	0.114	0.106	0.106	0.098	0.170	0.242	0.242	0.242	0.242	0.177	0.135	0.158	0.158	0.158	0.158	0.158	0.158	0.178	0.187	0.215	0.215	0.215	
0.170	0.170	0.170	0.170	0.142	0.142	0.114	0.114	0.106	0.098	0.170	0.170	0.242	0.242	0.177	0.177	0.135	0.158	0.158	0.158	0.158	0.158	0.159	0.178	0.215	0.215	0.215	0.215	
0.170	0.170	0.170	0.170	0.170	0.142	0.114	0.114	0.106	0.098	0.098	0.164	0.196	0.168	0.177	0.112	0.135	0.158	0.158	0.158	0.159	0.159	0.159	0.188	0.215	0.215	0.215	0.215	
0.170	0.170	0.170	0.170	0.170	0.142	0.142	0.114	0.108	0.108	0.120	0.120	0.150	0.131	0.131	0.112	0.154	0.154	0.175	0.159	0.159	0.160	0.188	0.188	0.215	0.215	0.215	0.215	
0.170	0.170	0.170	0.170	0.170	0.170	0.135	0.118	0.115	0.110	0.110	0.121	0.138	0.138	0.122	0.106	0.135	0.192	0.175	0.170	0.160	0.160	0.188	0.215	0.215	0.215	0.215	0.215	
0.125	0.125	0.170	0.170	0.170	0.154	0.146	0.122	0.116	0.110	0.107	0.121	0.126	0.125	0.113	0.100	0.146	0.146	0.192	0.135	0.160	0.160	0.188	0.215	0.215	0.215	0.215	0.215	
0.080	0.125	0.140	0.140	0.171	0.154	0.138	0.122	0.092	0.076	0.085	0.103	0.113	0.118	0.109	0.100	0.102	0.132	0.117	0.135	0.109	0.163	0.163	0.215	0.215	0.215	0.215	0.215	
0.080	0.080	0.080	0.126	0.126	0.171	0.138	0.121	0.095	0.042	0.079	0.097	0.101	0.110	0.105	0.100	0.102	0.104	0.079	0.054	0.084	0.114	0.150	0.150	0.168	0.168	0.215	0.163	
0.100	0.080	0.080	0.080	0.126	0.118	0.131	0.121	0.066	0.056	0.056	0.091	0.100	0.084	0.090	0.086	0.078	0.070	0.065	0.044	0.070	0.078	0.117	0.120	0.120	0.148	0.148	0.163	
0.100	0.100	0.100	0.080	0.090	0.090	0.111	0.072	0.062	0.036	0.065	0.106	0.095	0.084	0.077	0.086	0.053	0.036	0.023	0.029	0.041	0.081	0.095	0.120	0.115	0.115	0.110	0.110	
0.120	0.120	0.100	0.097	0.085	0.095	0.065	0.065	0.033	0.025	0.056	0.066	0.072	0.047	0.055	0.040	0.040	0.025	0.023	0.026	0.034	0.046	0.085	0.093	0.115	0.110	0.110	0.110	
0.120	0.120	0.120	0.105	0.090	0.095	0.073	0.030	0.030	0.020	0.010	0.056	0.079	0.043	0.047	0.040	0.025	0.014	0.010	0.010	0.034	0.050	0.050	0.080	0.110	0.110	0.110	0.110	
0.000	0.000	0.000	0.000	0.000	0.000	0.000	0.000	0.000	0.000	0.000	0.000	0.036	0.036	0.036	0.036	0.000	0.000	0.010	0.010	0.010	0.000	0.000	0.000	0.000	0.000	0.000	0.000	
0.000	0.000	0.000	0.000	0.000	0.000	0.000	0.000	0.000	0.000	0.000	0.000	0.036	0.036	0.036	0.036	0.000	0.000	0.000	0.000	0.000	0.000	0.000	0.000	0.000	0.000	0.000	0.000	
0.000	0.000	0.000	0.000	0.000	0.000	0.000	0.000	0.000	0.000	0.000	0.000	0.036	0.036	0.036	0.036	0.000	0.000	0.000	0.000	0.000	0.000	0.000	0.000	0.000	0.000	0.000	0.000	
0.000	0.000	0.000	0.000	0.000	0.000	0.000	0.000	0.000	0.000	0.000	0.000	0.036	0.036	0.036	0.036	0.000	0.000	0.000	0.000	0.000	0.000	0.000	0.000	0.000	0.000	0.000	0.000	
0.000	0.000	0.000	0.000	0.000	0.000	0.000	0.000	0.000	0.000	0.000	0.000	0.036	0.036	0.036	0.036	0.000	0.000	0.000	0.000	0.000	0.000	0.000	0.000	0.000	0.000	0.000	0.000	
