0.100	0.100	0.100	0.100	0.100	0.100	0.100	0.100	0.100	0.133	0.166	0.166	0.166	0.166	0.166	0.166	0.124	0.045	0.045	0.045	0.045	0.045	0.045	0.045	0.045	0.045	0.045	0.045	
0.100	0.100	0.100	0.100	0.100	0.100	0.100	0.100	0.100	0.133	0.166	0.166	0.166	0.166	0.166	0.166	0.124	0.045	0.045	0.045	0.045	0.045	0.045	0.045	0.045	0.045	0.045	0.045	
0.100	0.100	0.100	0.100	0.100	0.100	0.100	0.100	0.100	0.133	0.166	0.166	0.166	0.166	0.166	0.166	0.124	0.045	0.045	0.045	0.045	0.045	0.045	0.045	0.045	0.045	0.045	0.045	
0.100	0.100	0.100	0.100	0.100	0.100	0.100	0.100	0.100	0.133	0.166	0.166	0.166	0.166	0.166	0.166	0.124	0.045	0.045	0.045	0.045	0.045	0.045	0.045	0.045	0.045	0.045	0.045	
0.100	0.100	0.100	0.100	0.100	0.100	0.100	0.100	0.100	0.133	0.166	0.166	0.166	0.166	0.166	0.166	0.124	0.045	0.045	0.045	0.045	0.045	0.045	0.045	0.045	0.045	0.045	0.045	
0.100	0.100	0.100	0.100	0.100	0.100	0.100	0.100	0.100	0.133	0.166	0.166	0.166	0.166	0.166	0.166	0.124	0.045	0.045	0.045	0.045	0.045	0.045	0.045	0.045	0.045	0.045	0.045	
0.100	0.100	0.100	0.100	0.100	0.100	0.100	0.100	0.100	0.133	0.166	0.166	0.166	0.166	0.166	0.166	0.124	0.045	0.045	0.045	0.045	0.045	0.045	0.045	0.045	0.045	0.045	0.045	
0.100	0.100	0.100	0.100	0.100	0.100	0.100	0.100	0.100	0.133	0.166	0.166	0.166	0.166	0.166	0.166	0.124	0.045	0.045	0.045	0.045	0.045	0.045	0.045	0.045	0.045	0.045	0.045	
0.100	0.100	0.100	0.100	0.100	0.100	0.100	0.100	0.100	0.133	0.166	0.166	0.166	0.166	0.166	0.166	0.124	0.045	0.045	0.045	0.045	0.045	0.045	0.045	0.045	0.045	0.045	0.045	
0.100	0.100	0.100	0.100	0.100	0.100	0.100	0.100	0.100	0.133	0.166	0.166	0.166	0.166	0.166	0.166	0.124	0.045	0.045	0.045	0.045	0.045	0.045	0.045	0.045	0.045	0.045	0.045	
0.100	0.100	0.100	0.100	0.100	0.100	0.100	0.100	0.100	0.133	0.166	0.166	0.166	0.166	0.166	0.166	0.124	0.045	0.045	0.045	0.045	0.045	0.045	0.045	0.045	0.045	0.045	0.045	
0.100	0.100	0.100	0.100	0.100	0.100	0.100	0.100	0.100	0.133	0.166	0.166	0.166	0.166	0.166	0.163	0.124	0.045	0.045	0.045	0.045	0.045	0.045	0.045	0.045	0.045	0.045	0.045	
0.100	0.100	0.100	0.100	0.100	0.100	0.100	0.100	0.100	0.133	0.166	0.166	0.166	0.166	0.166	0.163	0.103	0.045	0.045	0.045	0.045	0.045	0.045	0.045	0.045	0.045	0.045	0.045	
0.100	0.100	0.100	0.100	0.100	0.100	0.100	0.100	0.100	0.133	0.166	0.166	0.166	0.166	0.166	0.163	0.103	0.045	0.045	0.045	0.045	0.045	0.045	0.045	0.045	0.045	0.045	0.045	
0.100	0.100	0.100	0.100	0.100	0.100	0.100	0.100	0.100	0.133	0.166	0.166	0.166	0.166	0.166	0.163	0.103	0.045	0.045	0.045	0.045	0.045	0.045	0.045	0.045	0.045	0.045	0.045	
0.100	0.100	0.100	0.100	0.100	0.100	0.100	0.100	0.100	0.133	0.166	0.166	0.166	0.166	0.166	0.163	0.103	0.045	0.045	0.045	0.045	0.045	0.045	0.045	0.045	0.045	0.045	0.045	
0.100	0.100	0.100	0.100	0.100	0.100	0.100	0.100	0.100	0.133	0.166	0.166	0.166	0.166	0.166	0.163	0.103	0.045	0.045	0.045	0.045	0.045	0.045	0.045	0.045	0.045	0.045	0.045	
0.100	0.100	0.100	0.100	0.100	0.100	0.100	0.100	0.100	0.133	0.166	0.166	0.166	0.166	0.166	0.163	0.103	0.045	0.045	0.045	0.045	0.045	0.045	0.045	0.045	0.045	0.045	0.045	
0.100	0.100	0.100	0.100	0.100	0.100	0.100	0.100	0.100	0.133	0.133	0.166	0.166	0.166	0.166	0.163	0.103	0.045	0.045	0.045	0.045	0.045	0.045	0.045	0.045	0.045	0.045	0.045	
0.100	0.100	0.100	0.100	0.100	0.100	0.100	0.100	0.100	0.100	0.133	0.166	0.166	0.166	0.166	0.163	0.103	0.045	0.045	0.045	0.045	0.045	0.045	0.045	0.045	0.045	0.045	0.045	
0.100	0.100	0.100	0.100	0.100	0.100	0.100	0.100	0.100	0.100	0.133	0.166	0.166	0.166	0.166	0.163	0.103	0.045	0.045	0.045	0.045	0.045	0.045	0.045	0.045	0.045	0.045	0.045	
0.100	0.100	0.100	0.100	0.100	0.100	0.100	0.100	0.100	0.100	0.133	0.166	0.166	0.166	0.166	0.163	0.103	0.045	0.045	0.045	0.045	0.045	0.045	0.045	0.045	0.045	0.045	0.045	
0.100	0.100	0.100	0.100	0.100	0.100	0.100	0.100	0.100	0.100	0.133	0.166	0.166	0.166	0.166	0.163	0.103	0.045	0.045	0.045	0.045	0.045	0.045	0.045	0.045	0.045	0.045	0.045	
0.100	0.100	0.100	0.100	0.100	0.100	0.100	0.100	0.100	0.100	0.133	0.166	0.166	0.166	0.166	0.163	0.103	0.045	0.045	0.045	0.045	0.045	0.045	0.045	0.045	0.045	0.045	0.045	
0.100	0.100	0.100	0.100	0.100	0.100	0.100	0.100	0.100	0.100	0.133	0.166	0.166	0.166	0.166	0.163	0.103	0.045	0.045	0.045	0.045	0.045	0.045	0.045	0.045	0.045	0.045	0.045	
0.100	0.100	0.100	0.100	0.100	0.100	0.100	0.100	0.100	0.100	0.133	0.166	0.166	0.166	0.166	0.163	0.103	0.045	0.045	0.045	0.045	0.045	0.045	0.045	0.045	0.045	0.045	0.045	
0.100	0.100	0.100	0.100	0.100	0.100	0.100	0.100	0.100	0.100	0.133	0.166	0.166	0.166	0.166	0.163	0.103	0.045	0.045	0.045	0.045	0.045	0.045	0.045	0.045	0.045	0.045	0.045	
0.100	0.100	0.100	0.100	0.100	0.100	0.100	0.100	0.100	0.100	0.133	0.166	0.166	0.166	0.166	0.163	0.103	0.045	0.045	0.045	0.045	0.045	0.045	0.045	0.045	0.045	0.045	0.045	
0.100	0.100	0.100	0.100	0.100	0.100	0.100	0.100	0.100	0.100	0.133	0.166	0.166	0.166	0.166	0.163	0.103	0.045	0.045	0.045	0.045	0.045	0.045	0.045	0.045	0.045	0.045	0.045	
0.100	0.100	0.100	0.100	0.100	0.100	0.100	0.100	0.100	0.100	0.133	0.166	0.166	0.166	0.163	0.163	0.103	0.045	0.045	0.045	0.045	0.045	0.045	0.045	0.045	0.045	0.045	0.045	
0.100	0.100	0.100	0.100	0.100	0.100	0.100	0.100	0.100	0.100	0.133	0.166	0.166	0.166	0.163	0.161	0.103	0.045	0.045	0.045	0.045	0.045	0.045	0.045	0.045	0.045	0.045	0.045	
0.100	0.100	0.100	0.100	0.100	0.100	0.100	0.100	0.100	0.100	0.133	0.166	0.166	0.166	0.163	0.161	0.103	0.045	0.045	0.045	0.045	0.045	0.045	0.045	0.045	0.045	0.045	0.045	
0.061	0.100	0.100	0.100	0.100	0.100	0.100	0.100	0.100	0.100	0.133	0.166	0.166	0.166	0.163	0.161	0.103	0.045	0.045	0.045	0.045	0.045	0.045	0.045	0.045	0.045	0.045	0.045	
0.061	0.100	0.100	0.100	0.100	0.100	0.100	0.100	0.100	0.100	0.133	0.166	0.166	0.166	0.163	0.161	0.103	0.045	0.045	0.045	0.045	0.045	0.045	0.045	0.045	0.045	0.045	0.043	
0.061	0.061	0.100	0.100	0.100	0.100	0.100	0.100	0.100	0.100	0.133	0.166	0.166	0.166	0.163	0.161	0.103	0.045	0.045	0.045	0.045	0.045	0.045	0.045	0.045	0.045	0.045	0.043	
0.022	0.061	0.061	0.100	0.100	0.100	0.100	0.100	0.100	0.100	0.133	0.166	0.166	0.166	0.163	0.161	0.103	0.045	0.045	0.045	0.045	0.045	0.045	0.045	0.045	0.045	0.043	0.043	
0.022	0.022	0.061	0.100	0.100	0.100	0.100	0.100	0.100	0.100	0.133	0.166	0.166	0.166	0.163	0.161	0.103	0.045	0.045	0.045	0.045	0.045	0.045	0.045	0.045	0.043	0.043	0.041	
0.022	0.022	0.061	0.061	0.100	0.100	0.100	0.100	0.100	0.100	0.133	0.133	0.166	0.166	0.163	0.161	0.103	0.045	0.045	0.045	0.045	0.045	0.045	0.045	0.045	0.043	0.041	0.041	
0.022	0.022	0.022	0.061	0.061	0.100	0.100	0.100	0.100	0.100	0.100	0.133	0.166	0.166	0.163	0.161	0.103	0.045	0.045	0.045	0.045	0.045	0.045	0.045	0.043	0.043	0.041	0.041	
0.022	0.022	0.022	0.022	0.061	0.100	0.100	0.100	0.100	0.100	0.100	0.133	0.166	0.166	0.163	0.161	0.103	0.045	0.045	0.045	0.045	0.045	0.045	0.043	0.043	0.041	0.041	0.041	
0.022	0.022	0.022	0.022	0.061	0.061	0.100	0.100	0.100	0.100	0.100	0.133	0.166	0.166	0.163	0.161	0.103	0.045	0.045	0.045	0.045	0.045	0.043	0.043	0.041	0.041	0.041	0.041	
0.022	0.022	0.022	0.022	0.022	0.061	0.061	0.100	0.100	0.100	0.100	0.133	0.166	0.166	0.163	0.161	0.103	0.045	0.045	0.045	0.045	0.045	0.043	0.041	0.041	0.041	0.041	0.041	
0.022	0.022	0.022	0.022	0.022	0.022	0.061	0.100	0.100	0.100	0.100	0.133	0.166	0.166	0.163	0.161	0.103	0.045	0.045	0.045	0.045	0.043	0.043	0.041	0.041	0.041	0.041	0.041	
0.022	0.022	0.022	0.022	0.022	0.022	0.061	0.061	0.100	0.100	0.100	0.133	0.166	0.166	0.163	0.161	0.103	0.045	0.045	0.045	0.043	0.043	0.041	0.041	0.041	0.041	0.041	0.041	
0.016	0.022	0.022	0.022	0.022	0.022	0.022	0.061	0.061	0.100	0.100	0.133	0.166	0.166	0.163	0.161	0.103	0.045	0.045	0.045	0.043	0.041	0.041	0.041	0.041	0.041	0.041	0.041	
0.016	0.016	0.016	0.022	0.022	0.022	0.022	0.022	0.056	0.073	0.111	0.129	0.144	0.189	0.180	0.165	0.109	0.073	0.049	0.047	0.043	0.041	0.041	0.041	0.041	0.041	0.041	0.041	
0.010	0.010	0.016	0.016	0.016	0.022	0.022	0.022	0.034	0.045	0.089	0.122	0.166	0.189	0.212	0.165	0.121	0.073	0.054	0.048	0.041	0.041	0.041	0.041	0.041	0.041	0.040	0.040	
0.010	0.010	0.010	0.010	0.016	0.016	0.016	0.022	0.030	0.045	0.072	0.086	0.167	0.167	0.166	0.166	0.121	0.066	0.054	0.042	0.036	0.041	0.041	0.041	0.040	0.040	0.040	0.040	
0.010	0.010	0.010	0.010	0.010	0.010	0.016	0.018	0.034	0.039	0.047	0.086	0.151	0.205	0.150	0.087	0.072	0.066	0.035	0.042	0.037	0.041	0.040	0.040	0.040	0.040	0.040	0.040	
0.010	0.010	0.010	0.010	0.010	0.010	0.010	0.016	0.022	0.036	0.050	0.166	0.166	0.282	0.117	0.069	0.069	0.022	0.026	0.030	0.035	0.040	0.040	0.040	0.040	0.040	0.040	0.040	
0.010	0.010	0.010	0.010	0.010	0.010	0.010	0.016	0.022	0.022	0.000	0.166	0.282	0.282	0.117	0.117	0.069	0.022	0.022	0.000	0.000	0.000	0.000	0.000	0.000	0.000	0.000	0.000	
0.000	0.000	0.000	0.000	0.000	0.000	0.000	0.000	0.000	0.000	0.000	0.000	0.632	0.632	0.549	0.549	0.000	0.000	0.000	0.000	0.000	0.000	0.000	0.000	0.000	0.000	0.000	0.000	
0.000	0.000	0.000	0.000	0.000	0.000	0.000	0.000	0.000	0.000	0.000	0.000	0.982	0.982	0.982	0.982	0.000	0.000	0.000	0.000	0.000	0.000	0.000	0.000	0.000	0.000	0.000	0.000	
0.000	0.000	0.000	0.000	0.000	0.000	0.000	0.000	0.000	0.000	0.000	0.000	0.982	0.982	0.982	0.982	0.000	0.000	0.000	0.000	0.000	0.000	0.000	0.000	0.000	0.000	0.000	0.000	
0.000	0.000	0.000	0.000	0.000	0.000	0.000	0.000	0.000	0.000	0.000	0.000	0.982	0.982	0.982	0.982	0.000	0.000	0.000	0.000	0.000	0.000	0.000	0.000	0.000	0.000	0.000	0.000	
