0.078	0.078	0.078	0.078	0.078	0.078	0.078	0.078	0.078	0.078	0.078	0.088	0.098	0.098	0.098	0.098	0.098	0.098	0.098	0.098	0.098	0.099	0.099	0.100	0.100	0.100	0.100	0.100	
0.078	0.078	0.078	0.078	0.078	0.078	0.078	0.078	0.078	0.078	0.078	0.088	0.098	0.098	0.098	0.098	0.098	0.098	0.098	0.098	0.098	0.099	0.100	0.100	0.100	0.100	0.100	0.100	
0.078	0.078	0.078	0.078	0.078	0.078	0.078	0.078	0.078	0.078	0.078	0.088	0.098	0.098	0.098	0.098	0.098	0.098	0.098	0.098	0.098	0.099	0.100	0.100	0.100	0.100	0.100	0.100	
0.078	0.078	0.078	0.078	0.078	0.078	0.078	0.078	0.078	0.078	0.078	0.088	0.098	0.098	0.098	0.098	0.098	0.098	0.098	0.098	0.098	0.099	0.100	0.100	0.100	0.100	0.100	0.100	
0.078	0.078	0.078	0.078	0.078	0.078	0.078	0.078	0.078	0.078	0.078	0.088	0.098	0.098	0.098	0.098	0.098	0.098	0.098	0.098	0.098	0.099	0.100	0.100	0.100	0.100	0.100	0.100	
0.078	0.078	0.078	0.078	0.078	0.078	0.078	0.078	0.078	0.078	0.078	0.088	0.098	0.098	0.098	0.098	0.098	0.098	0.098	0.098	0.098	0.099	0.100	0.100	0.100	0.100	0.100	0.100	
0.078	0.078	0.078	0.078	0.078	0.078	0.078	0.078	0.078	0.078	0.078	0.088	0.098	0.098	0.098	0.098	0.098	0.098	0.098	0.098	0.098	0.099	0.100	0.100	0.100	0.100	0.100	0.100	
0.078	0.078	0.078	0.078	0.078	0.078	0.078	0.078	0.078	0.078	0.078	0.088	0.098	0.098	0.098	0.098	0.098	0.098	0.098	0.098	0.098	0.099	0.100	0.100	0.100	0.100	0.100	0.100	
0.078	0.078	0.078	0.078	0.078	0.078	0.078	0.078	0.078	0.078	0.078	0.088	0.098	0.098	0.098	0.098	0.098	0.098	0.098	0.098	0.099	0.099	0.100	0.100	0.100	0.100	0.100	0.100	
0.078	0.078	0.078	0.078	0.078	0.078	0.078	0.078	0.078	0.078	0.078	0.088	0.098	0.098	0.098	0.098	0.098	0.098	0.098	0.098	0.099	0.100	0.100	0.100	0.100	0.100	0.100	0.100	
0.078	0.078	0.078	0.078	0.078	0.078	0.078	0.078	0.078	0.078	0.078	0.088	0.098	0.098	0.098	0.098	0.098	0.098	0.098	0.098	0.099	0.100	0.100	0.100	0.100	0.100	0.100	0.100	
0.078	0.078	0.078	0.078	0.078	0.078	0.078	0.078	0.078	0.078	0.078	0.088	0.098	0.098	0.098	0.098	0.098	0.098	0.098	0.098	0.099	0.100	0.100	0.100	0.100	0.100	0.100	0.100	
0.078	0.078	0.078	0.078	0.078	0.078	0.078	0.078	0.078	0.078	0.078	0.088	0.098	0.098	0.098	0.098	0.098	0.098	0.098	0.098	0.099	0.100	0.100	0.100	0.100	0.100	0.100	0.100	
0.078	0.078	0.078	0.078	0.078	0.078	0.078	0.078	0.078	0.078	0.078	0.088	0.098	0.098	0.098	0.098	0.098	0.098	0.098	0.098	0.099	0.100	0.100	0.100	0.100	0.100	0.100	0.100	
0.078	0.078	0.078	0.078	0.078	0.078	0.078	0.078	0.078	0.078	0.078	0.088	0.098	0.098	0.098	0.098	0.098	0.098	0.098	0.098	0.099	0.100	0.100	0.100	0.100	0.100	0.100	0.100	
0.078	0.078	0.078	0.078	0.078	0.078	0.078	0.078	0.078	0.078	0.078	0.088	0.098	0.098	0.098	0.098	0.098	0.098	0.098	0.098	0.099	0.100	0.100	0.100	0.100	0.100	0.100	0.100	
0.078	0.078	0.078	0.078	0.078	0.078	0.078	0.078	0.078	0.078	0.078	0.088	0.098	0.098	0.098	0.098	0.098	0.098	0.098	0.099	0.099	0.100	0.100	0.100	0.100	0.100	0.100	0.100	
0.078	0.078	0.078	0.078	0.078	0.078	0.078	0.078	0.078	0.078	0.078	0.088	0.098	0.098	0.098	0.098	0.098	0.098	0.098	0.099	0.100	0.100	0.100	0.100	0.100	0.100	0.100	0.100	
0.078	0.078	0.078	0.078	0.078	0.078	0.078	0.078	0.078	0.078	0.078	0.088	0.098	0.098	0.098	0.098	0.098	0.098	0.098	0.099	0.100	0.100	0.100	0.100	0.100	0.100	0.100	0.100	
0.078	0.078	0.078	0.078	0.078	0.078	0.078	0.078	0.078	0.078	0.078	0.088	0.098	0.098	0.098	0.098	0.098	0.098	0.098	0.099	0.100	0.100	0.100	0.100	0.100	0.100	0.100	0.100	
0.078	0.078	0.078	0.078	0.078	0.078	0.078	0.078	0.078	0.078	0.078	0.088	0.098	0.098	0.098	0.098	0.098	0.098	0.098	0.099	0.100	0.100	0.100	0.100	0.100	0.100	0.100	0.100	
0.078	0.078	0.078	0.078	0.078	0.078	0.078	0.078	0.078	0.078	0.078	0.088	0.098	0.098	0.098	0.098	0.098	0.098	0.098	0.099	0.100	0.100	0.100	0.100	0.100	0.100	0.100	0.100	
0.078	0.078	0.078	0.078	0.078	0.078	0.078	0.078	0.078	0.078	0.078	0.088	0.098	0.098	0.098	0.098	0.098	0.098	0.098	0.099	0.100	0.100	0.100	0.100	0.100	0.100	0.100	0.100	
0.078	0.078	0.078	0.078	0.078	0.078	0.078	0.078	0.078	0.078	0.078	0.088	0.098	0.098	0.098	0.098	0.098	0.098	0.098	0.099	0.100	0.100	0.100	0.100	0.100	0.100	0.100	0.100	
0.078	0.078	0.078	0.078	0.078	0.078	0.078	0.078	0.078	0.078	0.078	0.088	0.098	0.098	0.098	0.098	0.098	0.098	0.099	0.099	0.100	0.100	0.100	0.100	0.100	0.100	0.100	0.100	
0.078	0.078	0.078	0.078	0.078	0.078	0.078	0.078	0.078	0.078	0.078	0.125	0.149	0.098	0.098	0.098	0.098	0.098	0.099	0.100	0.100	0.100	0.100	0.100	0.100	0.100	0.100	0.100	
0.078	0.078	0.078	0.078	0.078	0.078	0.078	0.078	0.078	0.078	0.078	0.139	0.149	0.098	0.098	0.098	0.098	0.098	0.099	0.100	0.100	0.100	0.100	0.100	0.100	0.100	0.100	0.100	
0.078	0.078	0.078	0.078	0.078	0.078	0.078	0.078	0.078	0.078	0.078	0.139	0.149	0.098	0.098	0.098	0.098	0.098	0.099	0.100	0.100	0.100	0.100	0.100	0.100	0.100	0.100	0.100	
0.078	0.078	0.078	0.078	0.078	0.078	0.078	0.078	0.078	0.078	0.078	0.139	0.149	0.098	0.098	0.098	0.098	0.098	0.099	0.100	0.100	0.100	0.100	0.100	0.100	0.100	0.100	0.100	
0.078	0.078	0.078	0.078	0.078	0.078	0.078	0.078	0.078	0.078	0.078	0.139	0.149	0.098	0.098	0.098	0.098	0.098	0.099	0.100	0.100	0.100	0.100	0.100	0.100	0.100	0.100	0.085	
0.078	0.078	0.078	0.078	0.078	0.078	0.078	0.078	0.078	0.078	0.078	0.139	0.149	0.098	0.098	0.098	0.098	0.098	0.099	0.100	0.100	0.100	0.100	0.100	0.100	0.100	0.085	0.085	
0.078	0.078	0.078	0.078	0.078	0.078	0.078	0.078	0.078	0.078	0.078	0.139	0.149	0.098	0.098	0.098	0.098	0.098	0.099	0.100	0.100	0.100	0.100	0.100	0.100	0.100	0.085	0.071	
0.078	0.078	0.078	0.078	0.078	0.078	0.078	0.078	0.078	0.078	0.078	0.139	0.149	0.098	0.098	0.098	0.098	0.099	0.099	0.100	0.100	0.100	0.100	0.100	0.100	0.085	0.085	0.071	
0.074	0.078	0.078	0.078	0.078	0.078	0.078	0.078	0.078	0.078	0.078	0.139	0.149	0.098	0.098	0.098	0.098	0.099	0.100	0.100	0.100	0.100	0.100	0.100	0.100	0.085	0.071	0.071	
0.074	0.074	0.078	0.078	0.078	0.078	0.078	0.078	0.078	0.078	0.078	0.139	0.149	0.098	0.098	0.098	0.098	0.099	0.100	0.100	0.100	0.100	0.100	0.100	0.085	0.085	0.071	0.071	
0.071	0.074	0.074	0.078	0.078	0.078	0.078	0.078	0.078	0.078	0.078	0.139	0.149	0.149	0.098	0.098	0.098	0.099	0.100	0.100	0.100	0.100	0.100	0.100	0.085	0.071	0.071	0.071	
0.071	0.071	0.074	0.074	0.078	0.078	0.078	0.078	0.078	0.078	0.078	0.139	0.199	0.149	0.098	0.098	0.098	0.099	0.100	0.100	0.100	0.100	0.100	0.085	0.085	0.071	0.071	0.071	
0.071	0.071	0.071	0.074	0.078	0.078	0.078	0.078	0.078	0.078	0.078	0.139	0.199	0.149	0.098	0.098	0.098	0.099	0.100	0.100	0.100	0.100	0.085	0.085	0.071	0.071	0.071	0.071	
0.071	0.071	0.071	0.074	0.074	0.078	0.078	0.078	0.078	0.078	0.078	0.139	0.199	0.149	0.098	0.098	0.098	0.099	0.100	0.100	0.100	0.100	0.085	0.071	0.071	0.071	0.071	0.071	
0.071	0.071	0.071	0.071	0.074	0.074	0.078	0.078	0.078	0.078	0.078	0.139	0.199	0.149	0.098	0.098	0.099	0.099	0.100	0.100	0.100	0.085	0.085	0.071	0.071	0.071	0.071	0.071	
0.071	0.071	0.071	0.071	0.071	0.074	0.074	0.078	0.078	0.078	0.078	0.139	0.199	0.149	0.098	0.098	0.099	0.100	0.100	0.100	0.100	0.085	0.071	0.071	0.071	0.071	0.071	0.071	
0.047	0.047	0.071	0.071	0.071	0.071	0.074	0.078	0.078	0.078	0.078	0.139	0.199	0.149	0.098	0.098	0.099	0.100	0.100	0.100	0.085	0.085	0.071	0.071	0.071	0.071	0.071	0.070	
0.022	0.047	0.047	0.071	0.071	0.071	0.074	0.074	0.078	0.078	0.139	0.139	0.199	0.149	0.098	0.098	0.099	0.100	0.100	0.085	0.085	0.071	0.071	0.071	0.071	0.070	0.070	0.070	
0.022	0.022	0.047	0.047	0.071	0.071	0.071	0.074	0.074	0.078	0.139	0.199	0.199	0.138	0.108	0.084	0.089	0.100	0.100	0.085	0.071	0.071	0.071	0.071	0.070	0.070	0.070	0.070	
0.022	0.022	0.022	0.047	0.047	0.047	0.071	0.071	0.091	0.101	0.134	0.176	0.174	0.158	0.108	0.095	0.085	0.082	0.088	0.082	0.071	0.071	0.070	0.070	0.070	0.070	0.070	0.070	
0.011	0.011	0.022	0.022	0.022	0.047	0.047	0.053	0.077	0.124	0.165	0.165	0.161	0.161	0.102	0.102	0.070	0.073	0.076	0.078	0.078	0.070	0.070	0.070	0.070	0.070	0.060	0.060	
0.000	0.011	0.011	0.011	0.022	0.022	0.043	0.053	0.080	0.060	0.117	0.113	0.316	0.217	0.119	0.095	0.111	0.096	0.101	0.081	0.076	0.070	0.070	0.070	0.060	0.060	0.060	0.050	
0.000	0.000	0.000	0.011	0.011	0.022	0.019	0.018	0.036	0.025	0.020	0.169	0.169	0.273	0.273	0.196	0.196	0.141	0.112	0.086	0.069	0.069	0.060	0.060	0.060	0.050	0.050	0.050	
0.000	0.000	0.000	0.000	0.011	0.007	0.011	0.018	0.019	0.025	0.021	0.021	0.224	0.426	0.291	0.224	0.234	0.193	0.112	0.082	0.069	0.060	0.057	0.050	0.050	0.050	0.050	0.050	
0.000	0.000	0.000	0.000	0.000	0.000	0.000	0.000	0.010	0.020	0.021	0.022	0.224	0.426	0.555	0.327	0.327	0.218	0.110	0.080	0.051	0.051	0.050	0.050	0.050	0.050	0.050	0.050	
0.000	0.000	0.000	0.000	0.000	0.000	0.000	0.000	0.010	0.020	0.020	0.000	0.454	0.670	0.555	0.620	0.000	0.000	0.110	0.080	0.051	0.000	0.000	0.000	0.000	0.000	0.000	0.000	
0.000	0.000	0.000	0.000	0.000	0.000	0.000	0.000	0.000	0.000	0.000	0.000	0.914	0.914	0.914	0.914	0.000	0.000	0.000	0.000	0.000	0.000	0.000	0.000	0.000	0.000	0.000	0.000	
0.000	0.000	0.000	0.000	0.000	0.000	0.000	0.000	0.000	0.000	0.000	0.000	0.914	0.914	0.914	0.914	0.000	0.000	0.000	0.000	0.000	0.000	0.000	0.000	0.000	0.000	0.000	0.000	
0.000	0.000	0.000	0.000	0.000	0.000	0.000	0.000	0.000	0.000	0.000	0.000	0.914	0.914	0.914	0.914	0.000	0.000	0.000	0.000	0.000	0.000	0.000	0.000	0.000	0.000	0.000	0.000	
0.000	0.000	0.000	0.000	0.000	0.000	0.000	0.000	0.000	0.000	0.000	0.000	0.914	0.914	0.914	0.914	0.000	0.000	0.000	0.000	0.000	0.000	0.000	0.000	0.000	0.000	0.000	0.000	
