0.030	0.030	0.030	0.030	0.030	0.030	0.030	0.030	0.030	0.030	0.030	0.030	0.030	0.062	0.095	0.095	0.095	0.095	0.095	0.095	0.095	0.095	0.095	0.099	0.103	0.103	0.103	0.103	
0.030	0.030	0.030	0.030	0.030	0.030	0.030	0.030	0.030	0.030	0.030	0.030	0.030	0.062	0.095	0.095	0.095	0.095	0.095	0.095	0.095	0.095	0.095	0.099	0.103	0.103	0.103	0.103	
0.030	0.030	0.030	0.030	0.030	0.030	0.030	0.030	0.030	0.030	0.030	0.030	0.030	0.062	0.095	0.095	0.095	0.095	0.095	0.095	0.095	0.095	0.099	0.099	0.103	0.103	0.103	0.103	
0.030	0.030	0.030	0.030	0.030	0.030	0.030	0.030	0.030	0.030	0.030	0.030	0.030	0.062	0.095	0.095	0.095	0.095	0.095	0.095	0.095	0.095	0.099	0.103	0.103	0.103	0.103	0.103	
0.030	0.030	0.030	0.030	0.030	0.030	0.030	0.030	0.030	0.030	0.030	0.030	0.030	0.062	0.095	0.095	0.095	0.095	0.095	0.095	0.095	0.095	0.099	0.103	0.103	0.103	0.103	0.103	
0.030	0.030	0.030	0.030	0.030	0.030	0.030	0.030	0.030	0.030	0.030	0.030	0.030	0.062	0.095	0.095	0.095	0.095	0.095	0.095	0.095	0.095	0.099	0.103	0.103	0.103	0.103	0.103	
0.030	0.030	0.030	0.030	0.030	0.030	0.030	0.030	0.030	0.030	0.030	0.030	0.062	0.062	0.095	0.095	0.095	0.095	0.095	0.095	0.095	0.095	0.099	0.103	0.103	0.103	0.103	0.103	
0.030	0.030	0.030	0.030	0.030	0.030	0.030	0.030	0.030	0.030	0.030	0.030	0.062	0.095	0.095	0.095	0.095	0.095	0.095	0.095	0.095	0.095	0.099	0.103	0.103	0.103	0.103	0.103	
0.030	0.030	0.030	0.030	0.030	0.030	0.030	0.030	0.030	0.030	0.030	0.030	0.062	0.095	0.095	0.095	0.095	0.095	0.095	0.095	0.095	0.099	0.099	0.103	0.103	0.103	0.103	0.103	
0.030	0.030	0.030	0.030	0.030	0.030	0.030	0.030	0.030	0.030	0.030	0.030	0.062	0.095	0.095	0.095	0.095	0.095	0.095	0.095	0.095	0.099	0.103	0.103	0.103	0.103	0.103	0.103	
0.030	0.030	0.030	0.030	0.030	0.030	0.030	0.030	0.030	0.030	0.030	0.030	0.062	0.095	0.095	0.095	0.095	0.095	0.095	0.095	0.095	0.099	0.103	0.103	0.103	0.103	0.103	0.103	
0.030	0.030	0.030	0.030	0.030	0.030	0.030	0.030	0.030	0.030	0.030	0.030	0.062	0.095	0.095	0.095	0.095	0.095	0.095	0.095	0.095	0.099	0.103	0.103	0.103	0.103	0.103	0.103	
0.030	0.030	0.030	0.030	0.030	0.030	0.030	0.030	0.030	0.030	0.030	0.030	0.062	0.095	0.095	0.095	0.095	0.095	0.095	0.095	0.095	0.099	0.103	0.103	0.103	0.103	0.103	0.103	
0.030	0.030	0.030	0.030	0.030	0.030	0.030	0.030	0.030	0.030	0.030	0.030	0.062	0.095	0.095	0.095	0.095	0.095	0.095	0.095	0.095	0.099	0.103	0.103	0.103	0.103	0.103	0.103	
0.030	0.030	0.030	0.030	0.030	0.030	0.030	0.030	0.030	0.030	0.030	0.030	0.062	0.095	0.095	0.095	0.095	0.095	0.095	0.095	0.099	0.099	0.103	0.103	0.103	0.103	0.103	0.103	
0.030	0.030	0.030	0.030	0.030	0.030	0.030	0.030	0.030	0.030	0.030	0.030	0.062	0.095	0.095	0.095	0.095	0.095	0.095	0.095	0.099	0.103	0.103	0.103	0.103	0.103	0.103	0.103	
0.030	0.030	0.030	0.030	0.030	0.030	0.030	0.030	0.030	0.030	0.030	0.030	0.062	0.095	0.095	0.095	0.095	0.095	0.095	0.095	0.099	0.103	0.103	0.103	0.103	0.103	0.103	0.103	
0.030	0.030	0.030	0.030	0.030	0.030	0.030	0.030	0.030	0.030	0.030	0.030	0.062	0.095	0.095	0.095	0.095	0.095	0.095	0.095	0.099	0.103	0.103	0.103	0.103	0.103	0.103	0.103	
0.030	0.030	0.030	0.030	0.030	0.030	0.030	0.030	0.030	0.030	0.030	0.030	0.062	0.095	0.095	0.095	0.095	0.095	0.095	0.095	0.099	0.103	0.103	0.103	0.103	0.103	0.103	0.103	
0.030	0.030	0.030	0.030	0.030	0.030	0.030	0.030	0.030	0.030	0.030	0.030	0.062	0.095	0.095	0.095	0.095	0.095	0.095	0.095	0.099	0.103	0.103	0.103	0.103	0.103	0.103	0.103	
0.030	0.030	0.030	0.030	0.030	0.030	0.030	0.030	0.030	0.030	0.030	0.030	0.062	0.095	0.095	0.095	0.095	0.095	0.095	0.095	0.099	0.103	0.103	0.103	0.103	0.103	0.103	0.103	
0.030	0.030	0.030	0.030	0.030	0.030	0.030	0.030	0.030	0.030	0.030	0.030	0.062	0.095	0.095	0.095	0.095	0.095	0.095	0.099	0.099	0.103	0.103	0.103	0.103	0.103	0.103	0.103	
0.030	0.030	0.030	0.030	0.030	0.030	0.030	0.030	0.030	0.030	0.030	0.030	0.062	0.095	0.095	0.095	0.095	0.095	0.095	0.099	0.103	0.103	0.103	0.103	0.103	0.103	0.103	0.103	
0.030	0.030	0.030	0.030	0.030	0.030	0.030	0.030	0.030	0.030	0.030	0.030	0.062	0.095	0.095	0.095	0.095	0.095	0.095	0.099	0.103	0.103	0.103	0.103	0.103	0.103	0.103	0.103	
0.030	0.030	0.030	0.030	0.030	0.030	0.030	0.030	0.030	0.030	0.030	0.030	0.062	0.095	0.095	0.095	0.095	0.095	0.095	0.099	0.103	0.103	0.103	0.103	0.103	0.103	0.103	0.103	
0.030	0.030	0.030	0.030	0.030	0.030	0.030	0.030	0.030	0.030	0.030	0.030	0.062	0.095	0.095	0.095	0.095	0.095	0.095	0.099	0.103	0.103	0.103	0.103	0.103	0.103	0.103	0.103	
0.030	0.030	0.030	0.030	0.030	0.030	0.030	0.030	0.030	0.030	0.030	0.030	0.062	0.095	0.095	0.095	0.095	0.095	0.095	0.099	0.103	0.103	0.103	0.103	0.103	0.103	0.103	0.103	
0.030	0.030	0.030	0.030	0.030	0.030	0.030	0.030	0.030	0.030	0.030	0.030	0.062	0.095	0.095	0.095	0.095	0.095	0.099	0.099	0.103	0.103	0.103	0.103	0.103	0.103	0.103	0.094	
0.030	0.030	0.030	0.030	0.030	0.030	0.030	0.030	0.030	0.030	0.030	0.030	0.062	0.095	0.095	0.095	0.095	0.095	0.099	0.103	0.103	0.103	0.103	0.103	0.103	0.103	0.103	0.094	
0.030	0.030	0.030	0.030	0.030	0.030	0.030	0.030	0.030	0.030	0.030	0.030	0.062	0.095	0.095	0.095	0.095	0.095	0.099	0.103	0.103	0.103	0.103	0.103	0.103	0.103	0.094	0.094	
0.030	0.030	0.030	0.030	0.030	0.030	0.030	0.030	0.030	0.030	0.030	0.030	0.062	0.095	0.095	0.095	0.095	0.095	0.099	0.103	0.103	0.103	0.103	0.103	0.103	0.103	0.094	0.085	
0.030	0.030	0.030	0.030	0.030	0.030	0.030	0.030	0.030	0.030	0.030	0.030	0.062	0.095	0.095	0.095	0.095	0.095	0.099	0.103	0.103	0.103	0.103	0.103	0.103	0.094	0.094	0.085	
0.030	0.030	0.030	0.030	0.030	0.030	0.030	0.030	0.030	0.030	0.030	0.030	0.062	0.095	0.095	0.095	0.095	0.095	0.099	0.103	0.103	0.103	0.103	0.103	0.094	0.094	0.085	0.085	
0.055	0.030	0.030	0.030	0.030	0.030	0.030	0.030	0.030	0.030	0.030	0.030	0.062	0.095	0.095	0.095	0.095	0.099	0.099	0.103	0.103	0.103	0.103	0.103	0.094	0.085	0.085	0.085	
0.055	0.030	0.030	0.030	0.030	0.030	0.030	0.030	0.030	0.030	0.030	0.030	0.062	0.095	0.095	0.095	0.095	0.099	0.103	0.103	0.103	0.103	0.103	0.094	0.094	0.085	0.085	0.085	
0.055	0.055	0.030	0.030	0.030	0.030	0.030	0.030	0.030	0.030	0.030	0.030	0.062	0.095	0.095	0.095	0.095	0.099	0.103	0.103	0.103	0.103	0.103	0.094	0.085	0.085	0.085	0.085	
0.081	0.055	0.055	0.030	0.030	0.030	0.030	0.030	0.030	0.030	0.030	0.030	0.062	0.095	0.095	0.095	0.095	0.099	0.103	0.103	0.103	0.103	0.094	0.094	0.085	0.085	0.085	0.085	
0.081	0.081	0.055	0.055	0.030	0.030	0.030	0.030	0.030	0.030	0.030	0.030	0.082	0.095	0.095	0.095	0.095	0.099	0.103	0.103	0.103	0.103	0.094	0.085	0.085	0.085	0.085	0.085	
0.081	0.081	0.081	0.055	0.055	0.030	0.030	0.030	0.030	0.030	0.030	0.030	0.082	0.095	0.095	0.095	0.095	0.099	0.103	0.103	0.103	0.094	0.094	0.085	0.085	0.085	0.085	0.085	
0.081	0.081	0.081	0.081	0.055	0.055	0.030	0.030	0.030	0.030	0.030	0.075	0.082	0.095	0.095	0.095	0.099	0.099	0.103	0.103	0.103	0.094	0.085	0.085	0.085	0.085	0.085	0.085	
0.056	0.081	0.081	0.081	0.081	0.055	0.055	0.030	0.030	0.030	0.030	0.075	0.107	0.107	0.095	0.095	0.099	0.103	0.103	0.103	0.094	0.094	0.085	0.085	0.085	0.085	0.085	0.085	
0.056	0.056	0.056	0.081	0.081	0.081	0.055	0.030	0.030	0.030	0.030	0.075	0.120	0.107	0.095	0.095	0.099	0.103	0.103	0.103	0.094	0.085	0.085	0.085	0.085	0.085	0.059	0.059	
0.032	0.032	0.056	0.056	0.081	0.081	0.055	0.055	0.030	0.030	0.075	0.075	0.120	0.107	0.095	0.095	0.099	0.103	0.103	0.094	0.094	0.085	0.085	0.085	0.085	0.059	0.059	0.032	
0.032	0.032	0.032	0.056	0.056	0.081	0.081	0.055	0.055	0.030	0.093	0.120	0.120	0.105	0.098	0.095	0.101	0.103	0.103	0.094	0.085	0.085	0.085	0.085	0.059	0.059	0.032	0.032	
0.032	0.032	0.032	0.032	0.056	0.056	0.081	0.081	0.080	0.080	0.093	0.125	0.110	0.110	0.098	0.100	0.101	0.105	0.106	0.099	0.085	0.085	0.059	0.059	0.059	0.032	0.032	0.021	
0.026	0.026	0.032	0.032	0.032	0.056	0.056	0.050	0.077	0.130	0.130	0.160	0.150	0.166	0.102	0.102	0.104	0.106	0.108	0.097	0.085	0.059	0.059	0.032	0.032	0.032	0.021	0.021	
0.020	0.026	0.026	0.026	0.032	0.032	0.044	0.050	0.075	0.068	0.092	0.138	0.231	0.170	0.128	0.151	0.137	0.128	0.079	0.081	0.056	0.059	0.032	0.032	0.021	0.021	0.021	0.010	
0.020	0.020	0.020	0.026	0.026	0.032	0.021	0.015	0.020	0.028	0.054	0.118	0.160	0.204	0.178	0.174	0.170	0.109	0.095	0.050	0.031	0.021	0.021	0.021	0.021	0.010	0.010	0.010	
0.020	0.020	0.020	0.020	0.026	0.021	0.021	0.015	0.013	0.028	0.045	0.062	0.269	0.387	0.320	0.178	0.135	0.110	0.050	0.037	0.030	0.021	0.017	0.010	0.010	0.010	0.010	0.010	
0.020	0.020	0.020	0.020	0.020	0.015	0.010	0.010	0.010	0.010	0.040	0.071	0.334	0.597	0.391	0.184	0.135	0.050	0.050	0.030	0.010	0.010	0.010	0.010	0.010	0.010	0.010	0.010	
0.020	0.020	0.020	0.020	0.020	0.015	0.010	0.010	0.010	0.010	0.040	0.071	0.334	0.597	0.391	0.184	0.000	0.000	0.000	0.010	0.010	0.010	0.010	0.010	0.010	0.010	0.010	0.010	
0.000	0.000	0.000	0.000	0.000	0.000	0.000	0.000	0.000	0.000	0.000	0.000	0.597	0.597	0.594	0.184	0.000	0.000	0.000	0.000	0.000	0.000	0.000	0.000	0.000	0.000	0.000	0.000	
0.000	0.000	0.000	0.000	0.000	0.000	0.000	0.000	0.000	0.000	0.000	0.000	0.799	0.799	0.594	0.592	0.000	0.000	0.000	0.000	0.000	0.000	0.000	0.000	0.000	0.000	0.000	0.000	
0.000	0.000	0.000	0.000	0.000	0.000	0.000	0.000	0.000	0.000	0.000	0.000	1.000	1.000	1.000	1.000	0.000	0.000	0.000	0.000	0.000	0.000	0.000	0.000	0.000	0.000	0.000	0.000	
0.000	0.000	0.000	0.000	0.000	0.000	0.000	0.000	0.000	0.000	0.000	0.000	1.000	1.000	1.000	1.000	0.000	0.000	0.000	0.000	0.000	0.000	0.000	0.000	0.000	0.000	0.000	0.000	
