0.083	0.071	0.071	0.071	0.071	0.071	0.071	0.071	0.071	0.071	0.071	0.071	0.071	0.071	0.071	0.071	0.071	0.071	0.071	0.062	0.054	0.054	0.054	0.054	0.054	0.054	0.054	0.054	
0.083	0.071	0.071	0.071	0.071	0.071	0.071	0.071	0.071	0.071	0.071	0.071	0.071	0.071	0.071	0.071	0.071	0.071	0.071	0.062	0.054	0.054	0.054	0.054	0.054	0.054	0.054	0.054	
0.083	0.071	0.071	0.071	0.071	0.071	0.071	0.071	0.071	0.071	0.071	0.071	0.071	0.071	0.071	0.071	0.071	0.071	0.071	0.062	0.054	0.054	0.054	0.054	0.054	0.054	0.054	0.054	
0.083	0.083	0.071	0.071	0.071	0.071	0.071	0.071	0.071	0.071	0.071	0.071	0.071	0.071	0.071	0.071	0.071	0.071	0.071	0.062	0.054	0.054	0.054	0.054	0.054	0.054	0.054	0.054	
0.095	0.083	0.071	0.071	0.071	0.071	0.071	0.071	0.071	0.071	0.071	0.071	0.071	0.071	0.071	0.071	0.071	0.071	0.071	0.062	0.054	0.054	0.054	0.054	0.054	0.054	0.054	0.054	
0.095	0.083	0.071	0.071	0.071	0.071	0.071	0.071	0.071	0.071	0.071	0.071	0.071	0.071	0.071	0.071	0.071	0.071	0.071	0.062	0.054	0.054	0.054	0.054	0.054	0.054	0.054	0.054	
0.095	0.083	0.071	0.071	0.071	0.071	0.071	0.071	0.071	0.071	0.071	0.071	0.071	0.071	0.071	0.071	0.071	0.071	0.071	0.062	0.054	0.054	0.054	0.054	0.054	0.054	0.054	0.054	
0.095	0.083	0.083	0.071	0.071	0.071	0.071	0.071	0.071	0.071	0.071	0.071	0.071	0.071	0.071	0.071	0.071	0.071	0.062	0.062	0.054	0.054	0.054	0.054	0.054	0.054	0.054	0.054	
0.095	0.095	0.083	0.071	0.071	0.071	0.071	0.071	0.071	0.071	0.071	0.071	0.071	0.071	0.071	0.071	0.071	0.071	0.062	0.054	0.054	0.054	0.054	0.054	0.054	0.054	0.054	0.054	
0.095	0.095	0.083	0.071	0.071	0.071	0.071	0.071	0.071	0.071	0.071	0.071	0.071	0.071	0.071	0.071	0.071	0.071	0.062	0.054	0.054	0.054	0.054	0.054	0.054	0.054	0.054	0.054	
0.095	0.095	0.083	0.071	0.071	0.071	0.071	0.071	0.071	0.071	0.071	0.071	0.071	0.071	0.071	0.071	0.071	0.071	0.066	0.054	0.054	0.054	0.054	0.054	0.054	0.054	0.054	0.054	
0.095	0.095	0.083	0.083	0.071	0.071	0.071	0.071	0.071	0.071	0.071	0.071	0.071	0.071	0.071	0.071	0.071	0.071	0.066	0.054	0.054	0.054	0.054	0.054	0.054	0.054	0.054	0.054	
0.095	0.095	0.095	0.083	0.071	0.071	0.071	0.071	0.071	0.071	0.071	0.071	0.071	0.071	0.071	0.071	0.071	0.071	0.066	0.054	0.054	0.054	0.054	0.054	0.054	0.054	0.054	0.054	
0.095	0.095	0.095	0.083	0.071	0.071	0.071	0.071	0.071	0.071	0.071	0.071	0.071	0.071	0.071	0.071	0.071	0.071	0.066	0.054	0.054	0.054	0.054	0.054	0.054	0.054	0.054	0.054	
0.095	0.095	0.095	0.083	0.071	0.071	0.071	0.071	0.071	0.071	0.071	0.071	0.071	0.071	0.071	0.071	0.071	0.071	0.066	0.054	0.054	0.054	0.054	0.054	0.054	0.054	0.054	0.054	
0.095	0.095	0.095	0.083	0.083	0.071	0.071	0.071	0.071	0.071	0.071	0.071	0.071	0.071	0.071	0.071	0.071	0.071	0.066	0.054	0.054	0.054	0.054	0.054	0.054	0.054	0.054	0.054	
0.095	0.095	0.095	0.095	0.083	0.071	0.071	0.071	0.071	0.071	0.071	0.071	0.071	0.071	0.071	0.071	0.071	0.071	0.063	0.054	0.054	0.054	0.054	0.054	0.054	0.054	0.054	0.054	
0.095	0.095	0.095	0.095	0.083	0.071	0.071	0.071	0.071	0.071	0.071	0.071	0.071	0.071	0.071	0.071	0.071	0.071	0.063	0.054	0.054	0.054	0.054	0.054	0.054	0.054	0.054	0.054	
0.095	0.095	0.095	0.095	0.083	0.071	0.071	0.071	0.071	0.071	0.071	0.071	0.071	0.071	0.071	0.071	0.071	0.071	0.063	0.054	0.054	0.054	0.054	0.054	0.054	0.054	0.054	0.054	
0.095	0.095	0.095	0.095	0.083	0.083	0.071	0.071	0.071	0.071	0.071	0.071	0.071	0.071	0.071	0.071	0.071	0.071	0.063	0.054	0.054	0.054	0.054	0.054	0.054	0.054	0.054	0.054	
0.095	0.095	0.095	0.095	0.095	0.083	0.071	0.071	0.071	0.071	0.071	0.071	0.071	0.071	0.071	0.071	0.071	0.071	0.063	0.054	0.054	0.054	0.054	0.054	0.054	0.054	0.054	0.054	
0.095	0.095	0.095	0.095	0.095	0.083	0.071	0.071	0.071	0.071	0.071	0.071	0.071	0.071	0.071	0.071	0.071	0.071	0.063	0.054	0.054	0.054	0.054	0.054	0.054	0.054	0.054	0.054	
0.095	0.095	0.095	0.095	0.095	0.083	0.071	0.071	0.071	0.071	0.071	0.071	0.071	0.071	0.071	0.071	0.071	0.072	0.063	0.054	0.054	0.054	0.054	0.054	0.054	0.054	0.054	0.054	
0.095	0.095	0.095	0.095	0.095	0.083	0.083	0.071	0.071	0.071	0.071	0.071	0.071	0.071	0.071	0.071	0.071	0.063	0.063	0.054	0.054	0.054	0.054	0.054	0.054	0.054	0.054	0.054	
0.095	0.095	0.095	0.095	0.095	0.095	0.083	0.071	0.071	0.071	0.071	0.071	0.071	0.071	0.071	0.071	0.071	0.063	0.054	0.054	0.054	0.054	0.054	0.054	0.054	0.054	0.054	0.054	
0.095	0.095	0.095	0.095	0.095	0.095	0.083	0.071	0.071	0.071	0.071	0.071	0.071	0.071	0.071	0.071	0.071	0.063	0.054	0.054	0.054	0.054	0.054	0.054	0.054	0.054	0.054	0.054	
0.095	0.095	0.095	0.095	0.095	0.095	0.083	0.083	0.071	0.071	0.071	0.071	0.071	0.071	0.071	0.071	0.071	0.063	0.054	0.054	0.054	0.054	0.054	0.054	0.054	0.054	0.054	0.054	
0.095	0.095	0.095	0.095	0.095	0.095	0.095	0.083	0.071	0.071	0.071	0.071	0.071	0.071	0.071	0.071	0.071	0.063	0.054	0.054	0.054	0.054	0.054	0.054	0.054	0.054	0.054	0.054	
0.098	0.095	0.095	0.095	0.095	0.095	0.095	0.083	0.071	0.071	0.071	0.071	0.071	0.071	0.071	0.071	0.071	0.063	0.054	0.054	0.054	0.054	0.054	0.054	0.054	0.054	0.054	0.054	
0.098	0.095	0.095	0.095	0.095	0.095	0.095	0.083	0.071	0.071	0.071	0.071	0.071	0.071	0.071	0.071	0.072	0.063	0.054	0.054	0.054	0.054	0.054	0.054	0.054	0.054	0.054	0.054	
0.098	0.098	0.095	0.095	0.095	0.095	0.095	0.083	0.083	0.071	0.071	0.071	0.071	0.071	0.071	0.071	0.072	0.063	0.054	0.054	0.054	0.054	0.054	0.054	0.054	0.054	0.054	0.052	
0.100	0.098	0.095	0.095	0.095	0.095	0.095	0.095	0.083	0.071	0.071	0.071	0.071	0.071	0.071	0.071	0.072	0.063	0.054	0.054	0.054	0.054	0.054	0.054	0.054	0.054	0.052	0.052	
0.100	0.098	0.098	0.095	0.095	0.095	0.095	0.095	0.083	0.071	0.071	0.071	0.071	0.071	0.071	0.071	0.072	0.063	0.054	0.054	0.054	0.054	0.054	0.054	0.054	0.054	0.052	0.050	
0.100	0.100	0.098	0.095	0.095	0.095	0.095	0.095	0.083	0.071	0.071	0.071	0.071	0.071	0.071	0.071	0.072	0.063	0.054	0.054	0.054	0.054	0.054	0.054	0.054	0.052	0.052	0.050	
0.100	0.100	0.098	0.098	0.095	0.095	0.095	0.095	0.083	0.083	0.071	0.071	0.071	0.071	0.071	0.071	0.072	0.063	0.054	0.054	0.054	0.054	0.054	0.054	0.052	0.052	0.050	0.050	
0.100	0.100	0.100	0.098	0.098	0.095	0.095	0.095	0.095	0.083	0.071	0.071	0.071	0.071	0.071	0.071	0.072	0.063	0.054	0.054	0.054	0.054	0.054	0.054	0.052	0.050	0.050	0.050	
0.100	0.100	0.100	0.100	0.098	0.095	0.095	0.095	0.095	0.083	0.071	0.071	0.071	0.071	0.071	0.072	0.072	0.063	0.054	0.054	0.054	0.054	0.054	0.052	0.052	0.050	0.050	0.050	
0.100	0.100	0.100	0.100	0.098	0.098	0.095	0.095	0.095	0.083	0.071	0.071	0.071	0.071	0.071	0.072	0.072	0.063	0.054	0.054	0.054	0.054	0.054	0.052	0.050	0.050	0.050	0.050	
0.100	0.100	0.100	0.100	0.100	0.098	0.095	0.095	0.095	0.083	0.083	0.071	0.071	0.071	0.071	0.072	0.072	0.063	0.054	0.054	0.054	0.054	0.052	0.052	0.050	0.050	0.050	0.050	
0.100	0.100	0.100	0.100	0.100	0.098	0.098	0.095	0.095	0.095	0.083	0.071	0.071	0.071	0.071	0.072	0.072	0.063	0.054	0.054	0.054	0.052	0.052	0.050	0.050	0.050	0.050	0.050	
0.100	0.100	0.100	0.100	0.100	0.100	0.098	0.095	0.095	0.095	0.083	0.071	0.071	0.071	0.071	0.072	0.072	0.063	0.054	0.054	0.054	0.052	0.050	0.050	0.050	0.050	0.050	0.050	
0.100	0.100	0.100	0.100	0.100	0.100	0.098	0.098	0.095	0.095	0.083	0.071	0.071	0.071	0.071	0.072	0.063	0.063	0.054	0.054	0.052	0.052	0.050	0.050	0.050	0.050	0.050	0.052	
0.068	0.068	0.100	0.100	0.100	0.100	0.100	0.098	0.095	0.095	0.083	0.083	0.071	0.082	0.082	0.072	0.063	0.054	0.054	0.054	0.052	0.050	0.050	0.050	0.050	0.052	0.052	0.052	
0.036	0.068	0.068	0.068	0.100	0.100	0.100	0.098	0.105	0.095	0.122	0.105	0.108	0.086	0.087	0.072	0.052	0.054	0.054	0.052	0.052	0.050	0.050	0.050	0.052	0.052	0.054	0.054	
0.036	0.036	0.036	0.068	0.068	0.100	0.100	0.110	0.105	0.108	0.122	0.150	0.126	0.102	0.068	0.068	0.052	0.047	0.055	0.053	0.050	0.050	0.052	0.052	0.052	0.054	0.054	0.054	
0.039	0.039	0.036	0.036	0.068	0.068	0.068	0.089	0.120	0.120	0.135	0.150	0.118	0.102	0.078	0.066	0.030	0.043	0.057	0.057	0.057	0.052	0.052	0.054	0.054	0.054	0.042	0.042	
0.041	0.039	0.039	0.036	0.036	0.036	0.060	0.089	0.083	0.075	0.110	0.132	0.146	0.144	0.103	0.177	0.176	0.062	0.073	0.060	0.057	0.056	0.054	0.054	0.054	0.042	0.042	0.030	
0.041	0.041	0.039	0.039	0.039	0.036	0.037	0.045	0.045	0.039	0.061	0.086	0.186	0.229	0.250	0.250	0.249	0.100	0.068	0.052	0.047	0.049	0.054	0.042	0.042	0.042	0.030	0.030	
0.041	0.041	0.041	0.041	0.039	0.036	0.037	0.038	0.029	0.039	0.027	0.086	0.098	0.346	0.594	0.214	0.176	0.057	0.070	0.052	0.044	0.042	0.038	0.042	0.030	0.030	0.030	0.030	
0.041	0.041	0.041	0.041	0.041	0.036	0.032	0.032	0.021	0.010	0.010	0.010	0.400	0.329	0.594	0.406	0.032	0.036	0.040	0.040	0.035	0.030	0.030	0.030	0.030	0.030	0.030	0.030	
0.000	0.000	0.000	0.000	0.000	0.000	0.000	0.000	0.000	0.000	0.000	0.000	0.400	0.791	0.791	0.411	0.032	0.036	0.040	0.040	0.000	0.000	0.000	0.000	0.000	0.000	0.000	0.000	
0.000	0.000	0.000	0.000	0.000	0.000	0.000	0.000	0.000	0.000	0.000	0.000	0.791	0.791	0.791	0.791	0.000	0.000	0.000	0.000	0.000	0.000	0.000	0.000	0.000	0.000	0.000	0.000	
0.000	0.000	0.000	0.000	0.000	0.000	0.000	0.000	0.000	0.000	0.000	0.000	0.791	0.791	0.791	0.791	0.000	0.000	0.000	0.000	0.000	0.000	0.000	0.000	0.000	0.000	0.000	0.000	
0.000	0.000	0.000	0.000	0.000	0.000	0.000	0.000	0.000	0.000	0.000	0.000	0.791	0.791	0.791	0.791	0.000	0.000	0.000	0.000	0.000	0.000	0.000	0.000	0.000	0.000	0.000	0.000	
0.000	0.000	0.000	0.000	0.000	0.000	0.000	0.000	0.000	0.000	0.000	0.000	0.791	0.791	0.791	0.791	0.000	0.000	0.000	0.000	0.000	0.000	0.000	0.000	0.000	0.000	0.000	0.000	
