0.032	0.032	0.032	0.036	0.041	0.041	0.041	0.041	0.041	0.041	0.041	0.041	0.041	0.041	0.041	0.041	0.041	0.041	0.041	0.041	0.041	0.041	0.041	0.052	0.052	0.063	0.063	0.063	
0.032	0.032	0.032	0.036	0.036	0.041	0.041	0.041	0.041	0.041	0.041	0.041	0.041	0.041	0.041	0.041	0.041	0.041	0.041	0.041	0.041	0.041	0.041	0.052	0.063	0.063	0.063	0.063	
0.032	0.032	0.032	0.032	0.036	0.041	0.041	0.041	0.041	0.041	0.041	0.041	0.041	0.041	0.041	0.041	0.041	0.041	0.041	0.041	0.041	0.041	0.041	0.052	0.063	0.063	0.063	0.063	
0.032	0.032	0.032	0.032	0.036	0.041	0.041	0.041	0.041	0.041	0.041	0.041	0.041	0.041	0.041	0.041	0.041	0.041	0.041	0.041	0.041	0.041	0.041	0.052	0.063	0.063	0.063	0.063	
0.032	0.032	0.032	0.032	0.036	0.041	0.041	0.041	0.041	0.041	0.041	0.041	0.041	0.041	0.041	0.041	0.041	0.041	0.041	0.041	0.041	0.041	0.041	0.052	0.063	0.063	0.063	0.063	
0.032	0.032	0.032	0.032	0.036	0.041	0.041	0.041	0.041	0.041	0.041	0.041	0.041	0.041	0.041	0.041	0.041	0.041	0.041	0.041	0.041	0.041	0.052	0.052	0.063	0.063	0.063	0.063	
0.032	0.032	0.032	0.032	0.036	0.036	0.041	0.041	0.041	0.041	0.041	0.041	0.041	0.041	0.041	0.041	0.041	0.041	0.041	0.041	0.041	0.041	0.052	0.063	0.063	0.063	0.063	0.063	
0.032	0.032	0.032	0.032	0.032	0.036	0.041	0.041	0.041	0.041	0.041	0.041	0.041	0.041	0.041	0.041	0.041	0.041	0.041	0.041	0.041	0.041	0.052	0.063	0.063	0.063	0.063	0.063	
0.032	0.032	0.032	0.032	0.032	0.036	0.041	0.041	0.041	0.041	0.041	0.041	0.041	0.041	0.041	0.041	0.041	0.041	0.041	0.041	0.041	0.041	0.052	0.063	0.063	0.063	0.063	0.063	
0.032	0.032	0.032	0.032	0.032	0.036	0.041	0.041	0.041	0.041	0.041	0.041	0.041	0.041	0.041	0.041	0.041	0.041	0.041	0.041	0.041	0.041	0.052	0.063	0.063	0.063	0.063	0.063	
0.032	0.032	0.032	0.032	0.032	0.036	0.041	0.041	0.041	0.041	0.041	0.041	0.041	0.041	0.041	0.041	0.041	0.041	0.041	0.041	0.041	0.052	0.052	0.063	0.063	0.063	0.063	0.063	
0.032	0.032	0.032	0.032	0.032	0.036	0.036	0.041	0.041	0.041	0.041	0.041	0.041	0.041	0.041	0.041	0.041	0.041	0.041	0.041	0.041	0.052	0.063	0.063	0.063	0.063	0.063	0.063	
0.032	0.032	0.032	0.032	0.032	0.032	0.036	0.041	0.041	0.041	0.041	0.041	0.041	0.041	0.041	0.041	0.041	0.041	0.041	0.041	0.041	0.052	0.063	0.063	0.063	0.063	0.063	0.063	
0.032	0.032	0.032	0.032	0.032	0.032	0.036	0.041	0.041	0.041	0.041	0.041	0.041	0.041	0.041	0.041	0.041	0.041	0.041	0.041	0.041	0.052	0.063	0.063	0.063	0.063	0.063	0.063	
0.032	0.032	0.032	0.032	0.032	0.032	0.036	0.041	0.041	0.041	0.041	0.041	0.041	0.041	0.041	0.041	0.041	0.041	0.041	0.041	0.052	0.052	0.063	0.063	0.063	0.063	0.063	0.063	
0.032	0.032	0.032	0.032	0.032	0.032	0.036	0.041	0.041	0.041	0.041	0.041	0.041	0.041	0.041	0.041	0.041	0.041	0.041	0.041	0.052	0.063	0.063	0.063	0.063	0.063	0.063	0.063	
0.032	0.032	0.032	0.032	0.032	0.032	0.036	0.036	0.041	0.041	0.041	0.041	0.041	0.041	0.041	0.041	0.041	0.041	0.041	0.041	0.052	0.063	0.063	0.063	0.063	0.063	0.063	0.063	
0.032	0.032	0.032	0.032	0.032	0.032	0.032	0.036	0.041	0.041	0.041	0.041	0.041	0.041	0.041	0.041	0.041	0.041	0.041	0.041	0.052	0.063	0.063	0.063	0.063	0.063	0.063	0.063	
0.032	0.032	0.032	0.032	0.032	0.032	0.032	0.036	0.041	0.041	0.041	0.041	0.041	0.041	0.041	0.041	0.041	0.041	0.041	0.041	0.052	0.063	0.063	0.063	0.063	0.063	0.063	0.063	
0.032	0.032	0.032	0.032	0.032	0.032	0.032	0.036	0.041	0.041	0.041	0.041	0.041	0.041	0.041	0.041	0.041	0.041	0.041	0.052	0.052	0.063	0.063	0.063	0.063	0.063	0.063	0.063	
0.032	0.032	0.032	0.032	0.032	0.032	0.032	0.036	0.041	0.041	0.041	0.041	0.041	0.041	0.041	0.041	0.041	0.041	0.041	0.052	0.063	0.063	0.063	0.063	0.063	0.063	0.063	0.063	
0.032	0.032	0.032	0.032	0.032	0.032	0.032	0.036	0.036	0.041	0.041	0.041	0.041	0.041	0.041	0.041	0.041	0.041	0.041	0.052	0.063	0.063	0.063	0.063	0.063	0.063	0.063	0.063	
0.032	0.032	0.032	0.032	0.032	0.032	0.032	0.032	0.036	0.041	0.041	0.041	0.041	0.041	0.041	0.041	0.041	0.041	0.041	0.052	0.063	0.063	0.063	0.063	0.063	0.063	0.063	0.063	
0.032	0.032	0.032	0.032	0.032	0.032	0.032	0.032	0.036	0.041	0.041	0.041	0.041	0.041	0.041	0.041	0.041	0.041	0.041	0.052	0.063	0.063	0.063	0.063	0.063	0.063	0.063	0.063	
0.032	0.032	0.032	0.032	0.032	0.032	0.032	0.032	0.036	0.041	0.041	0.041	0.041	0.041	0.041	0.041	0.041	0.041	0.052	0.052	0.063	0.063	0.063	0.063	0.063	0.063	0.063	0.063	
0.026	0.032	0.032	0.032	0.032	0.032	0.032	0.032	0.036	0.041	0.041	0.041	0.041	0.041	0.041	0.041	0.041	0.041	0.052	0.063	0.063	0.063	0.063	0.063	0.063	0.063	0.063	0.063	
0.026	0.032	0.032	0.032	0.032	0.032	0.032	0.032	0.036	0.036	0.041	0.041	0.041	0.041	0.041	0.041	0.041	0.041	0.052	0.063	0.063	0.063	0.063	0.063	0.063	0.063	0.063	0.063	
0.026	0.026	0.032	0.032	0.032	0.032	0.032	0.032	0.032	0.036	0.041	0.041	0.041	0.041	0.041	0.041	0.041	0.041	0.052	0.063	0.063	0.063	0.063	0.063	0.063	0.063	0.063	0.063	
0.020	0.026	0.026	0.032	0.032	0.032	0.032	0.032	0.032	0.036	0.041	0.041	0.041	0.041	0.041	0.041	0.041	0.041	0.052	0.063	0.063	0.063	0.063	0.063	0.063	0.063	0.063	0.063	
0.020	0.020	0.026	0.032	0.032	0.032	0.032	0.032	0.032	0.036	0.041	0.041	0.041	0.041	0.041	0.041	0.041	0.052	0.052	0.063	0.063	0.063	0.063	0.063	0.063	0.063	0.063	0.042	
0.020	0.020	0.026	0.026	0.032	0.032	0.032	0.032	0.032	0.036	0.041	0.041	0.041	0.041	0.041	0.041	0.041	0.052	0.063	0.063	0.063	0.063	0.063	0.063	0.063	0.063	0.042	0.042	
0.020	0.020	0.020	0.026	0.032	0.032	0.032	0.032	0.032	0.036	0.036	0.041	0.041	0.041	0.041	0.041	0.041	0.052	0.063	0.063	0.063	0.063	0.063	0.063	0.063	0.063	0.042	0.020	
0.020	0.020	0.020	0.026	0.026	0.032	0.032	0.032	0.032	0.032	0.036	0.041	0.041	0.041	0.041	0.041	0.041	0.052	0.063	0.063	0.063	0.063	0.063	0.063	0.063	0.042	0.042	0.020	
0.020	0.020	0.020	0.020	0.026	0.032	0.032	0.032	0.032	0.032	0.036	0.041	0.041	0.041	0.041	0.041	0.052	0.052	0.063	0.063	0.063	0.063	0.063	0.063	0.063	0.042	0.020	0.020	
0.020	0.020	0.020	0.020	0.026	0.026	0.032	0.032	0.032	0.032	0.036	0.041	0.041	0.041	0.041	0.041	0.052	0.063	0.063	0.063	0.063	0.063	0.063	0.063	0.041	0.041	0.020	0.020	
0.020	0.020	0.020	0.020	0.020	0.026	0.032	0.032	0.032	0.032	0.036	0.041	0.041	0.041	0.041	0.041	0.052	0.063	0.063	0.063	0.063	0.063	0.063	0.052	0.041	0.020	0.020	0.020	
0.021	0.020	0.020	0.020	0.020	0.026	0.026	0.032	0.032	0.032	0.036	0.036	0.041	0.041	0.041	0.041	0.052	0.063	0.063	0.063	0.063	0.063	0.052	0.052	0.031	0.020	0.020	0.020	
0.021	0.021	0.020	0.020	0.020	0.020	0.026	0.032	0.032	0.032	0.032	0.036	0.041	0.041	0.041	0.041	0.052	0.063	0.063	0.063	0.063	0.063	0.052	0.031	0.031	0.020	0.020	0.020	
0.022	0.021	0.021	0.020	0.020	0.020	0.026	0.026	0.032	0.032	0.032	0.036	0.041	0.041	0.041	0.052	0.052	0.063	0.063	0.063	0.063	0.052	0.052	0.031	0.020	0.020	0.020	0.020	
0.021	0.022	0.021	0.021	0.020	0.020	0.020	0.026	0.026	0.032	0.032	0.036	0.041	0.041	0.041	0.060	0.063	0.063	0.063	0.063	0.052	0.052	0.031	0.031	0.020	0.020	0.020	0.020	
0.021	0.021	0.022	0.021	0.021	0.020	0.020	0.020	0.026	0.032	0.032	0.036	0.041	0.041	0.059	0.060	0.070	0.063	0.063	0.052	0.052	0.041	0.031	0.020	0.020	0.020	0.020	0.020	
0.020	0.021	0.022	0.022	0.021	0.021	0.020	0.020	0.026	0.026	0.032	0.034	0.034	0.049	0.059	0.076	0.070	0.063	0.052	0.052	0.041	0.041	0.031	0.020	0.020	0.020	0.020	0.020	
0.020	0.021	0.021	0.022	0.022	0.021	0.021	0.020	0.015	0.021	0.021	0.024	0.030	0.053	0.076	0.076	0.064	0.059	0.053	0.041	0.041	0.031	0.031	0.020	0.020	0.020	0.020	0.020	
0.020	0.020	0.021	0.021	0.022	0.022	0.021	0.020	0.017	0.010	0.010	0.024	0.030	0.062	0.062	0.070	0.065	0.054	0.039	0.041	0.026	0.024	0.020	0.020	0.020	0.020	0.020	0.020	
0.020	0.020	0.020	0.021	0.022	0.022	0.021	0.020	0.015	0.021	0.021	0.026	0.031	0.047	0.081	0.067	0.060	0.038	0.039	0.025	0.026	0.015	0.020	0.020	0.020	0.020	0.020	0.020	
0.020	0.020	0.020	0.021	0.022	0.022	0.021	0.020	0.020	0.026	0.032	0.032	0.032	0.069	0.081	0.074	0.060	0.048	0.022	0.016	0.010	0.013	0.013	0.017	0.020	0.020	0.020	0.020	
0.020	0.020	0.020	0.021	0.021	0.022	0.021	0.020	0.021	0.025	0.030	0.033	0.054	0.063	0.082	0.082	0.041	0.035	0.016	0.014	0.010	0.010	0.010	0.015	0.020	0.020	0.020	0.015	
0.020	0.020	0.020	0.021	0.021	0.026	0.024	0.020	0.021	0.022	0.029	0.036	0.094	0.094	0.111	0.076	0.056	0.014	0.011	0.010	0.010	0.010	0.010	0.013	0.013	0.015	0.015	0.015	
0.020	0.020	0.020	0.020	0.021	0.024	0.025	0.023	0.021	0.024	0.030	0.033	0.072	0.151	0.118	0.053	0.040	0.015	0.011	0.010	0.010	0.010	0.010	0.010	0.013	0.010	0.010	0.010	
0.020	0.020	0.020	0.020	0.025	0.025	0.030	0.025	0.020	0.025	0.030	0.030	0.091	0.210	0.168	0.125	0.020	0.015	0.010	0.010	0.010	0.010	0.010	0.010	0.010	0.010	0.010	0.010	
0.000	0.000	0.000	0.000	0.000	0.030	0.030	0.025	0.020	0.025	0.030	0.030	0.352	0.210	0.268	0.144	0.020	0.020	0.010	0.010	0.010	0.010	0.000	0.000	0.000	0.000	0.000	0.000	
0.000	0.000	0.000	0.000	0.000	0.000	0.000	0.000	0.000	0.000	0.000	0.000	0.613	0.613	0.613	0.613	0.000	0.000	0.000	0.000	0.000	0.000	0.000	0.000	0.000	0.000	0.000	0.000	
0.000	0.000	0.000	0.000	0.000	0.000	0.000	0.000	0.000	0.000	0.000	0.000	0.957	0.957	0.957	0.957	0.000	0.000	0.000	0.000	0.000	0.000	0.000	0.000	0.000	0.000	0.000	0.000	
0.000	0.000	0.000	0.000	0.000	0.000	0.000	0.000	0.000	0.000	0.000	0.000	0.957	0.957	0.957	0.957	0.000	0.000	0.000	0.000	0.000	0.000	0.000	0.000	0.000	0.000	0.000	0.000	
0.000	0.000	0.000	0.000	0.000	0.000	0.000	0.000	0.000	0.000	0.000	0.000	0.957	0.957	0.957	0.957	0.000	0.000	0.000	0.000	0.000	0.000	0.000	0.000	0.000	0.000	0.000	0.000	
