0.050	0.050	0.050	0.050	0.050	0.050	0.050	0.050	0.050	0.050	0.050	0.050	0.050	0.050	0.074	0.098	0.098	0.098	0.092	0.085	0.085	0.085	0.085	0.085	0.085	0.085	0.085	0.085	
0.050	0.050	0.050	0.050	0.050	0.050	0.050	0.050	0.050	0.050	0.050	0.050	0.050	0.050	0.074	0.098	0.098	0.098	0.092	0.085	0.085	0.085	0.085	0.085	0.085	0.085	0.085	0.085	
0.050	0.050	0.050	0.050	0.050	0.050	0.050	0.050	0.050	0.050	0.050	0.050	0.050	0.050	0.074	0.098	0.098	0.098	0.092	0.085	0.085	0.085	0.085	0.085	0.085	0.085	0.085	0.085	
0.050	0.050	0.050	0.050	0.050	0.050	0.050	0.050	0.050	0.050	0.050	0.050	0.050	0.050	0.074	0.098	0.098	0.098	0.092	0.085	0.085	0.085	0.085	0.085	0.085	0.085	0.085	0.085	
0.050	0.050	0.050	0.050	0.050	0.050	0.050	0.050	0.050	0.050	0.050	0.050	0.050	0.074	0.074	0.098	0.098	0.098	0.092	0.085	0.085	0.085	0.085	0.085	0.085	0.085	0.085	0.085	
0.050	0.050	0.050	0.050	0.050	0.050	0.050	0.050	0.050	0.050	0.050	0.050	0.050	0.074	0.098	0.098	0.098	0.098	0.092	0.085	0.085	0.085	0.085	0.085	0.085	0.085	0.085	0.085	
0.050	0.050	0.050	0.050	0.050	0.050	0.050	0.050	0.050	0.050	0.050	0.050	0.050	0.074	0.098	0.098	0.098	0.098	0.092	0.085	0.085	0.085	0.085	0.085	0.085	0.085	0.085	0.085	
0.050	0.050	0.050	0.050	0.050	0.050	0.050	0.050	0.050	0.050	0.050	0.050	0.050	0.074	0.098	0.098	0.098	0.098	0.092	0.085	0.085	0.085	0.085	0.085	0.085	0.085	0.085	0.085	
0.050	0.050	0.050	0.050	0.050	0.050	0.050	0.050	0.050	0.050	0.050	0.050	0.050	0.074	0.098	0.098	0.098	0.098	0.092	0.085	0.085	0.085	0.085	0.085	0.085	0.085	0.085	0.085	
0.050	0.050	0.050	0.050	0.050	0.050	0.050	0.050	0.050	0.050	0.050	0.050	0.050	0.074	0.098	0.098	0.098	0.098	0.092	0.085	0.085	0.085	0.085	0.085	0.085	0.085	0.085	0.085	
0.050	0.050	0.050	0.050	0.050	0.050	0.050	0.050	0.050	0.050	0.050	0.050	0.050	0.074	0.098	0.098	0.098	0.098	0.092	0.085	0.085	0.085	0.085	0.085	0.085	0.085	0.085	0.085	
0.050	0.050	0.050	0.050	0.050	0.050	0.050	0.050	0.050	0.050	0.050	0.050	0.050	0.074	0.098	0.098	0.098	0.098	0.092	0.085	0.085	0.085	0.085	0.085	0.085	0.085	0.085	0.085	
0.050	0.050	0.050	0.050	0.050	0.050	0.050	0.050	0.050	0.050	0.050	0.050	0.050	0.074	0.098	0.098	0.098	0.098	0.092	0.085	0.085	0.085	0.085	0.085	0.085	0.085	0.085	0.085	
0.050	0.050	0.050	0.050	0.050	0.050	0.050	0.050	0.050	0.050	0.050	0.050	0.050	0.074	0.098	0.098	0.098	0.098	0.092	0.085	0.085	0.085	0.085	0.085	0.085	0.085	0.085	0.085	
0.050	0.050	0.050	0.050	0.050	0.050	0.050	0.050	0.050	0.050	0.050	0.050	0.050	0.074	0.098	0.098	0.098	0.098	0.092	0.085	0.085	0.085	0.085	0.085	0.085	0.085	0.085	0.085	
0.050	0.050	0.050	0.050	0.050	0.050	0.050	0.050	0.050	0.050	0.050	0.050	0.050	0.093	0.098	0.098	0.098	0.092	0.092	0.085	0.085	0.085	0.085	0.085	0.085	0.085	0.085	0.085	
0.050	0.050	0.050	0.050	0.050	0.050	0.050	0.050	0.050	0.050	0.050	0.050	0.050	0.093	0.098	0.098	0.098	0.092	0.085	0.085	0.085	0.085	0.085	0.085	0.085	0.085	0.085	0.085	
0.050	0.050	0.050	0.050	0.050	0.050	0.050	0.050	0.050	0.050	0.050	0.050	0.050	0.093	0.098	0.098	0.098	0.092	0.085	0.085	0.085	0.085	0.085	0.085	0.085	0.085	0.085	0.085	
0.050	0.050	0.050	0.050	0.050	0.050	0.050	0.050	0.050	0.050	0.050	0.050	0.050	0.093	0.098	0.098	0.098	0.092	0.085	0.085	0.085	0.085	0.085	0.085	0.085	0.085	0.085	0.085	
0.050	0.050	0.050	0.050	0.050	0.050	0.050	0.050	0.050	0.050	0.050	0.050	0.050	0.093	0.098	0.098	0.098	0.092	0.085	0.085	0.085	0.085	0.085	0.085	0.085	0.085	0.085	0.085	
0.050	0.050	0.050	0.050	0.050	0.050	0.050	0.050	0.050	0.050	0.050	0.050	0.050	0.093	0.098	0.098	0.098	0.092	0.085	0.085	0.085	0.085	0.085	0.085	0.085	0.085	0.085	0.085	
0.050	0.050	0.050	0.050	0.050	0.050	0.050	0.050	0.050	0.050	0.050	0.050	0.050	0.093	0.098	0.098	0.098	0.092	0.085	0.085	0.085	0.085	0.085	0.085	0.085	0.085	0.085	0.085	
0.050	0.050	0.050	0.050	0.050	0.050	0.050	0.050	0.050	0.050	0.050	0.050	0.050	0.093	0.098	0.098	0.098	0.092	0.085	0.085	0.085	0.085	0.085	0.085	0.085	0.085	0.085	0.085	
0.050	0.050	0.050	0.050	0.050	0.050	0.050	0.050	0.050	0.050	0.050	0.050	0.050	0.093	0.098	0.098	0.098	0.092	0.085	0.085	0.085	0.085	0.085	0.085	0.085	0.085	0.085	0.085	
0.050	0.050	0.050	0.050	0.050	0.050	0.050	0.050	0.050	0.050	0.050	0.050	0.050	0.093	0.098	0.098	0.098	0.092	0.085	0.085	0.085	0.085	0.085	0.085	0.085	0.085	0.085	0.085	
0.050	0.050	0.050	0.050	0.050	0.050	0.050	0.050	0.050	0.050	0.050	0.050	0.090	0.093	0.098	0.098	0.098	0.092	0.085	0.085	0.085	0.085	0.085	0.085	0.085	0.085	0.085	0.085	
0.050	0.050	0.050	0.050	0.050	0.050	0.050	0.050	0.050	0.050	0.050	0.050	0.090	0.114	0.098	0.098	0.098	0.092	0.085	0.085	0.085	0.085	0.085	0.085	0.085	0.085	0.085	0.085	
0.050	0.050	0.050	0.050	0.050	0.050	0.050	0.050	0.050	0.050	0.050	0.050	0.090	0.114	0.098	0.098	0.098	0.092	0.085	0.085	0.085	0.085	0.085	0.085	0.085	0.085	0.085	0.085	
0.050	0.050	0.050	0.050	0.050	0.050	0.050	0.050	0.050	0.050	0.050	0.050	0.090	0.114	0.098	0.098	0.098	0.092	0.085	0.085	0.085	0.085	0.085	0.085	0.085	0.085	0.085	0.085	
0.050	0.050	0.050	0.050	0.050	0.050	0.050	0.050	0.050	0.050	0.050	0.050	0.090	0.114	0.098	0.098	0.098	0.092	0.085	0.085	0.085	0.085	0.085	0.085	0.085	0.085	0.085	0.085	
0.050	0.050	0.050	0.050	0.050	0.050	0.050	0.050	0.050	0.050	0.050	0.050	0.090	0.114	0.098	0.098	0.098	0.092	0.085	0.085	0.085	0.085	0.085	0.085	0.085	0.085	0.085	0.085	
0.050	0.050	0.050	0.050	0.050	0.050	0.050	0.050	0.050	0.050	0.050	0.050	0.090	0.114	0.114	0.098	0.098	0.092	0.085	0.085	0.085	0.085	0.085	0.085	0.085	0.085	0.085	0.085	
0.050	0.050	0.050	0.050	0.050	0.050	0.050	0.050	0.050	0.050	0.050	0.050	0.090	0.130	0.114	0.098	0.098	0.092	0.085	0.085	0.085	0.085	0.085	0.085	0.085	0.085	0.085	0.085	
0.061	0.050	0.050	0.050	0.050	0.050	0.050	0.050	0.050	0.050	0.050	0.050	0.090	0.130	0.114	0.098	0.098	0.092	0.085	0.085	0.085	0.085	0.085	0.085	0.085	0.085	0.085	0.085	
0.061	0.061	0.050	0.050	0.050	0.050	0.050	0.050	0.050	0.050	0.050	0.050	0.090	0.130	0.114	0.098	0.098	0.092	0.085	0.085	0.085	0.085	0.085	0.085	0.085	0.085	0.085	0.085	
0.073	0.061	0.061	0.050	0.050	0.050	0.050	0.050	0.050	0.050	0.050	0.050	0.090	0.130	0.114	0.098	0.098	0.092	0.085	0.085	0.085	0.085	0.085	0.085	0.085	0.085	0.085	0.085	
0.073	0.073	0.061	0.050	0.050	0.050	0.050	0.050	0.050	0.050	0.050	0.050	0.090	0.130	0.114	0.098	0.098	0.092	0.085	0.085	0.085	0.085	0.085	0.085	0.085	0.085	0.085	0.085	
0.073	0.073	0.061	0.061	0.050	0.050	0.050	0.050	0.050	0.050	0.050	0.050	0.090	0.130	0.114	0.098	0.098	0.092	0.085	0.085	0.085	0.085	0.085	0.085	0.085	0.085	0.085	0.070	
0.073	0.073	0.073	0.061	0.061	0.050	0.050	0.050	0.050	0.050	0.050	0.050	0.090	0.130	0.114	0.098	0.098	0.092	0.085	0.085	0.085	0.085	0.085	0.085	0.085	0.085	0.070	0.070	
0.073	0.073	0.073	0.073	0.061	0.050	0.050	0.050	0.050	0.050	0.050	0.090	0.090	0.130	0.114	0.098	0.098	0.092	0.085	0.085	0.085	0.085	0.085	0.085	0.085	0.070	0.070	0.054	
0.073	0.073	0.073	0.073	0.061	0.061	0.050	0.050	0.050	0.050	0.050	0.090	0.130	0.130	0.114	0.098	0.098	0.092	0.085	0.085	0.085	0.085	0.085	0.085	0.070	0.070	0.054	0.054	
0.073	0.073	0.073	0.073	0.073	0.061	0.061	0.050	0.050	0.050	0.050	0.090	0.130	0.130	0.114	0.098	0.098	0.092	0.085	0.085	0.085	0.085	0.085	0.070	0.070	0.054	0.054	0.054	
0.073	0.073	0.073	0.073	0.073	0.073	0.061	0.050	0.050	0.050	0.050	0.090	0.130	0.130	0.114	0.098	0.098	0.092	0.085	0.085	0.085	0.085	0.070	0.070	0.054	0.054	0.054	0.038	
0.073	0.073	0.073	0.073	0.073	0.073	0.061	0.061	0.050	0.050	0.050	0.090	0.130	0.130	0.114	0.098	0.092	0.092	0.085	0.085	0.085	0.070	0.070	0.054	0.054	0.054	0.038	0.038	
0.056	0.073	0.073	0.073	0.073	0.073	0.073	0.061	0.061	0.050	0.050	0.090	0.130	0.130	0.114	0.098	0.092	0.085	0.085	0.085	0.070	0.070	0.054	0.054	0.038	0.038	0.038	0.022	
0.056	0.056	0.056	0.073	0.073	0.073	0.073	0.073	0.071	0.070	0.070	0.100	0.125	0.155	0.136	0.098	0.069	0.054	0.085	0.070	0.070	0.054	0.054	0.038	0.038	0.022	0.022	0.022	
0.040	0.040	0.056	0.056	0.056	0.073	0.073	0.073	0.082	0.091	0.070	0.087	0.125	0.144	0.139	0.100	0.060	0.054	0.054	0.070	0.054	0.054	0.038	0.038	0.022	0.022	0.022	0.022	
0.040	0.040	0.040	0.040	0.056	0.056	0.056	0.056	0.068	0.065	0.061	0.081	0.120	0.150	0.180	0.101	0.022	0.022	0.025	0.027	0.054	0.038	0.038	0.022	0.022	0.022	0.022	0.022	
0.040	0.040	0.040	0.040	0.040	0.040	0.056	0.051	0.040	0.065	0.054	0.076	0.078	0.128	0.155	0.086	0.016	0.016	0.011	0.027	0.025	0.038	0.022	0.022	0.022	0.022	0.022	0.022	
0.040	0.040	0.040	0.040	0.040	0.040	0.040	0.040	0.040	0.036	0.036	0.032	0.056	0.105	0.105	0.070	0.070	0.010	0.005	0.000	0.011	0.022	0.022	0.022	0.022	0.022	0.022	0.022	
0.000	0.000	0.000	0.000	0.000	0.000	0.000	0.000	0.000	0.000	0.000	0.000	0.056	0.081	0.105	0.130	0.130	0.000	0.000	0.000	0.000	0.000	0.000	0.000	0.000	0.000	0.000	0.000	
0.000	0.000	0.000	0.000	0.000	0.000	0.000	0.000	0.000	0.000	0.000	0.000	0.081	0.081	0.105	0.130	0.000	0.000	0.000	0.000	0.000	0.000	0.000	0.000	0.000	0.000	0.000	0.000	
0.000	0.000	0.000	0.000	0.000	0.000	0.000	0.000	0.000	0.000	0.000	0.000	0.081	0.081	0.105	0.105	0.000	0.000	0.000	0.000	0.000	0.000	0.000	0.000	0.000	0.000	0.000	0.000	
0.000	0.000	0.000	0.000	0.000	0.000	0.000	0.000	0.000	0.000	0.000	0.000	0.081	0.081	0.081	0.105	0.000	0.000	0.000	0.000	0.000	0.000	0.000	0.000	0.000	0.000	0.000	0.000	
0.000	0.000	0.000	0.000	0.000	0.000	0.000	0.000	0.000	0.000	0.000	0.000	0.081	0.081	0.081	0.081	0.000	0.000	0.000	0.000	0.000	0.000	0.000	0.000	0.000	0.000	0.000	0.000	
