0.106	0.106	0.106	0.106	0.106	0.106	0.101	0.095	0.095	0.095	0.095	0.095	0.095	0.095	0.095	0.095	0.095	0.095	0.095	0.095	0.095	0.095	0.095	0.083	0.072	0.072	0.072	0.072	
0.106	0.106	0.106	0.106	0.106	0.106	0.101	0.095	0.095	0.095	0.095	0.095	0.095	0.095	0.095	0.095	0.095	0.095	0.095	0.095	0.095	0.095	0.095	0.083	0.072	0.072	0.072	0.072	
0.106	0.106	0.106	0.106	0.106	0.106	0.101	0.095	0.095	0.095	0.095	0.095	0.095	0.095	0.095	0.095	0.095	0.095	0.095	0.095	0.095	0.095	0.083	0.083	0.072	0.072	0.072	0.072	
0.106	0.106	0.106	0.106	0.106	0.106	0.101	0.095	0.095	0.095	0.095	0.095	0.095	0.095	0.095	0.095	0.095	0.095	0.095	0.095	0.095	0.095	0.083	0.072	0.072	0.072	0.072	0.072	
0.106	0.106	0.106	0.106	0.106	0.106	0.101	0.101	0.095	0.095	0.095	0.095	0.095	0.095	0.095	0.095	0.095	0.095	0.095	0.095	0.095	0.095	0.083	0.072	0.072	0.072	0.072	0.072	
0.106	0.106	0.106	0.106	0.106	0.106	0.106	0.101	0.095	0.095	0.095	0.095	0.095	0.095	0.095	0.095	0.095	0.095	0.095	0.095	0.095	0.095	0.083	0.072	0.072	0.072	0.072	0.072	
0.106	0.106	0.106	0.106	0.106	0.106	0.106	0.101	0.095	0.095	0.095	0.095	0.095	0.095	0.095	0.095	0.095	0.095	0.095	0.095	0.095	0.095	0.083	0.072	0.072	0.072	0.072	0.072	
0.106	0.106	0.106	0.106	0.106	0.106	0.106	0.101	0.095	0.095	0.095	0.095	0.095	0.095	0.095	0.095	0.095	0.095	0.095	0.095	0.095	0.095	0.083	0.072	0.072	0.072	0.072	0.072	
0.106	0.106	0.106	0.106	0.106	0.106	0.106	0.101	0.095	0.095	0.095	0.095	0.095	0.095	0.095	0.095	0.095	0.095	0.095	0.095	0.095	0.083	0.083	0.072	0.072	0.072	0.072	0.072	
0.106	0.106	0.106	0.106	0.106	0.106	0.106	0.101	0.095	0.095	0.095	0.095	0.095	0.095	0.095	0.095	0.095	0.095	0.095	0.095	0.095	0.083	0.072	0.072	0.072	0.072	0.072	0.072	
0.106	0.106	0.106	0.106	0.106	0.106	0.106	0.101	0.095	0.095	0.095	0.095	0.095	0.095	0.095	0.095	0.095	0.095	0.095	0.095	0.095	0.083	0.072	0.072	0.072	0.072	0.072	0.072	
0.106	0.106	0.106	0.106	0.106	0.106	0.106	0.101	0.101	0.095	0.095	0.095	0.095	0.095	0.095	0.095	0.095	0.095	0.095	0.095	0.095	0.083	0.072	0.072	0.072	0.072	0.072	0.072	
0.106	0.106	0.106	0.106	0.106	0.106	0.106	0.106	0.101	0.095	0.095	0.095	0.095	0.095	0.095	0.095	0.095	0.095	0.095	0.095	0.095	0.083	0.072	0.072	0.072	0.072	0.072	0.072	
0.106	0.106	0.106	0.106	0.106	0.106	0.106	0.106	0.101	0.095	0.095	0.095	0.095	0.095	0.095	0.095	0.095	0.095	0.095	0.095	0.083	0.083	0.072	0.072	0.072	0.072	0.072	0.072	
0.106	0.106	0.106	0.106	0.106	0.106	0.106	0.106	0.101	0.095	0.095	0.095	0.095	0.095	0.095	0.095	0.095	0.095	0.095	0.095	0.083	0.072	0.072	0.072	0.072	0.072	0.072	0.072	
0.106	0.106	0.106	0.106	0.106	0.106	0.106	0.106	0.101	0.095	0.095	0.095	0.095	0.095	0.095	0.095	0.095	0.095	0.095	0.095	0.083	0.072	0.072	0.072	0.072	0.072	0.072	0.072	
0.106	0.106	0.106	0.106	0.106	0.106	0.106	0.106	0.101	0.095	0.095	0.095	0.095	0.095	0.095	0.095	0.095	0.095	0.095	0.095	0.083	0.072	0.072	0.072	0.072	0.072	0.072	0.072	
0.106	0.106	0.106	0.106	0.106	0.106	0.106	0.106	0.101	0.095	0.095	0.095	0.095	0.095	0.095	0.095	0.095	0.095	0.095	0.095	0.083	0.072	0.072	0.072	0.072	0.072	0.072	0.072	
0.106	0.106	0.106	0.106	0.106	0.106	0.106	0.106	0.101	0.101	0.095	0.095	0.095	0.095	0.095	0.095	0.095	0.095	0.095	0.095	0.083	0.072	0.072	0.072	0.072	0.072	0.072	0.072	
0.085	0.106	0.106	0.106	0.106	0.106	0.106	0.106	0.106	0.101	0.095	0.095	0.095	0.095	0.095	0.095	0.095	0.095	0.095	0.083	0.083	0.072	0.072	0.072	0.072	0.072	0.072	0.050	
0.085	0.106	0.106	0.106	0.106	0.106	0.106	0.106	0.106	0.101	0.095	0.095	0.095	0.095	0.095	0.095	0.095	0.095	0.095	0.083	0.072	0.072	0.072	0.072	0.072	0.072	0.072	0.050	
0.085	0.106	0.106	0.106	0.106	0.106	0.106	0.106	0.106	0.101	0.095	0.095	0.095	0.095	0.095	0.095	0.095	0.095	0.095	0.083	0.072	0.072	0.072	0.072	0.072	0.072	0.072	0.050	
0.085	0.085	0.106	0.106	0.106	0.106	0.106	0.106	0.106	0.101	0.095	0.095	0.095	0.095	0.095	0.095	0.095	0.095	0.095	0.083	0.072	0.072	0.072	0.072	0.072	0.072	0.050	0.050	
0.063	0.085	0.106	0.106	0.106	0.106	0.106	0.106	0.106	0.101	0.095	0.095	0.095	0.095	0.095	0.095	0.095	0.095	0.095	0.083	0.072	0.072	0.072	0.072	0.072	0.072	0.050	0.028	
0.063	0.085	0.085	0.106	0.106	0.106	0.106	0.106	0.106	0.101	0.095	0.095	0.095	0.095	0.095	0.095	0.095	0.095	0.083	0.083	0.072	0.072	0.072	0.072	0.072	0.050	0.050	0.028	
0.063	0.063	0.085	0.106	0.106	0.106	0.106	0.106	0.106	0.101	0.101	0.095	0.095	0.095	0.095	0.095	0.095	0.095	0.083	0.072	0.072	0.072	0.072	0.072	0.072	0.050	0.028	0.028	
0.063	0.063	0.085	0.106	0.106	0.106	0.106	0.106	0.106	0.106	0.101	0.095	0.095	0.095	0.095	0.095	0.095	0.095	0.083	0.072	0.072	0.072	0.072	0.072	0.072	0.050	0.028	0.028	
0.063	0.063	0.085	0.085	0.106	0.106	0.106	0.106	0.106	0.106	0.101	0.095	0.095	0.095	0.095	0.095	0.095	0.095	0.083	0.072	0.072	0.072	0.072	0.072	0.050	0.050	0.028	0.028	
0.063	0.063	0.063	0.085	0.106	0.106	0.106	0.106	0.106	0.106	0.101	0.095	0.095	0.095	0.095	0.095	0.095	0.095	0.083	0.072	0.072	0.072	0.072	0.072	0.050	0.028	0.028	0.028	
0.063	0.063	0.063	0.085	0.085	0.106	0.106	0.106	0.106	0.106	0.101	0.095	0.095	0.095	0.095	0.095	0.095	0.095	0.083	0.072	0.072	0.072	0.072	0.072	0.050	0.028	0.028	0.028	
0.063	0.063	0.063	0.063	0.085	0.106	0.106	0.106	0.106	0.106	0.101	0.095	0.095	0.095	0.095	0.095	0.095	0.083	0.083	0.072	0.072	0.072	0.072	0.050	0.050	0.028	0.028	0.028	
0.063	0.063	0.063	0.063	0.085	0.106	0.106	0.106	0.106	0.106	0.101	0.095	0.095	0.095	0.095	0.095	0.095	0.083	0.072	0.072	0.072	0.072	0.072	0.050	0.028	0.028	0.028	0.028	
0.063	0.063	0.063	0.063	0.085	0.085	0.106	0.106	0.106	0.106	0.101	0.101	0.095	0.095	0.095	0.095	0.095	0.083	0.072	0.072	0.072	0.072	0.050	0.050	0.028	0.028	0.028	0.028	
0.063	0.063	0.063	0.063	0.063	0.085	0.106	0.106	0.106	0.106	0.106	0.101	0.095	0.095	0.095	0.095	0.095	0.083	0.072	0.072	0.072	0.072	0.050	0.028	0.028	0.028	0.028	0.028	
0.063	0.063	0.063	0.063	0.063	0.085	0.085	0.106	0.106	0.106	0.106	0.101	0.095	0.095	0.095	0.095	0.095	0.083	0.072	0.072	0.072	0.072	0.050	0.028	0.028	0.028	0.028	0.028	
0.063	0.063	0.063	0.063	0.063	0.063	0.085	0.106	0.106	0.106	0.106	0.101	0.095	0.095	0.095	0.095	0.095	0.083	0.072	0.072	0.072	0.050	0.050	0.028	0.028	0.028	0.028	0.028	
0.063	0.063	0.063	0.063	0.063	0.063	0.085	0.106	0.106	0.106	0.106	0.101	0.095	0.095	0.095	0.095	0.083	0.083	0.072	0.072	0.072	0.050	0.028	0.028	0.028	0.028	0.028	0.037	
0.063	0.063	0.063	0.063	0.063	0.063	0.085	0.085	0.106	0.106	0.106	0.101	0.095	0.095	0.095	0.095	0.083	0.072	0.072	0.072	0.050	0.050	0.028	0.028	0.028	0.028	0.037	0.037	
0.054	0.063	0.063	0.063	0.063	0.063	0.063	0.085	0.106	0.106	0.106	0.101	0.095	0.095	0.095	0.095	0.083	0.072	0.072	0.072	0.050	0.028	0.028	0.028	0.028	0.028	0.037	0.045	
0.054	0.054	0.063	0.063	0.063	0.063	0.063	0.085	0.085	0.106	0.106	0.101	0.101	0.095	0.095	0.095	0.083	0.072	0.072	0.072	0.050	0.028	0.028	0.028	0.028	0.037	0.037	0.045	
0.045	0.054	0.054	0.063	0.063	0.063	0.063	0.063	0.085	0.106	0.106	0.106	0.101	0.095	0.095	0.095	0.083	0.072	0.072	0.050	0.050	0.028	0.028	0.028	0.037	0.037	0.045	0.045	
0.045	0.045	0.054	0.054	0.063	0.063	0.063	0.063	0.085	0.106	0.106	0.106	0.101	0.095	0.095	0.083	0.083	0.072	0.072	0.050	0.028	0.028	0.028	0.037	0.037	0.045	0.045	0.045	
0.045	0.045	0.045	0.054	0.054	0.063	0.063	0.063	0.085	0.085	0.106	0.106	0.101	0.095	0.095	0.083	0.072	0.072	0.072	0.050	0.028	0.028	0.028	0.037	0.045	0.045	0.045	0.045	
0.045	0.045	0.045	0.045	0.054	0.054	0.063	0.063	0.063	0.085	0.106	0.106	0.101	0.095	0.095	0.096	0.072	0.072	0.050	0.050	0.028	0.028	0.037	0.037	0.045	0.045	0.045	0.045	
0.037	0.045	0.045	0.045	0.045	0.054	0.054	0.063	0.063	0.087	0.087	0.069	0.070	0.052	0.075	0.096	0.096	0.072	0.050	0.028	0.028	0.037	0.037	0.045	0.045	0.045	0.045	0.045	
0.037	0.037	0.037	0.045	0.045	0.045	0.054	0.054	0.052	0.065	0.091	0.050	0.010	0.010	0.065	0.120	0.091	0.076	0.060	0.045	0.045	0.037	0.045	0.045	0.045	0.045	0.038	0.038	
0.030	0.030	0.037	0.037	0.045	0.045	0.045	0.050	0.052	0.066	0.066	0.064	0.064	0.016	0.064	0.112	0.102	0.081	0.071	0.061	0.053	0.053	0.045	0.045	0.038	0.038	0.038	0.032	
0.030	0.030	0.030	0.037	0.037	0.037	0.042	0.042	0.041	0.051	0.071	0.091	0.041	0.016	0.063	0.104	0.077	0.063	0.064	0.061	0.050	0.049	0.038	0.038	0.038	0.032	0.032	0.032	
0.030	0.030	0.030	0.030	0.030	0.037	0.038	0.041	0.047	0.051	0.075	0.075	0.042	0.018	0.056	0.064	0.075	0.058	0.064	0.050	0.050	0.042	0.039	0.032	0.032	0.032	0.032	0.032	
0.030	0.030	0.030	0.030	0.030	0.030	0.035	0.040	0.050	0.060	0.060	0.055	0.052	0.026	0.032	0.044	0.045	0.047	0.050	0.045	0.040	0.040	0.036	0.032	0.032	0.032	0.032	0.032	
0.000	0.000	0.000	0.000	0.000	0.000	0.000	0.000	0.000	0.060	0.060	0.037	0.014	0.028	0.042	0.044	0.045	0.045	0.000	0.000	0.000	0.000	0.000	0.000	0.000	0.000	0.000	0.000	
0.000	0.000	0.000	0.000	0.000	0.000	0.000	0.000	0.000	0.000	0.000	0.000	0.014	0.028	0.042	0.042	0.000	0.000	0.000	0.000	0.000	0.000	0.000	0.000	0.000	0.000	0.000	0.000	
0.000	0.000	0.000	0.000	0.000	0.000	0.000	0.000	0.000	0.000	0.000	0.000	0.014	0.028	0.042	0.042	0.000	0.000	0.000	0.000	0.000	0.000	0.000	0.000	0.000	0.000	0.000	0.000	
0.000	0.000	0.000	0.000	0.000	0.000	0.000	0.000	0.000	0.000	0.000	0.000	0.014	0.028	0.042	0.042	0.000	0.000	0.000	0.000	0.000	0.000	0.000	0.000	0.000	0.000	0.000	0.000	
0.000	0.000	0.000	0.000	0.000	0.000	0.000	0.000	0.000	0.000	0.000	0.000	0.014	0.028	0.042	0.042	0.000	0.000	0.000	0.000	0.000	0.000	0.000	0.000	0.000	0.000	0.000	0.000	
