0.090	0.056	0.022	0.022	0.022	0.022	0.022	0.022	0.022	0.022	0.022	0.022	0.022	0.022	0.022	0.022	0.022	0.022	0.022	0.022	0.022	0.022	0.022	0.022	0.022	0.096	0.096	0.170	
0.090	0.056	0.022	0.022	0.022	0.022	0.022	0.022	0.022	0.022	0.022	0.022	0.022	0.022	0.022	0.022	0.022	0.022	0.022	0.022	0.022	0.022	0.022	0.022	0.022	0.096	0.170	0.170	
0.090	0.056	0.022	0.022	0.022	0.022	0.022	0.022	0.022	0.022	0.022	0.022	0.022	0.022	0.022	0.022	0.022	0.022	0.022	0.022	0.022	0.022	0.022	0.022	0.022	0.096	0.170	0.170	
0.090	0.056	0.022	0.022	0.022	0.022	0.022	0.022	0.022	0.022	0.022	0.022	0.022	0.022	0.022	0.022	0.022	0.022	0.022	0.022	0.022	0.022	0.022	0.022	0.022	0.096	0.170	0.170	
0.090	0.056	0.056	0.022	0.022	0.022	0.022	0.022	0.022	0.022	0.022	0.022	0.022	0.022	0.022	0.022	0.022	0.022	0.022	0.022	0.022	0.022	0.022	0.022	0.096	0.096	0.170	0.170	
0.090	0.090	0.056	0.022	0.022	0.022	0.022	0.022	0.022	0.022	0.022	0.022	0.022	0.022	0.022	0.022	0.022	0.022	0.022	0.022	0.022	0.022	0.022	0.022	0.096	0.170	0.170	0.170	
0.090	0.090	0.056	0.022	0.022	0.022	0.022	0.022	0.022	0.022	0.022	0.022	0.022	0.022	0.022	0.022	0.022	0.022	0.022	0.022	0.022	0.022	0.022	0.022	0.096	0.170	0.170	0.170	
0.090	0.090	0.056	0.022	0.022	0.022	0.022	0.022	0.022	0.022	0.022	0.022	0.022	0.022	0.022	0.022	0.022	0.022	0.022	0.022	0.022	0.022	0.022	0.022	0.096	0.170	0.170	0.170	
0.090	0.090	0.056	0.056	0.022	0.022	0.022	0.022	0.022	0.022	0.022	0.022	0.022	0.022	0.022	0.022	0.022	0.022	0.022	0.022	0.022	0.022	0.022	0.022	0.096	0.170	0.170	0.170	
0.090	0.090	0.090	0.056	0.022	0.022	0.022	0.022	0.022	0.022	0.022	0.022	0.022	0.022	0.022	0.022	0.022	0.022	0.022	0.022	0.022	0.022	0.022	0.096	0.096	0.170	0.170	0.170	
0.090	0.090	0.090	0.056	0.022	0.022	0.022	0.022	0.022	0.022	0.022	0.022	0.022	0.022	0.022	0.022	0.022	0.022	0.022	0.022	0.022	0.022	0.022	0.096	0.170	0.170	0.170	0.170	
0.090	0.090	0.090	0.056	0.022	0.022	0.022	0.022	0.022	0.022	0.022	0.022	0.022	0.022	0.022	0.022	0.022	0.022	0.022	0.022	0.022	0.022	0.022	0.096	0.170	0.170	0.170	0.170	
0.090	0.090	0.090	0.056	0.056	0.022	0.022	0.022	0.022	0.022	0.022	0.022	0.022	0.022	0.022	0.022	0.022	0.022	0.022	0.022	0.022	0.022	0.022	0.096	0.170	0.170	0.170	0.170	
0.090	0.090	0.090	0.090	0.056	0.022	0.022	0.022	0.022	0.022	0.022	0.022	0.022	0.022	0.022	0.022	0.022	0.022	0.022	0.022	0.022	0.022	0.096	0.096	0.170	0.170	0.170	0.170	
0.090	0.090	0.090	0.090	0.056	0.022	0.022	0.022	0.022	0.022	0.022	0.022	0.022	0.022	0.022	0.022	0.022	0.022	0.022	0.022	0.022	0.022	0.096	0.170	0.170	0.170	0.170	0.170	
0.090	0.090	0.090	0.090	0.056	0.022	0.022	0.022	0.022	0.022	0.022	0.022	0.022	0.022	0.022	0.022	0.022	0.022	0.022	0.022	0.022	0.022	0.096	0.170	0.170	0.170	0.170	0.170	
0.090	0.090	0.090	0.090	0.056	0.022	0.022	0.022	0.022	0.022	0.022	0.022	0.022	0.022	0.022	0.022	0.022	0.022	0.022	0.022	0.022	0.022	0.096	0.170	0.170	0.170	0.170	0.170	
0.090	0.090	0.090	0.090	0.056	0.056	0.022	0.022	0.022	0.022	0.022	0.022	0.022	0.022	0.022	0.022	0.022	0.022	0.022	0.022	0.022	0.096	0.096	0.170	0.170	0.170	0.170	0.170	
0.090	0.090	0.090	0.090	0.090	0.056	0.022	0.022	0.022	0.022	0.022	0.022	0.022	0.022	0.022	0.022	0.022	0.022	0.022	0.022	0.022	0.096	0.170	0.170	0.170	0.170	0.170	0.170	
0.090	0.090	0.090	0.090	0.090	0.056	0.022	0.022	0.022	0.022	0.022	0.022	0.022	0.022	0.022	0.022	0.022	0.022	0.022	0.022	0.022	0.096	0.170	0.170	0.170	0.170	0.170	0.170	
0.090	0.090	0.090	0.090	0.090	0.056	0.022	0.022	0.022	0.022	0.022	0.022	0.022	0.022	0.022	0.022	0.022	0.022	0.022	0.022	0.022	0.096	0.170	0.170	0.170	0.170	0.170	0.170	
0.090	0.090	0.090	0.090	0.090	0.056	0.056	0.022	0.022	0.022	0.022	0.022	0.022	0.022	0.022	0.022	0.022	0.022	0.022	0.022	0.022	0.096	0.170	0.170	0.170	0.170	0.170	0.170	
0.090	0.090	0.090	0.090	0.090	0.090	0.056	0.022	0.022	0.022	0.022	0.022	0.022	0.022	0.022	0.022	0.022	0.022	0.022	0.022	0.096	0.096	0.170	0.170	0.170	0.170	0.170	0.170	
0.090	0.090	0.090	0.090	0.090	0.090	0.056	0.022	0.022	0.022	0.022	0.022	0.022	0.022	0.022	0.022	0.022	0.022	0.022	0.022	0.096	0.170	0.170	0.170	0.170	0.170	0.170	0.170	
0.090	0.090	0.090	0.090	0.090	0.090	0.056	0.022	0.022	0.022	0.022	0.022	0.022	0.022	0.022	0.022	0.022	0.022	0.022	0.022	0.096	0.170	0.170	0.170	0.170	0.170	0.170	0.170	
0.090	0.090	0.090	0.090	0.090	0.090	0.056	0.056	0.022	0.022	0.022	0.022	0.022	0.022	0.022	0.022	0.022	0.022	0.022	0.022	0.096	0.170	0.170	0.170	0.170	0.170	0.170	0.170	
0.090	0.090	0.090	0.090	0.090	0.090	0.090	0.056	0.022	0.022	0.022	0.022	0.022	0.022	0.022	0.022	0.022	0.022	0.022	0.096	0.096	0.170	0.170	0.170	0.170	0.170	0.170	0.170	
0.090	0.090	0.090	0.090	0.090	0.090	0.090	0.056	0.022	0.022	0.022	0.022	0.022	0.022	0.022	0.022	0.022	0.022	0.022	0.096	0.170	0.170	0.170	0.170	0.170	0.170	0.170	0.170	
0.090	0.090	0.090	0.090	0.090	0.090	0.090	0.056	0.022	0.022	0.022	0.022	0.022	0.022	0.022	0.022	0.022	0.022	0.022	0.096	0.170	0.170	0.170	0.170	0.170	0.170	0.170	0.170	
0.090	0.090	0.090	0.090	0.090	0.090	0.090	0.056	0.022	0.022	0.022	0.022	0.022	0.022	0.022	0.022	0.022	0.022	0.022	0.096	0.170	0.170	0.170	0.170	0.170	0.170	0.170	0.170	
0.090	0.090	0.090	0.090	0.090	0.090	0.090	0.056	0.056	0.022	0.022	0.022	0.022	0.022	0.022	0.022	0.022	0.022	0.022	0.096	0.170	0.170	0.170	0.170	0.170	0.170	0.170	0.170	
0.090	0.090	0.090	0.090	0.090	0.090	0.090	0.090	0.056	0.022	0.022	0.022	0.022	0.022	0.022	0.022	0.022	0.022	0.096	0.096	0.170	0.170	0.170	0.170	0.170	0.170	0.170	0.170	
0.090	0.090	0.090	0.090	0.090	0.090	0.090	0.090	0.056	0.022	0.022	0.022	0.022	0.022	0.022	0.022	0.022	0.022	0.096	0.170	0.170	0.170	0.170	0.170	0.170	0.170	0.170	0.170	
0.090	0.090	0.090	0.090	0.090	0.090	0.090	0.090	0.056	0.022	0.022	0.022	0.022	0.022	0.022	0.022	0.022	0.022	0.096	0.170	0.170	0.170	0.170	0.170	0.170	0.170	0.170	0.170	
0.090	0.090	0.090	0.090	0.090	0.090	0.090	0.090	0.056	0.056	0.022	0.022	0.022	0.022	0.022	0.022	0.022	0.022	0.096	0.170	0.170	0.170	0.170	0.170	0.170	0.170	0.170	0.170	
0.090	0.090	0.090	0.090	0.090	0.090	0.090	0.090	0.090	0.056	0.022	0.022	0.022	0.022	0.022	0.022	0.022	0.096	0.096	0.170	0.170	0.170	0.170	0.170	0.170	0.170	0.170	0.121	
0.090	0.090	0.090	0.090	0.090	0.090	0.090	0.090	0.090	0.056	0.022	0.022	0.022	0.022	0.022	0.022	0.022	0.096	0.170	0.170	0.170	0.170	0.170	0.170	0.170	0.170	0.121	0.121	
0.090	0.090	0.090	0.090	0.090	0.090	0.090	0.090	0.090	0.056	0.022	0.022	0.022	0.022	0.022	0.022	0.022	0.096	0.170	0.170	0.170	0.170	0.170	0.170	0.170	0.121	0.121	0.072	
0.090	0.090	0.090	0.090	0.090	0.090	0.090	0.090	0.090	0.056	0.022	0.022	0.022	0.022	0.022	0.022	0.022	0.096	0.170	0.170	0.170	0.170	0.170	0.170	0.170	0.121	0.072	0.072	
0.100	0.090	0.090	0.090	0.090	0.090	0.090	0.090	0.090	0.056	0.056	0.022	0.022	0.022	0.022	0.022	0.096	0.096	0.170	0.170	0.170	0.170	0.170	0.170	0.121	0.121	0.072	0.072	
0.100	0.100	0.090	0.090	0.090	0.090	0.090	0.090	0.090	0.090	0.056	0.022	0.022	0.022	0.022	0.022	0.096	0.170	0.170	0.170	0.170	0.170	0.170	0.121	0.121	0.072	0.072	0.072	
0.110	0.100	0.100	0.090	0.090	0.090	0.090	0.090	0.090	0.090	0.075	0.022	0.022	0.022	0.022	0.022	0.121	0.170	0.170	0.170	0.170	0.170	0.121	0.121	0.072	0.072	0.072	0.072	
0.110	0.110	0.100	0.100	0.100	0.090	0.090	0.090	0.090	0.090	0.075	0.068	0.022	0.022	0.022	0.096	0.121	0.170	0.170	0.170	0.170	0.121	0.121	0.072	0.072	0.072	0.072	0.072	
0.110	0.110	0.110	0.110	0.100	0.100	0.090	0.090	0.090	0.090	0.102	0.068	0.068	0.022	0.022	0.096	0.170	0.170	0.170	0.170	0.170	0.121	0.072	0.072	0.072	0.072	0.072	0.072	
0.100	0.100	0.110	0.110	0.110	0.100	0.100	0.090	0.090	0.102	0.102	0.114	0.093	0.083	0.112	0.096	0.170	0.170	0.170	0.170	0.121	0.121	0.072	0.072	0.072	0.072	0.072	0.076	
0.090	0.100	0.100	0.110	0.110	0.110	0.100	0.100	0.106	0.109	0.118	0.114	0.129	0.143	0.157	0.170	0.170	0.145	0.133	0.112	0.121	0.072	0.072	0.072	0.072	0.076	0.076	0.076	
0.090	0.090	0.100	0.100	0.100	0.110	0.110	0.100	0.107	0.122	0.130	0.133	0.137	0.143	0.112	0.133	0.128	0.117	0.095	0.083	0.072	0.072	0.072	0.076	0.076	0.076	0.080	0.080	
0.090	0.090	0.090	0.090	0.100	0.100	0.100	0.100	0.107	0.122	0.122	0.153	0.148	0.116	0.093	0.068	0.085	0.097	0.095	0.086	0.081	0.076	0.076	0.076	0.080	0.080	0.080	0.080	
0.090	0.090	0.090	0.090	0.090	0.090	0.097	0.100	0.106	0.101	0.122	0.121	0.082	0.082	0.061	0.079	0.098	0.097	0.098	0.092	0.081	0.081	0.080	0.080	0.080	0.080	0.080	0.080	
0.090	0.090	0.090	0.090	0.090	0.090	0.090	0.090	0.090	0.090	0.090	0.095	0.097	0.054	0.061	0.090	0.090	0.110	0.100	0.090	0.090	0.085	0.080	0.080	0.080	0.080	0.080	0.080	
0.000	0.000	0.000	0.000	0.000	0.000	0.000	0.000	0.000	0.090	0.090	0.066	0.041	0.056	0.071	0.071	0.000	0.110	0.110	0.000	0.000	0.000	0.000	0.000	0.000	0.000	0.000	0.000	
0.000	0.000	0.000	0.000	0.000	0.000	0.000	0.000	0.000	0.000	0.000	0.000	0.041	0.056	0.071	0.071	0.000	0.000	0.000	0.000	0.000	0.000	0.000	0.000	0.000	0.000	0.000	0.000	
0.000	0.000	0.000	0.000	0.000	0.000	0.000	0.000	0.000	0.000	0.000	0.000	0.041	0.056	0.071	0.071	0.000	0.000	0.000	0.000	0.000	0.000	0.000	0.000	0.000	0.000	0.000	0.000	
0.000	0.000	0.000	0.000	0.000	0.000	0.000	0.000	0.000	0.000	0.000	0.000	0.041	0.056	0.071	0.071	0.000	0.000	0.000	0.000	0.000	0.000	0.000	0.000	0.000	0.000	0.000	0.000	
0.000	0.000	0.000	0.000	0.000	0.000	0.000	0.000	0.000	0.000	0.000	0.000	0.041	0.056	0.071	0.071	0.000	0.000	0.000	0.000	0.000	0.000	0.000	0.000	0.000	0.000	0.000	0.000	
