0.191	0.191	0.191	0.191	0.191	0.191	0.184	0.177	0.177	0.177	0.177	0.177	0.177	0.177	0.177	0.177	0.177	0.185	0.193	0.193	0.193	0.193	0.193	0.193	0.193	0.193	0.193	0.193	
0.191	0.191	0.191	0.191	0.191	0.191	0.184	0.177	0.177	0.177	0.177	0.177	0.177	0.177	0.177	0.177	0.177	0.185	0.193	0.193	0.193	0.193	0.193	0.193	0.193	0.193	0.193	0.193	
0.191	0.191	0.191	0.191	0.191	0.191	0.184	0.177	0.177	0.177	0.177	0.177	0.177	0.177	0.177	0.177	0.177	0.185	0.193	0.193	0.193	0.193	0.193	0.193	0.193	0.193	0.193	0.193	
0.191	0.191	0.191	0.191	0.191	0.191	0.184	0.177	0.177	0.177	0.177	0.177	0.177	0.177	0.177	0.177	0.177	0.185	0.193	0.193	0.193	0.193	0.193	0.193	0.193	0.193	0.193	0.193	
0.191	0.191	0.191	0.191	0.191	0.191	0.184	0.177	0.177	0.177	0.177	0.177	0.177	0.177	0.177	0.177	0.177	0.185	0.193	0.193	0.193	0.193	0.193	0.193	0.193	0.193	0.193	0.193	
0.191	0.191	0.191	0.191	0.191	0.191	0.184	0.184	0.177	0.177	0.177	0.177	0.177	0.177	0.177	0.177	0.177	0.185	0.193	0.193	0.193	0.193	0.193	0.193	0.193	0.193	0.193	0.193	
0.191	0.191	0.191	0.191	0.191	0.191	0.191	0.184	0.177	0.177	0.177	0.177	0.177	0.177	0.177	0.177	0.177	0.185	0.193	0.193	0.193	0.193	0.193	0.193	0.193	0.193	0.193	0.193	
0.191	0.191	0.191	0.191	0.191	0.191	0.191	0.184	0.177	0.177	0.177	0.177	0.177	0.177	0.177	0.177	0.185	0.185	0.193	0.193	0.193	0.193	0.193	0.193	0.193	0.193	0.193	0.193	
0.191	0.191	0.191	0.191	0.191	0.191	0.191	0.184	0.177	0.177	0.177	0.177	0.177	0.177	0.177	0.177	0.185	0.193	0.193	0.193	0.193	0.193	0.193	0.193	0.193	0.193	0.193	0.193	
0.191	0.191	0.191	0.191	0.191	0.191	0.191	0.184	0.177	0.177	0.177	0.177	0.177	0.177	0.177	0.177	0.185	0.193	0.193	0.193	0.193	0.193	0.193	0.193	0.193	0.193	0.193	0.193	
0.191	0.191	0.191	0.191	0.191	0.191	0.191	0.184	0.177	0.177	0.177	0.177	0.177	0.177	0.177	0.177	0.185	0.193	0.193	0.193	0.193	0.193	0.193	0.193	0.193	0.193	0.193	0.193	
0.191	0.191	0.191	0.191	0.191	0.191	0.191	0.184	0.177	0.177	0.177	0.177	0.177	0.177	0.177	0.177	0.185	0.193	0.193	0.193	0.193	0.193	0.193	0.193	0.193	0.193	0.193	0.193	
0.191	0.191	0.191	0.191	0.191	0.191	0.191	0.184	0.177	0.177	0.177	0.177	0.177	0.177	0.177	0.177	0.185	0.193	0.193	0.193	0.193	0.193	0.193	0.193	0.193	0.193	0.193	0.193	
0.191	0.191	0.191	0.191	0.191	0.191	0.191	0.184	0.184	0.177	0.177	0.177	0.177	0.177	0.177	0.177	0.185	0.193	0.193	0.193	0.193	0.193	0.193	0.193	0.193	0.193	0.193	0.193	
0.191	0.191	0.191	0.191	0.191	0.191	0.191	0.191	0.184	0.177	0.177	0.177	0.177	0.177	0.177	0.177	0.185	0.193	0.193	0.193	0.193	0.193	0.193	0.193	0.193	0.193	0.193	0.193	
0.191	0.191	0.191	0.191	0.191	0.191	0.191	0.191	0.184	0.177	0.177	0.177	0.177	0.177	0.177	0.177	0.185	0.193	0.193	0.193	0.193	0.193	0.193	0.193	0.193	0.193	0.193	0.193	
0.191	0.191	0.191	0.191	0.191	0.191	0.191	0.191	0.184	0.177	0.177	0.177	0.177	0.177	0.177	0.177	0.185	0.193	0.193	0.193	0.193	0.193	0.193	0.193	0.193	0.193	0.193	0.193	
0.191	0.191	0.191	0.191	0.191	0.191	0.191	0.191	0.184	0.177	0.177	0.177	0.177	0.177	0.177	0.177	0.185	0.193	0.193	0.193	0.193	0.193	0.193	0.193	0.193	0.193	0.193	0.193	
0.191	0.191	0.191	0.191	0.191	0.191	0.191	0.191	0.184	0.177	0.177	0.177	0.177	0.177	0.177	0.177	0.185	0.193	0.193	0.193	0.193	0.193	0.193	0.193	0.193	0.193	0.193	0.193	
0.191	0.191	0.191	0.191	0.191	0.191	0.191	0.191	0.184	0.177	0.177	0.177	0.177	0.177	0.177	0.177	0.185	0.193	0.193	0.193	0.193	0.193	0.193	0.193	0.193	0.193	0.193	0.193	
0.191	0.191	0.191	0.191	0.191	0.191	0.191	0.191	0.184	0.177	0.177	0.177	0.177	0.177	0.177	0.177	0.185	0.193	0.193	0.193	0.193	0.193	0.193	0.193	0.193	0.193	0.193	0.193	
0.191	0.191	0.191	0.191	0.191	0.191	0.191	0.191	0.184	0.184	0.177	0.177	0.177	0.177	0.177	0.177	0.185	0.193	0.193	0.193	0.193	0.193	0.193	0.193	0.193	0.193	0.193	0.193	
0.191	0.191	0.191	0.191	0.191	0.191	0.191	0.191	0.191	0.184	0.177	0.177	0.177	0.177	0.177	0.177	0.185	0.193	0.193	0.193	0.193	0.193	0.193	0.193	0.193	0.193	0.193	0.193	
0.191	0.191	0.191	0.191	0.191	0.191	0.191	0.191	0.191	0.184	0.177	0.177	0.177	0.177	0.177	0.177	0.185	0.193	0.193	0.193	0.193	0.193	0.193	0.193	0.193	0.193	0.193	0.193	
0.191	0.191	0.191	0.191	0.191	0.191	0.191	0.191	0.191	0.184	0.177	0.177	0.177	0.177	0.177	0.177	0.185	0.193	0.193	0.193	0.193	0.193	0.193	0.193	0.193	0.193	0.193	0.193	
0.191	0.191	0.191	0.191	0.191	0.191	0.191	0.191	0.191	0.184	0.177	0.177	0.177	0.177	0.177	0.177	0.185	0.193	0.193	0.193	0.193	0.193	0.193	0.193	0.193	0.193	0.193	0.193	
0.191	0.191	0.191	0.191	0.191	0.191	0.191	0.191	0.191	0.184	0.177	0.177	0.177	0.177	0.177	0.177	0.185	0.193	0.193	0.193	0.193	0.193	0.193	0.193	0.193	0.193	0.193	0.193	
0.191	0.191	0.191	0.191	0.191	0.191	0.191	0.191	0.191	0.184	0.177	0.177	0.177	0.177	0.177	0.177	0.185	0.193	0.193	0.193	0.193	0.193	0.193	0.193	0.193	0.193	0.193	0.193	
0.191	0.191	0.191	0.191	0.191	0.191	0.191	0.191	0.191	0.184	0.184	0.177	0.177	0.177	0.177	0.177	0.185	0.193	0.193	0.193	0.193	0.193	0.193	0.193	0.193	0.193	0.193	0.193	
0.191	0.191	0.191	0.191	0.191	0.191	0.191	0.191	0.191	0.191	0.184	0.177	0.177	0.177	0.177	0.177	0.185	0.193	0.193	0.193	0.193	0.193	0.193	0.193	0.193	0.193	0.193	0.193	
0.191	0.191	0.191	0.191	0.191	0.191	0.191	0.191	0.191	0.191	0.184	0.177	0.177	0.177	0.177	0.177	0.185	0.193	0.193	0.193	0.193	0.193	0.193	0.193	0.193	0.193	0.193	0.193	
0.191	0.191	0.191	0.191	0.191	0.191	0.191	0.191	0.191	0.191	0.184	0.177	0.177	0.177	0.177	0.177	0.185	0.193	0.193	0.193	0.193	0.193	0.193	0.193	0.193	0.193	0.193	0.193	
0.191	0.191	0.191	0.191	0.191	0.191	0.191	0.191	0.191	0.191	0.184	0.177	0.177	0.177	0.177	0.177	0.185	0.193	0.193	0.193	0.193	0.193	0.193	0.193	0.193	0.193	0.193	0.193	
0.191	0.191	0.191	0.191	0.191	0.191	0.191	0.191	0.191	0.191	0.184	0.177	0.177	0.177	0.177	0.177	0.185	0.193	0.193	0.193	0.193	0.193	0.193	0.193	0.193	0.193	0.193	0.206	
0.191	0.191	0.191	0.191	0.191	0.191	0.191	0.191	0.191	0.191	0.184	0.177	0.177	0.177	0.177	0.177	0.185	0.193	0.193	0.193	0.193	0.193	0.193	0.193	0.193	0.193	0.206	0.206	
0.129	0.191	0.191	0.191	0.191	0.191	0.191	0.191	0.191	0.191	0.184	0.177	0.177	0.177	0.177	0.177	0.185	0.193	0.193	0.193	0.193	0.193	0.193	0.193	0.193	0.206	0.206	0.219	
0.129	0.129	0.191	0.191	0.191	0.191	0.191	0.191	0.191	0.191	0.184	0.184	0.177	0.177	0.177	0.177	0.185	0.193	0.193	0.193	0.193	0.193	0.193	0.193	0.206	0.206	0.219	0.219	
0.067	0.129	0.129	0.191	0.191	0.191	0.191	0.191	0.191	0.191	0.191	0.184	0.177	0.177	0.177	0.177	0.185	0.193	0.193	0.193	0.193	0.193	0.193	0.206	0.206	0.219	0.219	0.219	
0.067	0.067	0.129	0.129	0.191	0.191	0.191	0.191	0.191	0.191	0.191	0.184	0.177	0.177	0.177	0.185	0.188	0.193	0.193	0.193	0.193	0.193	0.206	0.206	0.219	0.219	0.219	0.219	
0.067	0.067	0.067	0.129	0.129	0.191	0.191	0.191	0.191	0.191	0.121	0.140	0.114	0.177	0.177	0.185	0.193	0.193	0.193	0.193	0.193	0.206	0.206	0.219	0.219	0.219	0.219	0.219	
0.067	0.067	0.067	0.067	0.141	0.178	0.191	0.191	0.191	0.191	0.121	0.051	0.114	0.177	0.185	0.185	0.193	0.193	0.193	0.193	0.193	0.206	0.219	0.219	0.219	0.219	0.219	0.219	
0.056	0.067	0.067	0.067	0.116	0.141	0.178	0.178	0.151	0.151	0.117	0.051	0.114	0.107	0.154	0.143	0.193	0.191	0.190	0.190	0.200	0.206	0.219	0.219	0.219	0.219	0.219	0.219	
0.056	0.056	0.067	0.067	0.067	0.116	0.165	0.178	0.155	0.110	0.081	0.072	0.066	0.072	0.092	0.131	0.150	0.162	0.187	0.182	0.195	0.219	0.219	0.219	0.219	0.219	0.219	0.219	
0.045	0.056	0.056	0.067	0.067	0.116	0.116	0.165	0.132	0.115	0.082	0.072	0.073	0.080	0.094	0.098	0.106	0.147	0.157	0.182	0.199	0.199	0.219	0.219	0.196	0.196	0.196	0.196	
0.045	0.045	0.056	0.056	0.067	0.067	0.116	0.165	0.143	0.115	0.095	0.079	0.054	0.074	0.095	0.101	0.106	0.074	0.128	0.110	0.178	0.190	0.196	0.196	0.196	0.172	0.141	0.141	
0.045	0.045	0.045	0.056	0.056	0.069	0.109	0.148	0.139	0.120	0.092	0.079	0.083	0.083	0.106	0.101	0.084	0.084	0.042	0.078	0.096	0.121	0.172	0.172	0.172	0.141	0.141	0.110	
0.034	0.045	0.045	0.045	0.061	0.069	0.101	0.132	0.124	0.124	0.101	0.063	0.092	0.122	0.104	0.100	0.056	0.051	0.022	0.022	0.014	0.093	0.182	0.182	0.158	0.158	0.110	0.110	
0.034	0.034	0.034	0.032	0.045	0.071	0.081	0.076	0.104	0.120	0.096	0.096	0.096	0.113	0.110	0.100	0.058	0.010	0.010	0.018	0.014	0.107	0.182	0.191	0.151	0.110	0.110	0.110	
0.022	0.022	0.034	0.029	0.045	0.044	0.056	0.051	0.091	0.077	0.092	0.077	0.199	0.155	0.180	0.059	0.043	0.015	0.020	0.018	0.031	0.085	0.121	0.151	0.151	0.110	0.110	0.110	
0.022	0.022	0.022	0.021	0.020	0.031	0.041	0.051	0.061	0.055	0.050	0.150	0.199	0.250	0.200	0.108	0.113	0.020	0.025	0.030	0.040	0.050	0.121	0.151	0.110	0.110	0.110	0.110	
0.000	0.000	0.000	0.000	0.000	0.041	0.041	0.051	0.061	0.061	0.000	0.000	0.294	0.483	0.206	0.206	0.000	0.000	0.030	0.030	0.030	0.000	0.191	0.191	0.000	0.000	0.000	0.000	
0.000	0.000	0.000	0.000	0.000	0.000	0.000	0.000	0.000	0.000	0.000	0.000	0.622	0.483	0.577	0.577	0.000	0.000	0.000	0.000	0.000	0.000	0.000	0.000	0.000	0.000	0.000	0.000	
0.000	0.000	0.000	0.000	0.000	0.000	0.000	0.000	0.000	0.000	0.000	0.000	0.949	0.949	0.949	0.949	0.000	0.000	0.000	0.000	0.000	0.000	0.000	0.000	0.000	0.000	0.000	0.000	
0.000	0.000	0.000	0.000	0.000	0.000	0.000	0.000	0.000	0.000	0.000	0.000	0.949	0.949	0.949	0.949	0.000	0.000	0.000	0.000	0.000	0.000	0.000	0.000	0.000	0.000	0.000	0.000	
0.000	0.000	0.000	0.000	0.000	0.000	0.000	0.000	0.000	0.000	0.000	0.000	0.949	0.949	0.949	0.949	0.000	0.000	0.000	0.000	0.000	0.000	0.000	0.000	0.000	0.000	0.000	0.000	
