0.140	0.140	0.140	0.140	0.140	0.140	0.140	0.147	0.150	0.150	0.150	0.150	0.150	0.150	0.150	0.150	0.150	0.150	0.150	0.150	0.150	0.150	0.150	0.150	0.150	0.150	0.150	0.150	
0.140	0.140	0.140	0.140	0.140	0.140	0.140	0.147	0.150	0.150	0.150	0.150	0.150	0.150	0.150	0.150	0.150	0.150	0.150	0.150	0.150	0.150	0.150	0.150	0.150	0.150	0.150	0.150	
0.140	0.140	0.140	0.140	0.140	0.140	0.140	0.147	0.150	0.150	0.150	0.150	0.150	0.150	0.150	0.150	0.150	0.150	0.150	0.150	0.150	0.150	0.150	0.150	0.150	0.150	0.150	0.150	
0.140	0.140	0.140	0.140	0.140	0.140	0.140	0.147	0.150	0.150	0.150	0.150	0.150	0.150	0.150	0.150	0.150	0.150	0.150	0.150	0.150	0.150	0.150	0.150	0.150	0.150	0.150	0.150	
0.140	0.140	0.140	0.140	0.140	0.140	0.140	0.147	0.151	0.150	0.150	0.150	0.150	0.150	0.150	0.150	0.150	0.150	0.150	0.150	0.150	0.150	0.150	0.150	0.150	0.150	0.150	0.150	
0.140	0.140	0.140	0.140	0.140	0.140	0.140	0.146	0.151	0.150	0.150	0.150	0.150	0.150	0.150	0.150	0.150	0.150	0.150	0.150	0.150	0.150	0.150	0.150	0.150	0.150	0.150	0.150	
0.140	0.140	0.140	0.140	0.140	0.140	0.140	0.146	0.151	0.150	0.150	0.150	0.150	0.150	0.150	0.150	0.150	0.150	0.150	0.150	0.150	0.150	0.150	0.150	0.150	0.150	0.150	0.150	
0.140	0.140	0.140	0.140	0.140	0.140	0.140	0.146	0.147	0.150	0.150	0.150	0.150	0.150	0.150	0.150	0.150	0.150	0.150	0.150	0.150	0.150	0.150	0.150	0.150	0.150	0.150	0.150	
0.140	0.140	0.140	0.140	0.140	0.140	0.140	0.140	0.147	0.150	0.150	0.150	0.150	0.150	0.150	0.150	0.150	0.150	0.150	0.150	0.150	0.150	0.150	0.150	0.150	0.150	0.150	0.150	
0.140	0.140	0.140	0.140	0.140	0.140	0.140	0.140	0.147	0.150	0.150	0.150	0.150	0.150	0.150	0.150	0.150	0.150	0.150	0.150	0.150	0.150	0.150	0.150	0.150	0.150	0.150	0.150	
0.140	0.140	0.140	0.140	0.140	0.140	0.140	0.140	0.147	0.150	0.150	0.150	0.150	0.150	0.150	0.150	0.150	0.150	0.150	0.150	0.150	0.150	0.150	0.150	0.150	0.150	0.150	0.150	
0.140	0.140	0.140	0.140	0.140	0.140	0.140	0.140	0.147	0.151	0.150	0.150	0.150	0.150	0.150	0.150	0.150	0.150	0.150	0.150	0.150	0.150	0.150	0.150	0.150	0.150	0.150	0.150	
0.140	0.140	0.140	0.140	0.140	0.140	0.140	0.140	0.146	0.151	0.150	0.150	0.150	0.150	0.150	0.150	0.150	0.150	0.150	0.150	0.150	0.150	0.150	0.150	0.150	0.150	0.150	0.135	
0.140	0.140	0.140	0.140	0.140	0.140	0.140	0.140	0.146	0.151	0.150	0.150	0.150	0.150	0.150	0.150	0.150	0.150	0.150	0.150	0.150	0.150	0.150	0.150	0.150	0.150	0.150	0.135	
0.140	0.140	0.140	0.140	0.140	0.140	0.140	0.140	0.146	0.151	0.150	0.150	0.150	0.150	0.150	0.150	0.150	0.150	0.150	0.150	0.150	0.150	0.150	0.150	0.150	0.150	0.150	0.135	
0.140	0.140	0.140	0.140	0.140	0.140	0.140	0.140	0.146	0.151	0.150	0.150	0.150	0.150	0.150	0.150	0.150	0.150	0.150	0.150	0.150	0.150	0.150	0.150	0.150	0.150	0.135	0.135	
0.140	0.140	0.140	0.140	0.140	0.140	0.140	0.140	0.146	0.151	0.150	0.150	0.150	0.150	0.150	0.150	0.150	0.150	0.150	0.150	0.150	0.150	0.150	0.150	0.150	0.150	0.135	0.120	
0.140	0.140	0.140	0.140	0.140	0.140	0.140	0.140	0.146	0.151	0.150	0.150	0.150	0.150	0.150	0.150	0.150	0.150	0.150	0.150	0.150	0.150	0.150	0.150	0.150	0.150	0.135	0.120	
0.140	0.140	0.140	0.140	0.140	0.140	0.140	0.140	0.146	0.151	0.151	0.150	0.150	0.150	0.150	0.150	0.150	0.150	0.150	0.150	0.150	0.150	0.150	0.150	0.150	0.135	0.135	0.120	
0.140	0.140	0.140	0.140	0.140	0.140	0.140	0.140	0.146	0.151	0.151	0.150	0.150	0.150	0.150	0.150	0.150	0.150	0.150	0.150	0.150	0.150	0.150	0.150	0.150	0.135	0.120	0.120	
0.140	0.140	0.140	0.140	0.140	0.140	0.140	0.140	0.146	0.146	0.151	0.150	0.150	0.150	0.150	0.150	0.150	0.150	0.150	0.150	0.150	0.150	0.150	0.150	0.150	0.135	0.120	0.120	
0.140	0.140	0.140	0.140	0.140	0.140	0.140	0.140	0.140	0.146	0.151	0.150	0.150	0.150	0.150	0.150	0.150	0.150	0.150	0.150	0.150	0.150	0.150	0.150	0.135	0.135	0.120	0.120	
0.140	0.140	0.140	0.140	0.140	0.140	0.140	0.140	0.140	0.146	0.151	0.150	0.150	0.150	0.150	0.150	0.150	0.150	0.150	0.150	0.150	0.150	0.150	0.150	0.135	0.120	0.120	0.120	
0.140	0.140	0.140	0.140	0.140	0.140	0.140	0.140	0.140	0.146	0.151	0.150	0.150	0.150	0.150	0.150	0.150	0.150	0.150	0.150	0.150	0.150	0.150	0.150	0.135	0.120	0.120	0.120	
0.140	0.140	0.140	0.140	0.140	0.140	0.140	0.140	0.140	0.146	0.151	0.150	0.150	0.150	0.150	0.150	0.150	0.150	0.150	0.150	0.150	0.150	0.150	0.135	0.135	0.120	0.120	0.120	
0.140	0.140	0.140	0.140	0.140	0.140	0.140	0.140	0.140	0.146	0.151	0.151	0.150	0.150	0.150	0.150	0.150	0.150	0.150	0.150	0.150	0.150	0.150	0.135	0.120	0.120	0.120	0.120	
0.140	0.140	0.140	0.140	0.140	0.140	0.140	0.140	0.140	0.146	0.151	0.151	0.150	0.150	0.150	0.150	0.150	0.150	0.150	0.150	0.150	0.150	0.150	0.135	0.120	0.120	0.120	0.120	
0.140	0.140	0.140	0.140	0.140	0.140	0.140	0.140	0.140	0.146	0.151	0.151	0.150	0.150	0.150	0.150	0.150	0.150	0.150	0.150	0.150	0.150	0.150	0.135	0.120	0.120	0.120	0.120	
0.140	0.140	0.140	0.140	0.140	0.140	0.140	0.140	0.140	0.146	0.151	0.151	0.150	0.150	0.150	0.150	0.150	0.150	0.150	0.150	0.150	0.150	0.135	0.135	0.120	0.120	0.120	0.120	
0.140	0.140	0.140	0.140	0.140	0.140	0.140	0.140	0.140	0.146	0.151	0.151	0.150	0.150	0.150	0.150	0.150	0.150	0.150	0.150	0.150	0.150	0.135	0.120	0.120	0.120	0.120	0.120	
0.140	0.140	0.140	0.140	0.140	0.140	0.140	0.140	0.140	0.146	0.151	0.151	0.150	0.150	0.150	0.150	0.150	0.150	0.150	0.150	0.150	0.150	0.135	0.120	0.120	0.120	0.120	0.120	
0.140	0.140	0.140	0.140	0.140	0.140	0.140	0.140	0.140	0.146	0.151	0.151	0.150	0.150	0.150	0.150	0.150	0.150	0.150	0.150	0.150	0.135	0.135	0.120	0.120	0.120	0.120	0.120	
0.140	0.140	0.140	0.140	0.140	0.140	0.140	0.140	0.140	0.146	0.151	0.151	0.151	0.150	0.150	0.150	0.150	0.150	0.150	0.150	0.150	0.135	0.120	0.120	0.120	0.120	0.120	0.120	
0.140	0.140	0.140	0.140	0.140	0.140	0.140	0.140	0.140	0.146	0.146	0.151	0.151	0.150	0.150	0.150	0.150	0.150	0.150	0.150	0.150	0.135	0.120	0.120	0.120	0.120	0.120	0.120	
0.140	0.140	0.140	0.140	0.140	0.140	0.140	0.140	0.140	0.140	0.146	0.151	0.151	0.150	0.150	0.150	0.150	0.150	0.150	0.150	0.135	0.135	0.120	0.120	0.120	0.120	0.120	0.120	
0.140	0.140	0.140	0.140	0.140	0.140	0.140	0.140	0.140	0.140	0.146	0.151	0.151	0.150	0.150	0.150	0.150	0.150	0.150	0.150	0.135	0.120	0.120	0.120	0.120	0.120	0.120	0.120	
0.140	0.140	0.140	0.140	0.140	0.140	0.140	0.140	0.140	0.140	0.146	0.151	0.151	0.150	0.150	0.150	0.150	0.150	0.150	0.150	0.135	0.120	0.120	0.120	0.120	0.120	0.120	0.120	
0.140	0.140	0.140	0.140	0.140	0.140	0.140	0.140	0.140	0.140	0.146	0.151	0.151	0.150	0.150	0.150	0.150	0.150	0.150	0.135	0.135	0.120	0.120	0.120	0.120	0.120	0.120	0.120	
0.140	0.140	0.140	0.140	0.140	0.140	0.140	0.140	0.140	0.140	0.146	0.151	0.151	0.150	0.150	0.150	0.150	0.150	0.150	0.135	0.120	0.120	0.120	0.120	0.120	0.120	0.120	0.120	
0.140	0.140	0.140	0.140	0.140	0.140	0.140	0.140	0.140	0.140	0.146	0.151	0.151	0.151	0.150	0.150	0.150	0.150	0.150	0.135	0.120	0.120	0.120	0.120	0.120	0.120	0.120	0.120	
0.140	0.140	0.140	0.140	0.140	0.140	0.140	0.140	0.140	0.140	0.146	0.151	0.151	0.151	0.150	0.150	0.150	0.150	0.135	0.135	0.120	0.120	0.120	0.120	0.120	0.120	0.120	0.120	
0.140	0.140	0.140	0.140	0.140	0.140	0.140	0.140	0.140	0.140	0.146	0.151	0.151	0.151	0.150	0.150	0.150	0.150	0.135	0.120	0.120	0.120	0.120	0.120	0.120	0.120	0.120	0.120	
0.145	0.145	0.140	0.140	0.140	0.140	0.140	0.140	0.140	0.140	0.146	0.151	0.151	0.151	0.150	0.150	0.150	0.150	0.135	0.120	0.120	0.120	0.120	0.120	0.120	0.120	0.120	0.076	
0.150	0.145	0.145	0.140	0.140	0.140	0.140	0.140	0.140	0.140	0.146	0.151	0.151	0.151	0.150	0.150	0.150	0.135	0.135	0.120	0.120	0.120	0.120	0.120	0.120	0.120	0.076	0.076	
0.150	0.150	0.145	0.145	0.145	0.140	0.140	0.140	0.140	0.140	0.146	0.151	0.151	0.151	0.150	0.150	0.150	0.135	0.120	0.120	0.120	0.120	0.120	0.120	0.076	0.076	0.076	0.032	
0.150	0.150	0.150	0.150	0.145	0.145	0.140	0.140	0.140	0.140	0.146	0.151	0.151	0.151	0.150	0.150	0.150	0.135	0.120	0.120	0.120	0.120	0.076	0.076	0.076	0.032	0.032	0.032	
0.150	0.150	0.150	0.150	0.150	0.145	0.145	0.145	0.140	0.140	0.146	0.151	0.151	0.180	0.180	0.150	0.135	0.135	0.120	0.120	0.076	0.076	0.076	0.032	0.032	0.032	0.032	0.032	
0.150	0.150	0.150	0.150	0.150	0.150	0.150	0.145	0.145	0.140	0.161	0.161	0.196	0.196	0.195	0.137	0.097	0.070	0.120	0.076	0.076	0.032	0.032	0.032	0.032	0.032	0.032	0.032	
0.150	0.150	0.150	0.150	0.150	0.150	0.150	0.150	0.145	0.160	0.165	0.171	0.194	0.240	0.240	0.130	0.020	0.070	0.057	0.076	0.032	0.032	0.032	0.032	0.032	0.032	0.032	0.032	
0.150	0.150	0.150	0.150	0.150	0.150	0.150	0.150	0.150	0.170	0.190	0.190	0.365	0.452	0.308	0.308	0.020	0.020	0.026	0.032	0.032	0.032	0.032	0.032	0.032	0.032	0.032	0.032	
0.150	0.150	0.150	0.150	0.150	0.150	0.150	0.150	0.150	0.150	0.000	0.000	0.427	0.664	0.664	0.342	0.000	0.000	0.000	0.000	0.000	0.000	0.000	0.000	0.000	0.000	0.000	0.000	
0.000	0.000	0.000	0.000	0.000	0.000	0.000	0.000	0.000	0.000	0.000	0.000	0.664	0.664	0.664	0.664	0.000	0.000	0.000	0.000	0.000	0.000	0.000	0.000	0.000	0.000	0.000	0.000	
0.000	0.000	0.000	0.000	0.000	0.000	0.000	0.000	0.000	0.000	0.000	0.000	0.833	0.833	0.833	0.833	0.000	0.000	0.000	0.000	0.000	0.000	0.000	0.000	0.000	0.000	0.000	0.000	
0.000	0.000	0.000	0.000	0.000	0.000	0.000	0.000	0.000	0.000	0.000	0.000	1.002	1.002	1.002	1.002	0.000	0.000	0.000	0.000	0.000	0.000	0.000	0.000	0.000	0.000	0.000	0.000	
0.000	0.000	0.000	0.000	0.000	0.000	0.000	0.000	0.000	0.000	0.000	0.000	1.002	1.002	1.002	1.002	0.000	0.000	0.000	0.000	0.000	0.000	0.000	0.000	0.000	0.000	0.000	0.000	
