0.132	0.132	0.132	0.126	0.126	0.120	0.100	0.080	0.080	0.080	0.080	0.080	0.080	0.080	0.080	0.080	0.080	0.080	0.080	0.080	0.080	0.080	0.080	0.080	0.080	0.080	0.080	0.080	
0.132	0.132	0.132	0.132	0.126	0.120	0.100	0.080	0.080	0.080	0.080	0.080	0.080	0.080	0.080	0.080	0.080	0.080	0.080	0.080	0.080	0.080	0.080	0.080	0.080	0.080	0.080	0.080	
0.132	0.132	0.132	0.132	0.126	0.120	0.100	0.080	0.080	0.080	0.080	0.080	0.080	0.080	0.080	0.080	0.080	0.080	0.080	0.080	0.080	0.080	0.080	0.080	0.080	0.080	0.080	0.080	
0.132	0.132	0.132	0.132	0.126	0.120	0.100	0.100	0.080	0.080	0.080	0.080	0.080	0.080	0.080	0.080	0.080	0.080	0.080	0.080	0.080	0.080	0.080	0.080	0.080	0.080	0.080	0.080	
0.132	0.132	0.132	0.132	0.126	0.120	0.120	0.100	0.080	0.080	0.080	0.080	0.080	0.080	0.080	0.080	0.080	0.080	0.080	0.080	0.080	0.080	0.080	0.080	0.080	0.080	0.080	0.080	
0.132	0.132	0.132	0.132	0.126	0.120	0.120	0.100	0.080	0.080	0.080	0.080	0.080	0.080	0.080	0.080	0.080	0.080	0.080	0.080	0.080	0.080	0.080	0.080	0.080	0.080	0.080	0.080	
0.132	0.132	0.132	0.132	0.126	0.120	0.120	0.100	0.080	0.080	0.080	0.080	0.080	0.080	0.080	0.080	0.080	0.080	0.080	0.080	0.080	0.080	0.080	0.080	0.080	0.080	0.080	0.080	
0.132	0.132	0.132	0.132	0.126	0.126	0.120	0.100	0.080	0.080	0.080	0.080	0.080	0.080	0.080	0.080	0.080	0.080	0.080	0.080	0.080	0.080	0.080	0.080	0.080	0.080	0.080	0.080	
0.132	0.132	0.132	0.132	0.132	0.126	0.120	0.100	0.080	0.080	0.080	0.080	0.080	0.080	0.080	0.080	0.080	0.080	0.080	0.080	0.080	0.080	0.080	0.080	0.080	0.080	0.080	0.047	
0.132	0.132	0.132	0.132	0.132	0.126	0.120	0.100	0.100	0.080	0.080	0.080	0.080	0.080	0.080	0.080	0.080	0.080	0.080	0.080	0.080	0.080	0.080	0.080	0.080	0.080	0.080	0.047	
0.132	0.132	0.132	0.132	0.132	0.126	0.120	0.120	0.100	0.080	0.080	0.080	0.080	0.080	0.080	0.080	0.080	0.080	0.080	0.080	0.080	0.080	0.080	0.080	0.080	0.080	0.080	0.047	
0.132	0.132	0.132	0.132	0.132	0.126	0.120	0.120	0.100	0.080	0.080	0.080	0.080	0.080	0.080	0.080	0.080	0.080	0.080	0.080	0.080	0.080	0.080	0.080	0.080	0.080	0.047	0.047	
0.132	0.132	0.132	0.132	0.132	0.126	0.120	0.120	0.100	0.080	0.080	0.080	0.080	0.080	0.080	0.080	0.080	0.080	0.080	0.080	0.080	0.080	0.080	0.080	0.080	0.080	0.047	0.014	
0.132	0.132	0.132	0.132	0.132	0.126	0.126	0.120	0.100	0.080	0.080	0.080	0.080	0.080	0.080	0.080	0.080	0.080	0.080	0.080	0.080	0.080	0.080	0.080	0.080	0.080	0.047	0.014	
0.132	0.132	0.132	0.132	0.132	0.132	0.126	0.120	0.100	0.100	0.080	0.080	0.080	0.080	0.080	0.080	0.080	0.080	0.080	0.080	0.080	0.080	0.080	0.080	0.080	0.080	0.047	0.014	
0.132	0.132	0.132	0.132	0.132	0.132	0.126	0.120	0.120	0.100	0.080	0.080	0.080	0.080	0.080	0.080	0.080	0.080	0.080	0.080	0.080	0.080	0.080	0.080	0.080	0.047	0.047	0.014	
0.132	0.132	0.132	0.132	0.132	0.132	0.126	0.120	0.120	0.100	0.080	0.080	0.080	0.080	0.080	0.080	0.080	0.080	0.080	0.080	0.080	0.080	0.080	0.080	0.080	0.047	0.014	0.014	
0.132	0.132	0.132	0.132	0.132	0.132	0.126	0.120	0.120	0.100	0.080	0.080	0.080	0.080	0.080	0.080	0.080	0.080	0.080	0.080	0.080	0.080	0.080	0.080	0.080	0.047	0.014	0.014	
0.132	0.132	0.132	0.132	0.132	0.132	0.126	0.120	0.120	0.100	0.080	0.080	0.080	0.080	0.080	0.080	0.080	0.080	0.080	0.080	0.080	0.080	0.080	0.080	0.047	0.047	0.014	0.014	
0.132	0.132	0.132	0.132	0.132	0.132	0.126	0.120	0.120	0.100	0.080	0.080	0.080	0.080	0.080	0.080	0.080	0.080	0.080	0.080	0.080	0.080	0.080	0.080	0.047	0.014	0.014	0.014	
0.132	0.132	0.132	0.132	0.132	0.132	0.126	0.126	0.120	0.100	0.100	0.080	0.080	0.080	0.080	0.080	0.080	0.080	0.080	0.080	0.080	0.080	0.080	0.080	0.047	0.014	0.014	0.014	
0.132	0.132	0.132	0.132	0.132	0.132	0.132	0.126	0.120	0.120	0.100	0.080	0.080	0.080	0.080	0.080	0.080	0.080	0.080	0.080	0.080	0.080	0.080	0.047	0.047	0.014	0.014	0.014	
0.132	0.132	0.132	0.132	0.132	0.132	0.132	0.126	0.120	0.120	0.100	0.080	0.080	0.080	0.080	0.080	0.080	0.080	0.080	0.080	0.080	0.080	0.080	0.047	0.014	0.014	0.014	0.014	
0.132	0.132	0.132	0.132	0.132	0.132	0.132	0.126	0.120	0.120	0.100	0.080	0.080	0.080	0.080	0.080	0.080	0.080	0.080	0.080	0.080	0.080	0.080	0.047	0.014	0.014	0.014	0.014	
0.132	0.132	0.132	0.132	0.132	0.132	0.132	0.126	0.120	0.120	0.100	0.080	0.080	0.080	0.080	0.080	0.080	0.080	0.080	0.080	0.080	0.080	0.047	0.047	0.014	0.014	0.014	0.014	
0.132	0.132	0.132	0.132	0.132	0.132	0.132	0.126	0.120	0.120	0.100	0.100	0.080	0.080	0.080	0.080	0.080	0.080	0.080	0.080	0.080	0.080	0.047	0.014	0.014	0.014	0.014	0.014	
0.132	0.132	0.132	0.132	0.132	0.132	0.132	0.126	0.126	0.120	0.120	0.100	0.080	0.080	0.080	0.080	0.080	0.080	0.080	0.080	0.080	0.080	0.047	0.014	0.014	0.014	0.014	0.014	
0.132	0.132	0.132	0.132	0.132	0.132	0.132	0.132	0.126	0.120	0.120	0.100	0.080	0.080	0.080	0.080	0.080	0.080	0.080	0.080	0.080	0.047	0.047	0.014	0.014	0.014	0.014	0.014	
0.132	0.132	0.132	0.132	0.132	0.132	0.132	0.132	0.126	0.120	0.120	0.100	0.080	0.080	0.080	0.080	0.080	0.080	0.080	0.080	0.080	0.047	0.014	0.014	0.014	0.014	0.014	0.014	
0.132	0.132	0.132	0.132	0.132	0.132	0.132	0.132	0.126	0.120	0.120	0.100	0.080	0.080	0.080	0.080	0.080	0.080	0.080	0.080	0.080	0.047	0.014	0.014	0.014	0.014	0.014	0.014	
0.132	0.132	0.132	0.132	0.132	0.132	0.132	0.132	0.126	0.120	0.120	0.100	0.100	0.080	0.080	0.080	0.080	0.080	0.080	0.080	0.047	0.047	0.014	0.014	0.014	0.014	0.014	0.014	
0.132	0.132	0.132	0.132	0.132	0.132	0.132	0.132	0.126	0.120	0.120	0.120	0.100	0.080	0.080	0.080	0.080	0.080	0.080	0.080	0.047	0.014	0.014	0.014	0.014	0.014	0.014	0.014	
0.132	0.132	0.132	0.132	0.132	0.132	0.132	0.132	0.126	0.120	0.120	0.120	0.100	0.080	0.080	0.080	0.080	0.080	0.080	0.080	0.047	0.014	0.014	0.014	0.014	0.014	0.014	0.045	
0.132	0.132	0.132	0.132	0.132	0.132	0.132	0.132	0.126	0.126	0.120	0.120	0.100	0.080	0.080	0.080	0.080	0.080	0.080	0.080	0.047	0.014	0.014	0.014	0.014	0.014	0.045	0.045	
0.082	0.132	0.132	0.132	0.132	0.132	0.132	0.132	0.132	0.126	0.120	0.120	0.100	0.080	0.080	0.080	0.080	0.080	0.080	0.047	0.047	0.014	0.014	0.014	0.014	0.014	0.045	0.076	
0.082	0.082	0.132	0.132	0.132	0.132	0.132	0.132	0.132	0.126	0.120	0.120	0.100	0.080	0.080	0.080	0.080	0.080	0.080	0.047	0.014	0.014	0.014	0.014	0.014	0.045	0.045	0.076	
0.032	0.082	0.132	0.132	0.132	0.132	0.132	0.132	0.132	0.126	0.120	0.120	0.100	0.100	0.080	0.080	0.080	0.080	0.080	0.047	0.014	0.014	0.014	0.014	0.014	0.045	0.076	0.076	
0.032	0.082	0.082	0.132	0.132	0.132	0.132	0.132	0.132	0.126	0.120	0.120	0.120	0.100	0.080	0.080	0.080	0.080	0.047	0.047	0.014	0.014	0.014	0.014	0.045	0.045	0.076	0.076	
0.032	0.032	0.082	0.082	0.132	0.132	0.132	0.132	0.132	0.126	0.120	0.120	0.120	0.100	0.080	0.080	0.080	0.080	0.047	0.014	0.014	0.014	0.014	0.045	0.045	0.076	0.076	0.076	
0.032	0.032	0.032	0.082	0.082	0.132	0.132	0.132	0.132	0.126	0.129	0.120	0.120	0.100	0.080	0.080	0.080	0.080	0.047	0.014	0.014	0.014	0.014	0.045	0.076	0.076	0.076	0.076	
0.032	0.032	0.032	0.032	0.082	0.132	0.132	0.132	0.132	0.134	0.129	0.120	0.120	0.100	0.080	0.080	0.080	0.043	0.043	0.014	0.014	0.014	0.045	0.045	0.076	0.076	0.076	0.076	
0.032	0.032	0.032	0.032	0.082	0.082	0.132	0.132	0.132	0.134	0.128	0.128	0.120	0.100	0.100	0.080	0.058	0.058	0.025	0.014	0.014	0.014	0.045	0.076	0.076	0.076	0.076	0.076	
0.046	0.032	0.032	0.032	0.032	0.082	0.082	0.132	0.132	0.134	0.136	0.128	0.120	0.120	0.107	0.079	0.058	0.036	0.025	0.014	0.014	0.045	0.045	0.076	0.076	0.076	0.076	0.076	
0.046	0.046	0.046	0.032	0.032	0.032	0.062	0.077	0.077	0.097	0.136	0.138	0.134	0.120	0.120	0.082	0.063	0.036	0.047	0.052	0.052	0.060	0.076	0.076	0.076	0.076	0.053	0.053	
0.061	0.061	0.046	0.046	0.032	0.032	0.027	0.022	0.022	0.060	0.079	0.105	0.139	0.139	0.105	0.105	0.072	0.063	0.057	0.065	0.090	0.083	0.076	0.076	0.053	0.053	0.053	0.030	
0.061	0.061	0.061	0.046	0.046	0.052	0.039	0.043	0.022	0.022	0.022	0.090	0.158	0.152	0.137	0.134	0.089	0.089	0.089	0.090	0.090	0.072	0.052	0.053	0.053	0.030	0.030	0.040	
0.060	0.060	0.061	0.061	0.061	0.052	0.063	0.055	0.051	0.055	0.059	0.117	0.175	0.176	0.179	0.108	0.078	0.064	0.067	0.069	0.070	0.070	0.052	0.030	0.030	0.030	0.040	0.040	
0.060	0.060	0.060	0.060	0.060	0.061	0.063	0.071	0.081	0.082	0.095	0.143	0.191	0.185	0.179	0.129	0.057	0.061	0.045	0.052	0.055	0.051	0.044	0.030	0.040	0.040	0.040	0.050	
0.060	0.060	0.060	0.060	0.060	0.062	0.064	0.071	0.074	0.082	0.072	0.112	0.121	0.268	0.293	0.129	0.097	0.061	0.062	0.052	0.055	0.054	0.044	0.043	0.040	0.050	0.050	0.050	
0.060	0.060	0.060	0.060	0.060	0.060	0.065	0.070	0.070	0.070	0.060	0.050	0.350	0.350	0.402	0.153	0.117	0.081	0.070	0.060	0.060	0.055	0.050	0.050	0.050	0.050	0.050	0.050	
0.000	0.000	0.000	0.000	0.000	0.000	0.000	0.000	0.070	0.000	0.000	0.000	0.350	0.651	0.402	0.402	0.000	0.000	0.000	0.000	0.060	0.060	0.000	0.000	0.000	0.000	0.000	0.000	
0.000	0.000	0.000	0.000	0.000	0.000	0.000	0.000	0.000	0.000	0.000	0.000	0.651	0.651	0.826	0.826	0.000	0.000	0.000	0.000	0.000	0.000	0.000	0.000	0.000	0.000	0.000	0.000	
0.000	0.000	0.000	0.000	0.000	0.000	0.000	0.000	0.000	0.000	0.000	0.000	0.826	0.826	0.826	1.001	0.000	0.000	0.000	0.000	0.000	0.000	0.000	0.000	0.000	0.000	0.000	0.000	
0.000	0.000	0.000	0.000	0.000	0.000	0.000	0.000	0.000	0.000	0.000	0.000	1.001	1.001	1.001	1.001	0.000	0.000	0.000	0.000	0.000	0.000	0.000	0.000	0.000	0.000	0.000	0.000	
0.000	0.000	0.000	0.000	0.000	0.000	0.000	0.000	0.000	0.000	0.000	0.000	1.001	1.001	1.001	1.001	0.000	0.000	0.000	0.000	0.000	0.000	0.000	0.000	0.000	0.000	0.000	0.000	
