0.184	0.184	0.184	0.184	0.184	0.187	0.189	0.189	0.189	0.189	0.189	0.189	0.189	0.189	0.189	0.189	0.191	0.192	0.192	0.192	0.192	0.192	0.192	0.192	0.192	0.192	0.192	0.192	
0.184	0.184	0.184	0.184	0.184	0.187	0.189	0.189	0.189	0.189	0.189	0.189	0.189	0.189	0.189	0.189	0.191	0.192	0.192	0.192	0.192	0.192	0.192	0.192	0.192	0.192	0.192	0.192	
0.184	0.184	0.184	0.184	0.184	0.187	0.189	0.189	0.189	0.189	0.189	0.189	0.189	0.189	0.189	0.189	0.191	0.192	0.192	0.192	0.192	0.192	0.192	0.192	0.192	0.192	0.192	0.192	
0.184	0.184	0.184	0.184	0.184	0.187	0.189	0.189	0.189	0.189	0.189	0.189	0.189	0.189	0.189	0.189	0.191	0.192	0.192	0.192	0.192	0.192	0.192	0.192	0.192	0.192	0.192	0.192	
0.184	0.184	0.184	0.184	0.184	0.187	0.187	0.189	0.189	0.189	0.189	0.189	0.189	0.189	0.189	0.189	0.191	0.192	0.192	0.192	0.192	0.192	0.192	0.192	0.192	0.192	0.192	0.192	
0.184	0.184	0.184	0.184	0.184	0.184	0.187	0.189	0.189	0.189	0.189	0.189	0.189	0.189	0.189	0.189	0.191	0.192	0.192	0.192	0.192	0.192	0.192	0.192	0.192	0.192	0.192	0.192	
0.184	0.184	0.184	0.184	0.184	0.184	0.187	0.189	0.189	0.189	0.189	0.189	0.189	0.189	0.189	0.189	0.191	0.192	0.192	0.192	0.192	0.192	0.192	0.192	0.192	0.192	0.192	0.192	
0.184	0.184	0.184	0.184	0.184	0.184	0.187	0.189	0.189	0.189	0.189	0.189	0.189	0.189	0.189	0.189	0.191	0.192	0.192	0.192	0.192	0.192	0.192	0.192	0.192	0.192	0.192	0.192	
0.184	0.184	0.184	0.184	0.184	0.184	0.187	0.189	0.189	0.189	0.189	0.189	0.189	0.189	0.189	0.189	0.191	0.192	0.192	0.192	0.192	0.192	0.192	0.192	0.192	0.192	0.192	0.192	
0.184	0.184	0.184	0.184	0.184	0.184	0.187	0.189	0.189	0.189	0.189	0.189	0.189	0.189	0.189	0.189	0.191	0.192	0.192	0.192	0.192	0.192	0.192	0.192	0.192	0.192	0.192	0.192	
0.184	0.184	0.184	0.184	0.184	0.184	0.187	0.187	0.189	0.189	0.189	0.189	0.189	0.189	0.189	0.189	0.191	0.192	0.192	0.192	0.192	0.192	0.192	0.192	0.192	0.192	0.192	0.192	
0.184	0.184	0.184	0.184	0.184	0.184	0.184	0.187	0.189	0.189	0.189	0.189	0.189	0.189	0.189	0.189	0.191	0.192	0.192	0.192	0.192	0.192	0.192	0.192	0.192	0.192	0.192	0.192	
0.184	0.184	0.184	0.184	0.184	0.184	0.184	0.187	0.189	0.189	0.189	0.189	0.189	0.189	0.189	0.189	0.191	0.192	0.192	0.192	0.192	0.192	0.192	0.192	0.192	0.192	0.192	0.192	
0.184	0.184	0.184	0.184	0.184	0.184	0.184	0.187	0.189	0.189	0.189	0.189	0.189	0.189	0.189	0.189	0.191	0.192	0.192	0.192	0.192	0.192	0.192	0.192	0.192	0.192	0.192	0.192	
0.184	0.184	0.184	0.184	0.184	0.184	0.184	0.187	0.189	0.189	0.189	0.189	0.189	0.189	0.189	0.189	0.191	0.192	0.192	0.192	0.192	0.192	0.192	0.192	0.192	0.192	0.192	0.192	
0.184	0.184	0.184	0.184	0.184	0.184	0.184	0.187	0.189	0.189	0.189	0.189	0.189	0.189	0.189	0.189	0.191	0.192	0.192	0.192	0.192	0.192	0.192	0.192	0.192	0.192	0.192	0.192	
0.184	0.184	0.184	0.184	0.184	0.184	0.184	0.187	0.189	0.189	0.189	0.189	0.189	0.189	0.189	0.189	0.191	0.192	0.192	0.192	0.192	0.192	0.192	0.192	0.192	0.192	0.192	0.192	
0.184	0.184	0.184	0.184	0.184	0.184	0.184	0.187	0.187	0.189	0.189	0.189	0.189	0.189	0.189	0.189	0.191	0.192	0.192	0.192	0.192	0.192	0.192	0.192	0.192	0.192	0.192	0.192	
0.184	0.184	0.184	0.184	0.184	0.184	0.184	0.184	0.187	0.189	0.189	0.189	0.189	0.189	0.189	0.189	0.191	0.192	0.192	0.192	0.192	0.192	0.192	0.192	0.192	0.192	0.192	0.192	
0.184	0.184	0.184	0.184	0.184	0.184	0.184	0.184	0.187	0.189	0.189	0.189	0.189	0.189	0.189	0.189	0.191	0.192	0.192	0.192	0.192	0.192	0.192	0.192	0.192	0.192	0.192	0.192	
0.184	0.184	0.184	0.184	0.184	0.184	0.184	0.184	0.187	0.189	0.189	0.189	0.189	0.189	0.189	0.189	0.191	0.192	0.192	0.192	0.192	0.192	0.192	0.192	0.192	0.192	0.192	0.192	
0.184	0.184	0.184	0.184	0.184	0.184	0.184	0.184	0.187	0.189	0.189	0.189	0.189	0.189	0.189	0.189	0.191	0.192	0.192	0.192	0.192	0.192	0.192	0.192	0.192	0.192	0.192	0.192	
0.184	0.184	0.184	0.184	0.184	0.184	0.184	0.184	0.187	0.189	0.189	0.189	0.189	0.189	0.189	0.189	0.191	0.192	0.192	0.192	0.192	0.192	0.192	0.192	0.192	0.192	0.192	0.192	
0.184	0.184	0.184	0.184	0.184	0.184	0.184	0.184	0.187	0.187	0.189	0.189	0.189	0.189	0.189	0.189	0.191	0.192	0.192	0.192	0.192	0.192	0.192	0.192	0.192	0.192	0.192	0.192	
0.184	0.184	0.184	0.184	0.184	0.184	0.184	0.184	0.184	0.187	0.189	0.189	0.189	0.189	0.189	0.189	0.191	0.192	0.192	0.192	0.192	0.192	0.192	0.192	0.192	0.192	0.192	0.192	
0.184	0.184	0.184	0.184	0.184	0.184	0.184	0.184	0.184	0.187	0.189	0.189	0.189	0.189	0.189	0.189	0.191	0.192	0.192	0.192	0.192	0.192	0.192	0.192	0.192	0.192	0.192	0.192	
0.184	0.184	0.184	0.184	0.184	0.184	0.184	0.184	0.184	0.187	0.189	0.189	0.189	0.189	0.189	0.189	0.191	0.192	0.192	0.192	0.192	0.192	0.192	0.192	0.192	0.192	0.192	0.192	
0.184	0.184	0.184	0.184	0.184	0.184	0.184	0.184	0.184	0.187	0.189	0.189	0.189	0.189	0.189	0.189	0.191	0.192	0.192	0.192	0.192	0.192	0.192	0.192	0.192	0.192	0.192	0.192	
0.184	0.184	0.184	0.184	0.184	0.184	0.184	0.184	0.184	0.187	0.189	0.189	0.189	0.189	0.189	0.189	0.191	0.192	0.192	0.192	0.192	0.192	0.192	0.192	0.192	0.192	0.192	0.192	
0.184	0.184	0.184	0.184	0.184	0.184	0.184	0.184	0.184	0.187	0.189	0.189	0.189	0.189	0.189	0.189	0.191	0.192	0.192	0.192	0.192	0.192	0.192	0.192	0.192	0.192	0.192	0.192	
0.184	0.184	0.184	0.184	0.184	0.184	0.184	0.184	0.184	0.187	0.187	0.189	0.189	0.189	0.189	0.189	0.191	0.192	0.192	0.192	0.192	0.192	0.192	0.192	0.192	0.192	0.192	0.192	
0.184	0.184	0.184	0.184	0.184	0.184	0.184	0.184	0.184	0.184	0.187	0.189	0.189	0.189	0.189	0.189	0.191	0.192	0.192	0.192	0.192	0.192	0.192	0.192	0.192	0.192	0.192	0.192	
0.184	0.184	0.184	0.184	0.184	0.184	0.184	0.184	0.184	0.184	0.187	0.189	0.189	0.189	0.189	0.189	0.191	0.192	0.192	0.192	0.192	0.192	0.192	0.192	0.192	0.192	0.192	0.192	
0.184	0.184	0.184	0.184	0.184	0.184	0.184	0.184	0.184	0.184	0.187	0.189	0.189	0.189	0.189	0.189	0.191	0.192	0.192	0.192	0.192	0.192	0.192	0.192	0.192	0.192	0.192	0.210	
0.184	0.184	0.184	0.184	0.184	0.184	0.184	0.184	0.184	0.184	0.187	0.189	0.189	0.189	0.189	0.189	0.191	0.192	0.192	0.192	0.192	0.192	0.192	0.192	0.192	0.192	0.210	0.210	
0.110	0.184	0.184	0.184	0.184	0.184	0.184	0.184	0.184	0.184	0.187	0.189	0.189	0.189	0.189	0.189	0.191	0.192	0.192	0.192	0.192	0.192	0.192	0.192	0.192	0.210	0.210	0.228	
0.110	0.110	0.184	0.184	0.184	0.184	0.184	0.184	0.184	0.184	0.187	0.187	0.189	0.189	0.189	0.189	0.191	0.192	0.192	0.192	0.192	0.192	0.192	0.192	0.210	0.210	0.228	0.228	
0.036	0.110	0.125	0.184	0.184	0.184	0.184	0.184	0.184	0.184	0.184	0.187	0.189	0.189	0.189	0.189	0.187	0.192	0.192	0.192	0.192	0.192	0.192	0.210	0.210	0.228	0.228	0.228	
0.036	0.036	0.125	0.125	0.170	0.184	0.184	0.184	0.184	0.184	0.184	0.187	0.189	0.189	0.189	0.184	0.187	0.192	0.192	0.192	0.192	0.192	0.210	0.210	0.228	0.228	0.228	0.228	
0.036	0.036	0.036	0.096	0.170	0.170	0.184	0.184	0.184	0.184	0.184	0.160	0.189	0.189	0.189	0.184	0.186	0.186	0.192	0.192	0.192	0.210	0.210	0.228	0.228	0.228	0.228	0.228	
0.036	0.036	0.036	0.096	0.096	0.170	0.170	0.170	0.184	0.184	0.146	0.160	0.148	0.148	0.184	0.184	0.179	0.186	0.190	0.192	0.210	0.210	0.228	0.228	0.228	0.228	0.228	0.228	
0.054	0.036	0.036	0.036	0.096	0.155	0.155	0.170	0.150	0.147	0.134	0.108	0.108	0.135	0.159	0.144	0.179	0.183	0.190	0.190	0.202	0.228	0.228	0.228	0.228	0.228	0.228	0.228	
0.054	0.054	0.036	0.036	0.096	0.096	0.155	0.155	0.133	0.110	0.109	0.100	0.094	0.099	0.108	0.132	0.146	0.158	0.187	0.172	0.190	0.228	0.228	0.228	0.228	0.228	0.228	0.199	
0.073	0.054	0.054	0.036	0.036	0.096	0.096	0.155	0.128	0.114	0.103	0.096	0.081	0.090	0.094	0.099	0.108	0.147	0.150	0.172	0.192	0.192	0.199	0.199	0.199	0.199	0.199	0.199	
0.073	0.073	0.054	0.054	0.036	0.036	0.104	0.138	0.131	0.117	0.096	0.096	0.081	0.081	0.081	0.097	0.105	0.093	0.114	0.117	0.156	0.185	0.199	0.170	0.170	0.170	0.155	0.155	
0.073	0.073	0.073	0.054	0.054	0.058	0.079	0.122	0.126	0.129	0.116	0.086	0.095	0.092	0.099	0.091	0.105	0.096	0.078	0.090	0.121	0.121	0.170	0.170	0.151	0.147	0.155	0.140	
0.066	0.073	0.073	0.073	0.063	0.058	0.101	0.101	0.131	0.140	0.115	0.115	0.102	0.114	0.099	0.099	0.076	0.077	0.055	0.055	0.036	0.113	0.151	0.151	0.147	0.136	0.140	0.140	
0.066	0.066	0.066	0.071	0.074	0.075	0.086	0.121	0.151	0.165	0.093	0.107	0.151	0.212	0.168	0.091	0.077	0.050	0.030	0.032	0.036	0.066	0.132	0.132	0.136	0.140	0.140	0.140	
0.060	0.060	0.066	0.068	0.070	0.080	0.086	0.140	0.190	0.127	0.093	0.070	0.200	0.310	0.142	0.045	0.050	0.035	0.027	0.023	0.026	0.066	0.082	0.136	0.136	0.140	0.140	0.140	
0.060	0.060	0.060	0.065	0.070	0.080	0.091	0.140	0.190	0.120	0.050	0.233	0.253	0.302	0.302	0.045	0.028	0.020	0.015	0.010	0.021	0.032	0.082	0.101	0.140	0.140	0.140	0.140	
0.000	0.000	0.000	0.000	0.000	0.000	0.000	0.190	0.190	0.120	0.050	0.050	0.561	0.561	0.298	0.036	0.000	0.000	0.000	0.000	0.032	0.032	0.032	0.032	0.000	0.000	0.000	0.000	
0.000	0.000	0.000	0.000	0.000	0.000	0.000	0.000	0.000	0.000	0.000	0.000	0.561	0.561	0.298	0.036	0.000	0.000	0.000	0.000	0.000	0.000	0.000	0.000	0.000	0.000	0.000	0.000	
0.000	0.000	0.000	0.000	0.000	0.000	0.000	0.000	0.000	0.000	0.000	0.000	0.561	0.561	0.298	0.298	0.000	0.000	0.000	0.000	0.000	0.000	0.000	0.000	0.000	0.000	0.000	0.000	
0.000	0.000	0.000	0.000	0.000	0.000	0.000	0.000	0.000	0.000	0.000	0.000	0.561	0.561	0.561	0.298	0.000	0.000	0.000	0.000	0.000	0.000	0.000	0.000	0.000	0.000	0.000	0.000	
0.000	0.000	0.000	0.000	0.000	0.000	0.000	0.000	0.000	0.000	0.000	0.000	0.561	0.561	0.561	0.561	0.000	0.000	0.000	0.000	0.000	0.000	0.000	0.000	0.000	0.000	0.000	0.000	
