0.045	0.045	0.045	0.045	0.045	0.045	0.045	0.045	0.045	0.040	0.036	0.036	0.036	0.036	0.050	0.064	0.064	0.064	0.064	0.064	0.064	0.064	0.064	0.064	0.064	0.064	0.064	0.064	
0.045	0.045	0.045	0.045	0.045	0.045	0.045	0.045	0.045	0.040	0.036	0.036	0.036	0.036	0.050	0.064	0.064	0.064	0.064	0.064	0.064	0.064	0.064	0.064	0.064	0.064	0.064	0.064	
0.045	0.045	0.045	0.045	0.045	0.045	0.045	0.045	0.045	0.040	0.036	0.036	0.036	0.036	0.050	0.064	0.064	0.064	0.064	0.064	0.064	0.064	0.064	0.064	0.064	0.064	0.064	0.064	
0.045	0.045	0.045	0.045	0.045	0.045	0.045	0.045	0.045	0.040	0.036	0.036	0.036	0.036	0.050	0.064	0.064	0.064	0.064	0.064	0.064	0.064	0.064	0.064	0.064	0.064	0.064	0.064	
0.045	0.045	0.045	0.045	0.045	0.045	0.045	0.045	0.045	0.040	0.036	0.036	0.036	0.036	0.050	0.064	0.064	0.064	0.064	0.064	0.064	0.064	0.064	0.064	0.064	0.064	0.064	0.064	
0.045	0.045	0.045	0.045	0.045	0.045	0.045	0.045	0.045	0.040	0.036	0.036	0.036	0.036	0.050	0.064	0.064	0.064	0.064	0.064	0.064	0.064	0.064	0.064	0.064	0.064	0.064	0.064	
0.045	0.045	0.045	0.045	0.045	0.045	0.045	0.045	0.045	0.040	0.040	0.036	0.036	0.036	0.050	0.064	0.064	0.064	0.064	0.064	0.064	0.064	0.064	0.064	0.064	0.064	0.064	0.064	
0.045	0.045	0.045	0.045	0.045	0.045	0.045	0.045	0.045	0.045	0.040	0.036	0.036	0.036	0.050	0.064	0.064	0.064	0.064	0.064	0.064	0.064	0.064	0.064	0.064	0.064	0.064	0.064	
0.045	0.045	0.045	0.045	0.045	0.045	0.045	0.045	0.045	0.045	0.040	0.036	0.036	0.036	0.050	0.064	0.064	0.064	0.064	0.064	0.064	0.064	0.064	0.064	0.064	0.064	0.064	0.064	
0.045	0.045	0.045	0.045	0.045	0.045	0.045	0.045	0.045	0.045	0.040	0.036	0.036	0.036	0.050	0.064	0.064	0.064	0.064	0.064	0.064	0.064	0.064	0.064	0.064	0.064	0.064	0.064	
0.045	0.045	0.045	0.045	0.045	0.045	0.045	0.045	0.045	0.045	0.040	0.036	0.036	0.036	0.050	0.064	0.064	0.064	0.064	0.064	0.064	0.064	0.064	0.064	0.064	0.064	0.064	0.064	
0.045	0.045	0.045	0.045	0.045	0.045	0.045	0.045	0.045	0.045	0.040	0.036	0.036	0.036	0.050	0.064	0.064	0.064	0.064	0.064	0.064	0.064	0.064	0.064	0.064	0.064	0.064	0.064	
0.045	0.045	0.045	0.045	0.045	0.045	0.045	0.045	0.045	0.045	0.040	0.036	0.036	0.036	0.050	0.064	0.064	0.064	0.064	0.064	0.064	0.064	0.064	0.064	0.064	0.064	0.064	0.064	
0.045	0.045	0.045	0.045	0.045	0.045	0.045	0.045	0.045	0.045	0.040	0.036	0.036	0.036	0.050	0.064	0.064	0.064	0.064	0.064	0.064	0.064	0.064	0.064	0.064	0.064	0.064	0.064	
0.045	0.045	0.045	0.045	0.045	0.045	0.045	0.045	0.045	0.045	0.040	0.036	0.036	0.036	0.050	0.064	0.064	0.064	0.064	0.064	0.064	0.064	0.064	0.064	0.064	0.064	0.064	0.064	
0.045	0.045	0.045	0.045	0.045	0.045	0.045	0.045	0.045	0.045	0.040	0.036	0.036	0.036	0.050	0.064	0.064	0.064	0.064	0.064	0.064	0.064	0.064	0.064	0.064	0.064	0.064	0.064	
0.045	0.045	0.045	0.045	0.045	0.045	0.045	0.045	0.045	0.045	0.040	0.036	0.036	0.036	0.050	0.064	0.064	0.064	0.064	0.064	0.064	0.064	0.064	0.064	0.064	0.064	0.064	0.064	
0.045	0.045	0.045	0.045	0.045	0.045	0.045	0.045	0.045	0.045	0.040	0.036	0.036	0.036	0.050	0.064	0.064	0.064	0.064	0.064	0.064	0.064	0.064	0.064	0.064	0.064	0.064	0.064	
0.045	0.045	0.045	0.045	0.045	0.045	0.045	0.045	0.045	0.045	0.040	0.036	0.036	0.036	0.050	0.064	0.064	0.064	0.064	0.064	0.064	0.064	0.064	0.064	0.064	0.064	0.064	0.064	
0.045	0.045	0.045	0.045	0.045	0.045	0.045	0.045	0.045	0.045	0.040	0.036	0.036	0.036	0.050	0.064	0.064	0.064	0.064	0.064	0.064	0.064	0.064	0.064	0.064	0.064	0.064	0.064	
0.045	0.045	0.045	0.045	0.045	0.045	0.045	0.045	0.045	0.045	0.040	0.036	0.036	0.036	0.050	0.064	0.064	0.064	0.064	0.064	0.064	0.064	0.064	0.064	0.064	0.064	0.064	0.064	
0.045	0.045	0.045	0.045	0.045	0.045	0.045	0.045	0.045	0.045	0.040	0.036	0.036	0.036	0.050	0.064	0.064	0.064	0.064	0.064	0.064	0.064	0.064	0.064	0.064	0.064	0.064	0.064	
0.045	0.045	0.045	0.045	0.045	0.045	0.045	0.045	0.045	0.045	0.040	0.036	0.036	0.036	0.050	0.064	0.064	0.064	0.064	0.064	0.064	0.064	0.064	0.064	0.064	0.064	0.064	0.064	
0.045	0.045	0.045	0.045	0.045	0.045	0.045	0.045	0.045	0.045	0.040	0.036	0.036	0.036	0.050	0.064	0.064	0.064	0.064	0.064	0.064	0.064	0.064	0.064	0.064	0.064	0.064	0.064	
0.045	0.045	0.045	0.045	0.045	0.045	0.045	0.045	0.045	0.045	0.040	0.036	0.036	0.036	0.050	0.064	0.064	0.064	0.064	0.064	0.064	0.064	0.064	0.064	0.064	0.064	0.064	0.064	
0.045	0.045	0.045	0.045	0.045	0.045	0.045	0.045	0.045	0.045	0.040	0.036	0.036	0.036	0.050	0.064	0.064	0.064	0.064	0.064	0.064	0.064	0.064	0.064	0.064	0.064	0.064	0.064	
0.045	0.045	0.045	0.045	0.045	0.045	0.045	0.045	0.045	0.045	0.040	0.036	0.036	0.036	0.050	0.064	0.064	0.064	0.064	0.064	0.064	0.064	0.064	0.064	0.064	0.064	0.064	0.064	
0.045	0.045	0.045	0.045	0.045	0.045	0.045	0.045	0.045	0.045	0.040	0.036	0.036	0.036	0.050	0.064	0.064	0.064	0.064	0.064	0.064	0.064	0.064	0.064	0.064	0.064	0.064	0.102	
0.045	0.045	0.045	0.045	0.045	0.045	0.045	0.045	0.045	0.045	0.040	0.036	0.036	0.036	0.050	0.064	0.064	0.064	0.064	0.064	0.064	0.064	0.064	0.064	0.064	0.064	0.064	0.102	
0.048	0.045	0.045	0.045	0.045	0.045	0.045	0.045	0.045	0.045	0.040	0.036	0.036	0.036	0.050	0.064	0.064	0.064	0.064	0.064	0.064	0.064	0.064	0.064	0.064	0.064	0.102	0.102	
0.048	0.045	0.045	0.045	0.045	0.045	0.045	0.045	0.045	0.045	0.040	0.036	0.036	0.036	0.050	0.064	0.064	0.064	0.064	0.064	0.064	0.064	0.064	0.064	0.064	0.064	0.102	0.140	
0.048	0.048	0.045	0.045	0.045	0.045	0.045	0.045	0.045	0.045	0.040	0.036	0.036	0.036	0.050	0.050	0.064	0.064	0.064	0.064	0.064	0.064	0.064	0.064	0.064	0.102	0.102	0.140	
0.051	0.048	0.045	0.045	0.045	0.045	0.045	0.045	0.045	0.045	0.040	0.036	0.036	0.036	0.036	0.050	0.064	0.064	0.064	0.064	0.064	0.064	0.064	0.064	0.064	0.102	0.140	0.140	
0.051	0.048	0.048	0.045	0.045	0.045	0.045	0.045	0.045	0.045	0.040	0.036	0.036	0.036	0.036	0.050	0.064	0.064	0.064	0.064	0.064	0.064	0.064	0.064	0.102	0.102	0.140	0.140	
0.051	0.051	0.048	0.048	0.045	0.045	0.045	0.045	0.045	0.045	0.040	0.036	0.036	0.036	0.036	0.050	0.064	0.064	0.064	0.064	0.064	0.064	0.064	0.064	0.102	0.140	0.140	0.140	
0.051	0.051	0.051	0.048	0.045	0.045	0.045	0.045	0.045	0.045	0.040	0.036	0.036	0.036	0.036	0.050	0.064	0.064	0.064	0.064	0.064	0.064	0.064	0.102	0.102	0.140	0.140	0.140	
0.051	0.051	0.051	0.048	0.048	0.045	0.045	0.045	0.045	0.045	0.040	0.040	0.036	0.036	0.036	0.050	0.064	0.064	0.064	0.064	0.064	0.064	0.064	0.102	0.140	0.140	0.140	0.140	
0.051	0.051	0.051	0.051	0.048	0.045	0.045	0.045	0.045	0.045	0.045	0.040	0.036	0.036	0.036	0.050	0.064	0.064	0.064	0.064	0.064	0.064	0.102	0.102	0.140	0.140	0.140	0.140	
0.051	0.051	0.051	0.051	0.048	0.048	0.045	0.045	0.045	0.045	0.045	0.040	0.036	0.036	0.036	0.050	0.064	0.064	0.064	0.064	0.064	0.064	0.102	0.140	0.140	0.140	0.140	0.140	
0.051	0.051	0.051	0.051	0.051	0.048	0.048	0.045	0.045	0.045	0.045	0.040	0.036	0.036	0.036	0.047	0.064	0.064	0.064	0.064	0.064	0.102	0.102	0.140	0.140	0.140	0.140	0.140	
0.051	0.051	0.051	0.051	0.051	0.051	0.048	0.045	0.045	0.045	0.045	0.040	0.036	0.036	0.039	0.047	0.064	0.064	0.064	0.064	0.064	0.102	0.140	0.140	0.140	0.140	0.140	0.140	
0.051	0.051	0.051	0.051	0.051	0.051	0.048	0.048	0.045	0.045	0.045	0.040	0.036	0.036	0.039	0.053	0.053	0.064	0.064	0.064	0.102	0.102	0.140	0.140	0.140	0.140	0.140	0.140	
0.051	0.051	0.051	0.051	0.051	0.051	0.051	0.048	0.045	0.045	0.045	0.040	0.036	0.039	0.039	0.041	0.053	0.064	0.064	0.104	0.116	0.140	0.140	0.140	0.140	0.140	0.140	0.140	
0.051	0.051	0.051	0.051	0.051	0.051	0.051	0.048	0.052	0.052	0.070	0.058	0.065	0.071	0.041	0.041	0.082	0.102	0.104	0.104	0.142	0.140	0.140	0.140	0.140	0.140	0.140	0.091	
0.051	0.051	0.051	0.051	0.051	0.051	0.051	0.055	0.055	0.052	0.066	0.094	0.088	0.071	0.088	0.105	0.090	0.102	0.115	0.143	0.142	0.140	0.140	0.140	0.091	0.091	0.091	0.068	
0.046	0.051	0.051	0.051	0.051	0.051	0.054	0.057	0.060	0.060	0.077	0.096	0.109	0.135	0.188	0.139	0.190	0.081	0.102	0.087	0.105	0.071	0.091	0.091	0.091	0.042	0.031	0.031	
0.046	0.046	0.046	0.051	0.051	0.051	0.054	0.060	0.060	0.060	0.078	0.096	0.117	0.159	0.206	0.241	0.134	0.081	0.066	0.087	0.032	0.071	0.042	0.042	0.031	0.031	0.031	0.020	
0.041	0.041	0.046	0.046	0.046	0.050	0.054	0.060	0.060	0.061	0.080	0.080	0.171	0.171	0.242	0.241	0.104	0.022	0.028	0.031	0.016	0.025	0.042	0.031	0.031	0.020	0.020	0.020	
0.041	0.041	0.041	0.041	0.046	0.047	0.055	0.057	0.060	0.060	0.057	0.070	0.131	0.243	0.287	0.227	0.104	0.034	0.026	0.031	0.021	0.021	0.021	0.031	0.020	0.020	0.020	0.020	
0.041	0.041	0.041	0.041	0.041	0.046	0.050	0.055	0.060	0.060	0.055	0.050	0.346	0.354	0.455	0.213	0.213	0.040	0.030	0.030	0.015	0.000	0.010	0.020	0.020	0.020	0.020	0.020	
0.000	0.000	0.000	0.000	0.000	0.050	0.050	0.055	0.060	0.060	0.055	0.050	0.398	0.745	0.561	0.561	0.050	0.050	0.030	0.030	0.030	0.000	0.020	0.020	0.020	0.020	0.020	0.020	
0.000	0.000	0.000	0.000	0.000	0.000	0.000	0.000	0.000	0.000	0.000	0.000	0.745	0.745	0.745	0.561	0.000	0.000	0.000	0.000	0.000	0.000	0.000	0.000	0.000	0.000	0.000	0.000	
0.000	0.000	0.000	0.000	0.000	0.000	0.000	0.000	0.000	0.000	0.000	0.000	0.745	0.874	0.874	0.874	0.000	0.000	0.000	0.000	0.000	0.000	0.000	0.000	0.000	0.000	0.000	0.000	
0.000	0.000	0.000	0.000	0.000	0.000	0.000	0.000	0.000	0.000	0.000	0.000	0.874	0.874	1.002	1.002	0.000	0.000	0.000	0.000	0.000	0.000	0.000	0.000	0.000	0.000	0.000	0.000	
0.000	0.000	0.000	0.000	0.000	0.000	0.000	0.000	0.000	0.000	0.000	0.000	1.002	1.002	1.002	1.002	0.000	0.000	0.000	0.000	0.000	0.000	0.000	0.000	0.000	0.000	0.000	0.000	
