0.308	0.308	0.308	0.308	0.308	0.308	0.308	0.308	0.308	0.308	0.308	0.308	0.308	0.308	0.308	0.308	0.308	0.308	0.308	0.308	0.308	0.308	0.308	0.308	0.308	0.308	0.248	0.188	
0.308	0.308	0.308	0.308	0.308	0.308	0.308	0.308	0.308	0.308	0.308	0.308	0.308	0.308	0.308	0.308	0.308	0.308	0.308	0.308	0.308	0.308	0.308	0.308	0.308	0.308	0.248	0.188	
0.308	0.308	0.308	0.308	0.308	0.308	0.308	0.308	0.308	0.308	0.308	0.308	0.308	0.308	0.308	0.308	0.308	0.308	0.308	0.308	0.308	0.308	0.308	0.308	0.308	0.248	0.248	0.188	
0.308	0.308	0.308	0.308	0.308	0.308	0.308	0.308	0.308	0.308	0.308	0.308	0.308	0.308	0.308	0.308	0.308	0.308	0.308	0.308	0.308	0.308	0.308	0.308	0.308	0.248	0.188	0.188	
0.308	0.308	0.308	0.308	0.308	0.308	0.308	0.308	0.308	0.308	0.308	0.308	0.308	0.308	0.308	0.308	0.308	0.308	0.308	0.308	0.308	0.308	0.308	0.308	0.308	0.248	0.188	0.188	
0.308	0.308	0.308	0.308	0.308	0.308	0.308	0.308	0.308	0.308	0.308	0.308	0.308	0.308	0.308	0.308	0.308	0.308	0.308	0.308	0.308	0.308	0.308	0.308	0.248	0.248	0.188	0.188	
0.308	0.308	0.308	0.308	0.308	0.308	0.308	0.308	0.308	0.308	0.308	0.308	0.308	0.308	0.308	0.308	0.308	0.308	0.308	0.308	0.308	0.308	0.308	0.308	0.248	0.188	0.188	0.188	
0.308	0.308	0.308	0.308	0.308	0.308	0.308	0.308	0.308	0.308	0.308	0.308	0.308	0.308	0.308	0.308	0.308	0.308	0.308	0.308	0.308	0.308	0.308	0.308	0.248	0.188	0.188	0.188	
0.308	0.308	0.308	0.308	0.308	0.308	0.308	0.308	0.308	0.308	0.308	0.308	0.308	0.308	0.308	0.308	0.308	0.308	0.308	0.308	0.308	0.308	0.308	0.308	0.248	0.188	0.188	0.188	
0.308	0.308	0.308	0.308	0.308	0.308	0.308	0.308	0.308	0.308	0.308	0.308	0.308	0.308	0.308	0.308	0.308	0.308	0.308	0.308	0.308	0.308	0.308	0.248	0.248	0.188	0.188	0.188	
0.308	0.308	0.308	0.308	0.308	0.308	0.308	0.308	0.308	0.308	0.308	0.308	0.308	0.308	0.308	0.308	0.308	0.308	0.308	0.308	0.308	0.308	0.308	0.248	0.188	0.188	0.188	0.188	
0.308	0.308	0.308	0.308	0.308	0.308	0.308	0.308	0.308	0.308	0.308	0.308	0.308	0.308	0.308	0.308	0.308	0.308	0.308	0.308	0.308	0.308	0.308	0.248	0.188	0.188	0.188	0.188	
0.308	0.308	0.308	0.308	0.308	0.308	0.308	0.308	0.308	0.308	0.308	0.308	0.308	0.308	0.308	0.308	0.308	0.308	0.308	0.308	0.308	0.308	0.248	0.248	0.188	0.188	0.188	0.188	
0.308	0.308	0.308	0.308	0.308	0.308	0.308	0.308	0.308	0.308	0.308	0.308	0.308	0.308	0.308	0.308	0.308	0.308	0.308	0.308	0.308	0.308	0.248	0.188	0.188	0.188	0.188	0.188	
0.308	0.308	0.308	0.308	0.308	0.308	0.308	0.308	0.308	0.308	0.308	0.308	0.308	0.308	0.308	0.308	0.308	0.308	0.308	0.308	0.308	0.308	0.248	0.188	0.188	0.188	0.188	0.188	
0.308	0.308	0.308	0.308	0.308	0.308	0.308	0.308	0.308	0.308	0.308	0.308	0.308	0.308	0.308	0.308	0.308	0.308	0.308	0.308	0.308	0.308	0.248	0.188	0.188	0.188	0.188	0.188	
0.308	0.308	0.308	0.308	0.308	0.308	0.308	0.308	0.308	0.308	0.308	0.308	0.308	0.308	0.308	0.308	0.308	0.308	0.308	0.308	0.308	0.248	0.248	0.188	0.188	0.188	0.188	0.188	
0.308	0.308	0.308	0.308	0.308	0.308	0.308	0.308	0.308	0.308	0.308	0.308	0.308	0.308	0.308	0.308	0.308	0.308	0.308	0.308	0.308	0.248	0.188	0.188	0.188	0.188	0.188	0.188	
0.308	0.308	0.308	0.308	0.308	0.308	0.308	0.308	0.308	0.308	0.308	0.308	0.308	0.308	0.308	0.308	0.308	0.308	0.308	0.308	0.308	0.248	0.188	0.188	0.188	0.188	0.188	0.188	
0.308	0.308	0.308	0.308	0.308	0.308	0.308	0.308	0.308	0.308	0.308	0.308	0.308	0.308	0.308	0.308	0.308	0.308	0.308	0.308	0.248	0.248	0.188	0.188	0.188	0.188	0.188	0.188	
0.308	0.308	0.308	0.308	0.308	0.308	0.308	0.308	0.308	0.308	0.308	0.308	0.308	0.308	0.308	0.308	0.308	0.308	0.308	0.308	0.248	0.188	0.188	0.188	0.188	0.188	0.188	0.188	
0.267	0.308	0.308	0.308	0.308	0.308	0.308	0.308	0.308	0.308	0.308	0.308	0.308	0.308	0.308	0.308	0.308	0.308	0.308	0.308	0.248	0.188	0.188	0.188	0.188	0.188	0.188	0.188	
0.267	0.308	0.308	0.308	0.308	0.308	0.308	0.308	0.308	0.308	0.308	0.308	0.308	0.308	0.308	0.308	0.308	0.308	0.308	0.248	0.248	0.188	0.188	0.188	0.188	0.188	0.188	0.188	
0.267	0.267	0.308	0.308	0.308	0.308	0.308	0.308	0.308	0.308	0.308	0.308	0.308	0.308	0.308	0.308	0.308	0.308	0.308	0.248	0.188	0.188	0.188	0.188	0.188	0.188	0.188	0.188	
0.226	0.267	0.308	0.308	0.308	0.308	0.308	0.308	0.308	0.308	0.308	0.308	0.308	0.308	0.308	0.308	0.308	0.308	0.308	0.248	0.188	0.188	0.188	0.188	0.188	0.188	0.188	0.188	
0.226	0.267	0.267	0.308	0.308	0.308	0.308	0.308	0.308	0.308	0.308	0.308	0.308	0.308	0.308	0.308	0.308	0.308	0.308	0.248	0.188	0.188	0.188	0.188	0.188	0.188	0.188	0.188	
0.226	0.226	0.267	0.308	0.308	0.308	0.308	0.308	0.308	0.308	0.308	0.308	0.308	0.308	0.308	0.308	0.308	0.308	0.248	0.248	0.188	0.188	0.188	0.188	0.188	0.188	0.188	0.188	
0.226	0.226	0.267	0.267	0.308	0.308	0.308	0.308	0.308	0.308	0.308	0.308	0.308	0.308	0.308	0.308	0.308	0.308	0.248	0.188	0.188	0.188	0.188	0.188	0.188	0.188	0.188	0.188	
0.226	0.226	0.226	0.267	0.308	0.308	0.308	0.308	0.308	0.308	0.308	0.308	0.308	0.308	0.308	0.308	0.308	0.308	0.248	0.188	0.188	0.188	0.188	0.188	0.188	0.188	0.188	0.188	
0.226	0.226	0.226	0.267	0.267	0.308	0.308	0.308	0.308	0.308	0.308	0.308	0.308	0.308	0.308	0.308	0.308	0.248	0.248	0.188	0.188	0.188	0.188	0.188	0.188	0.188	0.188	0.188	
0.212	0.226	0.226	0.226	0.267	0.308	0.308	0.308	0.308	0.308	0.308	0.308	0.308	0.308	0.308	0.308	0.308	0.248	0.188	0.188	0.188	0.188	0.188	0.188	0.188	0.188	0.188	0.188	
0.212	0.226	0.226	0.226	0.267	0.267	0.308	0.308	0.308	0.308	0.308	0.308	0.308	0.308	0.308	0.308	0.308	0.248	0.188	0.188	0.188	0.188	0.188	0.188	0.188	0.188	0.188	0.189	
0.212	0.212	0.226	0.226	0.226	0.267	0.267	0.308	0.308	0.308	0.308	0.308	0.308	0.308	0.308	0.308	0.248	0.248	0.188	0.188	0.188	0.188	0.188	0.188	0.188	0.188	0.189	0.189	
0.199	0.212	0.226	0.226	0.226	0.226	0.267	0.308	0.308	0.308	0.308	0.308	0.308	0.308	0.308	0.308	0.248	0.188	0.188	0.188	0.188	0.188	0.188	0.188	0.188	0.188	0.189	0.190	
0.199	0.212	0.212	0.226	0.226	0.226	0.267	0.230	0.308	0.308	0.308	0.308	0.308	0.308	0.308	0.308	0.248	0.188	0.188	0.188	0.188	0.188	0.188	0.188	0.188	0.189	0.189	0.190	
0.199	0.199	0.212	0.212	0.226	0.226	0.226	0.230	0.232	0.308	0.308	0.308	0.308	0.308	0.308	0.308	0.248	0.188	0.188	0.188	0.188	0.188	0.188	0.188	0.189	0.189	0.190	0.190	
0.199	0.199	0.199	0.212	0.226	0.226	0.226	0.190	0.232	0.232	0.308	0.308	0.308	0.308	0.308	0.209	0.248	0.188	0.188	0.188	0.188	0.188	0.188	0.188	0.189	0.190	0.190	0.190	
0.199	0.199	0.199	0.212	0.212	0.226	0.226	0.190	0.155	0.232	0.308	0.308	0.308	0.308	0.219	0.209	0.159	0.188	0.188	0.188	0.188	0.188	0.188	0.189	0.189	0.190	0.190	0.190	
0.199	0.199	0.199	0.199	0.212	0.226	0.226	0.190	0.190	0.232	0.232	0.308	0.308	0.219	0.219	0.130	0.159	0.188	0.188	0.188	0.188	0.188	0.189	0.189	0.190	0.190	0.190	0.190	
0.199	0.199	0.199	0.199	0.212	0.212	0.226	0.226	0.190	0.155	0.232	0.205	0.230	0.196	0.130	0.130	0.159	0.188	0.188	0.188	0.188	0.188	0.189	0.190	0.190	0.190	0.190	0.190	
0.199	0.199	0.199	0.199	0.199	0.212	0.226	0.226	0.190	0.155	0.153	0.153	0.151	0.141	0.130	0.130	0.156	0.170	0.188	0.188	0.175	0.180	0.189	0.190	0.190	0.190	0.190	0.190	
0.199	0.199	0.199	0.199	0.199	0.212	0.202	0.204	0.178	0.153	0.152	0.151	0.151	0.142	0.137	0.132	0.138	0.170	0.170	0.167	0.175	0.176	0.190	0.190	0.190	0.190	0.190	0.190	
0.231	0.231	0.199	0.199	0.199	0.191	0.202	0.182	0.166	0.150	0.133	0.141	0.137	0.148	0.136	0.132	0.142	0.151	0.156	0.156	0.161	0.176	0.190	0.190	0.190	0.190	0.190	0.190	
0.262	0.231	0.207	0.207	0.180	0.181	0.171	0.182	0.156	0.134	0.133	0.117	0.130	0.144	0.139	0.133	0.110	0.110	0.119	0.161	0.176	0.181	0.190	0.190	0.190	0.190	0.190	0.190	
0.262	0.262	0.262	0.211	0.160	0.160	0.154	0.146	0.159	0.126	0.126	0.117	0.134	0.143	0.137	0.132	0.103	0.045	0.089	0.111	0.137	0.190	0.190	0.190	0.190	0.190	0.190	0.190	
0.262	0.262	0.262	0.211	0.211	0.140	0.140	0.128	0.128	0.098	0.104	0.106	0.106	0.141	0.136	0.130	0.087	0.045	0.053	0.061	0.125	0.190	0.135	0.153	0.135	0.135	0.135	0.095	
0.262	0.262	0.262	0.262	0.151	0.104	0.076	0.082	0.116	0.096	0.106	0.112	0.114	0.141	0.135	0.128	0.086	0.045	0.050	0.075	0.113	0.120	0.135	0.080	0.080	0.047	0.047	0.047	
0.245	0.245	0.245	0.174	0.109	0.032	0.032	0.069	0.092	0.128	0.128	0.112	0.122	0.140	0.133	0.126	0.086	0.045	0.065	0.071	0.089	0.070	0.070	0.080	0.047	0.047	0.014	0.014	
0.228	0.228	0.228	0.130	0.032	0.032	0.031	0.051	0.058	0.102	0.108	0.157	0.187	0.201	0.158	0.151	0.124	0.083	0.085	0.090	0.074	0.065	0.061	0.045	0.047	0.014	0.014	0.014	
0.228	0.228	0.228	0.130	0.032	0.032	0.031	0.030	0.040	0.051	0.051	0.157	0.256	0.231	0.206	0.206	0.163	0.120	0.105	0.090	0.066	0.041	0.041	0.028	0.014	0.014	0.014	0.014	
0.000	0.000	0.000	0.000	0.032	0.032	0.031	0.030	0.030	0.051	0.051	0.154	0.256	0.231	0.206	0.206	0.163	0.000	0.000	0.000	0.000	0.000	0.000	0.000	0.000	0.000	0.000	0.000	
0.000	0.000	0.000	0.000	0.000	0.000	0.000	0.000	0.000	0.000	0.000	0.000	0.610	0.475	0.585	0.585	0.000	0.000	0.000	0.000	0.000	0.000	0.000	0.000	0.000	0.000	0.000	0.000	
0.000	0.000	0.000	0.000	0.000	0.000	0.000	0.000	0.000	0.000	0.000	0.000	0.963	0.963	0.963	0.963	0.000	0.000	0.000	0.000	0.000	0.000	0.000	0.000	0.000	0.000	0.000	0.000	
0.000	0.000	0.000	0.000	0.000	0.000	0.000	0.000	0.000	0.000	0.000	0.000	0.963	0.963	0.963	0.963	0.000	0.000	0.000	0.000	0.000	0.000	0.000	0.000	0.000	0.000	0.000	0.000	
0.000	0.000	0.000	0.000	0.000	0.000	0.000	0.000	0.000	0.000	0.000	0.000	0.963	0.963	0.963	0.963	0.000	0.000	0.000	0.000	0.000	0.000	0.000	0.000	0.000	0.000	0.000	0.000	
