0.041	0.041	0.041	0.050	0.072	0.085	0.085	0.085	0.085	0.085	0.085	0.085	0.085	0.085	0.085	0.085	0.085	0.085	0.085	0.085	0.085	0.085	0.085	0.085	0.085	0.085	0.085	0.085	
0.041	0.041	0.041	0.050	0.072	0.085	0.085	0.085	0.085	0.085	0.085	0.085	0.085	0.085	0.085	0.085	0.085	0.085	0.085	0.085	0.085	0.085	0.085	0.085	0.085	0.085	0.085	0.085	
0.041	0.041	0.041	0.050	0.072	0.072	0.085	0.085	0.085	0.085	0.085	0.085	0.085	0.085	0.085	0.085	0.085	0.085	0.085	0.085	0.085	0.085	0.085	0.085	0.085	0.085	0.085	0.085	
0.041	0.041	0.041	0.050	0.058	0.072	0.085	0.085	0.085	0.085	0.085	0.085	0.085	0.085	0.085	0.085	0.085	0.085	0.085	0.085	0.085	0.085	0.085	0.085	0.085	0.085	0.085	0.085	
0.041	0.041	0.041	0.050	0.050	0.072	0.085	0.085	0.085	0.085	0.085	0.085	0.085	0.085	0.085	0.085	0.085	0.085	0.085	0.085	0.085	0.085	0.085	0.085	0.085	0.085	0.085	0.085	
0.041	0.041	0.041	0.041	0.050	0.072	0.085	0.085	0.085	0.085	0.085	0.085	0.085	0.085	0.085	0.085	0.085	0.085	0.085	0.085	0.085	0.085	0.085	0.085	0.085	0.085	0.085	0.085	
0.041	0.041	0.041	0.041	0.050	0.072	0.072	0.085	0.085	0.085	0.085	0.085	0.085	0.085	0.085	0.085	0.085	0.085	0.085	0.085	0.085	0.085	0.085	0.085	0.085	0.085	0.085	0.085	
0.041	0.041	0.041	0.041	0.050	0.058	0.072	0.085	0.085	0.085	0.085	0.085	0.085	0.085	0.085	0.085	0.085	0.085	0.085	0.085	0.085	0.085	0.085	0.085	0.085	0.085	0.085	0.085	
0.041	0.041	0.041	0.041	0.050	0.058	0.072	0.085	0.085	0.085	0.085	0.085	0.085	0.085	0.085	0.085	0.085	0.085	0.085	0.085	0.085	0.085	0.085	0.085	0.085	0.085	0.085	0.085	
0.041	0.041	0.041	0.041	0.050	0.058	0.072	0.085	0.085	0.085	0.085	0.085	0.085	0.085	0.085	0.085	0.085	0.085	0.085	0.085	0.085	0.085	0.085	0.085	0.085	0.085	0.085	0.085	
0.041	0.041	0.041	0.041	0.050	0.050	0.072	0.072	0.085	0.085	0.085	0.085	0.085	0.085	0.085	0.085	0.085	0.085	0.085	0.085	0.085	0.085	0.085	0.085	0.085	0.085	0.085	0.085	
0.041	0.041	0.041	0.041	0.041	0.050	0.058	0.072	0.085	0.085	0.085	0.085	0.085	0.085	0.085	0.085	0.085	0.085	0.085	0.085	0.085	0.085	0.085	0.085	0.085	0.085	0.085	0.085	
0.041	0.041	0.041	0.041	0.041	0.050	0.058	0.072	0.085	0.085	0.085	0.085	0.085	0.085	0.085	0.085	0.085	0.085	0.085	0.085	0.085	0.085	0.085	0.085	0.085	0.085	0.085	0.085	
0.041	0.041	0.041	0.041	0.041	0.050	0.058	0.072	0.085	0.085	0.085	0.085	0.085	0.085	0.085	0.085	0.085	0.085	0.085	0.085	0.085	0.085	0.085	0.085	0.085	0.085	0.085	0.085	
0.041	0.041	0.041	0.041	0.041	0.050	0.058	0.072	0.085	0.085	0.085	0.085	0.085	0.085	0.085	0.085	0.085	0.085	0.085	0.085	0.085	0.085	0.085	0.085	0.085	0.085	0.085	0.085	
0.041	0.041	0.041	0.041	0.041	0.050	0.058	0.072	0.072	0.085	0.085	0.085	0.085	0.085	0.085	0.085	0.085	0.085	0.085	0.085	0.085	0.085	0.085	0.085	0.085	0.085	0.085	0.073	
0.041	0.041	0.041	0.041	0.041	0.050	0.050	0.058	0.072	0.085	0.085	0.085	0.085	0.085	0.085	0.085	0.085	0.085	0.085	0.085	0.085	0.085	0.085	0.085	0.085	0.085	0.085	0.073	
0.041	0.041	0.041	0.041	0.041	0.041	0.050	0.058	0.072	0.085	0.085	0.085	0.085	0.085	0.085	0.085	0.085	0.085	0.085	0.085	0.085	0.085	0.085	0.085	0.085	0.085	0.085	0.073	
0.041	0.041	0.041	0.041	0.041	0.041	0.050	0.058	0.072	0.085	0.085	0.085	0.085	0.085	0.085	0.085	0.085	0.085	0.085	0.085	0.085	0.085	0.085	0.085	0.085	0.085	0.073	0.073	
0.041	0.041	0.041	0.041	0.041	0.041	0.050	0.058	0.072	0.072	0.085	0.085	0.085	0.085	0.085	0.085	0.085	0.085	0.085	0.085	0.085	0.085	0.085	0.085	0.085	0.085	0.073	0.127	
0.041	0.041	0.041	0.041	0.041	0.041	0.050	0.058	0.058	0.072	0.085	0.085	0.085	0.085	0.085	0.085	0.085	0.085	0.085	0.085	0.085	0.085	0.085	0.085	0.085	0.073	0.073	0.127	
0.041	0.041	0.041	0.041	0.041	0.041	0.050	0.058	0.058	0.072	0.085	0.085	0.085	0.085	0.085	0.085	0.085	0.085	0.085	0.085	0.085	0.085	0.085	0.085	0.085	0.073	0.060	0.127	
0.041	0.041	0.041	0.041	0.041	0.041	0.050	0.058	0.058	0.072	0.085	0.085	0.085	0.085	0.085	0.085	0.085	0.085	0.085	0.085	0.085	0.085	0.085	0.085	0.085	0.073	0.127	0.127	
0.041	0.041	0.041	0.041	0.041	0.041	0.050	0.050	0.058	0.072	0.072	0.085	0.085	0.085	0.085	0.085	0.085	0.085	0.085	0.085	0.085	0.085	0.085	0.085	0.073	0.073	0.127	0.193	
0.041	0.041	0.041	0.041	0.041	0.041	0.041	0.050	0.058	0.058	0.072	0.085	0.085	0.085	0.085	0.085	0.085	0.085	0.085	0.085	0.085	0.085	0.085	0.085	0.073	0.060	0.127	0.193	
0.041	0.041	0.041	0.041	0.041	0.041	0.041	0.050	0.058	0.058	0.072	0.085	0.085	0.085	0.085	0.085	0.085	0.085	0.085	0.085	0.085	0.085	0.085	0.073	0.073	0.127	0.127	0.193	
0.041	0.041	0.041	0.041	0.041	0.041	0.041	0.050	0.058	0.058	0.072	0.085	0.085	0.085	0.085	0.085	0.085	0.085	0.085	0.085	0.085	0.085	0.085	0.073	0.060	0.127	0.193	0.193	
0.041	0.041	0.041	0.041	0.041	0.041	0.041	0.050	0.058	0.058	0.072	0.085	0.085	0.085	0.085	0.085	0.085	0.085	0.085	0.085	0.085	0.085	0.073	0.073	0.060	0.127	0.193	0.193	
0.041	0.041	0.041	0.041	0.041	0.041	0.041	0.050	0.058	0.058	0.072	0.072	0.085	0.085	0.085	0.085	0.085	0.085	0.085	0.085	0.085	0.085	0.073	0.060	0.127	0.127	0.193	0.193	
0.041	0.041	0.041	0.041	0.041	0.041	0.041	0.050	0.050	0.058	0.058	0.072	0.085	0.085	0.085	0.085	0.085	0.085	0.085	0.085	0.085	0.085	0.073	0.060	0.127	0.193	0.193	0.193	
0.041	0.041	0.041	0.041	0.041	0.041	0.041	0.041	0.050	0.058	0.058	0.072	0.085	0.085	0.085	0.085	0.085	0.085	0.085	0.085	0.085	0.073	0.073	0.060	0.127	0.193	0.193	0.193	
0.041	0.041	0.041	0.041	0.041	0.041	0.041	0.041	0.050	0.058	0.058	0.072	0.085	0.085	0.085	0.085	0.085	0.085	0.085	0.085	0.085	0.073	0.060	0.060	0.127	0.193	0.193	0.193	
0.041	0.041	0.041	0.041	0.041	0.041	0.041	0.041	0.050	0.058	0.058	0.072	0.072	0.085	0.085	0.085	0.085	0.085	0.085	0.085	0.073	0.073	0.060	0.127	0.127	0.193	0.193	0.193	
0.041	0.041	0.041	0.041	0.041	0.041	0.041	0.041	0.050	0.058	0.058	0.058	0.072	0.085	0.085	0.085	0.085	0.085	0.085	0.085	0.073	0.060	0.060	0.127	0.193	0.193	0.193	0.193	
0.041	0.041	0.041	0.041	0.041	0.041	0.041	0.041	0.050	0.058	0.058	0.058	0.072	0.085	0.085	0.085	0.085	0.085	0.085	0.085	0.073	0.060	0.060	0.127	0.193	0.193	0.193	0.193	
0.041	0.041	0.041	0.041	0.041	0.041	0.041	0.041	0.050	0.050	0.058	0.058	0.072	0.085	0.085	0.085	0.085	0.085	0.085	0.073	0.073	0.060	0.127	0.127	0.193	0.193	0.193	0.193	
0.063	0.041	0.041	0.041	0.041	0.041	0.041	0.041	0.041	0.050	0.058	0.058	0.072	0.085	0.085	0.085	0.085	0.085	0.085	0.073	0.060	0.060	0.127	0.193	0.193	0.193	0.193	0.193	
0.063	0.063	0.041	0.041	0.041	0.041	0.041	0.041	0.041	0.050	0.058	0.058	0.072	0.072	0.085	0.085	0.085	0.085	0.073	0.073	0.060	0.060	0.127	0.193	0.193	0.193	0.193	0.193	
0.085	0.063	0.063	0.041	0.041	0.041	0.041	0.041	0.041	0.050	0.058	0.058	0.058	0.072	0.085	0.085	0.085	0.085	0.073	0.060	0.060	0.127	0.127	0.193	0.193	0.193	0.193	0.193	
0.085	0.085	0.063	0.063	0.041	0.041	0.041	0.041	0.041	0.050	0.054	0.058	0.058	0.072	0.085	0.085	0.085	0.085	0.073	0.060	0.060	0.127	0.193	0.193	0.193	0.193	0.193	0.193	
0.085	0.085	0.085	0.063	0.063	0.041	0.041	0.041	0.041	0.046	0.054	0.058	0.058	0.072	0.085	0.085	0.085	0.073	0.073	0.060	0.060	0.127	0.193	0.193	0.193	0.193	0.193	0.193	
0.085	0.085	0.085	0.085	0.063	0.041	0.041	0.041	0.041	0.046	0.054	0.054	0.058	0.072	0.072	0.085	0.079	0.073	0.060	0.060	0.060	0.127	0.193	0.193	0.193	0.193	0.193	0.193	
0.085	0.085	0.085	0.085	0.063	0.063	0.041	0.041	0.046	0.046	0.050	0.054	0.058	0.055	0.065	0.070	0.079	0.066	0.060	0.060	0.127	0.127	0.193	0.193	0.193	0.193	0.193	0.146	
0.083	0.083	0.085	0.085	0.085	0.063	0.063	0.041	0.061	0.050	0.050	0.057	0.058	0.058	0.051	0.062	0.072	0.066	0.077	0.080	0.118	0.193	0.193	0.193	0.193	0.146	0.146	0.146	
0.081	0.083	0.083	0.083	0.085	0.085	0.072	0.066	0.061	0.081	0.072	0.072	0.064	0.057	0.055	0.060	0.076	0.086	0.083	0.086	0.147	0.147	0.193	0.146	0.146	0.146	0.099	0.099	
0.075	0.081	0.081	0.083	0.083	0.083	0.086	0.091	0.091	0.097	0.103	0.093	0.060	0.057	0.055	0.058	0.079	0.099	0.099	0.099	0.100	0.123	0.123	0.146	0.099	0.099	0.099	0.075	
0.075	0.075	0.081	0.081	0.081	0.082	0.086	0.086	0.088	0.095	0.102	0.093	0.077	0.057	0.057	0.121	0.114	0.129	0.102	0.101	0.100	0.100	0.099	0.099	0.099	0.075	0.075	0.075	
0.070	0.075	0.075	0.075	0.081	0.077	0.081	0.084	0.084	0.092	0.108	0.112	0.098	0.091	0.135	0.135	0.184	0.144	0.104	0.088	0.080	0.100	0.090	0.073	0.075	0.075	0.051	0.051	
0.070	0.070	0.070	0.075	0.074	0.077	0.077	0.080	0.086	0.097	0.108	0.165	0.167	0.195	0.189	0.218	0.165	0.116	0.075	0.082	0.077	0.085	0.085	0.073	0.051	0.051	0.051	0.051	
0.070	0.070	0.070	0.070	0.070	0.070	0.075	0.080	0.080	0.100	0.120	0.192	0.264	0.214	0.189	0.252	0.156	0.060	0.060	0.060	0.065	0.070	0.070	0.060	0.051	0.051	0.051	0.051	
0.000	0.000	0.000	0.000	0.000	0.000	0.080	0.080	0.080	0.100	0.000	0.000	0.528	0.436	0.522	0.522	0.000	0.000	0.060	0.000	0.000	0.000	0.000	0.000	0.000	0.000	0.000	0.000	
0.000	0.000	0.000	0.000	0.000	0.000	0.000	0.000	0.000	0.000	0.000	0.000	0.528	0.792	0.792	0.522	0.000	0.000	0.000	0.000	0.000	0.000	0.000	0.000	0.000	0.000	0.000	0.000	
0.000	0.000	0.000	0.000	0.000	0.000	0.000	0.000	0.000	0.000	0.000	0.000	0.792	0.792	0.792	0.792	0.000	0.000	0.000	0.000	0.000	0.000	0.000	0.000	0.000	0.000	0.000	0.000	
0.000	0.000	0.000	0.000	0.000	0.000	0.000	0.000	0.000	0.000	0.000	0.000	0.792	0.792	0.792	0.792	0.000	0.000	0.000	0.000	0.000	0.000	0.000	0.000	0.000	0.000	0.000	0.000	
0.000	0.000	0.000	0.000	0.000	0.000	0.000	0.000	0.000	0.000	0.000	0.000	0.792	0.792	0.792	0.792	0.000	0.000	0.000	0.000	0.000	0.000	0.000	0.000	0.000	0.000	0.000	0.000	
