0.010	0.010	0.010	0.010	0.005	0.000	0.000	0.000	0.000	0.000	0.000	0.000	0.000	0.000	0.000	0.000	0.000	0.000	0.000	0.000	0.000	0.000	0.000	0.005	0.010	0.010	0.010	0.010	
0.010	0.010	0.010	0.010	0.005	0.000	0.000	0.000	0.000	0.000	0.000	0.000	0.000	0.000	0.000	0.000	0.000	0.000	0.000	0.000	0.000	0.000	0.000	0.005	0.010	0.010	0.010	0.010	
0.010	0.010	0.010	0.010	0.005	0.000	0.000	0.000	0.000	0.000	0.000	0.000	0.000	0.000	0.000	0.000	0.000	0.000	0.000	0.000	0.000	0.000	0.000	0.005	0.010	0.010	0.010	0.010	
0.010	0.010	0.010	0.010	0.005	0.005	0.000	0.000	0.000	0.000	0.000	0.000	0.000	0.000	0.000	0.000	0.000	0.000	0.000	0.000	0.000	0.000	0.000	0.005	0.010	0.010	0.010	0.010	
0.010	0.010	0.010	0.010	0.010	0.005	0.000	0.000	0.000	0.000	0.000	0.000	0.000	0.000	0.000	0.000	0.000	0.000	0.000	0.000	0.000	0.000	0.005	0.005	0.010	0.010	0.010	0.010	
0.010	0.010	0.010	0.010	0.010	0.005	0.000	0.000	0.000	0.000	0.000	0.000	0.000	0.000	0.000	0.000	0.000	0.000	0.000	0.000	0.000	0.000	0.005	0.010	0.010	0.010	0.010	0.010	
0.010	0.010	0.010	0.010	0.010	0.005	0.000	0.000	0.000	0.000	0.000	0.000	0.000	0.000	0.000	0.000	0.000	0.000	0.000	0.000	0.000	0.000	0.005	0.010	0.010	0.010	0.010	0.010	
0.010	0.010	0.010	0.010	0.010	0.005	0.000	0.000	0.000	0.000	0.000	0.000	0.000	0.000	0.000	0.000	0.000	0.000	0.000	0.000	0.000	0.000	0.005	0.010	0.010	0.010	0.010	0.010	
0.010	0.010	0.010	0.010	0.010	0.005	0.000	0.000	0.000	0.000	0.000	0.000	0.000	0.000	0.000	0.000	0.000	0.000	0.000	0.000	0.000	0.000	0.005	0.010	0.010	0.010	0.010	0.010	
0.010	0.010	0.010	0.010	0.010	0.005	0.005	0.000	0.000	0.000	0.000	0.000	0.000	0.000	0.000	0.000	0.000	0.000	0.000	0.000	0.000	0.005	0.005	0.010	0.010	0.010	0.010	0.010	
0.010	0.010	0.010	0.010	0.010	0.010	0.005	0.000	0.000	0.000	0.000	0.000	0.000	0.000	0.000	0.000	0.000	0.000	0.000	0.000	0.000	0.005	0.010	0.010	0.010	0.010	0.010	0.010	
0.010	0.010	0.010	0.010	0.010	0.010	0.005	0.000	0.000	0.000	0.000	0.000	0.000	0.000	0.000	0.000	0.000	0.000	0.000	0.000	0.000	0.005	0.010	0.010	0.010	0.010	0.010	0.010	
0.010	0.010	0.010	0.010	0.010	0.010	0.005	0.000	0.000	0.000	0.000	0.000	0.000	0.000	0.000	0.000	0.000	0.000	0.000	0.000	0.000	0.005	0.010	0.010	0.010	0.010	0.010	0.010	
0.010	0.010	0.010	0.010	0.010	0.010	0.005	0.000	0.000	0.000	0.000	0.000	0.000	0.000	0.000	0.000	0.000	0.000	0.000	0.000	0.000	0.005	0.010	0.010	0.010	0.010	0.010	0.010	
0.010	0.010	0.010	0.010	0.010	0.010	0.005	0.005	0.000	0.000	0.000	0.000	0.000	0.000	0.000	0.000	0.000	0.000	0.000	0.000	0.005	0.005	0.010	0.010	0.010	0.010	0.010	0.010	
0.010	0.010	0.010	0.010	0.010	0.010	0.010	0.005	0.000	0.000	0.000	0.000	0.000	0.000	0.000	0.000	0.000	0.000	0.000	0.000	0.005	0.010	0.010	0.010	0.010	0.010	0.010	0.010	
0.010	0.010	0.010	0.010	0.010	0.010	0.010	0.005	0.000	0.000	0.000	0.000	0.000	0.000	0.000	0.000	0.000	0.000	0.000	0.000	0.005	0.010	0.010	0.010	0.010	0.010	0.010	0.010	
0.010	0.010	0.010	0.010	0.010	0.010	0.010	0.005	0.000	0.000	0.000	0.000	0.000	0.000	0.000	0.000	0.000	0.000	0.000	0.000	0.005	0.010	0.010	0.010	0.010	0.010	0.010	0.010	
0.010	0.010	0.010	0.010	0.010	0.010	0.010	0.005	0.000	0.000	0.000	0.000	0.000	0.000	0.000	0.000	0.000	0.000	0.000	0.005	0.005	0.010	0.010	0.010	0.010	0.010	0.010	0.010	
0.010	0.010	0.010	0.010	0.010	0.010	0.010	0.005	0.005	0.000	0.000	0.000	0.000	0.000	0.000	0.000	0.000	0.000	0.000	0.005	0.010	0.010	0.010	0.010	0.010	0.010	0.010	0.010	
0.010	0.010	0.010	0.010	0.010	0.010	0.010	0.010	0.005	0.000	0.000	0.000	0.000	0.000	0.000	0.000	0.000	0.000	0.000	0.005	0.010	0.010	0.010	0.010	0.010	0.010	0.010	0.010	
0.010	0.010	0.010	0.010	0.010	0.010	0.010	0.010	0.005	0.000	0.000	0.000	0.000	0.000	0.000	0.000	0.000	0.000	0.000	0.005	0.010	0.010	0.010	0.010	0.010	0.010	0.010	0.010	
0.010	0.010	0.010	0.010	0.010	0.010	0.010	0.010	0.005	0.000	0.000	0.000	0.000	0.000	0.000	0.000	0.000	0.000	0.000	0.005	0.010	0.010	0.010	0.010	0.010	0.010	0.010	0.010	
0.010	0.010	0.010	0.010	0.010	0.010	0.010	0.010	0.005	0.000	0.000	0.000	0.000	0.000	0.000	0.000	0.000	0.000	0.005	0.005	0.010	0.010	0.010	0.010	0.010	0.010	0.010	0.010	
0.010	0.010	0.010	0.010	0.010	0.010	0.010	0.010	0.005	0.000	0.000	0.000	0.000	0.000	0.000	0.000	0.000	0.000	0.005	0.010	0.010	0.010	0.010	0.010	0.010	0.010	0.010	0.010	
0.005	0.010	0.010	0.010	0.010	0.010	0.010	0.010	0.005	0.005	0.000	0.000	0.000	0.000	0.000	0.000	0.000	0.000	0.005	0.010	0.010	0.010	0.010	0.010	0.010	0.010	0.010	0.010	
0.005	0.010	0.010	0.010	0.010	0.010	0.010	0.010	0.010	0.005	0.000	0.000	0.000	0.000	0.000	0.000	0.000	0.000	0.005	0.010	0.010	0.010	0.010	0.010	0.010	0.010	0.010	0.010	
0.005	0.005	0.010	0.010	0.010	0.010	0.010	0.010	0.010	0.005	0.000	0.000	0.000	0.000	0.000	0.000	0.000	0.000	0.005	0.010	0.010	0.010	0.010	0.010	0.010	0.010	0.010	0.010	
0.000	0.005	0.010	0.010	0.010	0.010	0.010	0.010	0.010	0.005	0.000	0.000	0.000	0.000	0.000	0.000	0.000	0.005	0.005	0.010	0.010	0.010	0.010	0.010	0.010	0.010	0.010	0.010	
0.000	0.005	0.005	0.010	0.010	0.010	0.010	0.010	0.010	0.005	0.000	0.000	0.000	0.000	0.000	0.000	0.000	0.005	0.010	0.010	0.010	0.010	0.010	0.010	0.010	0.010	0.010	0.010	
0.000	0.000	0.005	0.005	0.010	0.010	0.010	0.010	0.010	0.005	0.005	0.000	0.000	0.000	0.000	0.000	0.000	0.005	0.010	0.010	0.010	0.010	0.010	0.010	0.010	0.010	0.010	0.010	
0.000	0.000	0.000	0.005	0.010	0.010	0.010	0.010	0.010	0.010	0.005	0.000	0.000	0.000	0.000	0.000	0.000	0.005	0.010	0.010	0.010	0.010	0.010	0.010	0.010	0.010	0.010	0.010	
0.000	0.000	0.000	0.005	0.005	0.010	0.010	0.010	0.010	0.010	0.005	0.000	0.000	0.000	0.000	0.000	0.000	0.005	0.010	0.010	0.010	0.010	0.010	0.010	0.010	0.010	0.010	0.010	
0.000	0.000	0.000	0.000	0.005	0.010	0.010	0.010	0.010	0.010	0.005	0.000	0.000	0.000	0.000	0.000	0.005	0.005	0.010	0.010	0.010	0.010	0.010	0.010	0.010	0.010	0.010	0.010	
0.000	0.000	0.000	0.000	0.005	0.005	0.010	0.010	0.010	0.010	0.005	0.000	0.000	0.000	0.000	0.000	0.005	0.010	0.010	0.010	0.010	0.010	0.010	0.010	0.010	0.010	0.010	0.010	
0.000	0.000	0.000	0.000	0.000	0.005	0.010	0.010	0.010	0.010	0.005	0.005	0.000	0.000	0.000	0.000	0.005	0.010	0.010	0.010	0.010	0.010	0.010	0.010	0.007	0.010	0.010	0.010	
0.005	0.000	0.000	0.000	0.000	0.005	0.005	0.010	0.010	0.010	0.010	0.005	0.000	0.000	0.000	0.000	0.005	0.010	0.010	0.010	0.010	0.010	0.010	0.007	0.007	0.010	0.010	0.010	
0.005	0.005	0.000	0.000	0.000	0.000	0.005	0.010	0.010	0.010	0.010	0.005	0.000	0.000	0.000	0.000	0.005	0.010	0.010	0.010	0.010	0.010	0.005	0.007	0.010	0.010	0.010	0.010	
0.010	0.005	0.005	0.000	0.000	0.000	0.005	0.005	0.010	0.010	0.010	0.005	0.000	0.000	0.000	0.005	0.005	0.010	0.010	0.010	0.010	0.005	0.005	0.005	0.010	0.010	0.010	0.010	
0.010	0.010	0.005	0.005	0.000	0.000	0.000	0.005	0.005	0.010	0.010	0.005	0.000	0.000	0.000	0.007	0.010	0.010	0.010	0.010	0.005	0.005	0.005	0.005	0.010	0.010	0.010	0.010	
0.010	0.010	0.010	0.005	0.005	0.000	0.000	0.000	0.005	0.010	0.010	0.005	0.000	0.000	0.005	0.007	0.010	0.010	0.010	0.005	0.005	0.000	0.005	0.010	0.010	0.010	0.010	0.010	
0.010	0.010	0.010	0.010	0.005	0.005	0.000	0.000	0.005	0.005	0.010	0.007	0.007	0.007	0.005	0.010	0.010	0.010	0.005	0.005	0.000	0.000	0.005	0.010	0.010	0.010	0.010	0.010	
0.010	0.010	0.010	0.010	0.010	0.005	0.005	0.000	0.005	0.007	0.010	0.010	0.010	0.010	0.010	0.010	0.007	0.005	0.003	0.000	0.000	0.005	0.005	0.010	0.010	0.010	0.010	0.005	
0.010	0.010	0.010	0.010	0.010	0.010	0.007	0.005	0.007	0.010	0.010	0.007	0.005	0.010	0.010	0.007	0.005	0.000	0.000	0.000	0.000	0.003	0.010	0.010	0.010	0.010	0.005	0.005	
0.010	0.010	0.010	0.010	0.010	0.010	0.010	0.010	0.010	0.007	0.005	0.003	0.005	0.007	0.010	0.007	0.005	0.000	0.000	0.000	0.000	0.005	0.005	0.010	0.005	0.005	0.005	0.000	
0.010	0.010	0.010	0.010	0.007	0.005	0.008	0.010	0.005	0.005	0.000	0.000	0.000	0.003	0.007	0.010	0.005	0.003	0.000	0.000	0.000	0.000	0.003	0.003	0.005	0.000	0.000	0.000	
0.005	0.010	0.010	0.005	0.005	0.000	0.005	0.010	0.005	0.000	0.000	0.000	0.000	0.000	0.005	0.008	0.005	0.003	0.000	0.000	0.000	0.000	0.000	0.000	0.000	0.000	0.000	0.000	
0.005	0.005	0.003	0.003	0.000	0.000	0.003	0.010	0.003	0.000	0.000	0.000	0.000	0.000	0.005	0.008	0.008	0.000	0.000	0.000	0.000	0.000	0.005	0.003	0.003	0.000	0.000	0.000	
0.000	0.000	0.003	0.000	0.000	0.000	0.003	0.005	0.003	0.000	0.000	0.000	0.000	0.000	0.008	0.007	0.005	0.000	0.000	0.000	0.000	0.000	0.003	0.010	0.003	0.000	0.000	0.000	
0.000	0.000	0.000	0.000	0.000	0.000	0.000	0.000	0.000	0.000	0.000	0.000	0.003	0.007	0.009	0.008	0.000	0.000	0.000	0.000	0.000	0.000	0.005	0.010	0.005	0.000	0.000	0.000	
0.000	0.000	0.000	0.000	0.000	0.000	0.000	0.000	0.000	0.000	0.000	0.000	0.005	0.010	0.010	0.005	0.000	0.000	0.000	0.000	0.000	0.000	0.000	0.000	0.000	0.000	0.000	0.000	
0.000	0.000	0.000	0.000	0.000	0.000	0.000	0.000	0.000	0.000	0.000	0.000	0.010	0.010	0.010	0.010	0.000	0.000	0.000	0.000	0.000	0.000	0.000	0.000	0.000	0.000	0.000	0.000	
0.000	0.000	0.000	0.000	0.000	0.000	0.000	0.000	0.000	0.000	0.000	0.000	0.010	0.010	0.010	0.010	0.000	0.000	0.000	0.000	0.000	0.000	0.000	0.000	0.000	0.000	0.000	0.000	
0.000	0.000	0.000	0.000	0.000	0.000	0.000	0.000	0.000	0.000	0.000	0.000	0.010	0.010	0.010	0.010	0.000	0.000	0.000	0.000	0.000	0.000	0.000	0.000	0.000	0.000	0.000	0.000	
0.000	0.000	0.000	0.000	0.000	0.000	0.000	0.000	0.000	0.000	0.000	0.000	0.010	0.010	0.010	0.010	0.000	0.000	0.000	0.000	0.000	0.000	0.000	0.000	0.000	0.000	0.000	0.000	
