0.245	0.245	0.245	0.245	0.245	0.245	0.245	0.245	0.245	0.245	0.245	0.245	0.245	0.245	0.245	0.245	0.245	0.245	0.223	0.200	0.200	0.200	0.200	0.200	0.200	0.200	0.200	0.200	
0.245	0.245	0.245	0.245	0.245	0.245	0.245	0.245	0.245	0.245	0.245	0.245	0.245	0.245	0.245	0.245	0.245	0.245	0.223	0.200	0.200	0.200	0.200	0.200	0.200	0.200	0.200	0.200	
0.245	0.245	0.245	0.245	0.245	0.245	0.245	0.245	0.245	0.245	0.245	0.245	0.245	0.245	0.245	0.245	0.245	0.245	0.223	0.200	0.200	0.200	0.200	0.200	0.200	0.200	0.200	0.200	
0.245	0.245	0.245	0.245	0.245	0.245	0.245	0.245	0.245	0.245	0.245	0.245	0.245	0.245	0.245	0.245	0.245	0.245	0.223	0.200	0.200	0.200	0.200	0.200	0.200	0.200	0.200	0.200	
0.245	0.245	0.245	0.245	0.245	0.245	0.245	0.245	0.245	0.245	0.245	0.245	0.245	0.245	0.245	0.245	0.245	0.245	0.223	0.200	0.200	0.200	0.200	0.200	0.200	0.200	0.200	0.200	
0.230	0.245	0.245	0.245	0.245	0.245	0.245	0.245	0.245	0.245	0.245	0.245	0.245	0.245	0.245	0.245	0.245	0.245	0.223	0.200	0.200	0.200	0.200	0.200	0.200	0.200	0.200	0.200	
0.230	0.245	0.245	0.245	0.245	0.245	0.245	0.245	0.245	0.245	0.245	0.245	0.245	0.245	0.245	0.245	0.245	0.245	0.223	0.200	0.200	0.200	0.200	0.200	0.200	0.200	0.200	0.200	
0.230	0.245	0.245	0.245	0.245	0.245	0.245	0.245	0.245	0.245	0.245	0.245	0.245	0.245	0.245	0.245	0.245	0.245	0.223	0.200	0.200	0.200	0.200	0.200	0.200	0.200	0.200	0.200	
0.230	0.230	0.245	0.245	0.245	0.245	0.245	0.245	0.245	0.245	0.245	0.245	0.245	0.245	0.245	0.245	0.245	0.223	0.223	0.200	0.200	0.200	0.200	0.200	0.200	0.200	0.200	0.200	
0.214	0.230	0.245	0.245	0.245	0.245	0.245	0.245	0.245	0.245	0.245	0.245	0.245	0.245	0.245	0.245	0.245	0.223	0.200	0.200	0.200	0.200	0.200	0.200	0.200	0.200	0.200	0.200	
0.214	0.230	0.230	0.245	0.245	0.245	0.245	0.245	0.245	0.245	0.245	0.245	0.245	0.245	0.245	0.245	0.245	0.223	0.200	0.200	0.200	0.200	0.200	0.200	0.200	0.200	0.200	0.200	
0.214	0.214	0.230	0.245	0.245	0.245	0.245	0.245	0.245	0.245	0.245	0.245	0.245	0.245	0.245	0.245	0.245	0.223	0.200	0.200	0.200	0.200	0.200	0.200	0.200	0.200	0.200	0.200	
0.214	0.214	0.230	0.245	0.245	0.245	0.245	0.245	0.245	0.245	0.245	0.245	0.245	0.245	0.245	0.245	0.245	0.223	0.200	0.200	0.200	0.200	0.200	0.200	0.200	0.200	0.200	0.200	
0.214	0.214	0.230	0.230	0.245	0.245	0.245	0.245	0.245	0.245	0.245	0.245	0.245	0.245	0.245	0.245	0.245	0.223	0.200	0.200	0.200	0.200	0.200	0.200	0.200	0.200	0.200	0.200	
0.214	0.214	0.214	0.230	0.245	0.245	0.245	0.245	0.245	0.245	0.245	0.245	0.245	0.245	0.245	0.245	0.245	0.223	0.200	0.200	0.200	0.200	0.200	0.200	0.200	0.200	0.200	0.200	
0.214	0.214	0.214	0.230	0.245	0.245	0.245	0.245	0.245	0.245	0.245	0.245	0.245	0.245	0.245	0.245	0.245	0.223	0.200	0.200	0.200	0.200	0.200	0.200	0.200	0.200	0.200	0.200	
0.214	0.214	0.214	0.230	0.230	0.245	0.245	0.245	0.245	0.245	0.245	0.245	0.245	0.245	0.245	0.245	0.245	0.223	0.200	0.200	0.200	0.200	0.200	0.200	0.200	0.200	0.200	0.200	
0.214	0.214	0.214	0.214	0.230	0.245	0.245	0.245	0.245	0.245	0.245	0.245	0.245	0.245	0.245	0.245	0.245	0.223	0.200	0.200	0.200	0.200	0.200	0.200	0.200	0.200	0.200	0.200	
0.214	0.214	0.214	0.214	0.230	0.245	0.245	0.245	0.245	0.245	0.245	0.245	0.245	0.245	0.245	0.245	0.245	0.223	0.200	0.200	0.200	0.200	0.200	0.200	0.200	0.200	0.200	0.200	
0.214	0.214	0.214	0.214	0.230	0.230	0.245	0.245	0.245	0.245	0.245	0.245	0.245	0.245	0.245	0.245	0.245	0.223	0.200	0.200	0.200	0.200	0.200	0.200	0.200	0.200	0.200	0.200	
0.214	0.214	0.214	0.214	0.214	0.230	0.245	0.245	0.245	0.245	0.245	0.245	0.245	0.245	0.245	0.245	0.245	0.223	0.200	0.200	0.200	0.200	0.200	0.200	0.200	0.200	0.200	0.200	
0.214	0.214	0.214	0.214	0.214	0.230	0.245	0.245	0.245	0.245	0.245	0.245	0.245	0.245	0.245	0.245	0.223	0.223	0.200	0.200	0.200	0.200	0.200	0.200	0.200	0.200	0.200	0.200	
0.214	0.214	0.214	0.214	0.214	0.230	0.230	0.245	0.245	0.245	0.245	0.245	0.245	0.245	0.245	0.245	0.223	0.000	0.200	0.200	0.200	0.200	0.200	0.200	0.200	0.200	0.200	0.200	
0.214	0.214	0.214	0.214	0.214	0.214	0.230	0.245	0.245	0.245	0.245	0.245	0.245	0.245	0.245	0.245	0.223	0.200	0.200	0.200	0.200	0.200	0.200	0.200	0.200	0.200	0.200	0.200	
0.214	0.214	0.214	0.214	0.214	0.214	0.230	0.245	0.245	0.245	0.245	0.245	0.245	0.245	0.245	0.245	0.223	0.200	0.200	0.200	0.200	0.200	0.200	0.200	0.200	0.200	0.200	0.200	
0.214	0.214	0.214	0.214	0.214	0.214	0.230	0.230	0.245	0.245	0.245	0.245	0.245	0.245	0.245	0.245	0.223	0.200	0.200	0.200	0.200	0.200	0.200	0.200	0.200	0.200	0.200	0.200	
0.214	0.214	0.214	0.214	0.214	0.214	0.214	0.230	0.245	0.245	0.245	0.245	0.245	0.245	0.245	0.245	0.223	0.200	0.200	0.200	0.200	0.200	0.200	0.200	0.200	0.200	0.200	0.200	
0.214	0.214	0.214	0.214	0.214	0.214	0.214	0.230	0.245	0.245	0.245	0.245	0.245	0.245	0.245	0.245	0.223	0.200	0.200	0.200	0.200	0.200	0.200	0.200	0.200	0.200	0.200	0.200	
0.214	0.214	0.214	0.214	0.214	0.214	0.214	0.230	0.230	0.245	0.245	0.245	0.245	0.245	0.245	0.245	0.223	0.200	0.200	0.200	0.200	0.200	0.200	0.200	0.200	0.200	0.200	0.200	
0.214	0.214	0.214	0.214	0.214	0.214	0.214	0.214	0.230	0.245	0.245	0.245	0.245	0.245	0.245	0.245	0.223	0.200	0.200	0.200	0.200	0.200	0.200	0.200	0.200	0.200	0.200	0.200	
0.234	0.214	0.214	0.214	0.214	0.214	0.214	0.214	0.230	0.230	0.245	0.245	0.245	0.245	0.245	0.245	0.223	0.200	0.200	0.200	0.200	0.200	0.200	0.200	0.200	0.200	0.200	0.209	
0.234	0.234	0.214	0.214	0.214	0.214	0.214	0.214	0.214	0.230	0.245	0.245	0.245	0.245	0.245	0.245	0.223	0.200	0.200	0.200	0.200	0.200	0.200	0.200	0.200	0.200	0.209	0.209	
0.253	0.234	0.214	0.214	0.214	0.214	0.214	0.214	0.214	0.230	0.245	0.245	0.245	0.245	0.245	0.245	0.223	0.200	0.200	0.200	0.200	0.200	0.200	0.200	0.200	0.209	0.209	0.218	
0.253	0.234	0.234	0.214	0.214	0.214	0.214	0.214	0.214	0.230	0.230	0.245	0.245	0.245	0.245	0.245	0.223	0.200	0.200	0.200	0.200	0.200	0.200	0.200	0.209	0.209	0.218	0.218	
0.253	0.253	0.234	0.234	0.214	0.214	0.214	0.214	0.214	0.214	0.230	0.245	0.245	0.245	0.245	0.245	0.223	0.200	0.200	0.200	0.200	0.200	0.200	0.200	0.209	0.218	0.218	0.218	
0.253	0.253	0.253	0.234	0.234	0.214	0.214	0.214	0.214	0.214	0.230	0.245	0.245	0.245	0.245	0.223	0.223	0.200	0.200	0.200	0.200	0.200	0.200	0.209	0.209	0.218	0.218	0.218	
0.253	0.253	0.253	0.253	0.234	0.234	0.214	0.214	0.214	0.214	0.230	0.230	0.245	0.245	0.245	0.223	0.200	0.200	0.200	0.200	0.200	0.200	0.209	0.209	0.218	0.218	0.218	0.218	
0.253	0.253	0.253	0.253	0.253	0.234	0.234	0.214	0.214	0.214	0.214	0.230	0.245	0.245	0.245	0.201	0.179	0.200	0.200	0.200	0.200	0.209	0.209	0.218	0.218	0.218	0.218	0.218	
0.209	0.253	0.253	0.253	0.253	0.253	0.234	0.214	0.214	0.214	0.214	0.230	0.245	0.245	0.202	0.202	0.179	0.200	0.200	0.200	0.209	0.209	0.218	0.218	0.218	0.218	0.218	0.218	
0.209	0.209	0.253	0.253	0.253	0.253	0.234	0.234	0.214	0.214	0.214	0.187	0.187	0.168	0.202	0.158	0.179	0.179	0.200	0.209	0.209	0.218	0.218	0.218	0.218	0.218	0.218	0.218	
0.166	0.209	0.209	0.209	0.253	0.253	0.253	0.234	0.202	0.177	0.152	0.158	0.102	0.153	0.123	0.158	0.163	0.175	0.184	0.195	0.218	0.218	0.218	0.218	0.218	0.218	0.218	0.218	
0.166	0.166	0.166	0.209	0.209	0.253	0.253	0.253	0.196	0.139	0.121	0.121	0.102	0.105	0.133	0.133	0.143	0.154	0.168	0.182	0.218	0.218	0.218	0.218	0.218	0.218	0.218	0.218	
0.119	0.166	0.166	0.166	0.209	0.209	0.253	0.253	0.174	0.139	0.124	0.116	0.105	0.106	0.108	0.124	0.124	0.154	0.156	0.182	0.190	0.190	0.218	0.218	0.218	0.138	0.138	0.120	
0.119	0.119	0.119	0.166	0.166	0.209	0.156	0.145	0.174	0.135	0.126	0.108	0.108	0.107	0.106	0.117	0.140	0.140	0.151	0.161	0.110	0.146	0.138	0.138	0.138	0.138	0.070	0.070	
0.072	0.072	0.119	0.119	0.166	0.166	0.156	0.090	0.090	0.130	0.111	0.101	0.105	0.108	0.104	0.127	0.138	0.128	0.136	0.134	0.109	0.058	0.058	0.058	0.070	0.070	0.070	0.081	
0.072	0.072	0.072	0.119	0.119	0.084	0.077	0.050	0.086	0.103	0.100	0.094	0.103	0.108	0.131	0.138	0.136	0.122	0.108	0.089	0.079	0.058	0.070	0.070	0.070	0.082	0.081	0.081	
0.062	0.062	0.072	0.072	0.043	0.084	0.032	0.042	0.063	0.076	0.084	0.087	0.096	0.112	0.142	0.154	0.134	0.113	0.091	0.089	0.064	0.070	0.070	0.082	0.081	0.081	0.081	0.080	
0.051	0.062	0.062	0.062	0.039	0.022	0.014	0.042	0.070	0.063	0.068	0.081	0.101	0.132	0.132	0.173	0.089	0.094	0.068	0.070	0.070	0.067	0.082	0.081	0.081	0.080	0.080	0.080	
0.051	0.051	0.051	0.051	0.051	0.022	0.028	0.039	0.052	0.057	0.065	0.065	0.078	0.112	0.145	0.108	0.089	0.045	0.068	0.055	0.060	0.067	0.071	0.081	0.080	0.080	0.080	0.080	
0.051	0.051	0.051	0.040	0.030	0.030	0.035	0.040	0.051	0.057	0.050	0.058	0.078	0.101	0.101	0.075	0.000	0.020	0.040	0.040	0.050	0.050	0.065	0.080	0.080	0.080	0.080	0.080	
0.000	0.000	0.000	0.000	0.000	0.000	0.040	0.040	0.045	0.050	0.050	0.050	0.042	0.042	0.096	0.075	0.000	0.000	0.000	0.000	0.000	0.000	0.000	0.000	0.000	0.000	0.000	0.000	
0.000	0.000	0.000	0.000	0.000	0.000	0.000	0.000	0.000	0.000	0.000	0.000	0.042	0.042	0.096	0.150	0.000	0.000	0.000	0.000	0.000	0.000	0.000	0.000	0.000	0.000	0.000	0.000	
0.000	0.000	0.000	0.000	0.000	0.000	0.000	0.000	0.000	0.000	0.000	0.000	0.042	0.042	0.096	0.150	0.000	0.000	0.000	0.000	0.000	0.000	0.000	0.000	0.000	0.000	0.000	0.000	
0.000	0.000	0.000	0.000	0.000	0.000	0.000	0.000	0.000	0.000	0.000	0.000	0.042	0.042	0.096	0.150	0.000	0.000	0.000	0.000	0.000	0.000	0.000	0.000	0.000	0.000	0.000	0.000	
0.000	0.000	0.000	0.000	0.000	0.000	0.000	0.000	0.000	0.000	0.000	0.000	0.042	0.042	0.096	0.150	0.000	0.000	0.000	0.000	0.000	0.000	0.000	0.000	0.000	0.000	0.000	0.000	
