0.184	0.184	0.184	0.184	0.184	0.184	0.184	0.184	0.184	0.184	0.184	0.184	0.184	0.184	0.184	0.184	0.184	0.184	0.184	0.184	0.184	0.141	0.098	0.098	0.098	0.098	0.098	0.098	
0.184	0.184	0.184	0.184	0.184	0.184	0.184	0.184	0.184	0.184	0.184	0.184	0.184	0.184	0.184	0.184	0.184	0.184	0.184	0.184	0.184	0.141	0.098	0.098	0.098	0.098	0.098	0.098	
0.184	0.184	0.184	0.184	0.184	0.184	0.184	0.184	0.184	0.184	0.184	0.184	0.184	0.184	0.184	0.184	0.184	0.184	0.184	0.184	0.184	0.141	0.098	0.098	0.098	0.098	0.098	0.098	
0.184	0.184	0.184	0.184	0.184	0.184	0.184	0.184	0.184	0.184	0.184	0.184	0.184	0.184	0.184	0.184	0.184	0.184	0.184	0.184	0.184	0.141	0.098	0.098	0.098	0.098	0.098	0.098	
0.184	0.184	0.184	0.184	0.184	0.184	0.184	0.184	0.184	0.184	0.184	0.184	0.184	0.184	0.184	0.184	0.184	0.184	0.184	0.184	0.141	0.141	0.098	0.098	0.098	0.098	0.098	0.098	
0.184	0.184	0.184	0.184	0.184	0.184	0.184	0.184	0.184	0.184	0.184	0.184	0.184	0.184	0.184	0.184	0.184	0.184	0.184	0.184	0.141	0.098	0.098	0.098	0.098	0.098	0.098	0.098	
0.184	0.184	0.184	0.184	0.184	0.184	0.184	0.184	0.184	0.184	0.184	0.184	0.184	0.184	0.184	0.184	0.184	0.184	0.184	0.184	0.141	0.098	0.098	0.098	0.098	0.098	0.098	0.098	
0.184	0.184	0.184	0.184	0.184	0.184	0.184	0.184	0.184	0.184	0.184	0.184	0.184	0.184	0.184	0.184	0.184	0.184	0.184	0.184	0.141	0.098	0.098	0.098	0.098	0.098	0.098	0.098	
0.184	0.184	0.184	0.184	0.184	0.184	0.184	0.184	0.184	0.184	0.184	0.184	0.184	0.184	0.184	0.184	0.184	0.184	0.184	0.184	0.141	0.098	0.098	0.098	0.098	0.098	0.098	0.098	
0.184	0.184	0.184	0.184	0.184	0.184	0.184	0.184	0.184	0.184	0.184	0.184	0.184	0.184	0.184	0.184	0.184	0.184	0.184	0.184	0.141	0.098	0.098	0.098	0.098	0.098	0.098	0.098	
0.184	0.184	0.184	0.184	0.184	0.184	0.184	0.184	0.184	0.184	0.184	0.184	0.184	0.184	0.184	0.184	0.184	0.184	0.184	0.141	0.141	0.098	0.098	0.098	0.098	0.098	0.098	0.098	
0.184	0.184	0.184	0.184	0.184	0.184	0.184	0.184	0.184	0.184	0.184	0.184	0.184	0.184	0.184	0.184	0.184	0.184	0.184	0.141	0.098	0.098	0.098	0.098	0.098	0.098	0.098	0.070	
0.184	0.184	0.184	0.184	0.184	0.184	0.184	0.184	0.184	0.184	0.184	0.184	0.184	0.184	0.184	0.184	0.184	0.184	0.184	0.141	0.098	0.098	0.098	0.098	0.098	0.098	0.098	0.070	
0.184	0.184	0.184	0.184	0.184	0.184	0.184	0.184	0.184	0.184	0.184	0.184	0.184	0.184	0.184	0.184	0.184	0.184	0.184	0.141	0.098	0.098	0.098	0.098	0.098	0.098	0.098	0.070	
0.184	0.184	0.184	0.184	0.184	0.184	0.184	0.184	0.184	0.184	0.184	0.184	0.184	0.184	0.184	0.184	0.184	0.184	0.184	0.141	0.098	0.098	0.098	0.098	0.098	0.098	0.098	0.070	
0.184	0.184	0.184	0.184	0.184	0.184	0.184	0.184	0.184	0.184	0.184	0.184	0.184	0.184	0.184	0.184	0.184	0.184	0.141	0.141	0.098	0.098	0.098	0.098	0.098	0.098	0.070	0.070	
0.184	0.184	0.184	0.184	0.184	0.184	0.184	0.184	0.184	0.184	0.184	0.184	0.184	0.184	0.184	0.184	0.184	0.184	0.141	0.098	0.098	0.098	0.098	0.098	0.098	0.098	0.070	0.041	
0.184	0.184	0.184	0.184	0.184	0.184	0.184	0.184	0.184	0.184	0.184	0.184	0.184	0.184	0.184	0.184	0.184	0.184	0.141	0.098	0.098	0.098	0.098	0.098	0.098	0.098	0.070	0.041	
0.184	0.184	0.184	0.184	0.184	0.184	0.184	0.184	0.184	0.184	0.184	0.184	0.184	0.184	0.184	0.184	0.184	0.184	0.141	0.098	0.098	0.098	0.098	0.098	0.098	0.070	0.070	0.041	
0.184	0.184	0.184	0.184	0.184	0.184	0.184	0.184	0.184	0.184	0.184	0.184	0.184	0.184	0.184	0.184	0.184	0.184	0.141	0.098	0.098	0.098	0.098	0.098	0.098	0.070	0.041	0.041	
0.184	0.184	0.184	0.184	0.184	0.184	0.184	0.184	0.184	0.184	0.184	0.184	0.184	0.184	0.184	0.184	0.184	0.141	0.141	0.098	0.098	0.098	0.098	0.098	0.098	0.070	0.041	0.041	
0.184	0.184	0.184	0.184	0.184	0.184	0.184	0.184	0.184	0.184	0.184	0.184	0.184	0.184	0.184	0.184	0.184	0.141	0.098	0.098	0.098	0.098	0.098	0.098	0.070	0.070	0.041	0.041	
0.184	0.184	0.184	0.184	0.184	0.184	0.184	0.184	0.184	0.184	0.184	0.184	0.184	0.184	0.184	0.184	0.184	0.141	0.098	0.098	0.098	0.098	0.098	0.098	0.070	0.041	0.041	0.041	
0.184	0.184	0.184	0.184	0.184	0.184	0.184	0.184	0.184	0.184	0.184	0.184	0.184	0.184	0.184	0.184	0.184	0.141	0.098	0.098	0.098	0.098	0.098	0.098	0.070	0.041	0.041	0.041	
0.184	0.184	0.184	0.184	0.184	0.184	0.184	0.184	0.184	0.184	0.184	0.184	0.184	0.184	0.184	0.184	0.184	0.141	0.098	0.098	0.098	0.098	0.098	0.070	0.070	0.041	0.041	0.041	
0.184	0.184	0.184	0.184	0.184	0.184	0.184	0.184	0.184	0.184	0.184	0.184	0.184	0.184	0.184	0.184	0.184	0.141	0.098	0.098	0.098	0.098	0.098	0.070	0.041	0.041	0.041	0.041	
0.184	0.184	0.184	0.184	0.184	0.184	0.184	0.184	0.184	0.184	0.184	0.184	0.184	0.184	0.184	0.184	0.141	0.141	0.098	0.098	0.098	0.098	0.098	0.070	0.041	0.041	0.041	0.041	
0.184	0.184	0.184	0.184	0.184	0.184	0.184	0.184	0.184	0.184	0.184	0.184	0.184	0.184	0.184	0.184	0.141	0.098	0.098	0.098	0.098	0.098	0.070	0.070	0.041	0.041	0.041	0.041	
0.184	0.184	0.184	0.184	0.184	0.184	0.184	0.184	0.184	0.184	0.184	0.184	0.184	0.184	0.184	0.184	0.141	0.098	0.098	0.098	0.098	0.098	0.070	0.041	0.041	0.041	0.041	0.041	
0.184	0.184	0.184	0.184	0.184	0.184	0.184	0.184	0.184	0.184	0.184	0.184	0.184	0.184	0.184	0.184	0.141	0.098	0.098	0.098	0.098	0.098	0.070	0.041	0.041	0.041	0.041	0.041	
0.184	0.184	0.184	0.184	0.184	0.184	0.184	0.184	0.184	0.184	0.184	0.184	0.184	0.184	0.184	0.184	0.141	0.098	0.098	0.098	0.098	0.098	0.070	0.041	0.041	0.041	0.041	0.041	
0.184	0.184	0.184	0.184	0.184	0.184	0.184	0.184	0.184	0.184	0.184	0.184	0.184	0.184	0.184	0.141	0.141	0.098	0.098	0.098	0.098	0.070	0.070	0.041	0.041	0.041	0.041	0.041	
0.184	0.184	0.184	0.184	0.184	0.184	0.184	0.184	0.184	0.184	0.184	0.184	0.184	0.184	0.184	0.141	0.098	0.098	0.098	0.098	0.098	0.070	0.041	0.041	0.041	0.041	0.041	0.041	
0.184	0.184	0.184	0.184	0.184	0.184	0.184	0.184	0.184	0.184	0.184	0.184	0.184	0.184	0.184	0.141	0.098	0.098	0.098	0.098	0.098	0.070	0.041	0.041	0.041	0.041	0.041	0.041	
0.184	0.184	0.184	0.184	0.184	0.184	0.184	0.184	0.184	0.184	0.184	0.184	0.184	0.184	0.184	0.141	0.098	0.098	0.098	0.098	0.070	0.070	0.041	0.041	0.041	0.041	0.041	0.041	
0.184	0.184	0.184	0.184	0.184	0.184	0.184	0.184	0.184	0.184	0.184	0.184	0.184	0.184	0.184	0.141	0.098	0.098	0.098	0.098	0.070	0.041	0.041	0.041	0.041	0.041	0.041	0.041	
0.184	0.184	0.184	0.184	0.184	0.184	0.184	0.184	0.184	0.184	0.184	0.184	0.184	0.184	0.141	0.141	0.098	0.098	0.098	0.098	0.070	0.041	0.041	0.041	0.041	0.041	0.041	0.041	
0.184	0.184	0.184	0.184	0.184	0.184	0.184	0.184	0.184	0.184	0.184	0.184	0.184	0.184	0.141	0.098	0.098	0.098	0.098	0.070	0.070	0.041	0.041	0.041	0.041	0.041	0.041	0.041	
0.142	0.184	0.184	0.184	0.184	0.184	0.184	0.184	0.184	0.184	0.184	0.184	0.184	0.184	0.141	0.098	0.098	0.098	0.098	0.070	0.041	0.041	0.041	0.041	0.041	0.041	0.041	0.041	
0.142	0.142	0.184	0.184	0.184	0.184	0.184	0.184	0.184	0.184	0.184	0.184	0.184	0.184	0.141	0.098	0.098	0.098	0.098	0.070	0.041	0.041	0.041	0.041	0.041	0.041	0.041	0.041	
0.100	0.142	0.142	0.184	0.184	0.184	0.184	0.184	0.184	0.184	0.184	0.184	0.184	0.184	0.141	0.098	0.098	0.098	0.070	0.070	0.041	0.041	0.041	0.041	0.041	0.041	0.041	0.041	
0.100	0.100	0.142	0.142	0.184	0.184	0.184	0.184	0.184	0.184	0.184	0.184	0.184	0.141	0.141	0.098	0.098	0.098	0.070	0.041	0.041	0.041	0.041	0.041	0.041	0.041	0.041	0.041	
0.100	0.100	0.100	0.142	0.142	0.184	0.184	0.184	0.184	0.184	0.184	0.184	0.184	0.141	0.098	0.098	0.098	0.098	0.070	0.041	0.041	0.041	0.041	0.041	0.041	0.041	0.041	0.041	
0.100	0.100	0.100	0.100	0.142	0.142	0.184	0.184	0.184	0.184	0.184	0.184	0.184	0.141	0.098	0.098	0.098	0.098	0.070	0.041	0.041	0.041	0.041	0.041	0.041	0.041	0.041	0.041	
0.100	0.100	0.100	0.100	0.100	0.142	0.142	0.142	0.184	0.184	0.184	0.184	0.184	0.141	0.098	0.098	0.098	0.070	0.070	0.041	0.041	0.041	0.041	0.041	0.041	0.041	0.041	0.041	
0.100	0.100	0.100	0.100	0.100	0.100	0.100	0.142	0.142	0.184	0.184	0.184	0.184	0.141	0.098	0.098	0.098	0.138	0.041	0.041	0.041	0.041	0.041	0.041	0.041	0.041	0.041	0.041	
0.100	0.100	0.100	0.100	0.100	0.100	0.100	0.100	0.142	0.142	0.184	0.184	0.184	0.141	0.098	0.098	0.187	0.138	0.041	0.041	0.041	0.041	0.041	0.041	0.041	0.041	0.041	0.041	
0.100	0.100	0.100	0.100	0.100	0.100	0.100	0.100	0.100	0.142	0.142	0.184	0.245	0.245	0.098	0.187	0.187	0.158	0.041	0.041	0.041	0.041	0.041	0.041	0.041	0.041	0.041	0.041	
0.100	0.100	0.100	0.100	0.100	0.100	0.100	0.100	0.100	0.100	0.142	0.246	0.319	0.276	0.275	0.187	0.275	0.158	0.041	0.041	0.041	0.041	0.041	0.041	0.041	0.041	0.041	0.041	
0.100	0.100	0.100	0.100	0.100	0.100	0.100	0.100	0.100	0.100	0.100	0.276	0.453	0.453	0.275	0.275	0.275	0.158	0.041	0.041	0.041	0.041	0.041	0.041	0.041	0.041	0.041	0.041	
0.100	0.100	0.100	0.100	0.100	0.100	0.100	0.100	0.100	0.100	0.100	0.276	0.663	0.663	0.534	0.574	0.000	0.000	0.000	0.000	0.000	0.000	0.000	0.000	0.000	0.000	0.000	0.000	
0.000	0.000	0.000	0.000	0.000	0.000	0.000	0.000	0.000	0.000	0.000	0.000	0.663	0.874	0.874	0.874	0.000	0.000	0.000	0.000	0.000	0.000	0.000	0.000	0.000	0.000	0.000	0.000	
0.000	0.000	0.000	0.000	0.000	0.000	0.000	0.000	0.000	0.000	0.000	0.000	0.874	0.874	0.874	0.874	0.000	0.000	0.000	0.000	0.000	0.000	0.000	0.000	0.000	0.000	0.000	0.000	
0.000	0.000	0.000	0.000	0.000	0.000	0.000	0.000	0.000	0.000	0.000	0.000	0.874	0.874	0.874	0.874	0.000	0.000	0.000	0.000	0.000	0.000	0.000	0.000	0.000	0.000	0.000	0.000	
0.000	0.000	0.000	0.000	0.000	0.000	0.000	0.000	0.000	0.000	0.000	0.000	0.874	0.874	0.874	0.874	0.000	0.000	0.000	0.000	0.000	0.000	0.000	0.000	0.000	0.000	0.000	0.000	
