0.120	0.120	0.120	0.120	0.120	0.120	0.120	0.120	0.120	0.120	0.120	0.120	0.120	0.120	0.120	0.120	0.120	0.120	0.120	0.160	0.200	0.200	0.200	0.200	0.200	0.200	0.200	0.200	
0.120	0.120	0.120	0.120	0.120	0.120	0.120	0.120	0.120	0.120	0.120	0.120	0.120	0.120	0.120	0.120	0.120	0.120	0.120	0.160	0.200	0.200	0.200	0.200	0.200	0.200	0.200	0.200	
0.120	0.120	0.120	0.120	0.120	0.120	0.120	0.120	0.120	0.120	0.120	0.120	0.120	0.120	0.120	0.120	0.120	0.120	0.120	0.160	0.200	0.200	0.200	0.200	0.200	0.200	0.200	0.200	
0.120	0.120	0.120	0.120	0.120	0.120	0.120	0.120	0.120	0.120	0.120	0.120	0.120	0.120	0.120	0.120	0.120	0.120	0.120	0.160	0.200	0.200	0.200	0.200	0.200	0.200	0.200	0.200	
0.120	0.120	0.120	0.120	0.120	0.120	0.120	0.120	0.120	0.120	0.120	0.120	0.120	0.120	0.120	0.120	0.120	0.120	0.120	0.160	0.200	0.200	0.200	0.200	0.200	0.200	0.200	0.200	
0.120	0.120	0.120	0.120	0.120	0.120	0.120	0.120	0.120	0.120	0.120	0.120	0.120	0.120	0.120	0.120	0.120	0.120	0.120	0.160	0.200	0.200	0.200	0.200	0.200	0.200	0.200	0.200	
0.120	0.120	0.120	0.120	0.120	0.120	0.120	0.120	0.120	0.120	0.120	0.120	0.120	0.120	0.120	0.120	0.120	0.120	0.120	0.160	0.200	0.200	0.200	0.200	0.200	0.200	0.200	0.200	
0.120	0.120	0.120	0.120	0.120	0.120	0.120	0.120	0.120	0.120	0.120	0.120	0.120	0.120	0.120	0.120	0.120	0.120	0.160	0.160	0.200	0.200	0.200	0.200	0.200	0.200	0.200	0.200	
0.120	0.120	0.120	0.120	0.120	0.120	0.120	0.120	0.120	0.120	0.120	0.120	0.120	0.120	0.120	0.120	0.120	0.120	0.160	0.200	0.200	0.200	0.200	0.200	0.200	0.200	0.200	0.200	
0.120	0.120	0.120	0.120	0.120	0.120	0.120	0.120	0.120	0.120	0.120	0.120	0.120	0.120	0.120	0.120	0.120	0.120	0.160	0.200	0.200	0.200	0.200	0.200	0.200	0.200	0.200	0.200	
0.120	0.120	0.120	0.120	0.120	0.120	0.120	0.120	0.120	0.120	0.120	0.120	0.120	0.120	0.120	0.120	0.120	0.120	0.160	0.200	0.200	0.200	0.200	0.200	0.200	0.200	0.200	0.200	
0.120	0.120	0.120	0.120	0.120	0.120	0.120	0.120	0.120	0.120	0.120	0.120	0.120	0.120	0.120	0.120	0.120	0.120	0.160	0.200	0.200	0.200	0.200	0.200	0.200	0.200	0.200	0.200	
0.120	0.120	0.120	0.120	0.120	0.120	0.120	0.120	0.120	0.120	0.120	0.120	0.120	0.120	0.120	0.120	0.120	0.120	0.160	0.200	0.200	0.200	0.200	0.200	0.200	0.200	0.200	0.200	
0.120	0.120	0.120	0.120	0.120	0.120	0.120	0.120	0.120	0.120	0.120	0.120	0.120	0.120	0.120	0.120	0.120	0.120	0.160	0.200	0.200	0.200	0.200	0.200	0.200	0.200	0.200	0.200	
0.120	0.120	0.120	0.120	0.120	0.120	0.120	0.120	0.120	0.120	0.120	0.120	0.120	0.120	0.120	0.120	0.120	0.120	0.160	0.200	0.200	0.200	0.200	0.200	0.200	0.200	0.200	0.200	
0.120	0.120	0.120	0.120	0.120	0.120	0.120	0.120	0.120	0.120	0.120	0.120	0.120	0.120	0.120	0.120	0.120	0.160	0.160	0.200	0.200	0.200	0.200	0.200	0.200	0.200	0.200	0.200	
0.120	0.120	0.120	0.120	0.120	0.120	0.120	0.120	0.120	0.120	0.120	0.120	0.120	0.120	0.120	0.120	0.120	0.160	0.200	0.200	0.200	0.200	0.200	0.200	0.200	0.200	0.200	0.200	
0.120	0.120	0.120	0.120	0.120	0.120	0.120	0.120	0.120	0.120	0.120	0.120	0.120	0.120	0.120	0.120	0.120	0.160	0.200	0.200	0.200	0.200	0.200	0.200	0.200	0.200	0.200	0.200	
0.120	0.120	0.120	0.120	0.120	0.120	0.120	0.120	0.120	0.120	0.120	0.120	0.120	0.120	0.120	0.120	0.120	0.160	0.200	0.200	0.200	0.200	0.200	0.200	0.200	0.200	0.200	0.200	
0.120	0.120	0.120	0.120	0.120	0.120	0.120	0.120	0.120	0.120	0.120	0.120	0.120	0.120	0.120	0.120	0.120	0.160	0.200	0.200	0.200	0.200	0.200	0.200	0.200	0.200	0.200	0.200	
0.120	0.120	0.120	0.120	0.120	0.120	0.120	0.120	0.120	0.120	0.120	0.120	0.120	0.120	0.120	0.120	0.120	0.160	0.200	0.200	0.200	0.200	0.200	0.200	0.200	0.200	0.200	0.200	
0.120	0.120	0.120	0.120	0.120	0.120	0.120	0.120	0.120	0.120	0.120	0.120	0.120	0.120	0.120	0.120	0.120	0.160	0.200	0.200	0.200	0.200	0.200	0.200	0.200	0.200	0.200	0.200	
0.120	0.120	0.120	0.120	0.120	0.120	0.120	0.120	0.120	0.120	0.120	0.120	0.120	0.120	0.120	0.120	0.120	0.160	0.200	0.200	0.200	0.200	0.200	0.200	0.200	0.200	0.200	0.200	
0.120	0.120	0.120	0.120	0.120	0.120	0.120	0.120	0.120	0.120	0.120	0.120	0.120	0.120	0.120	0.120	0.120	0.160	0.200	0.200	0.200	0.200	0.200	0.200	0.200	0.200	0.200	0.200	
0.120	0.120	0.120	0.120	0.120	0.120	0.120	0.120	0.120	0.120	0.120	0.120	0.120	0.120	0.120	0.120	0.160	0.160	0.200	0.200	0.200	0.200	0.200	0.200	0.200	0.200	0.200	0.200	
0.120	0.120	0.120	0.120	0.120	0.120	0.120	0.120	0.120	0.120	0.120	0.120	0.120	0.120	0.120	0.120	0.160	0.200	0.200	0.200	0.200	0.200	0.200	0.200	0.200	0.200	0.200	0.200	
0.101	0.120	0.120	0.120	0.120	0.120	0.120	0.120	0.120	0.120	0.120	0.120	0.120	0.120	0.120	0.120	0.160	0.200	0.200	0.200	0.200	0.200	0.200	0.200	0.200	0.200	0.200	0.200	
0.101	0.120	0.120	0.120	0.120	0.120	0.120	0.120	0.120	0.120	0.120	0.120	0.120	0.120	0.120	0.120	0.160	0.200	0.200	0.200	0.200	0.200	0.200	0.200	0.200	0.200	0.200	0.200	
0.101	0.101	0.120	0.120	0.120	0.120	0.120	0.120	0.120	0.120	0.120	0.120	0.120	0.120	0.120	0.120	0.160	0.200	0.200	0.200	0.200	0.200	0.200	0.200	0.200	0.200	0.200	0.200	
0.081	0.101	0.120	0.120	0.120	0.120	0.120	0.120	0.120	0.120	0.120	0.120	0.120	0.120	0.120	0.120	0.160	0.200	0.200	0.200	0.200	0.200	0.200	0.200	0.200	0.200	0.200	0.200	
0.081	0.101	0.101	0.120	0.120	0.120	0.120	0.120	0.120	0.120	0.120	0.120	0.120	0.120	0.120	0.120	0.161	0.200	0.200	0.200	0.200	0.200	0.200	0.200	0.200	0.200	0.200	0.200	
0.081	0.081	0.101	0.120	0.120	0.120	0.120	0.120	0.120	0.120	0.120	0.120	0.120	0.120	0.120	0.120	0.161	0.200	0.200	0.200	0.200	0.200	0.200	0.200	0.200	0.200	0.200	0.200	
0.081	0.081	0.101	0.101	0.120	0.120	0.120	0.120	0.120	0.120	0.120	0.120	0.120	0.120	0.120	0.142	0.161	0.200	0.200	0.200	0.200	0.200	0.200	0.200	0.200	0.200	0.200	0.200	
0.081	0.081	0.081	0.101	0.120	0.120	0.120	0.120	0.120	0.120	0.120	0.120	0.120	0.120	0.120	0.142	0.181	0.200	0.200	0.200	0.200	0.200	0.200	0.200	0.200	0.200	0.200	0.200	
0.081	0.081	0.081	0.101	0.101	0.120	0.120	0.120	0.120	0.120	0.120	0.120	0.120	0.120	0.120	0.142	0.181	0.200	0.200	0.200	0.200	0.200	0.200	0.200	0.200	0.200	0.200	0.200	
0.081	0.081	0.081	0.081	0.101	0.101	0.120	0.120	0.120	0.120	0.120	0.120	0.120	0.120	0.120	0.142	0.181	0.200	0.200	0.200	0.200	0.200	0.200	0.200	0.200	0.200	0.200	0.200	
0.081	0.081	0.081	0.081	0.081	0.101	0.120	0.120	0.120	0.120	0.120	0.120	0.120	0.120	0.120	0.142	0.181	0.200	0.200	0.200	0.200	0.200	0.200	0.200	0.200	0.200	0.200	0.132	
0.081	0.081	0.081	0.081	0.081	0.101	0.101	0.120	0.120	0.120	0.120	0.120	0.120	0.120	0.142	0.142	0.181	0.200	0.200	0.200	0.200	0.200	0.200	0.200	0.200	0.200	0.132	0.132	
0.081	0.081	0.081	0.081	0.081	0.081	0.101	0.120	0.120	0.120	0.120	0.120	0.120	0.120	0.142	0.163	0.181	0.200	0.200	0.200	0.200	0.200	0.200	0.200	0.200	0.132	0.132	0.063	
0.081	0.081	0.081	0.081	0.081	0.081	0.101	0.101	0.120	0.120	0.120	0.120	0.120	0.120	0.142	0.163	0.181	0.200	0.200	0.200	0.200	0.200	0.200	0.200	0.132	0.132	0.063	0.063	
0.081	0.081	0.081	0.081	0.081	0.081	0.081	0.101	0.120	0.120	0.120	0.120	0.120	0.120	0.142	0.163	0.181	0.200	0.200	0.200	0.200	0.200	0.200	0.132	0.132	0.063	0.063	0.052	
0.081	0.081	0.081	0.081	0.081	0.081	0.081	0.101	0.101	0.120	0.120	0.120	0.120	0.120	0.142	0.163	0.181	0.200	0.200	0.200	0.200	0.200	0.132	0.132	0.063	0.063	0.052	0.052	
0.081	0.081	0.081	0.081	0.081	0.081	0.081	0.081	0.101	0.120	0.120	0.120	0.120	0.142	0.142	0.163	0.181	0.200	0.200	0.200	0.200	0.132	0.132	0.063	0.063	0.052	0.052	0.041	
0.090	0.090	0.081	0.081	0.081	0.081	0.081	0.081	0.101	0.101	0.120	0.120	0.120	0.142	0.163	0.163	0.181	0.200	0.200	0.200	0.132	0.132	0.063	0.063	0.052	0.052	0.041	0.041	
0.100	0.090	0.090	0.090	0.081	0.081	0.081	0.081	0.081	0.101	0.120	0.120	0.120	0.142	0.163	0.163	0.181	0.200	0.200	0.132	0.132	0.063	0.063	0.052	0.052	0.041	0.041	0.041	
0.100	0.100	0.100	0.090	0.090	0.081	0.081	0.081	0.081	0.101	0.103	0.114	0.120	0.142	0.163	0.163	0.181	0.200	0.132	0.132	0.063	0.063	0.052	0.052	0.041	0.041	0.041	0.041	
0.100	0.100	0.100	0.100	0.090	0.090	0.090	0.081	0.081	0.094	0.094	0.114	0.110	0.128	0.198	0.246	0.231	0.197	0.132	0.063	0.063	0.052	0.052	0.041	0.041	0.041	0.041	0.041	
0.100	0.100	0.100	0.100	0.100	0.100	0.090	0.090	0.081	0.103	0.114	0.108	0.157	0.102	0.215	0.329	0.329	0.156	0.047	0.063	0.052	0.052	0.041	0.041	0.041	0.041	0.041	0.041	
0.100	0.100	0.100	0.100	0.100	0.100	0.100	0.090	0.100	0.100	0.114	0.163	0.157	0.181	0.215	0.215	0.179	0.179	0.047	0.045	0.052	0.041	0.041	0.041	0.041	0.041	0.041	0.041	
0.100	0.100	0.100	0.100	0.100	0.100	0.100	0.100	0.110	0.120	0.120	0.190	0.261	0.347	0.389	0.284	0.345	0.030	0.030	0.036	0.041	0.041	0.041	0.041	0.041	0.041	0.041	0.041	
0.100	0.100	0.100	0.100	0.100	0.100	0.100	0.100	0.100	0.000	0.000	0.000	0.469	0.469	0.677	0.677	0.000	0.030	0.030	0.000	0.000	0.000	0.000	0.000	0.000	0.000	0.000	0.000	
0.000	0.000	0.000	0.000	0.000	0.000	0.000	0.000	0.000	0.000	0.000	0.000	0.677	0.677	0.677	0.677	0.000	0.000	0.000	0.000	0.000	0.000	0.000	0.000	0.000	0.000	0.000	0.000	
0.000	0.000	0.000	0.000	0.000	0.000	0.000	0.000	0.000	0.000	0.000	0.000	0.839	0.839	0.839	0.839	0.000	0.000	0.000	0.000	0.000	0.000	0.000	0.000	0.000	0.000	0.000	0.000	
0.000	0.000	0.000	0.000	0.000	0.000	0.000	0.000	0.000	0.000	0.000	0.000	1.002	1.002	1.002	1.002	0.000	0.000	0.000	0.000	0.000	0.000	0.000	0.000	0.000	0.000	0.000	0.000	
0.000	0.000	0.000	0.000	0.000	0.000	0.000	0.000	0.000	0.000	0.000	0.000	1.002	1.002	1.002	1.002	0.000	0.000	0.000	0.000	0.000	0.000	0.000	0.000	0.000	0.000	0.000	0.000	
