0.042	0.042	0.042	0.042	0.042	0.042	0.042	0.042	0.042	0.042	0.042	0.042	0.042	0.042	0.068	0.094	0.087	0.081	0.081	0.081	0.081	0.081	0.081	0.081	0.081	0.081	0.081	0.081	
0.042	0.042	0.042	0.042	0.042	0.042	0.042	0.042	0.042	0.042	0.042	0.042	0.042	0.042	0.068	0.094	0.087	0.081	0.081	0.081	0.081	0.081	0.081	0.081	0.081	0.081	0.081	0.081	
0.042	0.042	0.042	0.042	0.042	0.042	0.042	0.042	0.042	0.042	0.042	0.042	0.042	0.042	0.068	0.094	0.087	0.081	0.081	0.081	0.081	0.081	0.081	0.081	0.081	0.081	0.081	0.081	
0.042	0.042	0.042	0.042	0.042	0.042	0.042	0.042	0.042	0.042	0.042	0.042	0.042	0.042	0.068	0.094	0.087	0.081	0.081	0.081	0.081	0.081	0.081	0.081	0.081	0.081	0.081	0.081	
0.042	0.042	0.042	0.042	0.042	0.042	0.042	0.042	0.042	0.042	0.042	0.042	0.042	0.042	0.068	0.094	0.087	0.081	0.081	0.081	0.081	0.081	0.081	0.081	0.081	0.081	0.081	0.081	
0.042	0.042	0.042	0.042	0.042	0.042	0.042	0.042	0.042	0.042	0.042	0.042	0.042	0.042	0.068	0.094	0.087	0.081	0.081	0.081	0.081	0.081	0.081	0.081	0.081	0.081	0.081	0.081	
0.042	0.042	0.042	0.042	0.042	0.042	0.042	0.042	0.042	0.042	0.042	0.042	0.042	0.042	0.068	0.094	0.087	0.081	0.081	0.081	0.081	0.081	0.081	0.081	0.081	0.081	0.081	0.081	
0.042	0.042	0.042	0.042	0.042	0.042	0.042	0.042	0.042	0.042	0.042	0.042	0.042	0.042	0.068	0.094	0.087	0.081	0.081	0.081	0.081	0.081	0.081	0.081	0.081	0.081	0.081	0.081	
0.042	0.042	0.042	0.042	0.042	0.042	0.042	0.042	0.042	0.042	0.042	0.042	0.042	0.042	0.068	0.094	0.087	0.081	0.081	0.081	0.081	0.081	0.081	0.081	0.081	0.081	0.081	0.081	
0.042	0.042	0.042	0.042	0.042	0.042	0.042	0.042	0.042	0.042	0.042	0.042	0.042	0.042	0.068	0.094	0.087	0.081	0.081	0.081	0.081	0.081	0.081	0.081	0.081	0.081	0.081	0.081	
0.042	0.042	0.042	0.042	0.042	0.042	0.042	0.042	0.042	0.042	0.042	0.042	0.042	0.042	0.068	0.094	0.087	0.081	0.081	0.081	0.081	0.081	0.081	0.081	0.081	0.081	0.081	0.081	
0.042	0.042	0.042	0.042	0.042	0.042	0.042	0.042	0.042	0.042	0.042	0.042	0.042	0.042	0.068	0.094	0.087	0.081	0.081	0.081	0.081	0.081	0.081	0.081	0.081	0.081	0.081	0.081	
0.042	0.042	0.042	0.042	0.042	0.042	0.042	0.042	0.042	0.042	0.042	0.042	0.042	0.042	0.068	0.094	0.087	0.081	0.081	0.081	0.081	0.081	0.081	0.081	0.081	0.081	0.081	0.081	
0.042	0.042	0.042	0.042	0.042	0.042	0.042	0.042	0.042	0.042	0.042	0.042	0.042	0.042	0.068	0.094	0.087	0.081	0.081	0.081	0.081	0.081	0.081	0.081	0.081	0.081	0.081	0.081	
0.042	0.042	0.042	0.042	0.042	0.042	0.042	0.042	0.042	0.042	0.042	0.042	0.042	0.068	0.068	0.094	0.087	0.081	0.081	0.081	0.081	0.081	0.081	0.081	0.081	0.081	0.081	0.081	
0.042	0.042	0.042	0.042	0.042	0.042	0.042	0.042	0.042	0.042	0.042	0.042	0.042	0.068	0.094	0.094	0.087	0.081	0.081	0.081	0.081	0.081	0.081	0.081	0.081	0.081	0.081	0.081	
0.042	0.042	0.042	0.042	0.042	0.042	0.042	0.042	0.042	0.042	0.042	0.042	0.042	0.068	0.094	0.094	0.087	0.081	0.081	0.081	0.081	0.081	0.081	0.081	0.081	0.081	0.081	0.081	
0.042	0.042	0.042	0.042	0.042	0.042	0.042	0.042	0.042	0.042	0.042	0.042	0.042	0.068	0.094	0.094	0.087	0.081	0.081	0.081	0.081	0.081	0.081	0.081	0.081	0.081	0.081	0.081	
0.042	0.042	0.042	0.042	0.042	0.042	0.042	0.042	0.042	0.042	0.042	0.042	0.042	0.068	0.094	0.094	0.087	0.081	0.081	0.081	0.081	0.081	0.081	0.081	0.081	0.081	0.081	0.081	
0.042	0.042	0.042	0.042	0.042	0.042	0.042	0.042	0.042	0.042	0.042	0.042	0.042	0.068	0.094	0.094	0.087	0.081	0.081	0.081	0.081	0.081	0.081	0.081	0.081	0.081	0.081	0.081	
0.042	0.042	0.042	0.042	0.042	0.042	0.042	0.042	0.042	0.042	0.042	0.042	0.042	0.068	0.094	0.094	0.087	0.081	0.081	0.081	0.081	0.081	0.081	0.081	0.081	0.081	0.081	0.081	
0.042	0.042	0.042	0.042	0.042	0.042	0.042	0.042	0.042	0.042	0.042	0.042	0.042	0.086	0.094	0.094	0.087	0.081	0.081	0.081	0.081	0.081	0.081	0.081	0.081	0.081	0.081	0.081	
0.042	0.042	0.042	0.042	0.042	0.042	0.042	0.042	0.042	0.042	0.042	0.042	0.042	0.086	0.094	0.094	0.087	0.081	0.081	0.081	0.081	0.081	0.081	0.081	0.081	0.081	0.081	0.081	
0.042	0.042	0.042	0.042	0.042	0.042	0.042	0.042	0.042	0.042	0.042	0.042	0.042	0.086	0.094	0.094	0.087	0.081	0.081	0.081	0.081	0.081	0.081	0.081	0.081	0.081	0.081	0.081	
0.042	0.042	0.042	0.042	0.042	0.042	0.042	0.042	0.042	0.042	0.042	0.042	0.042	0.086	0.094	0.094	0.087	0.081	0.081	0.081	0.081	0.081	0.081	0.081	0.081	0.081	0.081	0.081	
0.042	0.042	0.042	0.042	0.042	0.042	0.042	0.042	0.042	0.042	0.042	0.042	0.042	0.086	0.094	0.094	0.087	0.081	0.081	0.081	0.081	0.081	0.081	0.081	0.081	0.081	0.081	0.081	
0.042	0.042	0.042	0.042	0.042	0.042	0.042	0.042	0.042	0.042	0.042	0.042	0.042	0.086	0.094	0.094	0.087	0.081	0.081	0.081	0.081	0.081	0.081	0.081	0.081	0.081	0.081	0.081	
0.042	0.042	0.042	0.042	0.042	0.042	0.042	0.042	0.042	0.042	0.042	0.042	0.042	0.086	0.094	0.094	0.087	0.081	0.081	0.081	0.081	0.081	0.081	0.081	0.081	0.081	0.081	0.081	
0.042	0.042	0.042	0.042	0.042	0.042	0.042	0.042	0.042	0.042	0.042	0.042	0.042	0.086	0.094	0.094	0.087	0.081	0.081	0.081	0.081	0.081	0.081	0.081	0.081	0.081	0.081	0.081	
0.042	0.042	0.042	0.042	0.042	0.042	0.042	0.042	0.042	0.042	0.042	0.042	0.082	0.086	0.094	0.094	0.087	0.081	0.081	0.081	0.081	0.081	0.081	0.081	0.081	0.081	0.081	0.081	
0.042	0.042	0.042	0.042	0.042	0.042	0.042	0.042	0.042	0.042	0.042	0.042	0.082	0.108	0.094	0.094	0.087	0.081	0.081	0.081	0.081	0.081	0.081	0.081	0.081	0.081	0.081	0.081	
0.042	0.042	0.042	0.042	0.042	0.042	0.042	0.042	0.042	0.042	0.042	0.042	0.082	0.108	0.094	0.094	0.087	0.081	0.081	0.081	0.081	0.081	0.081	0.081	0.081	0.081	0.081	0.081	
0.042	0.042	0.042	0.042	0.042	0.042	0.042	0.042	0.042	0.042	0.042	0.042	0.082	0.108	0.094	0.094	0.087	0.081	0.081	0.081	0.081	0.081	0.081	0.081	0.081	0.081	0.081	0.081	
0.058	0.042	0.042	0.042	0.042	0.042	0.042	0.042	0.042	0.042	0.042	0.042	0.082	0.108	0.094	0.094	0.087	0.081	0.081	0.081	0.081	0.081	0.081	0.081	0.081	0.081	0.081	0.081	
0.058	0.058	0.042	0.042	0.042	0.042	0.042	0.042	0.042	0.042	0.042	0.042	0.082	0.108	0.108	0.094	0.087	0.081	0.081	0.081	0.081	0.081	0.081	0.081	0.081	0.081	0.081	0.081	
0.073	0.058	0.042	0.042	0.042	0.042	0.042	0.042	0.042	0.042	0.042	0.042	0.082	0.121	0.108	0.094	0.087	0.081	0.081	0.081	0.081	0.081	0.081	0.081	0.081	0.081	0.081	0.081	
0.073	0.058	0.058	0.042	0.042	0.042	0.042	0.042	0.042	0.042	0.042	0.042	0.082	0.121	0.108	0.094	0.087	0.081	0.081	0.081	0.081	0.081	0.081	0.081	0.081	0.081	0.081	0.081	
0.073	0.073	0.058	0.058	0.042	0.042	0.042	0.042	0.042	0.042	0.042	0.042	0.082	0.121	0.108	0.094	0.087	0.081	0.081	0.081	0.081	0.081	0.081	0.081	0.081	0.081	0.081	0.063	
0.073	0.073	0.073	0.058	0.058	0.042	0.042	0.042	0.042	0.042	0.042	0.042	0.082	0.121	0.108	0.094	0.087	0.081	0.081	0.081	0.081	0.081	0.081	0.081	0.081	0.081	0.063	0.063	
0.073	0.073	0.073	0.073	0.058	0.042	0.042	0.042	0.042	0.042	0.042	0.042	0.082	0.121	0.108	0.094	0.087	0.081	0.081	0.081	0.081	0.081	0.081	0.081	0.081	0.063	0.063	0.045	
0.073	0.073	0.073	0.073	0.058	0.058	0.042	0.042	0.042	0.042	0.042	0.082	0.082	0.121	0.108	0.094	0.087	0.081	0.081	0.081	0.081	0.081	0.081	0.081	0.063	0.063	0.045	0.045	
0.073	0.073	0.073	0.073	0.073	0.058	0.058	0.042	0.042	0.042	0.042	0.082	0.121	0.121	0.108	0.094	0.087	0.081	0.081	0.081	0.081	0.081	0.081	0.063	0.063	0.045	0.045	0.045	
0.073	0.073	0.073	0.073	0.073	0.073	0.058	0.042	0.042	0.042	0.042	0.082	0.121	0.121	0.108	0.094	0.087	0.081	0.081	0.081	0.081	0.081	0.063	0.063	0.045	0.045	0.045	0.027	
0.073	0.073	0.073	0.073	0.073	0.073	0.058	0.058	0.042	0.042	0.042	0.082	0.121	0.121	0.108	0.094	0.087	0.081	0.081	0.081	0.081	0.063	0.063	0.045	0.045	0.045	0.027	0.027	
0.056	0.056	0.073	0.073	0.073	0.073	0.073	0.058	0.058	0.042	0.042	0.082	0.121	0.121	0.108	0.094	0.087	0.081	0.081	0.081	0.063	0.063	0.045	0.045	0.027	0.027	0.027	0.010	
0.040	0.056	0.056	0.056	0.073	0.073	0.073	0.073	0.069	0.066	0.066	0.095	0.121	0.121	0.129	0.094	0.062	0.045	0.081	0.063	0.063	0.045	0.045	0.027	0.027	0.010	0.010	0.010	
0.040	0.040	0.040	0.056	0.056	0.056	0.073	0.073	0.082	0.091	0.066	0.094	0.121	0.138	0.129	0.092	0.052	0.045	0.045	0.063	0.045	0.045	0.027	0.027	0.010	0.010	0.010	0.010	
0.040	0.040	0.040	0.040	0.040	0.056	0.056	0.051	0.068	0.065	0.056	0.078	0.120	0.146	0.172	0.091	0.010	0.010	0.018	0.022	0.045	0.027	0.027	0.010	0.010	0.010	0.010	0.010	
0.040	0.040	0.040	0.040	0.040	0.040	0.040	0.051	0.040	0.065	0.051	0.071	0.067	0.108	0.126	0.066	0.005	0.005	0.003	0.022	0.018	0.027	0.010	0.010	0.010	0.010	0.010	0.010	
0.040	0.040	0.040	0.040	0.040	0.040	0.040	0.040	0.040	0.031	0.031	0.022	0.040	0.069	0.069	0.040	0.040	0.000	0.000	0.000	0.005	0.010	0.010	0.010	0.010	0.010	0.010	0.010	
0.000	0.000	0.000	0.000	0.000	0.000	0.000	0.000	0.000	0.022	0.022	0.022	0.040	0.058	0.069	0.080	0.080	0.000	0.000	0.000	0.000	0.000	0.000	0.000	0.000	0.000	0.000	0.000	
0.000	0.000	0.000	0.000	0.000	0.000	0.000	0.000	0.000	0.000	0.000	0.000	0.058	0.058	0.069	0.080	0.000	0.000	0.000	0.000	0.000	0.000	0.000	0.000	0.000	0.000	0.000	0.000	
0.000	0.000	0.000	0.000	0.000	0.000	0.000	0.000	0.000	0.000	0.000	0.000	0.058	0.058	0.069	0.069	0.000	0.000	0.000	0.000	0.000	0.000	0.000	0.000	0.000	0.000	0.000	0.000	
0.000	0.000	0.000	0.000	0.000	0.000	0.000	0.000	0.000	0.000	0.000	0.000	0.058	0.058	0.058	0.069	0.000	0.000	0.000	0.000	0.000	0.000	0.000	0.000	0.000	0.000	0.000	0.000	
0.000	0.000	0.000	0.000	0.000	0.000	0.000	0.000	0.000	0.000	0.000	0.000	0.058	0.058	0.058	0.058	0.000	0.000	0.000	0.000	0.000	0.000	0.000	0.000	0.000	0.000	0.000	0.000	
