0.209	0.209	0.209	0.209	0.209	0.209	0.209	0.209	0.209	0.209	0.209	0.209	0.209	0.150	0.091	0.091	0.091	0.091	0.091	0.091	0.091	0.091	0.091	0.091	0.091	0.091	0.091	0.091	
0.209	0.209	0.209	0.209	0.209	0.209	0.209	0.209	0.209	0.209	0.209	0.209	0.209	0.150	0.091	0.091	0.091	0.091	0.091	0.091	0.091	0.091	0.091	0.091	0.091	0.091	0.091	0.091	
0.209	0.209	0.209	0.209	0.209	0.209	0.209	0.209	0.209	0.209	0.209	0.209	0.209	0.150	0.091	0.091	0.091	0.091	0.091	0.091	0.091	0.091	0.091	0.091	0.091	0.091	0.091	0.091	
0.209	0.209	0.209	0.209	0.209	0.209	0.209	0.209	0.209	0.209	0.209	0.209	0.209	0.150	0.091	0.091	0.091	0.091	0.091	0.091	0.091	0.091	0.091	0.091	0.091	0.091	0.091	0.091	
0.209	0.209	0.209	0.209	0.209	0.209	0.209	0.209	0.209	0.209	0.209	0.209	0.209	0.150	0.091	0.091	0.091	0.091	0.091	0.091	0.091	0.091	0.091	0.091	0.091	0.091	0.091	0.091	
0.209	0.209	0.209	0.209	0.209	0.209	0.209	0.209	0.209	0.209	0.209	0.209	0.209	0.150	0.150	0.091	0.091	0.091	0.091	0.091	0.091	0.091	0.091	0.091	0.091	0.091	0.091	0.091	
0.209	0.209	0.209	0.209	0.209	0.209	0.209	0.209	0.209	0.209	0.209	0.209	0.209	0.209	0.150	0.091	0.091	0.091	0.091	0.091	0.091	0.091	0.091	0.091	0.091	0.091	0.091	0.091	
0.209	0.209	0.209	0.209	0.209	0.209	0.209	0.209	0.209	0.209	0.209	0.209	0.209	0.209	0.150	0.091	0.091	0.091	0.091	0.091	0.091	0.091	0.091	0.091	0.091	0.091	0.091	0.091	
0.209	0.209	0.209	0.209	0.209	0.209	0.209	0.209	0.209	0.209	0.209	0.209	0.209	0.209	0.150	0.091	0.091	0.091	0.091	0.091	0.091	0.091	0.091	0.091	0.091	0.091	0.091	0.091	
0.209	0.209	0.209	0.209	0.209	0.209	0.209	0.209	0.209	0.209	0.209	0.209	0.209	0.209	0.150	0.091	0.091	0.091	0.091	0.091	0.091	0.091	0.091	0.091	0.091	0.091	0.091	0.091	
0.209	0.209	0.209	0.209	0.209	0.209	0.209	0.209	0.209	0.209	0.209	0.209	0.209	0.209	0.150	0.091	0.091	0.091	0.091	0.091	0.091	0.091	0.091	0.091	0.091	0.091	0.091	0.091	
0.209	0.209	0.209	0.209	0.209	0.209	0.209	0.209	0.209	0.209	0.209	0.209	0.209	0.209	0.150	0.091	0.091	0.091	0.091	0.091	0.091	0.091	0.091	0.091	0.091	0.091	0.091	0.091	
0.209	0.209	0.209	0.209	0.209	0.209	0.209	0.209	0.209	0.209	0.209	0.209	0.209	0.209	0.150	0.091	0.091	0.091	0.091	0.091	0.091	0.091	0.091	0.091	0.091	0.091	0.091	0.091	
0.209	0.209	0.209	0.209	0.209	0.209	0.209	0.209	0.209	0.209	0.209	0.209	0.209	0.209	0.150	0.091	0.091	0.091	0.091	0.091	0.091	0.091	0.091	0.091	0.091	0.091	0.091	0.091	
0.209	0.209	0.209	0.209	0.209	0.209	0.209	0.209	0.209	0.209	0.209	0.209	0.209	0.209	0.150	0.091	0.091	0.091	0.091	0.091	0.091	0.091	0.091	0.091	0.091	0.091	0.091	0.091	
0.209	0.209	0.209	0.209	0.209	0.209	0.209	0.209	0.209	0.209	0.209	0.209	0.209	0.209	0.150	0.091	0.091	0.091	0.091	0.091	0.091	0.091	0.091	0.091	0.091	0.091	0.091	0.091	
0.209	0.209	0.209	0.209	0.209	0.209	0.209	0.209	0.209	0.209	0.209	0.209	0.209	0.209	0.150	0.091	0.091	0.091	0.091	0.091	0.091	0.091	0.091	0.091	0.091	0.091	0.091	0.091	
0.209	0.209	0.209	0.209	0.209	0.209	0.209	0.209	0.209	0.209	0.209	0.209	0.209	0.209	0.150	0.091	0.091	0.091	0.091	0.091	0.091	0.091	0.091	0.091	0.091	0.091	0.091	0.091	
0.209	0.209	0.209	0.209	0.209	0.209	0.209	0.209	0.209	0.209	0.209	0.209	0.209	0.209	0.150	0.091	0.091	0.091	0.091	0.091	0.091	0.091	0.091	0.091	0.091	0.091	0.091	0.091	
0.209	0.209	0.209	0.209	0.209	0.209	0.209	0.209	0.209	0.209	0.209	0.209	0.209	0.209	0.150	0.091	0.091	0.091	0.091	0.091	0.091	0.091	0.091	0.091	0.091	0.091	0.091	0.091	
0.209	0.209	0.209	0.209	0.209	0.209	0.209	0.209	0.209	0.209	0.209	0.209	0.209	0.209	0.150	0.091	0.091	0.091	0.091	0.091	0.091	0.091	0.091	0.091	0.091	0.091	0.091	0.091	
0.209	0.209	0.209	0.209	0.209	0.209	0.209	0.209	0.209	0.209	0.209	0.209	0.209	0.209	0.150	0.091	0.091	0.091	0.091	0.091	0.091	0.091	0.091	0.091	0.091	0.091	0.091	0.091	
0.209	0.209	0.209	0.209	0.209	0.209	0.209	0.209	0.209	0.209	0.209	0.209	0.209	0.209	0.150	0.091	0.091	0.091	0.091	0.091	0.091	0.091	0.091	0.091	0.091	0.091	0.091	0.091	
0.209	0.209	0.209	0.209	0.209	0.209	0.209	0.209	0.209	0.209	0.209	0.209	0.209	0.209	0.150	0.091	0.091	0.091	0.091	0.091	0.091	0.091	0.091	0.091	0.091	0.091	0.091	0.091	
0.209	0.209	0.209	0.209	0.209	0.209	0.209	0.209	0.209	0.209	0.209	0.209	0.209	0.209	0.150	0.091	0.091	0.091	0.091	0.091	0.091	0.091	0.091	0.091	0.091	0.091	0.091	0.091	
0.130	0.209	0.209	0.209	0.209	0.209	0.209	0.209	0.209	0.209	0.209	0.209	0.209	0.209	0.150	0.091	0.091	0.091	0.091	0.091	0.091	0.091	0.091	0.091	0.091	0.091	0.091	0.091	
0.130	0.209	0.209	0.209	0.209	0.209	0.209	0.209	0.209	0.209	0.209	0.209	0.209	0.209	0.150	0.091	0.091	0.091	0.091	0.091	0.091	0.091	0.091	0.091	0.091	0.091	0.091	0.091	
0.130	0.130	0.209	0.209	0.209	0.209	0.209	0.209	0.209	0.209	0.209	0.209	0.209	0.209	0.150	0.091	0.091	0.091	0.091	0.091	0.091	0.091	0.091	0.091	0.091	0.091	0.091	0.091	
0.051	0.130	0.209	0.209	0.209	0.209	0.209	0.209	0.209	0.209	0.209	0.209	0.209	0.209	0.150	0.091	0.091	0.091	0.091	0.091	0.091	0.091	0.091	0.091	0.091	0.091	0.091	0.091	
0.051	0.130	0.130	0.209	0.209	0.209	0.209	0.209	0.209	0.209	0.209	0.209	0.209	0.209	0.150	0.091	0.091	0.091	0.091	0.091	0.091	0.091	0.091	0.091	0.091	0.091	0.091	0.091	
0.051	0.051	0.130	0.209	0.209	0.209	0.209	0.209	0.209	0.209	0.209	0.209	0.209	0.209	0.150	0.091	0.091	0.091	0.091	0.091	0.091	0.091	0.091	0.091	0.091	0.091	0.091	0.091	
0.051	0.051	0.130	0.130	0.209	0.209	0.209	0.209	0.209	0.209	0.209	0.209	0.209	0.209	0.150	0.091	0.091	0.091	0.091	0.091	0.091	0.091	0.091	0.091	0.091	0.091	0.091	0.091	
0.051	0.051	0.051	0.130	0.209	0.209	0.209	0.209	0.209	0.209	0.209	0.209	0.209	0.209	0.150	0.091	0.091	0.091	0.091	0.091	0.091	0.091	0.091	0.091	0.091	0.091	0.091	0.091	
0.051	0.051	0.051	0.130	0.130	0.209	0.209	0.209	0.209	0.209	0.209	0.209	0.209	0.209	0.150	0.091	0.091	0.091	0.091	0.091	0.091	0.091	0.091	0.091	0.091	0.091	0.091	0.091	
0.051	0.051	0.051	0.051	0.130	0.209	0.209	0.209	0.209	0.209	0.209	0.209	0.209	0.209	0.150	0.091	0.091	0.091	0.091	0.091	0.091	0.091	0.091	0.091	0.091	0.091	0.091	0.091	
0.051	0.051	0.051	0.051	0.130	0.130	0.209	0.209	0.209	0.209	0.209	0.209	0.209	0.209	0.150	0.091	0.091	0.091	0.091	0.091	0.091	0.091	0.091	0.091	0.091	0.091	0.091	0.052	
0.051	0.051	0.051	0.051	0.051	0.130	0.209	0.209	0.209	0.209	0.209	0.209	0.209	0.209	0.150	0.091	0.091	0.091	0.091	0.091	0.091	0.091	0.091	0.091	0.091	0.091	0.052	0.052	
0.051	0.051	0.051	0.051	0.051	0.130	0.130	0.209	0.209	0.209	0.209	0.209	0.209	0.209	0.150	0.091	0.091	0.091	0.091	0.091	0.091	0.091	0.091	0.091	0.091	0.052	0.052	0.014	
0.051	0.051	0.051	0.051	0.051	0.051	0.130	0.209	0.209	0.209	0.209	0.209	0.209	0.209	0.150	0.091	0.091	0.091	0.091	0.091	0.091	0.091	0.091	0.091	0.052	0.052	0.014	0.014	
0.051	0.051	0.051	0.051	0.051	0.051	0.130	0.130	0.209	0.209	0.209	0.209	0.209	0.209	0.150	0.091	0.091	0.091	0.091	0.091	0.091	0.091	0.091	0.052	0.052	0.014	0.014	0.014	
0.051	0.051	0.051	0.051	0.051	0.051	0.051	0.130	0.209	0.209	0.209	0.209	0.209	0.209	0.150	0.091	0.091	0.091	0.091	0.091	0.091	0.091	0.091	0.052	0.014	0.014	0.014	0.014	
0.051	0.051	0.051	0.051	0.051	0.051	0.051	0.130	0.130	0.209	0.209	0.209	0.209	0.209	0.147	0.091	0.091	0.091	0.091	0.091	0.091	0.091	0.052	0.052	0.014	0.014	0.014	0.014	
0.051	0.051	0.051	0.051	0.051	0.051	0.051	0.051	0.130	0.209	0.209	0.209	0.209	0.209	0.147	0.115	0.091	0.091	0.091	0.091	0.091	0.052	0.052	0.014	0.014	0.014	0.014	0.027	
0.051	0.051	0.051	0.051	0.051	0.051	0.051	0.051	0.130	0.130	0.209	0.209	0.209	0.175	0.175	0.115	0.091	0.091	0.091	0.091	0.052	0.052	0.014	0.014	0.014	0.027	0.027	0.027	
0.065	0.065	0.051	0.051	0.051	0.051	0.051	0.051	0.051	0.106	0.134	0.209	0.209	0.175	0.140	0.115	0.091	0.091	0.091	0.052	0.052	0.014	0.014	0.014	0.027	0.027	0.040	0.040	
0.080	0.065	0.065	0.065	0.051	0.051	0.051	0.051	0.051	0.055	0.134	0.134	0.183	0.169	0.140	0.115	0.086	0.059	0.052	0.052	0.014	0.014	0.014	0.027	0.027	0.040	0.040	0.040	
0.080	0.080	0.080	0.065	0.065	0.065	0.051	0.051	0.051	0.055	0.058	0.141	0.183	0.148	0.148	0.084	0.084	0.059	0.044	0.014	0.014	0.027	0.027	0.027	0.040	0.040	0.040	0.040	
0.080	0.080	0.080	0.080	0.080	0.065	0.065	0.065	0.065	0.063	0.058	0.095	0.113	0.306	0.251	0.177	0.028	0.039	0.031	0.032	0.027	0.027	0.040	0.040	0.040	0.040	0.040	0.040	
0.080	0.080	0.080	0.080	0.080	0.080	0.080	0.065	0.070	0.069	0.069	0.064	0.113	0.228	0.456	0.189	0.055	0.054	0.050	0.032	0.035	0.040	0.040	0.040	0.040	0.040	0.040	0.040	
0.080	0.080	0.080	0.080	0.080	0.080	0.080	0.080	0.080	0.080	0.075	0.070	0.070	0.263	0.456	0.269	0.082	0.066	0.050	0.050	0.045	0.040	0.040	0.040	0.040	0.040	0.040	0.040	
0.000	0.000	0.000	0.000	0.000	0.000	0.000	0.000	0.080	0.080	0.000	0.000	0.530	0.505	0.723	0.509	0.000	0.000	0.000	0.000	0.040	0.040	0.040	0.040	0.040	0.040	0.040	0.000	
0.000	0.000	0.000	0.000	0.000	0.000	0.000	0.000	0.000	0.000	0.000	0.000	0.530	0.990	0.990	0.990	0.000	0.000	0.000	0.000	0.000	0.000	0.000	0.000	0.000	0.000	0.000	0.000	
0.000	0.000	0.000	0.000	0.000	0.000	0.000	0.000	0.000	0.000	0.000	0.000	0.990	0.990	0.990	0.990	0.000	0.000	0.000	0.000	0.000	0.000	0.000	0.000	0.000	0.000	0.000	0.000	
0.000	0.000	0.000	0.000	0.000	0.000	0.000	0.000	0.000	0.000	0.000	0.000	0.990	0.990	0.990	0.990	0.000	0.000	0.000	0.000	0.000	0.000	0.000	0.000	0.000	0.000	0.000	0.000	
0.000	0.000	0.000	0.000	0.000	0.000	0.000	0.000	0.000	0.000	0.000	0.000	0.990	0.990	0.990	0.990	0.000	0.000	0.000	0.000	0.000	0.000	0.000	0.000	0.000	0.000	0.000	0.000	
