0.045	0.045	0.045	0.045	0.045	0.045	0.045	0.045	0.047	0.047	0.050	0.050	0.050	0.050	0.050	0.070	0.089	0.089	0.089	0.089	0.089	0.089	0.089	0.089	0.089	0.089	0.089	0.089	
0.045	0.045	0.045	0.045	0.045	0.045	0.045	0.045	0.045	0.047	0.050	0.050	0.050	0.050	0.050	0.070	0.089	0.089	0.089	0.089	0.089	0.089	0.089	0.089	0.089	0.089	0.089	0.089	
0.045	0.045	0.045	0.045	0.045	0.045	0.045	0.045	0.045	0.047	0.050	0.050	0.050	0.050	0.050	0.070	0.089	0.089	0.089	0.089	0.089	0.089	0.089	0.089	0.089	0.089	0.089	0.089	
0.045	0.045	0.045	0.045	0.045	0.045	0.045	0.045	0.045	0.047	0.050	0.050	0.050	0.050	0.050	0.070	0.089	0.089	0.089	0.089	0.089	0.089	0.089	0.089	0.089	0.089	0.089	0.089	
0.045	0.045	0.045	0.045	0.045	0.045	0.045	0.045	0.045	0.047	0.050	0.050	0.050	0.050	0.050	0.070	0.089	0.089	0.089	0.089	0.089	0.089	0.089	0.089	0.089	0.089	0.089	0.089	
0.045	0.045	0.045	0.045	0.045	0.045	0.045	0.045	0.045	0.047	0.050	0.050	0.050	0.050	0.050	0.070	0.089	0.089	0.089	0.089	0.089	0.089	0.089	0.089	0.089	0.089	0.089	0.089	
0.045	0.045	0.045	0.045	0.045	0.045	0.045	0.045	0.045	0.047	0.050	0.050	0.050	0.050	0.050	0.070	0.089	0.089	0.089	0.089	0.089	0.089	0.089	0.089	0.089	0.089	0.089	0.089	
0.045	0.045	0.045	0.045	0.045	0.045	0.045	0.045	0.045	0.047	0.050	0.050	0.050	0.050	0.050	0.070	0.089	0.089	0.089	0.089	0.089	0.089	0.089	0.089	0.089	0.089	0.089	0.089	
0.045	0.045	0.045	0.045	0.045	0.045	0.045	0.045	0.045	0.047	0.050	0.050	0.050	0.050	0.050	0.070	0.089	0.089	0.089	0.089	0.089	0.089	0.089	0.089	0.089	0.089	0.089	0.089	
0.045	0.045	0.045	0.045	0.045	0.045	0.045	0.045	0.045	0.047	0.050	0.050	0.050	0.050	0.050	0.070	0.089	0.089	0.089	0.089	0.089	0.089	0.089	0.089	0.089	0.089	0.089	0.089	
0.045	0.045	0.045	0.045	0.045	0.045	0.045	0.045	0.045	0.047	0.050	0.050	0.050	0.050	0.050	0.070	0.089	0.089	0.089	0.089	0.089	0.089	0.089	0.089	0.089	0.089	0.089	0.089	
0.045	0.045	0.045	0.045	0.045	0.045	0.045	0.045	0.045	0.047	0.050	0.050	0.050	0.050	0.050	0.070	0.089	0.089	0.089	0.089	0.089	0.089	0.089	0.089	0.089	0.089	0.089	0.089	
0.045	0.045	0.045	0.045	0.045	0.045	0.045	0.045	0.045	0.047	0.050	0.050	0.050	0.050	0.050	0.070	0.089	0.089	0.089	0.089	0.089	0.089	0.089	0.089	0.089	0.089	0.089	0.089	
0.045	0.045	0.045	0.045	0.045	0.045	0.045	0.045	0.045	0.047	0.050	0.050	0.050	0.050	0.050	0.070	0.089	0.089	0.089	0.089	0.089	0.089	0.089	0.089	0.089	0.089	0.089	0.089	
0.045	0.045	0.045	0.045	0.045	0.045	0.045	0.045	0.045	0.047	0.050	0.050	0.050	0.050	0.050	0.070	0.089	0.089	0.089	0.089	0.089	0.089	0.089	0.089	0.089	0.089	0.089	0.089	
0.045	0.045	0.045	0.045	0.045	0.045	0.045	0.045	0.045	0.047	0.050	0.050	0.050	0.050	0.050	0.070	0.089	0.089	0.089	0.089	0.089	0.089	0.089	0.089	0.089	0.089	0.089	0.089	
0.045	0.045	0.045	0.045	0.045	0.045	0.045	0.045	0.045	0.047	0.050	0.050	0.050	0.050	0.050	0.070	0.089	0.089	0.089	0.089	0.089	0.089	0.089	0.089	0.089	0.089	0.089	0.089	
0.045	0.045	0.045	0.045	0.045	0.045	0.045	0.045	0.045	0.047	0.050	0.050	0.050	0.050	0.050	0.070	0.089	0.089	0.089	0.089	0.089	0.089	0.089	0.089	0.089	0.089	0.089	0.089	
0.045	0.045	0.045	0.045	0.045	0.045	0.045	0.045	0.045	0.047	0.050	0.050	0.050	0.050	0.050	0.070	0.089	0.089	0.089	0.089	0.089	0.089	0.089	0.089	0.089	0.089	0.089	0.089	
0.045	0.045	0.045	0.045	0.045	0.045	0.045	0.045	0.045	0.047	0.047	0.050	0.050	0.050	0.050	0.070	0.089	0.089	0.089	0.089	0.089	0.089	0.089	0.089	0.089	0.089	0.089	0.089	
0.045	0.045	0.045	0.045	0.045	0.045	0.045	0.045	0.045	0.045	0.047	0.050	0.050	0.050	0.050	0.070	0.089	0.089	0.089	0.089	0.089	0.089	0.089	0.089	0.089	0.089	0.089	0.089	
0.045	0.045	0.045	0.045	0.045	0.045	0.045	0.045	0.045	0.045	0.047	0.050	0.050	0.050	0.050	0.070	0.089	0.089	0.089	0.089	0.089	0.089	0.089	0.089	0.089	0.089	0.089	0.089	
0.045	0.045	0.045	0.045	0.045	0.045	0.045	0.045	0.045	0.045	0.047	0.050	0.050	0.050	0.050	0.070	0.089	0.089	0.089	0.089	0.089	0.089	0.089	0.089	0.089	0.089	0.089	0.089	
0.045	0.045	0.045	0.045	0.045	0.045	0.045	0.045	0.045	0.045	0.047	0.050	0.050	0.050	0.050	0.070	0.089	0.089	0.089	0.089	0.089	0.089	0.089	0.089	0.089	0.089	0.089	0.089	
0.045	0.045	0.045	0.045	0.045	0.045	0.045	0.045	0.045	0.045	0.047	0.050	0.050	0.050	0.050	0.070	0.089	0.089	0.089	0.089	0.089	0.089	0.089	0.089	0.089	0.089	0.089	0.089	
0.045	0.045	0.045	0.045	0.045	0.045	0.045	0.045	0.045	0.045	0.047	0.050	0.050	0.050	0.050	0.070	0.089	0.089	0.089	0.089	0.089	0.089	0.089	0.089	0.089	0.089	0.089	0.089	
0.045	0.045	0.045	0.045	0.045	0.045	0.045	0.045	0.045	0.045	0.047	0.050	0.050	0.050	0.050	0.070	0.089	0.089	0.089	0.089	0.089	0.089	0.089	0.089	0.089	0.089	0.089	0.125	
0.045	0.045	0.045	0.045	0.045	0.045	0.045	0.045	0.045	0.045	0.047	0.050	0.050	0.050	0.050	0.070	0.089	0.089	0.089	0.089	0.089	0.089	0.089	0.089	0.089	0.089	0.089	0.125	
0.045	0.045	0.045	0.045	0.045	0.045	0.045	0.045	0.045	0.045	0.047	0.050	0.050	0.050	0.050	0.070	0.089	0.089	0.089	0.089	0.089	0.089	0.089	0.089	0.089	0.089	0.125	0.125	
0.043	0.045	0.045	0.045	0.045	0.045	0.045	0.045	0.045	0.045	0.047	0.050	0.050	0.050	0.050	0.070	0.089	0.089	0.089	0.089	0.089	0.089	0.089	0.089	0.089	0.089	0.125	0.160	
0.043	0.045	0.045	0.045	0.045	0.045	0.045	0.045	0.045	0.045	0.047	0.050	0.050	0.050	0.050	0.070	0.089	0.089	0.089	0.089	0.089	0.089	0.089	0.089	0.089	0.125	0.125	0.160	
0.043	0.043	0.045	0.045	0.045	0.045	0.045	0.045	0.045	0.045	0.047	0.050	0.050	0.050	0.050	0.070	0.089	0.089	0.089	0.089	0.089	0.089	0.089	0.089	0.089	0.125	0.160	0.160	
0.041	0.043	0.045	0.045	0.045	0.045	0.045	0.045	0.045	0.045	0.047	0.050	0.050	0.050	0.050	0.070	0.089	0.089	0.089	0.089	0.089	0.089	0.089	0.089	0.125	0.125	0.160	0.160	
0.041	0.043	0.043	0.045	0.045	0.045	0.045	0.045	0.045	0.045	0.047	0.050	0.050	0.050	0.050	0.070	0.089	0.089	0.089	0.089	0.089	0.089	0.089	0.089	0.125	0.160	0.160	0.160	
0.041	0.041	0.043	0.043	0.045	0.045	0.045	0.045	0.045	0.045	0.047	0.050	0.050	0.050	0.050	0.070	0.089	0.089	0.089	0.089	0.089	0.089	0.089	0.125	0.125	0.160	0.160	0.160	
0.041	0.041	0.041	0.043	0.045	0.045	0.045	0.045	0.045	0.045	0.047	0.050	0.050	0.050	0.050	0.070	0.089	0.089	0.089	0.089	0.089	0.089	0.089	0.125	0.160	0.160	0.160	0.160	
0.041	0.041	0.041	0.043	0.043	0.045	0.045	0.045	0.045	0.045	0.047	0.050	0.050	0.050	0.050	0.070	0.089	0.089	0.089	0.089	0.089	0.089	0.125	0.125	0.160	0.160	0.160	0.160	
0.041	0.041	0.041	0.041	0.043	0.045	0.045	0.045	0.045	0.045	0.047	0.050	0.050	0.050	0.050	0.070	0.089	0.089	0.089	0.089	0.089	0.089	0.125	0.160	0.160	0.160	0.160	0.160	
0.041	0.041	0.041	0.041	0.043	0.043	0.045	0.045	0.045	0.045	0.047	0.047	0.050	0.050	0.050	0.067	0.089	0.089	0.089	0.089	0.089	0.125	0.125	0.160	0.160	0.160	0.160	0.160	
0.041	0.041	0.041	0.041	0.041	0.043	0.043	0.045	0.045	0.045	0.045	0.047	0.050	0.050	0.055	0.067	0.089	0.089	0.089	0.089	0.089	0.125	0.160	0.160	0.160	0.160	0.160	0.160	
0.041	0.041	0.041	0.041	0.041	0.041	0.043	0.045	0.045	0.045	0.045	0.047	0.050	0.050	0.055	0.075	0.089	0.089	0.089	0.089	0.125	0.125	0.160	0.160	0.160	0.160	0.160	0.160	
0.051	0.041	0.041	0.041	0.041	0.041	0.043	0.043	0.045	0.045	0.045	0.047	0.050	0.050	0.055	0.075	0.075	0.089	0.089	0.089	0.125	0.160	0.160	0.160	0.160	0.160	0.160	0.160	
0.051	0.051	0.051	0.041	0.041	0.041	0.041	0.043	0.045	0.045	0.045	0.047	0.050	0.055	0.055	0.061	0.075	0.089	0.089	0.125	0.125	0.160	0.160	0.160	0.160	0.160	0.160	0.105	
0.060	0.060	0.051	0.051	0.041	0.041	0.041	0.043	0.049	0.045	0.065	0.060	0.068	0.055	0.061	0.061	0.102	0.123	0.127	0.138	0.162	0.160	0.160	0.160	0.160	0.105	0.105	0.105	
0.060	0.060	0.060	0.051	0.051	0.041	0.041	0.041	0.051	0.052	0.064	0.086	0.078	0.074	0.080	0.105	0.109	0.137	0.127	0.164	0.162	0.160	0.160	0.105	0.105	0.105	0.050	0.050	
0.051	0.060	0.060	0.060	0.051	0.051	0.051	0.054	0.054	0.060	0.072	0.086	0.100	0.098	0.098	0.150	0.157	0.119	0.164	0.097	0.118	0.105	0.105	0.105	0.050	0.050	0.050	0.050	
0.051	0.051	0.051	0.060	0.060	0.060	0.054	0.051	0.064	0.064	0.072	0.090	0.100	0.106	0.147	0.150	0.130	0.119	0.077	0.097	0.095	0.080	0.050	0.050	0.050	0.050	0.050	0.051	
0.041	0.041	0.051	0.051	0.051	0.060	0.057	0.061	0.057	0.055	0.071	0.065	0.167	0.157	0.172	0.196	0.111	0.036	0.042	0.045	0.031	0.037	0.050	0.050	0.050	0.051	0.051	0.051	
0.041	0.041	0.041	0.041	0.051	0.050	0.055	0.050	0.050	0.055	0.040	0.065	0.115	0.221	0.295	0.254	0.111	0.065	0.048	0.045	0.041	0.041	0.044	0.050	0.051	0.051	0.051	0.051	
0.041	0.041	0.041	0.041	0.041	0.046	0.050	0.045	0.040	0.040	0.025	0.010	0.115	0.344	0.344	0.283	0.100	0.080	0.060	0.060	0.046	0.032	0.041	0.051	0.051	0.051	0.051	0.051	
0.000	0.000	0.000	0.000	0.000	0.050	0.050	0.050	0.000	0.000	0.010	0.010	0.385	0.344	0.466	0.283	0.000	0.060	0.060	0.060	0.060	0.000	0.000	0.000	0.000	0.000	0.000	0.000	
0.000	0.000	0.000	0.000	0.000	0.000	0.000	0.000	0.000	0.000	0.000	0.000	0.654	0.654	0.654	0.654	0.000	0.000	0.000	0.000	0.000	0.000	0.000	0.000	0.000	0.000	0.000	0.000	
0.000	0.000	0.000	0.000	0.000	0.000	0.000	0.000	0.000	0.000	0.000	0.000	0.842	0.842	0.842	0.842	0.000	0.000	0.000	0.000	0.000	0.000	0.000	0.000	0.000	0.000	0.000	0.000	
0.000	0.000	0.000	0.000	0.000	0.000	0.000	0.000	0.000	0.000	0.000	0.000	0.842	0.842	0.842	0.842	0.000	0.000	0.000	0.000	0.000	0.000	0.000	0.000	0.000	0.000	0.000	0.000	
0.000	0.000	0.000	0.000	0.000	0.000	0.000	0.000	0.000	0.000	0.000	0.000	0.842	0.842	0.842	0.842	0.000	0.000	0.000	0.000	0.000	0.000	0.000	0.000	0.000	0.000	0.000	0.000	
