0.081	0.081	0.081	0.081	0.081	0.081	0.081	0.081	0.081	0.081	0.081	0.081	0.081	0.081	0.175	0.269	0.269	0.269	0.269	0.269	0.269	0.269	0.269	0.269	0.240	0.211	0.211	0.211	
0.081	0.081	0.081	0.081	0.081	0.081	0.081	0.081	0.081	0.081	0.081	0.081	0.081	0.081	0.175	0.269	0.269	0.269	0.269	0.269	0.269	0.269	0.269	0.240	0.240	0.211	0.211	0.211	
0.081	0.081	0.081	0.081	0.081	0.081	0.081	0.081	0.081	0.081	0.081	0.081	0.081	0.081	0.175	0.269	0.269	0.269	0.269	0.269	0.269	0.269	0.269	0.240	0.211	0.211	0.211	0.211	
0.081	0.081	0.081	0.081	0.081	0.081	0.081	0.081	0.081	0.081	0.081	0.081	0.081	0.081	0.175	0.269	0.269	0.269	0.269	0.269	0.269	0.269	0.269	0.240	0.211	0.211	0.211	0.211	
0.081	0.081	0.081	0.081	0.081	0.081	0.081	0.081	0.081	0.081	0.081	0.081	0.081	0.081	0.175	0.269	0.269	0.269	0.269	0.269	0.269	0.269	0.269	0.240	0.211	0.211	0.211	0.211	
0.081	0.081	0.081	0.081	0.081	0.081	0.081	0.081	0.081	0.081	0.081	0.081	0.081	0.175	0.175	0.269	0.269	0.269	0.269	0.269	0.269	0.269	0.269	0.240	0.211	0.211	0.211	0.211	
0.081	0.081	0.081	0.081	0.081	0.081	0.081	0.081	0.081	0.081	0.081	0.081	0.081	0.175	0.269	0.269	0.269	0.269	0.269	0.269	0.269	0.269	0.269	0.240	0.211	0.211	0.211	0.211	
0.081	0.081	0.081	0.081	0.081	0.081	0.081	0.081	0.081	0.081	0.081	0.081	0.081	0.175	0.269	0.269	0.269	0.269	0.269	0.269	0.269	0.269	0.240	0.240	0.211	0.211	0.211	0.211	
0.081	0.081	0.081	0.081	0.081	0.081	0.081	0.081	0.081	0.081	0.081	0.081	0.081	0.175	0.269	0.269	0.269	0.269	0.269	0.269	0.269	0.269	0.240	0.211	0.211	0.211	0.211	0.211	
0.081	0.081	0.081	0.081	0.081	0.081	0.081	0.081	0.081	0.081	0.081	0.081	0.081	0.175	0.269	0.269	0.269	0.269	0.269	0.269	0.269	0.269	0.240	0.211	0.211	0.211	0.211	0.211	
0.081	0.081	0.081	0.081	0.081	0.081	0.081	0.081	0.081	0.081	0.081	0.081	0.081	0.175	0.269	0.269	0.269	0.269	0.269	0.269	0.269	0.269	0.240	0.211	0.211	0.211	0.211	0.211	
0.081	0.081	0.081	0.081	0.081	0.081	0.081	0.081	0.081	0.081	0.081	0.081	0.081	0.175	0.269	0.269	0.269	0.269	0.269	0.269	0.269	0.269	0.240	0.211	0.211	0.211	0.211	0.211	
0.081	0.081	0.081	0.081	0.081	0.081	0.081	0.081	0.081	0.081	0.081	0.081	0.081	0.175	0.269	0.269	0.269	0.269	0.269	0.269	0.269	0.240	0.240	0.211	0.211	0.211	0.211	0.211	
0.081	0.081	0.081	0.081	0.081	0.081	0.081	0.081	0.081	0.081	0.081	0.081	0.081	0.175	0.269	0.269	0.269	0.269	0.269	0.269	0.269	0.240	0.211	0.211	0.211	0.211	0.211	0.211	
0.081	0.081	0.081	0.081	0.081	0.081	0.081	0.081	0.081	0.081	0.081	0.081	0.081	0.175	0.269	0.269	0.269	0.269	0.269	0.269	0.269	0.240	0.211	0.211	0.211	0.211	0.211	0.211	
0.081	0.081	0.081	0.081	0.081	0.081	0.081	0.081	0.081	0.081	0.081	0.081	0.081	0.175	0.269	0.269	0.269	0.269	0.269	0.269	0.269	0.240	0.211	0.211	0.211	0.211	0.211	0.211	
0.081	0.081	0.081	0.081	0.081	0.081	0.081	0.081	0.081	0.081	0.081	0.081	0.081	0.175	0.269	0.269	0.269	0.269	0.269	0.269	0.269	0.240	0.211	0.211	0.211	0.211	0.211	0.211	
0.081	0.081	0.081	0.081	0.081	0.081	0.081	0.081	0.081	0.081	0.081	0.081	0.081	0.175	0.269	0.269	0.269	0.269	0.269	0.269	0.269	0.240	0.211	0.211	0.211	0.211	0.211	0.211	
0.081	0.081	0.081	0.081	0.081	0.081	0.081	0.081	0.081	0.081	0.081	0.081	0.081	0.175	0.269	0.269	0.269	0.269	0.269	0.269	0.240	0.240	0.211	0.211	0.211	0.211	0.211	0.211	
0.081	0.081	0.081	0.081	0.081	0.081	0.081	0.081	0.081	0.081	0.081	0.081	0.081	0.175	0.269	0.269	0.269	0.269	0.269	0.269	0.240	0.211	0.211	0.211	0.211	0.211	0.211	0.211	
0.081	0.081	0.081	0.081	0.081	0.081	0.081	0.081	0.081	0.081	0.081	0.081	0.081	0.175	0.269	0.269	0.269	0.269	0.269	0.269	0.240	0.211	0.211	0.211	0.211	0.211	0.211	0.211	
0.081	0.081	0.081	0.081	0.081	0.081	0.081	0.081	0.081	0.081	0.081	0.081	0.081	0.175	0.269	0.269	0.269	0.269	0.269	0.269	0.240	0.211	0.211	0.211	0.211	0.211	0.211	0.211	
0.081	0.081	0.081	0.081	0.081	0.081	0.081	0.081	0.081	0.081	0.081	0.081	0.081	0.175	0.269	0.269	0.269	0.269	0.269	0.269	0.240	0.211	0.211	0.211	0.211	0.211	0.211	0.211	
0.081	0.081	0.081	0.081	0.081	0.081	0.081	0.081	0.081	0.081	0.081	0.081	0.081	0.175	0.269	0.269	0.269	0.269	0.269	0.240	0.240	0.211	0.211	0.211	0.211	0.211	0.211	0.211	
0.081	0.081	0.081	0.081	0.081	0.081	0.081	0.081	0.081	0.081	0.081	0.081	0.081	0.175	0.269	0.269	0.269	0.269	0.269	0.240	0.211	0.211	0.211	0.211	0.211	0.211	0.211	0.211	
0.081	0.081	0.081	0.081	0.081	0.081	0.081	0.081	0.081	0.081	0.081	0.081	0.081	0.175	0.269	0.269	0.269	0.269	0.269	0.240	0.211	0.211	0.211	0.211	0.211	0.211	0.211	0.211	
0.081	0.081	0.081	0.081	0.081	0.081	0.081	0.081	0.081	0.081	0.081	0.081	0.081	0.175	0.269	0.269	0.269	0.269	0.269	0.240	0.211	0.211	0.211	0.211	0.211	0.211	0.211	0.211	
0.081	0.081	0.081	0.081	0.081	0.081	0.081	0.081	0.081	0.081	0.081	0.081	0.081	0.175	0.269	0.269	0.269	0.269	0.269	0.240	0.211	0.211	0.211	0.211	0.211	0.211	0.211	0.211	
0.081	0.081	0.081	0.081	0.081	0.081	0.081	0.081	0.081	0.081	0.081	0.081	0.081	0.175	0.269	0.269	0.269	0.269	0.269	0.240	0.211	0.211	0.211	0.211	0.211	0.211	0.211	0.211	
0.081	0.081	0.081	0.081	0.081	0.081	0.081	0.081	0.081	0.081	0.081	0.081	0.081	0.175	0.269	0.269	0.269	0.269	0.240	0.240	0.211	0.211	0.211	0.211	0.211	0.211	0.211	0.211	
0.081	0.081	0.081	0.081	0.081	0.081	0.081	0.081	0.081	0.081	0.081	0.081	0.081	0.175	0.269	0.269	0.269	0.269	0.240	0.211	0.211	0.211	0.211	0.211	0.211	0.211	0.211	0.211	
0.081	0.081	0.081	0.081	0.081	0.081	0.081	0.081	0.081	0.081	0.081	0.081	0.081	0.175	0.269	0.269	0.269	0.269	0.240	0.211	0.211	0.211	0.211	0.211	0.211	0.211	0.211	0.211	
0.081	0.081	0.081	0.081	0.081	0.081	0.081	0.081	0.081	0.081	0.081	0.081	0.081	0.175	0.269	0.269	0.269	0.269	0.240	0.211	0.211	0.211	0.211	0.211	0.211	0.211	0.211	0.211	
0.081	0.081	0.081	0.081	0.081	0.081	0.081	0.081	0.081	0.081	0.081	0.081	0.081	0.175	0.269	0.269	0.269	0.269	0.240	0.211	0.211	0.211	0.211	0.211	0.211	0.211	0.211	0.211	
0.081	0.081	0.081	0.081	0.081	0.081	0.081	0.081	0.081	0.081	0.081	0.081	0.081	0.175	0.269	0.269	0.269	0.240	0.240	0.211	0.211	0.211	0.211	0.211	0.211	0.211	0.211	0.211	
0.081	0.081	0.081	0.081	0.081	0.081	0.081	0.081	0.081	0.081	0.081	0.081	0.081	0.175	0.269	0.269	0.269	0.240	0.211	0.211	0.211	0.211	0.211	0.211	0.211	0.211	0.211	0.211	
0.081	0.081	0.081	0.081	0.081	0.081	0.081	0.081	0.081	0.081	0.081	0.081	0.081	0.175	0.269	0.269	0.269	0.240	0.211	0.211	0.211	0.211	0.211	0.211	0.211	0.211	0.211	0.211	
0.105	0.081	0.081	0.081	0.081	0.081	0.081	0.081	0.081	0.081	0.081	0.081	0.175	0.175	0.269	0.269	0.269	0.240	0.211	0.211	0.211	0.211	0.211	0.211	0.211	0.211	0.211	0.211	
0.105	0.105	0.081	0.081	0.081	0.081	0.081	0.081	0.081	0.081	0.081	0.081	0.175	0.269	0.269	0.269	0.269	0.240	0.211	0.211	0.211	0.211	0.211	0.211	0.211	0.211	0.211	0.130	
0.130	0.105	0.105	0.081	0.081	0.081	0.081	0.081	0.081	0.081	0.081	0.081	0.175	0.269	0.269	0.269	0.269	0.240	0.211	0.211	0.211	0.211	0.211	0.211	0.211	0.211	0.130	0.130	
0.130	0.130	0.105	0.105	0.081	0.081	0.081	0.081	0.081	0.081	0.081	0.081	0.175	0.269	0.269	0.269	0.240	0.240	0.211	0.211	0.211	0.211	0.211	0.211	0.211	0.130	0.130	0.050	
0.130	0.130	0.130	0.105	0.105	0.081	0.081	0.081	0.081	0.081	0.081	0.081	0.175	0.269	0.269	0.269	0.240	0.211	0.211	0.211	0.211	0.211	0.211	0.211	0.130	0.130	0.050	0.050	
0.130	0.130	0.130	0.130	0.105	0.105	0.081	0.081	0.081	0.081	0.081	0.081	0.175	0.269	0.269	0.269	0.240	0.211	0.211	0.211	0.211	0.211	0.211	0.130	0.130	0.050	0.050	0.050	
0.130	0.130	0.130	0.130	0.130	0.105	0.105	0.081	0.081	0.081	0.081	0.081	0.175	0.269	0.269	0.269	0.240	0.211	0.211	0.211	0.211	0.211	0.130	0.130	0.050	0.050	0.050	0.050	
0.130	0.130	0.130	0.130	0.130	0.130	0.105	0.105	0.081	0.081	0.081	0.081	0.175	0.269	0.269	0.269	0.240	0.211	0.211	0.211	0.211	0.130	0.130	0.050	0.050	0.050	0.050	0.050	
0.130	0.130	0.130	0.130	0.130	0.130	0.130	0.105	0.105	0.081	0.081	0.081	0.175	0.269	0.269	0.240	0.240	0.211	0.211	0.211	0.130	0.130	0.050	0.050	0.050	0.050	0.050	0.050	
0.130	0.130	0.130	0.130	0.130	0.130	0.130	0.130	0.105	0.105	0.081	0.081	0.175	0.269	0.269	0.240	0.211	0.211	0.211	0.130	0.130	0.050	0.050	0.050	0.050	0.050	0.050	0.050	
0.130	0.130	0.130	0.130	0.130	0.130	0.130	0.130	0.130	0.105	0.124	0.120	0.170	0.269	0.259	0.243	0.211	0.211	0.130	0.130	0.050	0.050	0.050	0.050	0.050	0.050	0.050	0.050	
0.130	0.130	0.130	0.130	0.130	0.130	0.130	0.130	0.130	0.130	0.124	0.160	0.215	0.413	0.259	0.230	0.230	0.170	0.130	0.050	0.050	0.050	0.050	0.050	0.050	0.050	0.050	0.050	
0.130	0.130	0.130	0.130	0.130	0.130	0.130	0.130	0.130	0.130	0.145	0.160	0.568	0.461	0.612	0.248	0.248	0.170	0.050	0.050	0.050	0.050	0.050	0.050	0.050	0.050	0.050	0.050	
0.000	0.000	0.000	0.000	0.000	0.000	0.000	0.000	0.000	0.000	0.000	0.000	0.568	0.975	0.612	0.612	0.000	0.050	0.050	0.050	0.050	0.050	0.050	0.050	0.050	0.050	0.050	0.050	
0.000	0.000	0.000	0.000	0.000	0.000	0.000	0.000	0.000	0.000	0.000	0.000	0.975	0.975	0.975	0.975	0.000	0.000	0.000	0.000	0.000	0.000	0.000	0.000	0.000	0.000	0.000	0.000	
0.000	0.000	0.000	0.000	0.000	0.000	0.000	0.000	0.000	0.000	0.000	0.000	0.975	0.975	0.975	0.975	0.000	0.000	0.000	0.000	0.000	0.000	0.000	0.000	0.000	0.000	0.000	0.000	
0.000	0.000	0.000	0.000	0.000	0.000	0.000	0.000	0.000	0.000	0.000	0.000	0.975	0.975	0.975	0.975	0.000	0.000	0.000	0.000	0.000	0.000	0.000	0.000	0.000	0.000	0.000	0.000	
0.000	0.000	0.000	0.000	0.000	0.000	0.000	0.000	0.000	0.000	0.000	0.000	0.975	0.975	0.975	0.975	0.000	0.000	0.000	0.000	0.000	0.000	0.000	0.000	0.000	0.000	0.000	0.000	
