0.102	0.194	0.194	0.194	0.194	0.208	0.221	0.221	0.221	0.221	0.221	0.221	0.221	0.221	0.221	0.221	0.221	0.221	0.221	0.221	0.221	0.221	0.221	0.221	0.221	0.221	0.221	0.221	
0.102	0.194	0.194	0.194	0.194	0.208	0.221	0.221	0.221	0.221	0.221	0.221	0.221	0.221	0.221	0.221	0.221	0.221	0.221	0.221	0.221	0.221	0.221	0.221	0.221	0.221	0.221	0.221	
0.102	0.102	0.194	0.194	0.194	0.208	0.221	0.221	0.221	0.221	0.221	0.221	0.221	0.221	0.221	0.221	0.221	0.221	0.221	0.221	0.221	0.221	0.221	0.221	0.221	0.221	0.221	0.221	
0.010	0.102	0.194	0.194	0.194	0.208	0.208	0.221	0.221	0.221	0.221	0.221	0.221	0.221	0.221	0.221	0.221	0.221	0.221	0.221	0.221	0.221	0.221	0.221	0.221	0.221	0.221	0.221	
0.010	0.102	0.194	0.194	0.194	0.194	0.208	0.221	0.221	0.221	0.221	0.221	0.221	0.221	0.221	0.221	0.221	0.221	0.221	0.221	0.221	0.221	0.221	0.221	0.221	0.221	0.221	0.221	
0.010	0.102	0.194	0.194	0.194	0.194	0.208	0.221	0.221	0.221	0.221	0.221	0.221	0.221	0.221	0.221	0.221	0.221	0.221	0.221	0.221	0.221	0.221	0.221	0.221	0.221	0.221	0.221	
0.010	0.102	0.102	0.194	0.194	0.194	0.208	0.221	0.221	0.221	0.221	0.221	0.221	0.221	0.221	0.221	0.221	0.221	0.221	0.221	0.221	0.221	0.221	0.221	0.221	0.221	0.221	0.221	
0.010	0.010	0.102	0.194	0.194	0.194	0.208	0.221	0.221	0.221	0.221	0.221	0.221	0.221	0.221	0.221	0.221	0.221	0.221	0.221	0.221	0.221	0.221	0.221	0.221	0.221	0.221	0.221	
0.010	0.010	0.102	0.194	0.194	0.194	0.208	0.208	0.221	0.221	0.221	0.221	0.221	0.221	0.221	0.221	0.221	0.221	0.221	0.221	0.221	0.221	0.221	0.221	0.221	0.221	0.221	0.221	
0.010	0.010	0.102	0.194	0.194	0.194	0.194	0.208	0.221	0.221	0.221	0.221	0.221	0.221	0.221	0.221	0.221	0.221	0.221	0.221	0.221	0.221	0.221	0.221	0.221	0.221	0.221	0.221	
0.010	0.010	0.102	0.194	0.194	0.194	0.194	0.208	0.221	0.221	0.221	0.221	0.221	0.221	0.221	0.221	0.221	0.221	0.221	0.221	0.221	0.221	0.221	0.221	0.221	0.221	0.221	0.128	
0.010	0.010	0.102	0.102	0.194	0.194	0.194	0.208	0.221	0.221	0.221	0.221	0.221	0.221	0.221	0.221	0.221	0.221	0.221	0.221	0.221	0.221	0.221	0.221	0.221	0.221	0.221	0.128	
0.010	0.010	0.010	0.102	0.194	0.194	0.194	0.208	0.221	0.221	0.221	0.221	0.221	0.221	0.221	0.221	0.221	0.221	0.221	0.221	0.221	0.221	0.221	0.221	0.221	0.221	0.221	0.128	
0.010	0.010	0.010	0.102	0.194	0.194	0.194	0.208	0.208	0.221	0.221	0.221	0.221	0.221	0.221	0.221	0.221	0.221	0.221	0.221	0.221	0.221	0.221	0.221	0.221	0.221	0.128	0.128	
0.010	0.010	0.010	0.102	0.194	0.194	0.194	0.194	0.208	0.221	0.221	0.221	0.221	0.221	0.221	0.221	0.221	0.221	0.221	0.221	0.221	0.221	0.221	0.221	0.221	0.221	0.128	0.036	
0.010	0.010	0.010	0.102	0.102	0.194	0.194	0.194	0.208	0.221	0.221	0.221	0.221	0.221	0.221	0.221	0.221	0.221	0.221	0.221	0.221	0.221	0.221	0.221	0.221	0.221	0.128	0.036	
0.010	0.010	0.010	0.010	0.102	0.194	0.194	0.194	0.208	0.221	0.221	0.221	0.221	0.221	0.221	0.221	0.221	0.221	0.221	0.221	0.221	0.221	0.221	0.221	0.221	0.128	0.128	0.036	
0.010	0.010	0.010	0.010	0.102	0.194	0.194	0.194	0.208	0.221	0.221	0.221	0.221	0.221	0.221	0.221	0.221	0.221	0.221	0.221	0.221	0.221	0.221	0.221	0.221	0.128	0.036	0.036	
0.010	0.010	0.010	0.010	0.102	0.194	0.194	0.194	0.208	0.208	0.221	0.221	0.221	0.221	0.221	0.221	0.221	0.221	0.221	0.221	0.221	0.221	0.221	0.221	0.221	0.128	0.036	0.036	
0.010	0.010	0.010	0.010	0.102	0.194	0.194	0.194	0.194	0.208	0.221	0.221	0.221	0.221	0.221	0.221	0.221	0.221	0.221	0.221	0.221	0.221	0.221	0.221	0.128	0.128	0.036	0.036	
0.010	0.010	0.010	0.010	0.102	0.102	0.194	0.194	0.194	0.208	0.221	0.221	0.221	0.221	0.221	0.221	0.221	0.221	0.221	0.221	0.221	0.221	0.221	0.221	0.128	0.036	0.036	0.036	
0.010	0.010	0.010	0.010	0.010	0.102	0.194	0.194	0.194	0.208	0.221	0.221	0.221	0.221	0.221	0.221	0.221	0.221	0.221	0.221	0.221	0.221	0.221	0.221	0.128	0.036	0.036	0.036	
0.010	0.010	0.010	0.010	0.010	0.102	0.194	0.194	0.194	0.208	0.221	0.221	0.221	0.221	0.221	0.221	0.221	0.221	0.221	0.221	0.221	0.221	0.221	0.128	0.128	0.036	0.036	0.036	
0.010	0.010	0.010	0.010	0.010	0.102	0.194	0.194	0.194	0.208	0.208	0.221	0.221	0.221	0.221	0.221	0.221	0.221	0.221	0.221	0.221	0.221	0.221	0.128	0.036	0.036	0.036	0.036	
0.010	0.010	0.010	0.010	0.010	0.102	0.102	0.194	0.194	0.194	0.208	0.221	0.221	0.221	0.221	0.221	0.221	0.221	0.221	0.221	0.221	0.221	0.221	0.128	0.036	0.036	0.036	0.036	
0.010	0.010	0.010	0.010	0.010	0.010	0.102	0.194	0.194	0.194	0.208	0.221	0.221	0.221	0.221	0.221	0.221	0.221	0.221	0.221	0.221	0.221	0.128	0.128	0.036	0.036	0.036	0.036	
0.010	0.010	0.010	0.010	0.010	0.010	0.102	0.194	0.194	0.194	0.208	0.221	0.221	0.221	0.221	0.221	0.221	0.221	0.221	0.221	0.221	0.221	0.128	0.036	0.036	0.036	0.036	0.036	
0.010	0.010	0.010	0.010	0.010	0.010	0.102	0.194	0.194	0.194	0.208	0.221	0.221	0.221	0.221	0.221	0.221	0.221	0.221	0.221	0.221	0.221	0.128	0.036	0.036	0.036	0.036	0.036	
0.010	0.010	0.010	0.010	0.010	0.010	0.102	0.194	0.194	0.194	0.208	0.208	0.221	0.221	0.221	0.221	0.221	0.221	0.221	0.221	0.221	0.128	0.128	0.036	0.036	0.036	0.036	0.036	
0.010	0.010	0.010	0.010	0.010	0.010	0.102	0.102	0.194	0.194	0.194	0.208	0.221	0.221	0.221	0.221	0.221	0.221	0.221	0.221	0.221	0.128	0.036	0.036	0.036	0.036	0.036	0.036	
0.010	0.010	0.010	0.010	0.010	0.010	0.010	0.102	0.194	0.194	0.194	0.208	0.221	0.221	0.221	0.221	0.221	0.221	0.221	0.221	0.221	0.128	0.036	0.036	0.036	0.036	0.036	0.036	
0.010	0.010	0.010	0.010	0.010	0.010	0.010	0.102	0.194	0.194	0.194	0.208	0.221	0.221	0.221	0.221	0.221	0.221	0.221	0.221	0.128	0.128	0.036	0.036	0.036	0.036	0.036	0.036	
0.010	0.010	0.010	0.010	0.010	0.010	0.010	0.102	0.194	0.194	0.194	0.208	0.221	0.221	0.221	0.221	0.221	0.221	0.221	0.221	0.128	0.036	0.036	0.036	0.036	0.036	0.036	0.036	
0.010	0.010	0.010	0.010	0.010	0.010	0.010	0.102	0.102	0.194	0.194	0.208	0.208	0.221	0.221	0.221	0.221	0.221	0.221	0.221	0.128	0.036	0.036	0.036	0.036	0.036	0.036	0.036	
0.010	0.010	0.010	0.010	0.010	0.010	0.010	0.010	0.102	0.194	0.194	0.194	0.208	0.221	0.221	0.221	0.221	0.221	0.221	0.128	0.128	0.036	0.036	0.036	0.036	0.036	0.036	0.036	
0.010	0.010	0.010	0.010	0.010	0.010	0.010	0.010	0.102	0.194	0.194	0.194	0.208	0.221	0.221	0.221	0.221	0.221	0.221	0.128	0.036	0.036	0.036	0.036	0.036	0.036	0.036	0.036	
0.010	0.010	0.010	0.010	0.010	0.010	0.010	0.010	0.102	0.194	0.194	0.194	0.208	0.221	0.221	0.221	0.221	0.221	0.221	0.128	0.036	0.036	0.036	0.036	0.036	0.036	0.036	0.036	
0.030	0.010	0.010	0.010	0.010	0.010	0.010	0.010	0.102	0.194	0.194	0.194	0.208	0.221	0.221	0.221	0.221	0.221	0.128	0.128	0.036	0.036	0.036	0.036	0.036	0.036	0.036	0.036	
0.030	0.030	0.010	0.010	0.010	0.010	0.010	0.010	0.102	0.102	0.194	0.194	0.208	0.208	0.221	0.221	0.221	0.221	0.133	0.036	0.036	0.036	0.036	0.036	0.036	0.036	0.036	0.036	
0.050	0.030	0.030	0.010	0.010	0.010	0.010	0.010	0.010	0.102	0.194	0.194	0.194	0.208	0.221	0.221	0.221	0.182	0.133	0.036	0.036	0.036	0.036	0.036	0.036	0.036	0.036	0.036	
0.050	0.050	0.030	0.030	0.010	0.010	0.010	0.010	0.010	0.102	0.149	0.194	0.194	0.208	0.221	0.221	0.182	0.182	0.090	0.036	0.036	0.036	0.036	0.036	0.036	0.036	0.036	0.036	
0.061	0.050	0.050	0.030	0.030	0.010	0.010	0.010	0.056	0.056	0.149	0.194	0.194	0.208	0.221	0.182	0.182	0.143	0.090	0.036	0.036	0.036	0.036	0.036	0.036	0.036	0.036	0.036	
0.061	0.061	0.050	0.050	0.030	0.030	0.010	0.010	0.056	0.103	0.149	0.120	0.129	0.125	0.122	0.129	0.083	0.143	0.090	0.036	0.036	0.036	0.036	0.036	0.036	0.036	0.036	0.036	
0.072	0.061	0.061	0.050	0.050	0.030	0.030	0.032	0.056	0.078	0.103	0.083	0.063	0.043	0.022	0.069	0.094	0.100	0.073	0.039	0.033	0.034	0.036	0.036	0.036	0.036	0.036	0.040	
0.072	0.072	0.061	0.061	0.050	0.050	0.038	0.032	0.054	0.079	0.092	0.082	0.063	0.054	0.049	0.072	0.117	0.100	0.041	0.036	0.033	0.033	0.033	0.036	0.040	0.040	0.040	0.040	
0.072	0.072	0.072	0.061	0.064	0.060	0.058	0.062	0.054	0.067	0.081	0.074	0.071	0.073	0.076	0.096	0.117	0.073	0.041	0.037	0.030	0.035	0.038	0.040	0.040	0.045	0.045	0.045	
0.062	0.062	0.072	0.072	0.064	0.070	0.070	0.071	0.072	0.076	0.081	0.080	0.078	0.077	0.090	0.099	0.093	0.073	0.047	0.037	0.037	0.035	0.042	0.042	0.045	0.045	0.037	0.037	
0.051	0.062	0.062	0.061	0.067	0.065	0.070	0.077	0.090	0.074	0.081	0.088	0.092	0.117	0.133	0.103	0.082	0.061	0.038	0.040	0.033	0.040	0.035	0.038	0.037	0.037	0.037	0.030	
0.051	0.051	0.051	0.061	0.060	0.067	0.070	0.080	0.070	0.074	0.060	0.079	0.106	0.163	0.162	0.111	0.058	0.028	0.038	0.025	0.033	0.030	0.035	0.035	0.037	0.030	0.030	0.030	
0.051	0.051	0.051	0.055	0.060	0.065	0.071	0.071	0.060	0.050	0.050	0.078	0.271	0.345	0.313	0.115	0.010	0.012	0.014	0.017	0.020	0.025	0.030	0.030	0.030	0.030	0.030	0.030	
0.000	0.000	0.000	0.000	0.000	0.000	0.000	0.000	0.050	0.050	0.000	0.000	0.379	0.708	0.313	0.359	0.010	0.012	0.014	0.000	0.020	0.025	0.030	0.030	0.000	0.000	0.000	0.000	
0.000	0.000	0.000	0.000	0.000	0.000	0.000	0.000	0.000	0.000	0.000	0.000	0.708	0.708	0.708	0.708	0.000	0.000	0.000	0.000	0.000	0.000	0.000	0.000	0.000	0.000	0.000	0.000	
0.000	0.000	0.000	0.000	0.000	0.000	0.000	0.000	0.000	0.000	0.000	0.000	0.855	0.855	0.855	0.855	0.000	0.000	0.000	0.000	0.000	0.000	0.000	0.000	0.000	0.000	0.000	0.000	
0.000	0.000	0.000	0.000	0.000	0.000	0.000	0.000	0.000	0.000	0.000	0.000	1.002	1.002	1.002	1.002	0.000	0.000	0.000	0.000	0.000	0.000	0.000	0.000	0.000	0.000	0.000	0.000	
0.000	0.000	0.000	0.000	0.000	0.000	0.000	0.000	0.000	0.000	0.000	0.000	1.002	1.002	1.002	1.002	0.000	0.000	0.000	0.000	0.000	0.000	0.000	0.000	0.000	0.000	0.000	0.000	
