0.071	0.071	0.071	0.071	0.071	0.071	0.071	0.071	0.071	0.071	0.071	0.071	0.071	0.071	0.071	0.071	0.122	0.173	0.173	0.173	0.173	0.173	0.173	0.173	0.173	0.173	0.173	0.173	
0.071	0.071	0.071	0.071	0.071	0.071	0.071	0.071	0.071	0.071	0.071	0.071	0.071	0.071	0.071	0.071	0.122	0.173	0.173	0.173	0.173	0.173	0.173	0.173	0.173	0.173	0.173	0.173	
0.071	0.071	0.071	0.071	0.071	0.071	0.071	0.071	0.071	0.071	0.071	0.071	0.071	0.071	0.071	0.071	0.122	0.173	0.173	0.173	0.173	0.173	0.173	0.173	0.173	0.173	0.173	0.173	
0.071	0.071	0.071	0.071	0.071	0.071	0.071	0.071	0.071	0.071	0.071	0.071	0.071	0.071	0.071	0.071	0.122	0.173	0.173	0.173	0.173	0.173	0.173	0.173	0.173	0.173	0.173	0.173	
0.071	0.071	0.071	0.071	0.071	0.071	0.071	0.071	0.071	0.071	0.071	0.071	0.071	0.071	0.071	0.071	0.122	0.173	0.173	0.173	0.173	0.173	0.173	0.173	0.173	0.173	0.173	0.173	
0.071	0.071	0.071	0.071	0.071	0.071	0.071	0.071	0.071	0.071	0.071	0.071	0.071	0.071	0.071	0.071	0.122	0.173	0.173	0.173	0.173	0.173	0.173	0.173	0.173	0.173	0.173	0.173	
0.071	0.071	0.071	0.071	0.071	0.071	0.071	0.071	0.071	0.071	0.071	0.071	0.071	0.071	0.071	0.071	0.122	0.173	0.173	0.173	0.173	0.173	0.173	0.173	0.173	0.173	0.173	0.173	
0.071	0.071	0.071	0.071	0.071	0.071	0.071	0.071	0.071	0.071	0.071	0.071	0.071	0.071	0.071	0.071	0.122	0.173	0.173	0.173	0.173	0.173	0.173	0.173	0.173	0.173	0.173	0.173	
0.071	0.071	0.071	0.071	0.071	0.071	0.071	0.071	0.071	0.071	0.071	0.071	0.071	0.071	0.071	0.071	0.122	0.173	0.173	0.173	0.173	0.173	0.173	0.173	0.173	0.173	0.173	0.173	
0.071	0.071	0.071	0.071	0.071	0.071	0.071	0.071	0.071	0.071	0.071	0.071	0.071	0.071	0.071	0.122	0.122	0.173	0.173	0.173	0.173	0.173	0.173	0.173	0.173	0.173	0.173	0.173	
0.071	0.071	0.071	0.071	0.071	0.071	0.071	0.071	0.071	0.071	0.071	0.071	0.071	0.071	0.071	0.122	0.173	0.173	0.173	0.173	0.173	0.173	0.173	0.173	0.173	0.173	0.173	0.173	
0.095	0.071	0.071	0.071	0.071	0.071	0.071	0.071	0.071	0.071	0.071	0.071	0.071	0.071	0.071	0.122	0.173	0.173	0.173	0.173	0.173	0.173	0.173	0.173	0.173	0.173	0.173	0.173	
0.095	0.071	0.071	0.071	0.071	0.071	0.071	0.071	0.071	0.071	0.071	0.071	0.071	0.071	0.071	0.122	0.173	0.173	0.173	0.173	0.173	0.173	0.173	0.173	0.173	0.173	0.173	0.173	
0.095	0.071	0.071	0.071	0.071	0.071	0.071	0.071	0.071	0.071	0.071	0.071	0.071	0.071	0.071	0.122	0.173	0.173	0.173	0.173	0.173	0.173	0.173	0.173	0.173	0.173	0.173	0.173	
0.095	0.095	0.071	0.071	0.071	0.071	0.071	0.071	0.071	0.071	0.071	0.071	0.071	0.071	0.071	0.122	0.173	0.173	0.173	0.173	0.173	0.173	0.173	0.173	0.173	0.173	0.173	0.173	
0.120	0.095	0.071	0.071	0.071	0.071	0.071	0.071	0.071	0.071	0.071	0.071	0.071	0.071	0.071	0.122	0.173	0.173	0.173	0.173	0.173	0.173	0.173	0.173	0.173	0.173	0.173	0.173	
0.120	0.095	0.071	0.071	0.071	0.071	0.071	0.071	0.071	0.071	0.071	0.071	0.071	0.071	0.071	0.122	0.173	0.173	0.173	0.173	0.173	0.173	0.173	0.173	0.173	0.173	0.173	0.173	
0.120	0.095	0.095	0.071	0.071	0.071	0.071	0.071	0.071	0.071	0.071	0.071	0.071	0.071	0.071	0.122	0.173	0.173	0.173	0.173	0.173	0.173	0.173	0.173	0.173	0.173	0.173	0.173	
0.120	0.120	0.095	0.071	0.071	0.071	0.071	0.071	0.071	0.071	0.071	0.071	0.071	0.071	0.071	0.122	0.173	0.173	0.173	0.173	0.173	0.173	0.173	0.173	0.173	0.173	0.173	0.173	
0.120	0.120	0.095	0.071	0.071	0.071	0.071	0.071	0.071	0.071	0.071	0.071	0.071	0.071	0.071	0.122	0.173	0.173	0.173	0.173	0.173	0.173	0.173	0.173	0.173	0.173	0.173	0.173	
0.120	0.120	0.095	0.095	0.071	0.071	0.071	0.071	0.071	0.071	0.071	0.071	0.071	0.071	0.071	0.122	0.173	0.173	0.173	0.173	0.173	0.173	0.173	0.173	0.173	0.173	0.173	0.173	
0.120	0.120	0.120	0.095	0.071	0.071	0.071	0.071	0.071	0.071	0.071	0.071	0.071	0.071	0.071	0.122	0.173	0.173	0.173	0.173	0.173	0.173	0.173	0.173	0.173	0.173	0.173	0.173	
0.120	0.120	0.120	0.095	0.071	0.071	0.071	0.071	0.071	0.071	0.071	0.071	0.071	0.071	0.071	0.122	0.173	0.173	0.173	0.173	0.173	0.173	0.173	0.173	0.173	0.173	0.173	0.173	
0.120	0.120	0.120	0.095	0.095	0.071	0.071	0.071	0.071	0.071	0.071	0.071	0.071	0.071	0.071	0.122	0.173	0.173	0.173	0.173	0.173	0.173	0.173	0.173	0.173	0.173	0.173	0.173	
0.120	0.120	0.120	0.120	0.095	0.071	0.071	0.071	0.071	0.071	0.071	0.071	0.071	0.071	0.071	0.122	0.173	0.173	0.173	0.173	0.173	0.173	0.173	0.173	0.173	0.173	0.173	0.173	
0.120	0.120	0.120	0.120	0.095	0.071	0.071	0.071	0.071	0.071	0.071	0.071	0.071	0.071	0.071	0.122	0.173	0.173	0.173	0.173	0.173	0.173	0.173	0.173	0.173	0.173	0.173	0.112	
0.120	0.120	0.120	0.120	0.095	0.071	0.071	0.071	0.071	0.071	0.071	0.071	0.071	0.071	0.071	0.122	0.173	0.173	0.173	0.173	0.173	0.173	0.173	0.173	0.173	0.173	0.173	0.112	
0.120	0.120	0.120	0.120	0.095	0.095	0.071	0.071	0.071	0.071	0.071	0.071	0.071	0.071	0.071	0.122	0.173	0.173	0.173	0.173	0.173	0.173	0.173	0.173	0.173	0.173	0.112	0.112	
0.120	0.120	0.120	0.120	0.120	0.095	0.071	0.071	0.071	0.071	0.071	0.071	0.071	0.071	0.071	0.122	0.173	0.173	0.173	0.173	0.173	0.173	0.173	0.173	0.173	0.173	0.112	0.051	
0.120	0.120	0.120	0.120	0.120	0.095	0.071	0.071	0.071	0.071	0.071	0.071	0.071	0.071	0.071	0.122	0.173	0.173	0.173	0.173	0.173	0.173	0.173	0.173	0.173	0.112	0.112	0.051	
0.120	0.120	0.120	0.120	0.120	0.095	0.095	0.071	0.071	0.071	0.071	0.071	0.071	0.071	0.071	0.122	0.173	0.173	0.173	0.173	0.173	0.173	0.173	0.173	0.173	0.112	0.051	0.051	
0.120	0.120	0.120	0.120	0.120	0.120	0.095	0.071	0.071	0.071	0.071	0.071	0.071	0.071	0.071	0.122	0.173	0.173	0.173	0.173	0.173	0.173	0.173	0.173	0.112	0.112	0.051	0.051	
0.120	0.120	0.120	0.120	0.120	0.120	0.095	0.071	0.071	0.071	0.071	0.071	0.071	0.071	0.071	0.122	0.173	0.173	0.173	0.173	0.173	0.173	0.173	0.173	0.112	0.051	0.051	0.051	
0.120	0.120	0.120	0.120	0.120	0.120	0.095	0.095	0.071	0.071	0.071	0.071	0.071	0.071	0.071	0.122	0.173	0.173	0.173	0.173	0.173	0.173	0.173	0.112	0.112	0.051	0.051	0.051	
0.120	0.120	0.120	0.120	0.120	0.120	0.120	0.095	0.071	0.071	0.071	0.071	0.071	0.071	0.071	0.122	0.173	0.173	0.173	0.173	0.173	0.173	0.173	0.112	0.051	0.051	0.051	0.051	
0.120	0.120	0.120	0.120	0.120	0.120	0.120	0.095	0.071	0.071	0.071	0.071	0.071	0.071	0.071	0.122	0.173	0.173	0.173	0.173	0.173	0.173	0.112	0.112	0.051	0.051	0.051	0.051	
0.120	0.120	0.120	0.120	0.120	0.120	0.120	0.095	0.095	0.071	0.071	0.071	0.071	0.071	0.071	0.122	0.173	0.173	0.173	0.173	0.173	0.173	0.112	0.051	0.051	0.051	0.051	0.051	
0.120	0.120	0.120	0.120	0.120	0.120	0.120	0.120	0.095	0.071	0.071	0.071	0.071	0.071	0.122	0.122	0.173	0.173	0.173	0.173	0.173	0.112	0.112	0.051	0.051	0.051	0.051	0.051	
0.120	0.120	0.120	0.120	0.120	0.120	0.120	0.120	0.095	0.071	0.071	0.071	0.071	0.071	0.122	0.173	0.173	0.173	0.173	0.173	0.173	0.112	0.051	0.051	0.051	0.051	0.051	0.051	
0.120	0.120	0.120	0.120	0.120	0.120	0.120	0.120	0.095	0.095	0.071	0.071	0.071	0.071	0.122	0.173	0.173	0.173	0.173	0.173	0.112	0.112	0.051	0.051	0.051	0.051	0.051	0.051	
0.120	0.120	0.120	0.120	0.120	0.120	0.120	0.120	0.120	0.095	0.071	0.071	0.071	0.071	0.122	0.173	0.173	0.173	0.173	0.173	0.112	0.051	0.051	0.051	0.051	0.051	0.051	0.051	
0.120	0.120	0.120	0.120	0.120	0.120	0.120	0.120	0.120	0.095	0.071	0.071	0.071	0.071	0.122	0.173	0.173	0.173	0.173	0.112	0.112	0.051	0.051	0.051	0.051	0.051	0.051	0.051	
0.120	0.120	0.120	0.120	0.120	0.120	0.120	0.120	0.120	0.095	0.095	0.071	0.071	0.071	0.122	0.173	0.173	0.173	0.173	0.112	0.051	0.051	0.051	0.051	0.051	0.051	0.041	0.041	
0.120	0.120	0.120	0.120	0.120	0.120	0.120	0.120	0.120	0.120	0.095	0.071	0.071	0.071	0.122	0.173	0.173	0.173	0.112	0.112	0.051	0.051	0.051	0.051	0.051	0.041	0.041	0.032	
0.120	0.120	0.120	0.120	0.120	0.120	0.120	0.120	0.120	0.120	0.109	0.103	0.071	0.071	0.122	0.173	0.173	0.173	0.112	0.051	0.051	0.051	0.051	0.041	0.041	0.041	0.032	0.032	
0.120	0.120	0.120	0.120	0.120	0.120	0.120	0.120	0.120	0.120	0.128	0.103	0.103	0.071	0.122	0.173	0.173	0.112	0.112	0.051	0.051	0.051	0.041	0.041	0.032	0.032	0.032	0.032	
0.120	0.120	0.120	0.120	0.120	0.120	0.120	0.120	0.120	0.120	0.128	0.136	0.103	0.102	0.114	0.193	0.240	0.177	0.051	0.051	0.051	0.041	0.041	0.032	0.032	0.032	0.032	0.032	
0.120	0.120	0.120	0.120	0.120	0.120	0.120	0.120	0.120	0.125	0.129	0.136	0.213	0.118	0.100	0.203	0.307	0.136	0.050	0.041	0.041	0.041	0.032	0.032	0.032	0.032	0.032	0.032	
0.120	0.120	0.120	0.120	0.120	0.120	0.120	0.120	0.123	0.125	0.133	0.223	0.213	0.252	0.100	0.203	0.178	0.178	0.050	0.044	0.032	0.032	0.032	0.032	0.032	0.032	0.032	0.032	
0.120	0.120	0.120	0.120	0.120	0.120	0.120	0.120	0.125	0.130	0.130	0.267	0.403	0.252	0.437	0.316	0.178	0.050	0.050	0.041	0.032	0.032	0.032	0.032	0.032	0.032	0.032	0.032	
0.120	0.120	0.120	0.120	0.120	0.120	0.120	0.120	0.125	0.130	0.000	0.403	0.606	0.606	0.606	0.389	0.000	0.000	0.000	0.000	0.000	0.000	0.000	0.000	0.000	0.000	0.000	0.000	
0.000	0.000	0.000	0.000	0.000	0.000	0.000	0.000	0.000	0.000	0.000	0.000	0.809	0.809	0.809	0.809	0.000	0.000	0.000	0.000	0.000	0.000	0.000	0.000	0.000	0.000	0.000	0.000	
0.000	0.000	0.000	0.000	0.000	0.000	0.000	0.000	0.000	0.000	0.000	0.000	0.809	0.809	0.809	0.809	0.000	0.000	0.000	0.000	0.000	0.000	0.000	0.000	0.000	0.000	0.000	0.000	
0.000	0.000	0.000	0.000	0.000	0.000	0.000	0.000	0.000	0.000	0.000	0.000	0.809	0.809	0.809	0.809	0.000	0.000	0.000	0.000	0.000	0.000	0.000	0.000	0.000	0.000	0.000	0.000	
0.000	0.000	0.000	0.000	0.000	0.000	0.000	0.000	0.000	0.000	0.000	0.000	0.809	0.809	0.809	0.809	0.000	0.000	0.000	0.000	0.000	0.000	0.000	0.000	0.000	0.000	0.000	0.000	
