0.361	0.361	0.361	0.361	0.361	0.361	0.361	0.361	0.361	0.361	0.361	0.361	0.361	0.361	0.361	0.361	0.361	0.361	0.361	0.361	0.361	0.361	0.361	0.361	0.361	0.361	0.361	0.272	
0.361	0.361	0.361	0.361	0.361	0.361	0.361	0.361	0.361	0.361	0.361	0.361	0.361	0.361	0.361	0.361	0.361	0.361	0.361	0.361	0.361	0.361	0.361	0.361	0.361	0.361	0.361	0.272	
0.361	0.361	0.361	0.361	0.361	0.361	0.361	0.361	0.361	0.361	0.361	0.361	0.361	0.361	0.361	0.361	0.361	0.361	0.361	0.361	0.361	0.361	0.361	0.361	0.361	0.361	0.272	0.272	
0.361	0.361	0.361	0.361	0.361	0.361	0.361	0.361	0.361	0.361	0.361	0.361	0.361	0.361	0.361	0.361	0.361	0.361	0.361	0.361	0.361	0.361	0.361	0.361	0.361	0.361	0.272	0.184	
0.361	0.361	0.361	0.361	0.361	0.361	0.361	0.361	0.361	0.361	0.361	0.361	0.361	0.361	0.361	0.361	0.361	0.361	0.361	0.361	0.361	0.361	0.361	0.361	0.361	0.361	0.272	0.184	
0.361	0.361	0.361	0.361	0.361	0.361	0.361	0.361	0.361	0.361	0.361	0.361	0.361	0.361	0.361	0.361	0.361	0.361	0.361	0.361	0.361	0.361	0.361	0.361	0.361	0.272	0.272	0.184	
0.361	0.361	0.361	0.361	0.361	0.361	0.361	0.361	0.361	0.361	0.361	0.361	0.361	0.361	0.361	0.361	0.361	0.361	0.361	0.361	0.361	0.361	0.361	0.361	0.361	0.272	0.184	0.184	
0.361	0.361	0.361	0.361	0.361	0.361	0.361	0.361	0.361	0.361	0.361	0.361	0.361	0.361	0.361	0.361	0.361	0.361	0.361	0.361	0.361	0.361	0.361	0.361	0.272	0.272	0.184	0.184	
0.361	0.361	0.361	0.361	0.361	0.361	0.361	0.361	0.361	0.361	0.361	0.361	0.361	0.361	0.361	0.361	0.361	0.361	0.361	0.361	0.361	0.361	0.361	0.361	0.272	0.184	0.184	0.184	
0.361	0.361	0.361	0.361	0.361	0.361	0.361	0.361	0.361	0.361	0.361	0.361	0.361	0.361	0.361	0.361	0.361	0.361	0.361	0.361	0.361	0.361	0.361	0.361	0.272	0.184	0.184	0.184	
0.361	0.361	0.361	0.361	0.361	0.361	0.361	0.361	0.361	0.361	0.361	0.361	0.361	0.361	0.361	0.361	0.361	0.361	0.361	0.361	0.361	0.361	0.361	0.272	0.272	0.184	0.184	0.184	
0.361	0.361	0.361	0.361	0.361	0.361	0.361	0.361	0.361	0.361	0.361	0.361	0.361	0.361	0.361	0.361	0.361	0.361	0.361	0.361	0.361	0.361	0.361	0.272	0.184	0.184	0.184	0.184	
0.361	0.361	0.361	0.361	0.361	0.361	0.361	0.361	0.361	0.361	0.361	0.361	0.361	0.361	0.361	0.361	0.361	0.361	0.361	0.361	0.361	0.361	0.361	0.272	0.184	0.184	0.184	0.184	
0.361	0.361	0.361	0.361	0.361	0.361	0.361	0.361	0.361	0.361	0.361	0.361	0.361	0.361	0.361	0.361	0.361	0.361	0.361	0.361	0.361	0.361	0.272	0.272	0.184	0.184	0.184	0.184	
0.361	0.361	0.361	0.361	0.361	0.361	0.361	0.361	0.361	0.361	0.361	0.361	0.361	0.361	0.361	0.361	0.361	0.361	0.361	0.361	0.361	0.361	0.272	0.184	0.184	0.184	0.184	0.184	
0.361	0.361	0.361	0.361	0.361	0.361	0.361	0.361	0.361	0.361	0.361	0.361	0.361	0.361	0.361	0.361	0.361	0.361	0.361	0.361	0.361	0.361	0.272	0.184	0.184	0.184	0.184	0.184	
0.361	0.361	0.361	0.361	0.361	0.361	0.361	0.361	0.361	0.361	0.361	0.361	0.361	0.361	0.361	0.361	0.361	0.361	0.361	0.361	0.361	0.272	0.272	0.184	0.184	0.184	0.184	0.184	
0.361	0.361	0.361	0.361	0.361	0.361	0.361	0.361	0.361	0.361	0.361	0.361	0.361	0.361	0.361	0.361	0.361	0.361	0.361	0.361	0.361	0.272	0.184	0.184	0.184	0.184	0.184	0.184	
0.361	0.361	0.361	0.361	0.361	0.361	0.361	0.361	0.361	0.361	0.361	0.361	0.361	0.361	0.361	0.361	0.361	0.361	0.361	0.361	0.361	0.272	0.184	0.184	0.184	0.184	0.184	0.184	
0.361	0.361	0.361	0.361	0.361	0.361	0.361	0.361	0.361	0.361	0.361	0.361	0.361	0.361	0.361	0.361	0.361	0.361	0.361	0.361	0.272	0.272	0.184	0.184	0.184	0.184	0.184	0.184	
0.361	0.361	0.361	0.361	0.361	0.361	0.361	0.361	0.361	0.361	0.361	0.361	0.361	0.361	0.361	0.361	0.361	0.361	0.361	0.361	0.272	0.184	0.184	0.184	0.184	0.184	0.184	0.184	
0.361	0.361	0.361	0.361	0.361	0.361	0.361	0.361	0.361	0.361	0.361	0.361	0.361	0.361	0.361	0.361	0.361	0.361	0.361	0.361	0.272	0.184	0.184	0.184	0.184	0.184	0.184	0.184	
0.361	0.361	0.361	0.361	0.361	0.361	0.361	0.361	0.361	0.361	0.361	0.361	0.361	0.361	0.361	0.361	0.361	0.361	0.361	0.272	0.272	0.184	0.184	0.184	0.184	0.184	0.184	0.184	
0.361	0.361	0.361	0.361	0.361	0.361	0.361	0.361	0.361	0.361	0.361	0.361	0.361	0.361	0.361	0.361	0.361	0.361	0.361	0.272	0.184	0.184	0.184	0.184	0.184	0.184	0.184	0.184	
0.361	0.361	0.361	0.361	0.361	0.361	0.361	0.361	0.361	0.361	0.361	0.361	0.361	0.361	0.361	0.361	0.361	0.361	0.361	0.272	0.184	0.184	0.184	0.184	0.184	0.184	0.184	0.184	
0.304	0.361	0.361	0.361	0.361	0.361	0.361	0.361	0.361	0.361	0.361	0.361	0.361	0.361	0.361	0.361	0.361	0.361	0.272	0.272	0.184	0.184	0.184	0.184	0.184	0.184	0.184	0.184	
0.304	0.304	0.361	0.361	0.361	0.361	0.361	0.361	0.361	0.361	0.361	0.361	0.361	0.361	0.361	0.361	0.361	0.361	0.272	0.184	0.184	0.184	0.184	0.184	0.184	0.184	0.184	0.184	
0.247	0.304	0.361	0.361	0.361	0.361	0.361	0.361	0.361	0.361	0.361	0.361	0.361	0.361	0.361	0.361	0.361	0.361	0.272	0.184	0.184	0.184	0.184	0.184	0.184	0.184	0.184	0.184	
0.247	0.304	0.304	0.361	0.361	0.361	0.361	0.361	0.361	0.361	0.361	0.361	0.361	0.361	0.361	0.361	0.361	0.272	0.272	0.184	0.184	0.184	0.184	0.184	0.184	0.184	0.184	0.184	
0.247	0.247	0.304	0.304	0.361	0.361	0.361	0.361	0.361	0.361	0.361	0.361	0.361	0.361	0.361	0.361	0.361	0.272	0.184	0.184	0.184	0.184	0.184	0.184	0.184	0.184	0.184	0.187	
0.243	0.247	0.247	0.304	0.304	0.361	0.361	0.361	0.361	0.361	0.361	0.361	0.361	0.361	0.361	0.361	0.361	0.272	0.184	0.184	0.184	0.184	0.184	0.184	0.184	0.184	0.184	0.187	
0.243	0.247	0.247	0.247	0.304	0.361	0.361	0.361	0.361	0.361	0.361	0.361	0.361	0.361	0.361	0.361	0.272	0.272	0.184	0.184	0.184	0.184	0.184	0.184	0.184	0.184	0.187	0.187	
0.243	0.243	0.247	0.247	0.304	0.304	0.361	0.361	0.361	0.361	0.361	0.361	0.361	0.361	0.361	0.361	0.272	0.184	0.184	0.184	0.184	0.184	0.184	0.184	0.184	0.187	0.187	0.190	
0.238	0.243	0.247	0.247	0.247	0.304	0.304	0.361	0.361	0.361	0.361	0.361	0.361	0.361	0.361	0.361	0.272	0.184	0.184	0.184	0.184	0.184	0.184	0.184	0.184	0.187	0.190	0.190	
0.238	0.243	0.243	0.247	0.247	0.247	0.304	0.361	0.361	0.361	0.361	0.361	0.361	0.361	0.361	0.272	0.272	0.184	0.184	0.184	0.184	0.184	0.184	0.184	0.187	0.187	0.190	0.190	
0.238	0.238	0.243	0.243	0.247	0.247	0.304	0.304	0.361	0.361	0.361	0.361	0.361	0.361	0.361	0.272	0.184	0.184	0.184	0.184	0.184	0.184	0.184	0.187	0.187	0.190	0.190	0.190	
0.238	0.238	0.238	0.243	0.247	0.247	0.247	0.271	0.282	0.361	0.361	0.361	0.361	0.361	0.250	0.228	0.184	0.184	0.184	0.184	0.184	0.184	0.184	0.187	0.190	0.190	0.190	0.190	
0.238	0.238	0.238	0.243	0.243	0.247	0.247	0.226	0.271	0.282	0.282	0.361	0.361	0.250	0.250	0.162	0.184	0.184	0.184	0.184	0.184	0.184	0.187	0.187	0.190	0.190	0.190	0.190	
0.238	0.238	0.238	0.238	0.243	0.247	0.247	0.247	0.226	0.204	0.282	0.244	0.264	0.222	0.139	0.162	0.162	0.184	0.184	0.184	0.184	0.184	0.187	0.190	0.190	0.190	0.190	0.190	
0.238	0.238	0.238	0.238	0.243	0.243	0.247	0.247	0.226	0.204	0.204	0.186	0.168	0.153	0.139	0.139	0.162	0.184	0.184	0.184	0.184	0.187	0.187	0.190	0.190	0.190	0.190	0.190	
0.238	0.238	0.238	0.238	0.238	0.243	0.247	0.247	0.206	0.186	0.180	0.186	0.168	0.153	0.139	0.139	0.161	0.172	0.172	0.172	0.169	0.187	0.190	0.190	0.190	0.190	0.190	0.190	
0.264	0.238	0.238	0.238	0.238	0.231	0.231	0.228	0.208	0.168	0.168	0.156	0.151	0.147	0.142	0.146	0.151	0.160	0.160	0.151	0.164	0.166	0.190	0.190	0.190	0.190	0.190	0.190	
0.264	0.264	0.264	0.226	0.194	0.199	0.179	0.209	0.188	0.137	0.137	0.144	0.134	0.134	0.144	0.153	0.156	0.160	0.151	0.151	0.166	0.174	0.190	0.190	0.190	0.190	0.190	0.190	
0.291	0.291	0.291	0.226	0.150	0.150	0.179	0.183	0.178	0.144	0.106	0.120	0.125	0.134	0.138	0.141	0.114	0.117	0.105	0.141	0.166	0.190	0.190	0.190	0.190	0.190	0.190	0.190	
0.291	0.291	0.291	0.221	0.221	0.134	0.159	0.161	0.158	0.132	0.103	0.095	0.120	0.133	0.132	0.130	0.099	0.014	0.092	0.131	0.151	0.190	0.190	0.144	0.120	0.120	0.120	0.120	
0.291	0.291	0.291	0.291	0.186	0.134	0.117	0.132	0.139	0.108	0.103	0.089	0.126	0.167	0.155	0.125	0.088	0.014	0.067	0.120	0.155	0.101	0.120	0.120	0.051	0.051	0.051	0.033	
0.240	0.240	0.240	0.240	0.157	0.074	0.074	0.090	0.121	0.079	0.079	0.058	0.113	0.200	0.150	0.125	0.070	0.045	0.070	0.080	0.081	0.101	0.047	0.051	0.051	0.033	0.033	0.033	
0.190	0.190	0.190	0.190	0.087	0.036	0.032	0.071	0.090	0.091	0.072	0.129	0.126	0.200	0.160	0.120	0.098	0.076	0.076	0.077	0.042	0.037	0.042	0.033	0.033	0.033	0.014	0.014	
0.190	0.190	0.190	0.115	0.115	0.036	0.044	0.046	0.087	0.091	0.113	0.129	0.326	0.326	0.280	0.163	0.126	0.088	0.082	0.063	0.048	0.037	0.041	0.032	0.014	0.014	0.014	0.014	
0.190	0.190	0.190	0.115	0.040	0.040	0.044	0.060	0.070	0.081	0.134	0.187	0.389	0.592	0.399	0.206	0.153	0.100	0.085	0.070	0.051	0.032	0.032	0.023	0.014	0.014	0.014	0.014	
0.000	0.000	0.000	0.000	0.000	0.000	0.060	0.060	0.060	0.000	0.000	0.000	0.389	0.592	0.399	0.399	0.000	0.100	0.085	0.070	0.051	0.032	0.032	0.032	0.000	0.000	0.000	0.000	
0.000	0.000	0.000	0.000	0.000	0.000	0.000	0.000	0.000	0.000	0.000	0.000	0.796	0.796	0.796	0.600	0.000	0.000	0.000	0.000	0.000	0.000	0.000	0.000	0.000	0.000	0.000	0.000	
0.000	0.000	0.000	0.000	0.000	0.000	0.000	0.000	0.000	0.000	0.000	0.000	1.001	1.001	1.001	1.001	0.000	0.000	0.000	0.000	0.000	0.000	0.000	0.000	0.000	0.000	0.000	0.000	
0.000	0.000	0.000	0.000	0.000	0.000	0.000	0.000	0.000	0.000	0.000	0.000	1.001	1.001	1.001	1.001	0.000	0.000	0.000	0.000	0.000	0.000	0.000	0.000	0.000	0.000	0.000	0.000	
0.000	0.000	0.000	0.000	0.000	0.000	0.000	0.000	0.000	0.000	0.000	0.000	1.001	1.001	1.001	1.001	0.000	0.000	0.000	0.000	0.000	0.000	0.000	0.000	0.000	0.000	0.000	0.000	
