0.820	0.820	0.820	0.530	0.241	0.241	0.241	0.241	0.241	0.241	0.241	0.241	0.241	0.241	0.241	0.247	0.253	0.253	0.253	0.253	0.253	0.253	0.253	0.253	0.253	0.253	0.253	0.253	
0.820	0.820	0.820	0.530	0.241	0.241	0.241	0.241	0.241	0.241	0.241	0.241	0.241	0.241	0.241	0.247	0.247	0.253	0.253	0.253	0.253	0.253	0.253	0.253	0.253	0.253	0.253	0.253	
0.820	0.820	0.820	0.530	0.241	0.241	0.241	0.241	0.241	0.241	0.241	0.241	0.241	0.241	0.241	0.241	0.247	0.253	0.253	0.253	0.253	0.253	0.253	0.253	0.253	0.253	0.253	0.253	
0.820	0.820	0.820	0.530	0.241	0.241	0.241	0.241	0.241	0.241	0.241	0.241	0.241	0.241	0.241	0.241	0.247	0.253	0.253	0.253	0.253	0.253	0.253	0.253	0.253	0.253	0.253	0.253	
0.820	0.820	0.820	0.530	0.530	0.241	0.241	0.241	0.241	0.241	0.241	0.241	0.241	0.241	0.241	0.241	0.247	0.253	0.253	0.253	0.253	0.253	0.253	0.253	0.253	0.253	0.253	0.253	
0.820	0.820	0.820	0.820	0.530	0.241	0.241	0.241	0.241	0.241	0.241	0.241	0.241	0.241	0.241	0.241	0.247	0.253	0.253	0.253	0.253	0.253	0.253	0.253	0.253	0.253	0.253	0.253	
0.820	0.820	0.820	0.820	0.530	0.241	0.241	0.241	0.241	0.241	0.241	0.241	0.241	0.241	0.241	0.241	0.247	0.253	0.253	0.253	0.253	0.253	0.253	0.253	0.253	0.253	0.253	0.253	
0.820	0.820	0.820	0.820	0.530	0.241	0.241	0.241	0.241	0.241	0.241	0.241	0.241	0.241	0.241	0.241	0.247	0.253	0.253	0.253	0.253	0.253	0.253	0.253	0.253	0.253	0.253	0.253	
0.820	0.820	0.820	0.820	0.530	0.241	0.241	0.241	0.241	0.241	0.241	0.241	0.241	0.241	0.241	0.241	0.247	0.253	0.253	0.253	0.253	0.253	0.253	0.253	0.253	0.253	0.253	0.253	
0.820	0.820	0.820	0.820	0.530	0.530	0.241	0.241	0.241	0.241	0.241	0.241	0.241	0.241	0.241	0.241	0.247	0.253	0.253	0.253	0.253	0.253	0.253	0.253	0.253	0.253	0.253	0.253	
0.820	0.820	0.820	0.820	0.820	0.530	0.241	0.241	0.241	0.241	0.241	0.241	0.241	0.241	0.241	0.241	0.247	0.253	0.253	0.253	0.253	0.253	0.253	0.253	0.253	0.253	0.253	0.253	
0.820	0.820	0.820	0.820	0.820	0.530	0.241	0.241	0.241	0.241	0.241	0.241	0.241	0.241	0.241	0.241	0.247	0.253	0.253	0.253	0.253	0.253	0.253	0.253	0.253	0.253	0.253	0.253	
0.820	0.820	0.820	0.820	0.820	0.530	0.241	0.241	0.241	0.241	0.241	0.241	0.241	0.241	0.241	0.241	0.247	0.253	0.253	0.253	0.253	0.253	0.253	0.253	0.253	0.253	0.253	0.221	
0.820	0.820	0.820	0.820	0.820	0.530	0.241	0.241	0.241	0.241	0.241	0.241	0.241	0.241	0.241	0.241	0.247	0.253	0.253	0.253	0.253	0.253	0.253	0.253	0.253	0.253	0.253	0.221	
0.820	0.820	0.820	0.820	0.820	0.530	0.530	0.241	0.241	0.241	0.241	0.241	0.241	0.241	0.241	0.241	0.247	0.253	0.253	0.253	0.253	0.253	0.253	0.253	0.253	0.253	0.221	0.221	
0.820	0.820	0.820	0.820	0.820	0.820	0.530	0.241	0.241	0.241	0.241	0.241	0.241	0.241	0.241	0.241	0.380	0.253	0.253	0.253	0.253	0.253	0.253	0.253	0.253	0.221	0.221	0.190	
0.820	0.820	0.820	0.820	0.820	0.820	0.605	0.241	0.241	0.241	0.241	0.241	0.241	0.241	0.241	0.241	0.380	0.450	0.253	0.253	0.253	0.253	0.253	0.253	0.253	0.221	0.190	0.190	
0.820	0.820	0.820	0.820	0.820	0.820	0.605	0.241	0.241	0.241	0.241	0.241	0.241	0.241	0.241	0.444	0.444	0.450	0.253	0.253	0.253	0.253	0.253	0.253	0.221	0.221	0.190	0.190	
0.820	0.820	0.820	0.820	0.820	0.786	0.605	0.497	0.241	0.241	0.241	0.241	0.241	0.241	0.241	0.444	0.646	0.450	0.450	0.253	0.253	0.253	0.253	0.253	0.221	0.190	0.190	0.190	
0.820	0.820	0.820	0.820	0.820	0.786	0.753	0.497	0.241	0.241	0.241	0.241	0.241	0.241	0.241	0.444	0.646	0.646	0.450	0.253	0.253	0.253	0.253	0.221	0.221	0.190	0.190	0.538	
0.820	0.820	0.820	0.820	0.786	0.786	0.753	0.497	0.497	0.241	0.241	0.241	0.241	0.241	0.444	0.444	0.646	0.646	0.450	0.253	0.253	0.253	0.221	0.221	0.190	0.190	0.190	0.538	
0.820	0.820	0.820	0.820	0.786	0.753	0.753	0.753	0.497	0.241	0.241	0.241	0.241	0.377	0.467	0.646	0.646	0.646	0.494	0.454	0.389	0.389	0.323	0.190	0.190	0.190	0.538	0.538	
0.820	0.820	0.820	0.786	0.786	0.753	0.753	0.753	0.371	0.292	0.377	0.377	0.377	0.377	0.580	0.646	0.646	0.614	0.614	0.554	0.554	0.526	0.358	0.358	0.190	0.538	0.538	0.886	
0.820	0.820	0.820	0.786	0.753	0.753	0.753	0.437	0.437	0.317	0.317	0.514	0.514	0.514	0.580	0.580	0.646	0.614	0.583	0.583	0.554	0.526	0.526	0.492	0.612	0.612	0.886	0.886	
0.820	0.820	0.786	0.786	0.753	0.753	0.437	0.437	0.120	0.120	0.317	0.514	0.514	0.514	0.547	0.580	0.603	0.603	0.583	0.583	0.554	0.618	0.678	0.643	0.761	0.824	0.886	0.886	
0.820	0.634	0.673	0.600	0.600	0.600	0.440	0.120	0.120	0.120	0.429	0.447	0.447	0.491	0.547	0.580	0.580	0.581	0.687	0.687	0.687	0.662	0.754	0.754	0.761	0.824	0.824	0.886	
0.545	0.634	0.447	0.447	0.447	0.447	0.440	0.120	0.120	0.411	0.400	0.540	0.380	0.480	0.480	0.580	0.580	0.651	0.687	0.792	0.792	0.769	0.747	0.754	0.754	0.761	0.824	0.824	
0.407	0.407	0.407	0.447	0.447	0.447	0.309	0.240	0.394	0.411	0.701	0.540	0.380	0.380	0.480	0.580	0.580	0.686	0.792	0.792	0.792	0.769	0.747	0.747	0.834	0.834	0.877	0.880	
0.367	0.367	0.407	0.407	0.447	0.404	0.404	0.360	0.530	0.530	0.701	0.512	0.512	0.606	0.647	0.781	0.781	0.785	0.792	0.792	0.792	0.769	0.747	0.870	0.870	0.993	0.993	0.993	
0.367	0.367	0.367	0.407	0.571	0.519	0.630	0.360	0.360	0.530	0.578	0.578	0.455	0.606	0.982	0.982	0.982	0.742	0.622	0.622	0.723	0.822	0.837	0.889	0.993	0.993	0.993	0.993	
0.340	0.367	0.367	0.367	0.634	0.900	0.630	0.577	0.415	0.497	0.578	0.455	0.455	0.719	0.982	0.982	0.982	0.717	0.452	0.452	0.689	0.927	0.927	0.960	0.993	0.993	0.993	0.993	
0.340	0.340	0.340	0.634	0.634	0.900	0.685	0.685	0.470	0.463	0.463	0.455	0.455	0.719	0.982	0.982	0.717	0.717	0.452	0.452	0.689	0.927	0.927	0.960	0.960	0.993	0.993	0.993	
0.314	0.314	0.340	0.527	0.900	0.900	0.685	0.470	0.470	0.470	0.323	0.428	0.621	0.742	0.885	0.885	0.685	0.452	0.452	0.452	0.689	0.927	0.927	0.927	0.960	0.993	0.993	0.993	
0.314	0.314	0.314	0.607	0.607	0.900	0.685	0.470	0.256	0.256	0.256	0.415	0.787	0.787	0.787	0.797	0.685	0.536	0.536	0.536	0.689	0.927	0.927	0.927	0.960	0.993	0.993	0.993	
0.329	0.329	0.329	0.329	0.520	0.529	0.509	0.313	0.223	0.042	0.042	0.415	0.787	0.787	0.787	0.704	0.620	0.620	0.620	0.536	0.666	0.773	0.927	0.927	0.960	0.960	0.993	0.993	
0.344	0.344	0.344	0.344	0.488	0.405	0.157	0.157	0.099	0.099	0.042	0.401	0.401	0.787	0.787	0.704	0.620	0.620	0.620	0.620	0.620	0.773	0.773	0.927	0.927	0.960	0.993	0.993	
0.344	0.344	0.344	0.339	0.299	0.188	0.188	0.157	0.157	0.190	0.207	0.207	0.580	0.691	0.773	0.773	0.620	0.620	0.620	0.620	0.620	0.620	0.773	0.927	0.927	0.960	0.993	0.993	
0.344	0.344	0.339	0.339	0.276	0.276	0.188	0.188	0.157	0.264	0.372	0.372	0.642	0.642	0.912	0.766	0.729	0.637	0.637	0.637	0.637	0.637	0.734	0.734	0.791	0.960	0.960	0.993	
0.355	0.347	0.339	0.333	0.333	0.276	0.219	0.188	0.365	0.416	0.545	0.674	0.753	0.912	0.912	0.912	0.784	0.655	0.655	0.655	0.655	0.655	0.655	0.819	0.855	0.955	0.968	0.988	
0.365	0.349	0.349	0.333	0.333	0.390	0.419	0.519	0.469	0.718	0.689	0.674	0.944	0.944	0.912	0.784	0.784	0.655	0.655	0.655	0.655	0.819	0.819	0.819	0.984	0.984	0.984	0.988	
0.365	0.365	0.349	0.344	0.334	0.377	0.619	0.669	0.669	0.718	0.847	0.976	0.976	0.944	0.912	0.784	0.655	0.655	0.655	0.655	0.819	0.819	0.984	0.984	0.984	0.984	0.984	0.984	
0.365	0.365	0.535	0.350	0.335	0.477	0.619	0.619	0.669	0.718	0.847	0.976	0.976	0.944	0.944	0.784	0.655	0.655	0.819	0.819	0.819	0.984	0.984	0.984	0.984	0.984	0.984	0.984	
0.636	0.636	0.535	0.621	0.335	0.477	0.477	0.619	0.674	0.701	0.792	0.976	0.976	0.976	0.833	0.726	0.632	0.750	0.819	0.984	0.984	0.984	0.984	0.984	0.984	0.984	0.984	0.984	
0.636	0.906	0.906	0.621	0.740	0.657	0.645	0.761	0.651	0.683	0.829	0.829	0.857	0.869	0.855	0.610	0.610	0.797	0.797	0.984	0.984	0.984	0.984	0.984	0.984	0.984	0.984	0.984	
0.906	0.906	0.906	0.943	0.943	0.979	0.979	0.831	0.683	0.683	0.683	0.797	0.797	0.945	0.795	0.795	0.610	0.610	0.797	0.984	0.984	0.984	0.984	0.984	0.984	0.984	0.984	0.984	
0.906	0.906	0.906	0.943	0.979	0.979	0.979	0.831	0.683	0.683	0.797	0.797	0.911	0.945	0.980	0.795	0.610	0.610	0.797	0.797	0.984	0.984	0.984	0.984	0.984	0.984	0.984	0.984	
0.906	0.906	0.943	0.943	0.979	0.979	0.979	0.831	0.683	0.683	0.797	0.911	0.911	0.945	0.980	0.795	0.795	0.610	0.610	0.797	0.984	0.984	0.984	0.984	0.984	0.984	0.984	0.984	
0.906	0.906	0.943	0.979	0.979	0.979	0.979	0.831	0.683	0.797	0.797	0.911	0.911	0.945	0.980	0.980	0.795	0.795	0.610	0.797	0.797	0.984	0.984	0.984	0.984	0.984	0.984	0.984	
0.906	0.906	0.943	0.979	0.979	0.979	0.979	0.831	0.797	0.797	0.911	0.911	0.911	0.945	0.980	0.980	0.980	0.795	0.795	0.610	0.797	0.984	0.984	0.984	0.984	0.984	0.984	0.984	
0.906	0.943	0.943	0.979	0.979	0.979	0.979	0.831	0.797	0.911	0.911	0.911	0.911	0.945	0.980	0.980	0.980	0.980	0.795	0.610	0.797	0.797	0.984	0.984	0.984	0.984	0.984	0.984	
0.000	0.000	0.000	0.000	0.000	0.000	0.000	0.000	0.000	0.000	0.000	0.000	0.911	0.945	0.980	0.980	0.000	0.000	0.000	0.000	0.000	0.000	0.000	0.000	0.000	0.000	0.000	0.000	
0.000	0.000	0.000	0.000	0.000	0.000	0.000	0.000	0.000	0.000	0.000	0.000	0.911	0.945	0.980	0.980	0.000	0.000	0.000	0.000	0.000	0.000	0.000	0.000	0.000	0.000	0.000	0.000	
0.000	0.000	0.000	0.000	0.000	0.000	0.000	0.000	0.000	0.000	0.000	0.000	0.911	0.945	0.980	0.980	0.000	0.000	0.000	0.000	0.000	0.000	0.000	0.000	0.000	0.000	0.000	0.000	
0.000	0.000	0.000	0.000	0.000	0.000	0.000	0.000	0.000	0.000	0.000	0.000	0.911	0.945	0.980	0.980	0.000	0.000	0.000	0.000	0.000	0.000	0.000	0.000	0.000	0.000	0.000	0.000	
0.000	0.000	0.000	0.000	0.000	0.000	0.000	0.000	0.000	0.000	0.000	0.000	0.911	0.945	0.980	0.980	0.000	0.000	0.000	0.000	0.000	0.000	0.000	0.000	0.000	0.000	0.000	0.000	
