0.050	0.050	0.050	0.050	0.050	0.050	0.050	0.050	0.050	0.050	0.050	0.050	0.050	0.050	0.050	0.050	0.050	0.050	0.050	0.057	0.063	0.063	0.063	0.062	0.061	0.061	0.061	0.061	
0.050	0.050	0.050	0.050	0.050	0.050	0.050	0.050	0.050	0.050	0.050	0.050	0.050	0.050	0.050	0.050	0.050	0.050	0.050	0.057	0.063	0.063	0.063	0.062	0.061	0.061	0.061	0.061	
0.050	0.050	0.050	0.050	0.050	0.050	0.050	0.050	0.050	0.050	0.050	0.050	0.050	0.050	0.050	0.050	0.050	0.050	0.050	0.057	0.063	0.063	0.063	0.062	0.061	0.061	0.061	0.061	
0.050	0.050	0.050	0.050	0.050	0.050	0.050	0.050	0.050	0.050	0.050	0.050	0.050	0.050	0.050	0.050	0.050	0.050	0.050	0.057	0.063	0.063	0.062	0.062	0.061	0.061	0.061	0.061	
0.050	0.050	0.050	0.050	0.050	0.050	0.050	0.050	0.050	0.050	0.050	0.050	0.050	0.050	0.050	0.050	0.050	0.050	0.050	0.057	0.063	0.063	0.062	0.061	0.061	0.061	0.061	0.061	
0.050	0.050	0.050	0.050	0.050	0.050	0.050	0.050	0.050	0.050	0.050	0.050	0.050	0.050	0.050	0.050	0.050	0.050	0.050	0.057	0.063	0.063	0.062	0.061	0.061	0.061	0.061	0.061	
0.050	0.050	0.050	0.050	0.050	0.050	0.050	0.050	0.050	0.050	0.050	0.050	0.050	0.050	0.050	0.050	0.050	0.050	0.057	0.057	0.063	0.063	0.062	0.061	0.061	0.061	0.061	0.061	
0.050	0.050	0.050	0.050	0.050	0.050	0.050	0.050	0.050	0.050	0.050	0.050	0.050	0.050	0.050	0.050	0.050	0.050	0.057	0.063	0.063	0.063	0.062	0.061	0.061	0.061	0.061	0.061	
0.050	0.050	0.050	0.050	0.050	0.050	0.050	0.050	0.050	0.050	0.050	0.050	0.050	0.050	0.050	0.050	0.050	0.050	0.057	0.063	0.063	0.063	0.062	0.061	0.061	0.061	0.061	0.061	
0.050	0.050	0.050	0.050	0.050	0.050	0.050	0.050	0.050	0.050	0.050	0.050	0.050	0.050	0.050	0.050	0.050	0.050	0.057	0.063	0.063	0.063	0.062	0.061	0.061	0.061	0.061	0.061	
0.050	0.050	0.050	0.050	0.050	0.050	0.050	0.050	0.050	0.050	0.050	0.050	0.050	0.050	0.050	0.050	0.050	0.050	0.057	0.063	0.063	0.062	0.062	0.061	0.061	0.061	0.061	0.061	
0.050	0.050	0.050	0.050	0.050	0.050	0.050	0.050	0.050	0.050	0.050	0.050	0.050	0.050	0.050	0.050	0.050	0.050	0.057	0.063	0.063	0.062	0.061	0.061	0.061	0.061	0.061	0.061	
0.050	0.050	0.050	0.050	0.050	0.050	0.050	0.050	0.050	0.050	0.050	0.050	0.050	0.050	0.050	0.050	0.050	0.057	0.057	0.063	0.063	0.062	0.061	0.061	0.061	0.061	0.061	0.061	
0.050	0.050	0.050	0.050	0.050	0.050	0.050	0.050	0.050	0.050	0.050	0.050	0.050	0.050	0.050	0.050	0.050	0.057	0.063	0.063	0.063	0.062	0.061	0.061	0.061	0.061	0.061	0.061	
0.051	0.050	0.050	0.050	0.050	0.050	0.050	0.050	0.050	0.050	0.050	0.050	0.050	0.050	0.050	0.050	0.050	0.057	0.063	0.063	0.063	0.062	0.061	0.061	0.061	0.061	0.061	0.061	
0.051	0.050	0.050	0.050	0.050	0.050	0.050	0.050	0.050	0.050	0.050	0.050	0.050	0.050	0.050	0.050	0.050	0.057	0.063	0.063	0.063	0.062	0.061	0.061	0.061	0.061	0.061	0.061	
0.051	0.050	0.050	0.050	0.050	0.050	0.050	0.050	0.050	0.050	0.050	0.050	0.050	0.050	0.050	0.050	0.050	0.057	0.063	0.063	0.063	0.062	0.061	0.061	0.061	0.061	0.061	0.061	
0.051	0.051	0.050	0.050	0.050	0.050	0.050	0.050	0.050	0.050	0.050	0.050	0.050	0.050	0.050	0.050	0.050	0.057	0.063	0.063	0.062	0.062	0.061	0.061	0.061	0.061	0.061	0.061	
0.051	0.051	0.050	0.050	0.050	0.050	0.050	0.050	0.050	0.050	0.050	0.050	0.050	0.050	0.050	0.050	0.050	0.057	0.063	0.063	0.062	0.061	0.061	0.061	0.061	0.061	0.061	0.061	
0.051	0.051	0.050	0.050	0.050	0.050	0.050	0.050	0.050	0.050	0.050	0.050	0.050	0.050	0.050	0.050	0.057	0.057	0.063	0.063	0.062	0.061	0.061	0.061	0.061	0.061	0.061	0.061	
0.051	0.051	0.051	0.050	0.050	0.050	0.050	0.050	0.050	0.050	0.050	0.050	0.050	0.050	0.050	0.050	0.057	0.063	0.063	0.063	0.062	0.061	0.061	0.061	0.061	0.061	0.061	0.061	
0.051	0.051	0.051	0.050	0.050	0.050	0.050	0.050	0.050	0.050	0.050	0.050	0.050	0.050	0.050	0.050	0.057	0.063	0.063	0.063	0.062	0.061	0.061	0.061	0.061	0.061	0.061	0.061	
0.051	0.051	0.051	0.050	0.050	0.050	0.050	0.050	0.050	0.050	0.050	0.050	0.050	0.050	0.050	0.050	0.057	0.063	0.063	0.063	0.062	0.061	0.061	0.061	0.061	0.061	0.061	0.061	
0.051	0.051	0.051	0.051	0.050	0.050	0.050	0.050	0.050	0.050	0.050	0.050	0.050	0.050	0.050	0.050	0.057	0.063	0.063	0.063	0.062	0.061	0.061	0.061	0.061	0.061	0.061	0.061	
0.051	0.051	0.051	0.051	0.050	0.050	0.050	0.050	0.050	0.050	0.050	0.050	0.050	0.050	0.050	0.050	0.057	0.063	0.063	0.062	0.062	0.061	0.061	0.061	0.061	0.061	0.061	0.061	
0.051	0.051	0.051	0.051	0.050	0.050	0.050	0.050	0.050	0.050	0.050	0.050	0.050	0.050	0.050	0.057	0.057	0.063	0.063	0.062	0.061	0.061	0.061	0.061	0.061	0.061	0.061	0.061	
0.051	0.051	0.051	0.051	0.050	0.050	0.050	0.050	0.050	0.050	0.050	0.050	0.050	0.050	0.050	0.057	0.063	0.063	0.063	0.062	0.061	0.061	0.061	0.061	0.061	0.061	0.061	0.061	
0.051	0.051	0.051	0.051	0.051	0.050	0.050	0.050	0.050	0.050	0.050	0.050	0.050	0.050	0.050	0.057	0.063	0.063	0.063	0.062	0.061	0.061	0.061	0.061	0.061	0.061	0.061	0.061	
0.051	0.051	0.051	0.051	0.051	0.050	0.050	0.050	0.050	0.050	0.050	0.050	0.050	0.050	0.050	0.057	0.063	0.063	0.063	0.062	0.061	0.061	0.061	0.061	0.061	0.061	0.061	0.061	
0.051	0.051	0.051	0.051	0.051	0.050	0.050	0.050	0.050	0.050	0.050	0.050	0.050	0.050	0.050	0.057	0.063	0.063	0.063	0.062	0.061	0.061	0.061	0.061	0.061	0.061	0.061	0.061	
0.051	0.051	0.051	0.051	0.051	0.051	0.050	0.050	0.050	0.050	0.050	0.050	0.050	0.050	0.050	0.057	0.063	0.063	0.063	0.062	0.061	0.061	0.061	0.061	0.061	0.061	0.061	0.061	
0.051	0.051	0.051	0.051	0.051	0.051	0.050	0.050	0.050	0.050	0.050	0.050	0.050	0.050	0.050	0.057	0.063	0.063	0.062	0.062	0.061	0.061	0.061	0.061	0.061	0.061	0.061	0.061	
0.051	0.051	0.051	0.051	0.051	0.051	0.050	0.050	0.050	0.050	0.050	0.050	0.050	0.050	0.057	0.057	0.063	0.063	0.062	0.061	0.061	0.061	0.061	0.061	0.061	0.061	0.061	0.061	
0.051	0.051	0.051	0.051	0.051	0.051	0.051	0.050	0.050	0.050	0.050	0.050	0.050	0.050	0.057	0.063	0.063	0.063	0.062	0.061	0.061	0.061	0.061	0.061	0.061	0.061	0.061	0.061	
0.051	0.051	0.051	0.051	0.051	0.051	0.051	0.050	0.050	0.050	0.050	0.050	0.050	0.050	0.057	0.063	0.063	0.063	0.062	0.061	0.061	0.061	0.061	0.061	0.061	0.061	0.061	0.061	
0.051	0.051	0.051	0.051	0.051	0.051	0.051	0.050	0.050	0.050	0.050	0.050	0.050	0.050	0.057	0.063	0.063	0.063	0.062	0.061	0.061	0.061	0.061	0.061	0.061	0.061	0.061	0.061	
0.051	0.051	0.051	0.051	0.051	0.051	0.051	0.051	0.050	0.050	0.050	0.050	0.050	0.050	0.057	0.063	0.063	0.063	0.062	0.061	0.061	0.061	0.061	0.061	0.061	0.061	0.061	0.045	
0.044	0.051	0.051	0.051	0.051	0.051	0.051	0.051	0.050	0.050	0.050	0.050	0.050	0.050	0.057	0.063	0.063	0.063	0.062	0.061	0.061	0.061	0.061	0.061	0.061	0.061	0.045	0.045	
0.044	0.044	0.051	0.051	0.051	0.051	0.051	0.051	0.050	0.050	0.050	0.050	0.050	0.057	0.057	0.063	0.063	0.062	0.062	0.061	0.061	0.061	0.061	0.061	0.061	0.045	0.045	0.028	
0.036	0.044	0.044	0.051	0.051	0.051	0.051	0.051	0.051	0.050	0.050	0.050	0.050	0.057	0.063	0.063	0.063	0.064	0.061	0.061	0.061	0.061	0.061	0.061	0.045	0.045	0.028	0.028	
0.036	0.036	0.044	0.044	0.044	0.051	0.051	0.051	0.051	0.050	0.050	0.050	0.050	0.057	0.063	0.063	0.063	0.064	0.064	0.061	0.061	0.061	0.061	0.045	0.045	0.028	0.028	0.028	
0.036	0.036	0.036	0.036	0.044	0.044	0.051	0.051	0.051	0.053	0.054	0.050	0.050	0.057	0.063	0.063	0.065	0.065	0.064	0.061	0.061	0.061	0.045	0.045	0.028	0.028	0.028	0.028	
0.029	0.029	0.036	0.036	0.036	0.044	0.044	0.051	0.051	0.055	0.054	0.056	0.055	0.058	0.063	0.065	0.065	0.067	0.064	0.061	0.061	0.045	0.045	0.028	0.028	0.028	0.025	0.025	
0.022	0.029	0.029	0.036	0.036	0.036	0.044	0.044	0.040	0.040	0.058	0.056	0.061	0.062	0.068	0.070	0.074	0.067	0.053	0.046	0.045	0.045	0.028	0.028	0.028	0.025	0.025	0.022	
0.022	0.022	0.029	0.029	0.029	0.036	0.036	0.032	0.030	0.034	0.061	0.061	0.061	0.071	0.071	0.081	0.074	0.057	0.057	0.046	0.040	0.028	0.028	0.025	0.025	0.025	0.022	0.022	
0.011	0.022	0.022	0.022	0.029	0.029	0.028	0.022	0.010	0.037	0.044	0.062	0.065	0.071	0.077	0.078	0.077	0.073	0.052	0.032	0.027	0.025	0.025	0.025	0.022	0.022	0.022	0.016	
0.011	0.011	0.011	0.022	0.022	0.026	0.026	0.015	0.017	0.032	0.043	0.057	0.061	0.071	0.076	0.077	0.077	0.046	0.041	0.025	0.027	0.025	0.024	0.022	0.022	0.016	0.016	0.016	
0.000	0.000	0.011	0.011	0.022	0.021	0.020	0.020	0.024	0.022	0.045	0.045	0.060	0.078	0.088	0.096	0.088	0.068	0.020	0.021	0.021	0.021	0.022	0.022	0.016	0.016	0.010	0.010	
0.000	0.000	0.000	0.011	0.014	0.021	0.020	0.023	0.024	0.027	0.034	0.040	0.081	0.081	0.133	0.140	0.063	0.049	0.018	0.020	0.021	0.021	0.021	0.017	0.016	0.010	0.010	0.010	
0.000	0.000	0.000	0.000	0.010	0.020	0.020	0.025	0.030	0.030	0.030	0.040	0.237	0.365	0.170	0.170	0.118	0.014	0.017	0.020	0.020	0.020	0.020	0.015	0.010	0.010	0.010	0.010	
0.000	0.000	0.000	0.000	0.000	0.000	0.000	0.030	0.030	0.030	0.000	0.000	0.393	0.365	0.492	0.228	0.000	0.000	0.000	0.000	0.000	0.000	0.000	0.000	0.000	0.000	0.000	0.000	
0.000	0.000	0.000	0.000	0.000	0.000	0.000	0.000	0.000	0.000	0.000	0.000	0.757	0.757	0.492	0.492	0.000	0.000	0.000	0.000	0.000	0.000	0.000	0.000	0.000	0.000	0.000	0.000	
0.000	0.000	0.000	0.000	0.000	0.000	0.000	0.000	0.000	0.000	0.000	0.000	0.757	0.757	0.757	0.757	0.000	0.000	0.000	0.000	0.000	0.000	0.000	0.000	0.000	0.000	0.000	0.000	
0.000	0.000	0.000	0.000	0.000	0.000	0.000	0.000	0.000	0.000	0.000	0.000	0.757	0.757	0.757	0.757	0.000	0.000	0.000	0.000	0.000	0.000	0.000	0.000	0.000	0.000	0.000	0.000	
0.000	0.000	0.000	0.000	0.000	0.000	0.000	0.000	0.000	0.000	0.000	0.000	0.757	0.757	0.757	0.757	0.000	0.000	0.000	0.000	0.000	0.000	0.000	0.000	0.000	0.000	0.000	0.000	
