0.067	0.067	0.067	0.067	0.067	0.067	0.067	0.067	0.067	0.067	0.067	0.067	0.067	0.067	0.067	0.067	0.067	0.067	0.067	0.067	0.067	0.067	0.067	0.067	0.074	0.080	0.080	0.080	
0.067	0.067	0.067	0.067	0.067	0.067	0.067	0.067	0.067	0.067	0.067	0.067	0.067	0.067	0.067	0.067	0.067	0.067	0.067	0.067	0.067	0.067	0.067	0.067	0.074	0.080	0.080	0.080	
0.067	0.067	0.067	0.067	0.067	0.067	0.067	0.067	0.067	0.067	0.067	0.067	0.067	0.067	0.067	0.067	0.067	0.067	0.067	0.067	0.067	0.067	0.067	0.067	0.074	0.080	0.080	0.080	
0.067	0.067	0.067	0.067	0.067	0.067	0.067	0.067	0.067	0.067	0.067	0.067	0.067	0.067	0.067	0.067	0.067	0.067	0.067	0.067	0.067	0.067	0.067	0.067	0.074	0.080	0.080	0.080	
0.067	0.067	0.067	0.067	0.067	0.067	0.067	0.067	0.067	0.067	0.067	0.067	0.067	0.067	0.067	0.067	0.067	0.067	0.067	0.067	0.067	0.067	0.067	0.074	0.074	0.080	0.080	0.080	
0.067	0.067	0.067	0.067	0.067	0.067	0.067	0.067	0.067	0.067	0.067	0.067	0.067	0.067	0.067	0.067	0.067	0.067	0.067	0.067	0.067	0.067	0.067	0.074	0.080	0.080	0.080	0.080	
0.067	0.067	0.067	0.067	0.067	0.067	0.067	0.067	0.067	0.067	0.067	0.067	0.067	0.067	0.067	0.067	0.067	0.067	0.067	0.067	0.067	0.067	0.067	0.074	0.080	0.080	0.080	0.080	
0.114	0.067	0.067	0.067	0.067	0.067	0.067	0.067	0.067	0.067	0.067	0.067	0.067	0.067	0.067	0.067	0.067	0.067	0.067	0.067	0.067	0.067	0.067	0.074	0.080	0.080	0.080	0.080	
0.114	0.067	0.067	0.067	0.067	0.067	0.067	0.067	0.067	0.067	0.067	0.067	0.067	0.067	0.067	0.067	0.067	0.067	0.067	0.067	0.067	0.067	0.067	0.074	0.080	0.080	0.080	0.080	
0.114	0.067	0.067	0.067	0.067	0.067	0.067	0.067	0.067	0.067	0.067	0.067	0.067	0.067	0.067	0.067	0.067	0.067	0.067	0.067	0.067	0.067	0.074	0.074	0.080	0.080	0.080	0.080	
0.114	0.114	0.067	0.067	0.067	0.067	0.067	0.067	0.067	0.067	0.067	0.067	0.067	0.067	0.067	0.067	0.067	0.067	0.067	0.067	0.067	0.067	0.074	0.080	0.080	0.080	0.080	0.080	
0.160	0.114	0.067	0.067	0.067	0.067	0.067	0.067	0.067	0.067	0.067	0.067	0.067	0.067	0.067	0.067	0.067	0.067	0.067	0.067	0.067	0.067	0.074	0.080	0.080	0.080	0.080	0.080	
0.160	0.114	0.067	0.067	0.067	0.067	0.067	0.067	0.067	0.067	0.067	0.067	0.067	0.067	0.067	0.067	0.067	0.067	0.067	0.067	0.067	0.067	0.074	0.080	0.080	0.080	0.080	0.080	
0.160	0.114	0.114	0.067	0.067	0.067	0.067	0.067	0.067	0.067	0.067	0.067	0.067	0.067	0.067	0.067	0.067	0.067	0.067	0.067	0.067	0.067	0.074	0.080	0.080	0.080	0.080	0.080	
0.160	0.160	0.114	0.067	0.067	0.067	0.067	0.067	0.067	0.067	0.067	0.067	0.067	0.067	0.067	0.067	0.067	0.067	0.067	0.067	0.067	0.074	0.074	0.080	0.080	0.080	0.080	0.080	
0.160	0.160	0.114	0.067	0.067	0.067	0.067	0.067	0.067	0.067	0.067	0.067	0.067	0.067	0.067	0.067	0.067	0.067	0.067	0.067	0.067	0.074	0.080	0.080	0.080	0.080	0.080	0.080	
0.160	0.160	0.114	0.067	0.067	0.067	0.067	0.067	0.067	0.067	0.067	0.067	0.067	0.067	0.067	0.067	0.067	0.067	0.067	0.067	0.067	0.074	0.080	0.080	0.080	0.080	0.080	0.080	
0.160	0.160	0.114	0.114	0.067	0.067	0.067	0.067	0.067	0.067	0.067	0.067	0.067	0.067	0.067	0.067	0.067	0.067	0.067	0.067	0.067	0.074	0.080	0.080	0.080	0.080	0.080	0.080	
0.160	0.160	0.160	0.114	0.067	0.067	0.067	0.067	0.067	0.067	0.067	0.067	0.067	0.067	0.067	0.067	0.067	0.067	0.067	0.067	0.067	0.074	0.080	0.080	0.080	0.080	0.080	0.080	
0.160	0.160	0.160	0.114	0.067	0.067	0.067	0.067	0.067	0.067	0.067	0.067	0.067	0.067	0.067	0.067	0.067	0.067	0.067	0.067	0.074	0.074	0.080	0.080	0.080	0.080	0.080	0.080	
0.160	0.160	0.160	0.114	0.114	0.067	0.067	0.067	0.067	0.067	0.067	0.067	0.067	0.067	0.067	0.067	0.067	0.067	0.067	0.067	0.074	0.080	0.080	0.080	0.080	0.080	0.080	0.080	
0.160	0.160	0.160	0.160	0.114	0.067	0.067	0.067	0.067	0.067	0.067	0.067	0.067	0.067	0.067	0.067	0.067	0.067	0.067	0.067	0.074	0.080	0.080	0.080	0.080	0.080	0.080	0.080	
0.160	0.160	0.160	0.160	0.114	0.067	0.067	0.067	0.067	0.067	0.067	0.067	0.067	0.067	0.067	0.067	0.067	0.067	0.067	0.067	0.074	0.080	0.080	0.080	0.080	0.080	0.080	0.080	
0.160	0.160	0.160	0.160	0.114	0.114	0.067	0.067	0.067	0.067	0.067	0.067	0.067	0.067	0.067	0.067	0.067	0.067	0.067	0.067	0.074	0.080	0.080	0.080	0.080	0.080	0.080	0.080	
0.160	0.160	0.160	0.160	0.160	0.114	0.067	0.067	0.067	0.067	0.067	0.067	0.067	0.067	0.067	0.067	0.067	0.067	0.067	0.083	0.074	0.080	0.080	0.080	0.080	0.080	0.080	0.080	
0.160	0.160	0.160	0.160	0.160	0.114	0.067	0.067	0.067	0.067	0.067	0.067	0.067	0.067	0.067	0.067	0.067	0.067	0.067	0.083	0.080	0.080	0.080	0.080	0.080	0.080	0.080	0.080	
0.160	0.160	0.160	0.160	0.160	0.114	0.114	0.067	0.067	0.067	0.067	0.067	0.067	0.067	0.067	0.067	0.067	0.067	0.067	0.083	0.080	0.080	0.080	0.080	0.080	0.080	0.080	0.080	
0.160	0.160	0.160	0.160	0.160	0.160	0.114	0.067	0.067	0.067	0.067	0.067	0.067	0.067	0.067	0.067	0.067	0.067	0.084	0.083	0.080	0.080	0.080	0.080	0.080	0.080	0.080	0.080	
0.160	0.160	0.160	0.160	0.160	0.160	0.114	0.067	0.067	0.067	0.067	0.067	0.067	0.067	0.067	0.067	0.067	0.067	0.084	0.090	0.080	0.080	0.080	0.080	0.080	0.080	0.080	0.080	
0.160	0.160	0.160	0.160	0.160	0.160	0.114	0.067	0.067	0.067	0.067	0.067	0.067	0.067	0.067	0.067	0.067	0.067	0.084	0.090	0.080	0.080	0.080	0.080	0.080	0.080	0.080	0.080	
0.160	0.160	0.160	0.160	0.160	0.160	0.114	0.114	0.067	0.067	0.067	0.067	0.067	0.067	0.067	0.067	0.067	0.084	0.084	0.090	0.080	0.080	0.080	0.080	0.080	0.080	0.080	0.080	
0.160	0.160	0.160	0.160	0.160	0.160	0.160	0.114	0.067	0.067	0.067	0.067	0.067	0.067	0.067	0.067	0.067	0.084	0.090	0.090	0.080	0.080	0.080	0.080	0.080	0.080	0.080	0.080	
0.160	0.160	0.160	0.160	0.160	0.160	0.160	0.114	0.067	0.067	0.067	0.067	0.067	0.067	0.067	0.067	0.067	0.084	0.090	0.080	0.080	0.080	0.080	0.080	0.080	0.080	0.080	0.080	
0.116	0.160	0.160	0.160	0.160	0.160	0.160	0.114	0.114	0.067	0.067	0.067	0.067	0.067	0.067	0.067	0.084	0.084	0.090	0.080	0.080	0.080	0.080	0.080	0.080	0.080	0.080	0.080	
0.116	0.160	0.160	0.160	0.160	0.160	0.160	0.160	0.114	0.067	0.067	0.067	0.067	0.067	0.067	0.067	0.084	0.100	0.090	0.080	0.080	0.080	0.080	0.080	0.080	0.080	0.080	0.080	
0.116	0.116	0.160	0.160	0.160	0.160	0.160	0.160	0.114	0.067	0.067	0.067	0.067	0.067	0.067	0.067	0.084	0.100	0.090	0.080	0.080	0.080	0.080	0.080	0.080	0.080	0.080	0.080	
0.072	0.116	0.116	0.160	0.160	0.160	0.160	0.160	0.114	0.114	0.067	0.067	0.067	0.067	0.067	0.084	0.084	0.100	0.090	0.080	0.080	0.080	0.080	0.080	0.080	0.080	0.080	0.085	
0.072	0.072	0.116	0.116	0.160	0.160	0.160	0.160	0.160	0.114	0.067	0.067	0.067	0.067	0.067	0.084	0.100	0.100	0.090	0.080	0.080	0.080	0.080	0.080	0.080	0.080	0.085	0.085	
0.072	0.072	0.072	0.116	0.160	0.160	0.160	0.160	0.160	0.114	0.067	0.067	0.067	0.067	0.067	0.084	0.100	0.100	0.090	0.080	0.080	0.080	0.080	0.080	0.080	0.085	0.085	0.090	
0.072	0.072	0.072	0.116	0.116	0.160	0.160	0.160	0.160	0.114	0.067	0.067	0.067	0.067	0.084	0.084	0.100	0.090	0.090	0.080	0.080	0.080	0.080	0.080	0.085	0.085	0.090	0.090	
0.072	0.072	0.072	0.072	0.116	0.116	0.160	0.160	0.160	0.114	0.129	0.067	0.067	0.067	0.084	0.100	0.100	0.090	0.080	0.080	0.080	0.080	0.080	0.085	0.085	0.090	0.090	0.090	
0.072	0.072	0.072	0.072	0.072	0.116	0.160	0.160	0.160	0.159	0.129	0.113	0.067	0.067	0.084	0.100	0.100	0.104	0.106	0.080	0.080	0.080	0.085	0.085	0.090	0.090	0.090	0.090	
0.058	0.058	0.072	0.072	0.072	0.116	0.116	0.160	0.160	0.159	0.158	0.113	0.120	0.100	0.100	0.100	0.116	0.116	0.106	0.080	0.080	0.085	0.085	0.090	0.090	0.090	0.056	0.056	
0.045	0.058	0.058	0.072	0.072	0.072	0.116	0.104	0.120	0.133	0.158	0.158	0.146	0.133	0.102	0.101	0.101	0.132	0.105	0.091	0.085	0.085	0.090	0.090	0.090	0.056	0.056	0.022	
0.045	0.045	0.058	0.058	0.058	0.072	0.072	0.076	0.081	0.107	0.120	0.114	0.114	0.095	0.102	0.071	0.136	0.168	0.117	0.091	0.091	0.090	0.090	0.056	0.056	0.056	0.022	0.022	
0.045	0.045	0.045	0.045	0.058	0.059	0.071	0.071	0.081	0.071	0.082	0.082	0.081	0.095	0.071	0.138	0.138	0.168	0.146	0.102	0.071	0.056	0.056	0.056	0.022	0.022	0.022	0.021	
0.037	0.037	0.045	0.045	0.045	0.059	0.061	0.064	0.064	0.071	0.061	0.071	0.065	0.071	0.071	0.112	0.205	0.118	0.112	0.051	0.062	0.056	0.045	0.022	0.022	0.021	0.021	0.021	
0.030	0.037	0.037	0.037	0.042	0.049	0.061	0.054	0.050	0.050	0.053	0.050	0.170	0.160	0.061	0.193	0.124	0.082	0.030	0.017	0.022	0.016	0.018	0.022	0.021	0.021	0.020	0.020	
0.030	0.030	0.030	0.037	0.038	0.050	0.050	0.055	0.053	0.055	0.065	0.075	0.200	0.255	0.275	0.187	0.162	0.020	0.013	0.017	0.011	0.016	0.016	0.017	0.021	0.020	0.020	0.020	
0.030	0.030	0.030	0.030	0.035	0.040	0.045	0.050	0.055	0.060	0.080	0.100	0.275	0.449	0.381	0.314	0.162	0.010	0.005	0.000	0.005	0.010	0.010	0.015	0.020	0.020	0.020	0.020	
0.000	0.000	0.000	0.000	0.000	0.000	0.050	0.050	0.050	0.000	0.080	0.100	0.275	0.626	0.626	0.522	0.162	0.010	0.005	0.000	0.000	0.000	0.000	0.000	0.000	0.000	0.000	0.000	
0.000	0.000	0.000	0.000	0.000	0.000	0.000	0.000	0.000	0.000	0.000	0.000	0.626	0.626	0.802	0.802	0.000	0.000	0.000	0.000	0.000	0.000	0.000	0.000	0.000	0.000	0.000	0.000	
0.000	0.000	0.000	0.000	0.000	0.000	0.000	0.000	0.000	0.000	0.000	0.000	0.802	0.802	0.802	0.802	0.000	0.000	0.000	0.000	0.000	0.000	0.000	0.000	0.000	0.000	0.000	0.000	
0.000	0.000	0.000	0.000	0.000	0.000	0.000	0.000	0.000	0.000	0.000	0.000	0.802	0.802	0.802	0.802	0.000	0.000	0.000	0.000	0.000	0.000	0.000	0.000	0.000	0.000	0.000	0.000	
0.000	0.000	0.000	0.000	0.000	0.000	0.000	0.000	0.000	0.000	0.000	0.000	0.802	0.802	0.802	0.802	0.000	0.000	0.000	0.000	0.000	0.000	0.000	0.000	0.000	0.000	0.000	0.000	
