0.322	0.322	0.322	0.322	0.322	0.322	0.322	0.322	0.322	0.322	0.322	0.322	0.322	0.322	0.322	0.322	0.322	0.322	0.322	0.256	0.190	0.190	0.190	0.190	0.190	0.190	0.190	0.190	
0.322	0.322	0.322	0.322	0.322	0.322	0.322	0.322	0.322	0.322	0.322	0.322	0.322	0.322	0.322	0.322	0.322	0.322	0.322	0.256	0.190	0.190	0.190	0.190	0.190	0.190	0.190	0.190	
0.221	0.322	0.322	0.322	0.322	0.322	0.322	0.322	0.322	0.322	0.322	0.322	0.322	0.322	0.322	0.322	0.322	0.322	0.322	0.256	0.190	0.190	0.190	0.190	0.190	0.190	0.190	0.190	
0.221	0.322	0.322	0.322	0.322	0.322	0.322	0.322	0.322	0.322	0.322	0.322	0.322	0.322	0.322	0.322	0.322	0.322	0.322	0.256	0.190	0.190	0.190	0.190	0.190	0.190	0.190	0.190	
0.221	0.322	0.322	0.322	0.322	0.322	0.322	0.322	0.322	0.322	0.322	0.322	0.322	0.322	0.322	0.322	0.322	0.322	0.322	0.256	0.190	0.190	0.190	0.190	0.190	0.190	0.190	0.190	
0.221	0.322	0.322	0.322	0.322	0.322	0.322	0.322	0.322	0.322	0.322	0.322	0.322	0.322	0.322	0.322	0.322	0.322	0.322	0.256	0.190	0.190	0.190	0.190	0.190	0.190	0.190	0.190	
0.221	0.322	0.322	0.322	0.322	0.322	0.322	0.322	0.322	0.322	0.322	0.322	0.322	0.322	0.322	0.322	0.322	0.322	0.322	0.256	0.190	0.190	0.190	0.190	0.190	0.190	0.190	0.190	
0.221	0.221	0.322	0.322	0.322	0.322	0.322	0.322	0.322	0.322	0.322	0.322	0.322	0.322	0.322	0.322	0.322	0.322	0.256	0.256	0.190	0.190	0.190	0.190	0.190	0.190	0.190	0.190	
0.120	0.221	0.322	0.322	0.322	0.322	0.322	0.322	0.322	0.322	0.322	0.322	0.322	0.322	0.322	0.322	0.322	0.322	0.256	0.190	0.190	0.190	0.190	0.190	0.190	0.190	0.190	0.190	
0.120	0.221	0.322	0.322	0.322	0.322	0.322	0.322	0.322	0.322	0.322	0.322	0.322	0.322	0.322	0.322	0.322	0.322	0.256	0.190	0.190	0.190	0.190	0.190	0.190	0.190	0.190	0.190	
0.120	0.221	0.322	0.322	0.322	0.322	0.322	0.322	0.322	0.322	0.322	0.322	0.322	0.322	0.322	0.322	0.322	0.322	0.256	0.190	0.190	0.190	0.190	0.190	0.190	0.190	0.190	0.190	
0.120	0.221	0.221	0.322	0.322	0.322	0.322	0.322	0.322	0.322	0.322	0.322	0.322	0.322	0.322	0.322	0.322	0.322	0.256	0.190	0.190	0.190	0.190	0.190	0.190	0.190	0.190	0.190	
0.120	0.120	0.221	0.322	0.322	0.322	0.322	0.322	0.322	0.322	0.322	0.322	0.322	0.322	0.322	0.322	0.322	0.322	0.256	0.190	0.190	0.190	0.190	0.190	0.190	0.190	0.190	0.190	
0.120	0.120	0.221	0.322	0.322	0.322	0.322	0.322	0.322	0.322	0.322	0.322	0.322	0.322	0.322	0.322	0.322	0.322	0.256	0.190	0.190	0.190	0.190	0.190	0.190	0.190	0.190	0.190	
0.120	0.120	0.221	0.322	0.322	0.322	0.322	0.322	0.322	0.322	0.322	0.322	0.322	0.322	0.322	0.322	0.322	0.322	0.256	0.190	0.190	0.190	0.190	0.190	0.190	0.190	0.190	0.190	
0.120	0.120	0.221	0.221	0.322	0.322	0.322	0.322	0.322	0.322	0.322	0.322	0.322	0.322	0.322	0.322	0.322	0.322	0.256	0.190	0.190	0.190	0.190	0.190	0.190	0.190	0.190	0.190	
0.120	0.120	0.120	0.221	0.322	0.322	0.322	0.322	0.322	0.322	0.322	0.322	0.322	0.322	0.322	0.322	0.322	0.322	0.256	0.190	0.190	0.190	0.190	0.190	0.190	0.190	0.190	0.190	
0.120	0.120	0.120	0.221	0.322	0.322	0.322	0.322	0.322	0.322	0.322	0.322	0.322	0.322	0.322	0.322	0.322	0.322	0.256	0.190	0.190	0.190	0.190	0.190	0.190	0.190	0.190	0.190	
0.120	0.120	0.120	0.221	0.322	0.322	0.322	0.322	0.322	0.322	0.322	0.322	0.322	0.322	0.322	0.322	0.322	0.322	0.256	0.190	0.190	0.190	0.190	0.190	0.190	0.190	0.190	0.190	
0.120	0.120	0.120	0.221	0.221	0.322	0.322	0.322	0.322	0.322	0.322	0.322	0.322	0.322	0.322	0.322	0.322	0.248	0.256	0.190	0.190	0.190	0.190	0.190	0.190	0.190	0.190	0.190	
0.120	0.120	0.120	0.120	0.221	0.322	0.322	0.322	0.322	0.322	0.322	0.322	0.322	0.322	0.322	0.322	0.322	0.248	0.190	0.190	0.190	0.190	0.190	0.190	0.190	0.190	0.190	0.190	
0.120	0.120	0.120	0.120	0.221	0.322	0.322	0.322	0.322	0.322	0.322	0.322	0.322	0.322	0.322	0.322	0.322	0.248	0.190	0.190	0.190	0.190	0.190	0.190	0.190	0.190	0.190	0.190	
0.120	0.120	0.120	0.120	0.221	0.322	0.322	0.322	0.322	0.322	0.322	0.322	0.322	0.322	0.322	0.322	0.322	0.248	0.190	0.190	0.190	0.190	0.190	0.190	0.190	0.190	0.190	0.190	
0.120	0.120	0.120	0.120	0.221	0.221	0.322	0.322	0.322	0.322	0.322	0.322	0.322	0.322	0.322	0.322	0.322	0.248	0.190	0.190	0.190	0.190	0.190	0.190	0.190	0.190	0.190	0.190	
0.120	0.120	0.120	0.120	0.120	0.221	0.322	0.322	0.322	0.322	0.322	0.322	0.322	0.322	0.322	0.322	0.322	0.248	0.190	0.190	0.190	0.190	0.190	0.190	0.190	0.190	0.190	0.190	
0.120	0.120	0.120	0.120	0.120	0.221	0.322	0.322	0.322	0.322	0.322	0.322	0.322	0.322	0.322	0.322	0.322	0.248	0.190	0.190	0.190	0.190	0.190	0.190	0.190	0.190	0.190	0.190	
0.120	0.120	0.120	0.120	0.120	0.221	0.322	0.322	0.322	0.322	0.322	0.322	0.322	0.322	0.322	0.322	0.277	0.248	0.190	0.190	0.190	0.190	0.190	0.190	0.190	0.190	0.190	0.190	
0.120	0.120	0.120	0.120	0.120	0.221	0.221	0.322	0.322	0.322	0.322	0.322	0.322	0.322	0.322	0.322	0.277	0.211	0.190	0.190	0.190	0.190	0.190	0.190	0.190	0.190	0.190	0.190	
0.120	0.120	0.120	0.120	0.120	0.120	0.221	0.322	0.322	0.322	0.322	0.322	0.322	0.322	0.322	0.322	0.277	0.211	0.190	0.190	0.190	0.190	0.190	0.190	0.190	0.190	0.190	0.190	
0.120	0.120	0.120	0.120	0.120	0.120	0.221	0.322	0.322	0.322	0.322	0.322	0.322	0.322	0.322	0.322	0.277	0.211	0.190	0.190	0.190	0.190	0.190	0.190	0.190	0.190	0.190	0.190	
0.120	0.120	0.120	0.120	0.120	0.120	0.221	0.322	0.322	0.322	0.322	0.322	0.322	0.322	0.322	0.322	0.277	0.211	0.190	0.190	0.190	0.190	0.190	0.190	0.190	0.190	0.190	0.190	
0.120	0.120	0.120	0.120	0.120	0.120	0.221	0.322	0.322	0.322	0.322	0.322	0.322	0.322	0.322	0.322	0.277	0.211	0.190	0.190	0.190	0.190	0.190	0.190	0.190	0.190	0.190	0.190	
0.120	0.120	0.120	0.120	0.120	0.120	0.221	0.221	0.322	0.322	0.322	0.322	0.322	0.322	0.322	0.322	0.277	0.211	0.190	0.190	0.190	0.190	0.190	0.190	0.190	0.190	0.190	0.190	
0.120	0.120	0.120	0.120	0.120	0.120	0.120	0.221	0.322	0.322	0.322	0.322	0.322	0.322	0.322	0.322	0.277	0.211	0.190	0.190	0.190	0.190	0.190	0.190	0.190	0.190	0.190	0.190	
0.120	0.120	0.120	0.120	0.120	0.120	0.120	0.221	0.322	0.322	0.322	0.322	0.322	0.322	0.322	0.277	0.277	0.211	0.190	0.190	0.190	0.190	0.190	0.190	0.190	0.190	0.190	0.190	
0.120	0.120	0.120	0.120	0.120	0.120	0.120	0.221	0.322	0.322	0.322	0.322	0.322	0.322	0.322	0.277	0.232	0.211	0.190	0.190	0.190	0.190	0.190	0.190	0.190	0.190	0.190	0.190	
0.120	0.120	0.120	0.120	0.120	0.120	0.120	0.221	0.221	0.322	0.322	0.322	0.322	0.322	0.322	0.277	0.232	0.211	0.190	0.190	0.190	0.190	0.190	0.190	0.190	0.190	0.190	0.190	
0.120	0.120	0.120	0.120	0.120	0.120	0.120	0.120	0.221	0.322	0.322	0.322	0.322	0.322	0.322	0.277	0.232	0.211	0.190	0.190	0.190	0.190	0.190	0.190	0.190	0.190	0.190	0.190	
0.120	0.120	0.120	0.120	0.120	0.120	0.120	0.120	0.221	0.322	0.322	0.322	0.322	0.322	0.322	0.277	0.232	0.211	0.190	0.190	0.190	0.190	0.190	0.190	0.190	0.190	0.190	0.190	
0.120	0.120	0.120	0.120	0.120	0.120	0.120	0.120	0.221	0.322	0.322	0.322	0.322	0.322	0.322	0.277	0.232	0.211	0.190	0.190	0.190	0.190	0.190	0.190	0.190	0.190	0.190	0.190	
0.120	0.120	0.120	0.120	0.120	0.120	0.120	0.120	0.221	0.221	0.322	0.322	0.322	0.322	0.322	0.277	0.232	0.211	0.190	0.190	0.190	0.190	0.190	0.190	0.190	0.190	0.190	0.190	
0.120	0.120	0.120	0.120	0.120	0.120	0.120	0.120	0.120	0.221	0.322	0.322	0.322	0.322	0.322	0.277	0.232	0.211	0.190	0.190	0.190	0.190	0.190	0.190	0.190	0.190	0.190	0.190	
0.120	0.120	0.120	0.120	0.120	0.120	0.120	0.120	0.120	0.221	0.322	0.322	0.322	0.322	0.277	0.277	0.232	0.211	0.190	0.190	0.190	0.190	0.190	0.190	0.190	0.190	0.190	0.190	
0.120	0.120	0.120	0.120	0.120	0.120	0.120	0.120	0.120	0.221	0.322	0.322	0.322	0.322	0.277	0.232	0.232	0.211	0.190	0.190	0.190	0.190	0.190	0.190	0.190	0.190	0.190	0.190	
0.120	0.120	0.120	0.120	0.120	0.120	0.120	0.120	0.120	0.221	0.221	0.322	0.322	0.322	0.277	0.232	0.232	0.211	0.190	0.190	0.190	0.190	0.190	0.190	0.190	0.190	0.190	0.190	
0.120	0.120	0.120	0.120	0.120	0.120	0.120	0.120	0.120	0.120	0.221	0.322	0.322	0.322	0.277	0.232	0.232	0.211	0.190	0.190	0.190	0.190	0.190	0.190	0.190	0.190	0.190	0.190	
0.120	0.120	0.120	0.120	0.120	0.120	0.120	0.120	0.120	0.120	0.221	0.322	0.322	0.322	0.277	0.232	0.232	0.211	0.190	0.190	0.190	0.190	0.190	0.190	0.190	0.190	0.190	0.190	
0.120	0.120	0.120	0.120	0.120	0.120	0.120	0.120	0.120	0.120	0.221	0.322	0.322	0.322	0.277	0.232	0.232	0.211	0.190	0.190	0.190	0.190	0.190	0.190	0.190	0.190	0.190	0.190	
0.120	0.120	0.120	0.120	0.120	0.120	0.120	0.120	0.120	0.120	0.221	0.221	0.322	0.322	0.277	0.232	0.232	0.211	0.190	0.190	0.190	0.190	0.190	0.190	0.190	0.190	0.190	0.190	
0.120	0.120	0.120	0.120	0.120	0.120	0.120	0.120	0.120	0.120	0.120	0.221	0.611	0.611	0.485	0.566	0.232	0.211	0.190	0.190	0.190	0.190	0.190	0.190	0.190	0.190	0.190	0.190	
0.000	0.000	0.000	0.000	0.000	0.000	0.000	0.000	0.000	0.000	0.000	0.322	0.611	0.900	0.900	0.566	0.000	0.000	0.000	0.000	0.000	0.000	0.000	0.000	0.000	0.000	0.000	0.000	
0.000	0.000	0.000	0.000	0.000	0.000	0.000	0.000	0.000	0.000	0.000	0.000	0.900	0.900	0.900	0.900	0.000	0.000	0.000	0.000	0.000	0.000	0.000	0.000	0.000	0.000	0.000	0.000	
0.000	0.000	0.000	0.000	0.000	0.000	0.000	0.000	0.000	0.000	0.000	0.000	0.900	0.900	0.900	0.900	0.000	0.000	0.000	0.000	0.000	0.000	0.000	0.000	0.000	0.000	0.000	0.000	
0.000	0.000	0.000	0.000	0.000	0.000	0.000	0.000	0.000	0.000	0.000	0.000	0.900	0.900	0.900	0.900	0.000	0.000	0.000	0.000	0.000	0.000	0.000	0.000	0.000	0.000	0.000	0.000	
0.000	0.000	0.000	0.000	0.000	0.000	0.000	0.000	0.000	0.000	0.000	0.000	0.900	0.900	0.900	0.900	0.000	0.000	0.000	0.000	0.000	0.000	0.000	0.000	0.000	0.000	0.000	0.000	
