0.251	0.251	0.251	0.251	0.251	0.251	0.251	0.251	0.251	0.251	0.251	0.251	0.251	0.251	0.251	0.251	0.251	0.251	0.251	0.251	0.251	0.251	0.251	0.251	0.251	0.251	0.236	0.221	
0.251	0.251	0.251	0.251	0.251	0.251	0.251	0.251	0.251	0.251	0.251	0.251	0.251	0.251	0.251	0.251	0.251	0.251	0.251	0.251	0.251	0.251	0.251	0.251	0.251	0.251	0.236	0.221	
0.251	0.251	0.251	0.251	0.251	0.251	0.251	0.251	0.251	0.251	0.251	0.251	0.251	0.251	0.251	0.251	0.251	0.251	0.251	0.251	0.251	0.251	0.251	0.251	0.251	0.236	0.236	0.221	
0.251	0.251	0.251	0.251	0.251	0.251	0.251	0.251	0.251	0.251	0.251	0.251	0.251	0.251	0.251	0.251	0.251	0.251	0.251	0.251	0.251	0.251	0.251	0.251	0.251	0.236	0.221	0.221	
0.251	0.251	0.251	0.251	0.251	0.251	0.251	0.251	0.251	0.251	0.251	0.251	0.251	0.251	0.251	0.251	0.251	0.251	0.251	0.251	0.251	0.251	0.251	0.251	0.251	0.236	0.221	0.221	
0.251	0.251	0.251	0.251	0.251	0.251	0.251	0.251	0.251	0.251	0.251	0.251	0.251	0.251	0.251	0.251	0.251	0.251	0.251	0.251	0.251	0.251	0.251	0.251	0.236	0.236	0.221	0.221	
0.251	0.251	0.251	0.251	0.251	0.251	0.251	0.251	0.251	0.251	0.251	0.251	0.251	0.251	0.251	0.251	0.251	0.251	0.251	0.251	0.251	0.251	0.251	0.251	0.236	0.221	0.221	0.221	
0.251	0.251	0.251	0.251	0.251	0.251	0.251	0.251	0.251	0.251	0.251	0.251	0.251	0.251	0.251	0.251	0.251	0.251	0.251	0.251	0.251	0.251	0.251	0.251	0.236	0.221	0.221	0.221	
0.251	0.251	0.251	0.251	0.251	0.251	0.251	0.251	0.251	0.251	0.251	0.251	0.251	0.251	0.251	0.251	0.251	0.251	0.251	0.251	0.251	0.251	0.251	0.236	0.236	0.221	0.221	0.221	
0.251	0.251	0.251	0.251	0.251	0.251	0.251	0.251	0.251	0.251	0.251	0.251	0.251	0.251	0.251	0.251	0.251	0.251	0.251	0.251	0.251	0.251	0.251	0.236	0.221	0.221	0.221	0.221	
0.251	0.251	0.251	0.251	0.251	0.251	0.251	0.251	0.251	0.251	0.251	0.251	0.251	0.251	0.251	0.251	0.251	0.251	0.251	0.251	0.251	0.251	0.251	0.236	0.221	0.221	0.221	0.221	
0.251	0.251	0.251	0.251	0.251	0.251	0.251	0.251	0.251	0.251	0.251	0.251	0.251	0.251	0.251	0.251	0.251	0.251	0.251	0.251	0.251	0.251	0.236	0.236	0.221	0.221	0.221	0.221	
0.251	0.251	0.251	0.251	0.251	0.251	0.251	0.251	0.251	0.251	0.251	0.251	0.251	0.251	0.251	0.251	0.251	0.251	0.251	0.251	0.251	0.251	0.236	0.221	0.221	0.221	0.221	0.221	
0.251	0.251	0.251	0.251	0.251	0.251	0.251	0.251	0.251	0.251	0.251	0.251	0.251	0.251	0.251	0.251	0.251	0.251	0.251	0.251	0.251	0.251	0.236	0.221	0.221	0.221	0.221	0.221	
0.251	0.251	0.251	0.251	0.251	0.251	0.251	0.251	0.251	0.251	0.251	0.251	0.251	0.251	0.251	0.251	0.251	0.251	0.251	0.251	0.251	0.236	0.236	0.221	0.221	0.221	0.221	0.221	
0.251	0.251	0.251	0.251	0.251	0.251	0.251	0.251	0.251	0.251	0.251	0.251	0.251	0.251	0.251	0.251	0.251	0.251	0.251	0.251	0.251	0.236	0.221	0.221	0.221	0.221	0.221	0.221	
0.251	0.251	0.251	0.251	0.251	0.251	0.251	0.251	0.251	0.251	0.251	0.251	0.251	0.251	0.251	0.251	0.251	0.251	0.251	0.251	0.251	0.236	0.221	0.221	0.221	0.221	0.221	0.221	
0.251	0.251	0.251	0.251	0.251	0.251	0.251	0.251	0.251	0.251	0.251	0.251	0.251	0.251	0.251	0.251	0.251	0.251	0.251	0.251	0.236	0.236	0.221	0.221	0.221	0.221	0.221	0.221	
0.251	0.251	0.251	0.251	0.251	0.251	0.251	0.251	0.251	0.251	0.251	0.251	0.251	0.251	0.251	0.251	0.251	0.251	0.251	0.251	0.236	0.221	0.221	0.221	0.221	0.221	0.221	0.221	
0.251	0.251	0.251	0.251	0.251	0.251	0.251	0.251	0.251	0.251	0.251	0.251	0.251	0.251	0.251	0.251	0.251	0.251	0.251	0.251	0.236	0.221	0.221	0.221	0.221	0.221	0.221	0.221	
0.251	0.251	0.251	0.251	0.251	0.251	0.251	0.251	0.251	0.251	0.251	0.251	0.251	0.251	0.251	0.251	0.251	0.251	0.251	0.236	0.236	0.221	0.221	0.221	0.221	0.221	0.221	0.221	
0.251	0.251	0.251	0.251	0.251	0.251	0.251	0.251	0.251	0.251	0.251	0.251	0.251	0.251	0.251	0.251	0.251	0.251	0.251	0.236	0.221	0.221	0.221	0.221	0.221	0.221	0.221	0.221	
0.251	0.251	0.251	0.251	0.251	0.251	0.251	0.251	0.251	0.251	0.251	0.251	0.251	0.251	0.251	0.251	0.251	0.251	0.236	0.236	0.221	0.221	0.221	0.221	0.221	0.221	0.221	0.221	
0.251	0.251	0.251	0.251	0.251	0.251	0.251	0.251	0.251	0.251	0.251	0.251	0.251	0.251	0.251	0.251	0.251	0.251	0.236	0.221	0.221	0.221	0.221	0.221	0.221	0.221	0.221	0.221	
0.251	0.251	0.251	0.251	0.251	0.251	0.251	0.251	0.251	0.251	0.251	0.251	0.251	0.251	0.251	0.251	0.251	0.251	0.236	0.221	0.221	0.221	0.221	0.221	0.221	0.221	0.221	0.221	
0.251	0.251	0.251	0.251	0.251	0.251	0.251	0.251	0.251	0.251	0.251	0.251	0.251	0.251	0.251	0.251	0.251	0.236	0.236	0.221	0.221	0.221	0.221	0.221	0.221	0.221	0.221	0.221	
0.323	0.251	0.251	0.251	0.251	0.251	0.251	0.251	0.251	0.251	0.251	0.251	0.251	0.251	0.251	0.251	0.251	0.236	0.221	0.221	0.221	0.221	0.221	0.221	0.221	0.221	0.221	0.221	
0.323	0.277	0.251	0.251	0.251	0.251	0.251	0.251	0.251	0.251	0.251	0.251	0.251	0.251	0.251	0.251	0.251	0.236	0.221	0.221	0.221	0.221	0.221	0.221	0.221	0.221	0.221	0.221	
0.359	0.323	0.277	0.251	0.251	0.251	0.251	0.251	0.251	0.251	0.251	0.251	0.251	0.251	0.251	0.251	0.236	0.236	0.221	0.221	0.221	0.221	0.221	0.221	0.221	0.221	0.221	0.208	
0.415	0.359	0.277	0.251	0.251	0.251	0.251	0.251	0.251	0.251	0.251	0.251	0.251	0.251	0.251	0.251	0.236	0.221	0.221	0.221	0.221	0.221	0.221	0.221	0.221	0.221	0.221	0.208	
0.415	0.359	0.277	0.277	0.251	0.251	0.251	0.251	0.251	0.251	0.251	0.251	0.251	0.251	0.251	0.251	0.236	0.221	0.221	0.221	0.221	0.221	0.221	0.221	0.221	0.221	0.208	0.208	
0.415	0.359	0.359	0.277	0.277	0.251	0.251	0.251	0.251	0.251	0.251	0.251	0.251	0.251	0.251	0.236	0.236	0.221	0.221	0.221	0.221	0.221	0.221	0.221	0.221	0.208	0.208	0.194	
0.415	0.415	0.359	0.304	0.277	0.277	0.251	0.251	0.251	0.251	0.251	0.251	0.251	0.251	0.251	0.236	0.221	0.221	0.221	0.221	0.221	0.221	0.221	0.221	0.221	0.208	0.194	0.194	
0.415	0.415	0.359	0.359	0.304	0.277	0.277	0.251	0.251	0.251	0.251	0.251	0.251	0.251	0.251	0.236	0.221	0.221	0.221	0.221	0.221	0.221	0.221	0.221	0.208	0.208	0.194	0.194	
0.415	0.415	0.415	0.359	0.304	0.304	0.277	0.251	0.251	0.251	0.251	0.251	0.251	0.251	0.232	0.232	0.221	0.221	0.221	0.221	0.221	0.221	0.221	0.208	0.208	0.194	0.194	0.194	
0.415	0.415	0.415	0.359	0.359	0.304	0.277	0.264	0.251	0.251	0.251	0.251	0.251	0.238	0.238	0.223	0.221	0.221	0.221	0.221	0.221	0.221	0.221	0.208	0.194	0.194	0.194	0.194	
0.415	0.415	0.415	0.415	0.359	0.304	0.304	0.264	0.244	0.244	0.244	0.251	0.231	0.229	0.226	0.223	0.221	0.221	0.221	0.221	0.221	0.221	0.208	0.208	0.194	0.194	0.194	0.194	
0.415	0.415	0.415	0.415	0.359	0.304	0.304	0.271	0.238	0.238	0.244	0.233	0.231	0.219	0.226	0.223	0.223	0.221	0.221	0.221	0.221	0.221	0.208	0.194	0.194	0.194	0.194	0.194	
0.415	0.415	0.415	0.415	0.359	0.359	0.304	0.271	0.271	0.238	0.225	0.225	0.212	0.219	0.226	0.226	0.223	0.221	0.221	0.221	0.221	0.208	0.208	0.194	0.194	0.194	0.194	0.194	
0.488	0.488	0.415	0.415	0.415	0.328	0.284	0.262	0.254	0.229	0.223	0.212	0.212	0.219	0.226	0.226	0.212	0.206	0.206	0.206	0.202	0.208	0.194	0.194	0.194	0.194	0.194	0.194	
0.560	0.488	0.488	0.415	0.415	0.339	0.264	0.242	0.242	0.219	0.216	0.205	0.197	0.207	0.197	0.204	0.199	0.190	0.190	0.197	0.193	0.189	0.194	0.194	0.194	0.194	0.194	0.194	
0.560	0.560	0.488	0.391	0.292	0.292	0.264	0.264	0.242	0.207	0.207	0.202	0.182	0.182	0.182	0.182	0.186	0.197	0.197	0.197	0.194	0.189	0.189	0.194	0.194	0.194	0.194	0.194	
0.560	0.560	0.560	0.379	0.197	0.230	0.219	0.230	0.227	0.203	0.194	0.188	0.169	0.182	0.165	0.182	0.179	0.185	0.204	0.204	0.194	0.184	0.189	0.189	0.194	0.194	0.194	0.194	
0.560	0.560	0.560	0.379	0.197	0.171	0.201	0.196	0.196	0.195	0.194	0.163	0.169	0.157	0.157	0.156	0.159	0.183	0.183	0.183	0.183	0.184	0.184	0.189	0.189	0.194	0.194	0.194	
0.560	0.560	0.375	0.316	0.177	0.171	0.171	0.162	0.170	0.164	0.157	0.149	0.126	0.120	0.123	0.130	0.147	0.163	0.176	0.183	0.173	0.173	0.183	0.183	0.187	0.188	0.188	0.188	
0.375	0.375	0.375	0.190	0.168	0.146	0.146	0.162	0.143	0.132	0.121	0.121	0.120	0.120	0.104	0.102	0.122	0.132	0.162	0.161	0.161	0.144	0.183	0.181	0.181	0.181	0.151	0.151	
0.190	0.190	0.190	0.190	0.168	0.138	0.113	0.123	0.143	0.123	0.113	0.186	0.187	0.220	0.090	0.073	0.125	0.143	0.161	0.124	0.106	0.131	0.116	0.181	0.181	0.151	0.151	0.122	
0.190	0.190	0.190	0.190	0.127	0.127	0.080	0.115	0.110	0.116	0.104	0.172	0.332	0.220	0.202	0.190	0.125	0.133	0.111	0.091	0.055	0.045	0.090	0.114	0.151	0.151	0.122	0.122	
0.190	0.190	0.150	0.150	0.150	0.104	0.100	0.100	0.110	0.102	0.095	0.172	0.206	0.326	0.326	0.249	0.177	0.118	0.094	0.111	0.055	0.050	0.040	0.081	0.122	0.122	0.122	0.122	
0.150	0.150	0.150	0.110	0.110	0.115	0.120	0.120	0.110	0.100	0.090	0.080	0.206	0.244	0.320	0.249	0.186	0.118	0.060	0.061	0.061	0.050	0.040	0.081	0.122	0.122	0.122	0.122	
0.000	0.000	0.000	0.000	0.000	0.000	0.120	0.120	0.110	0.100	0.100	0.000	0.495	0.436	0.615	0.320	0.190	0.000	0.061	0.061	0.061	0.000	0.000	0.000	0.000	0.000	0.000	0.000	
0.000	0.000	0.000	0.000	0.000	0.000	0.000	0.000	0.000	0.000	0.000	0.000	0.909	0.909	0.615	0.615	0.000	0.000	0.000	0.000	0.000	0.000	0.000	0.000	0.000	0.000	0.000	0.000	
0.000	0.000	0.000	0.000	0.000	0.000	0.000	0.000	0.000	0.000	0.000	0.000	0.909	0.909	0.909	0.909	0.000	0.000	0.000	0.000	0.000	0.000	0.000	0.000	0.000	0.000	0.000	0.000	
0.000	0.000	0.000	0.000	0.000	0.000	0.000	0.000	0.000	0.000	0.000	0.000	0.909	0.909	0.909	0.909	0.000	0.000	0.000	0.000	0.000	0.000	0.000	0.000	0.000	0.000	0.000	0.000	
0.000	0.000	0.000	0.000	0.000	0.000	0.000	0.000	0.000	0.000	0.000	0.000	0.909	0.909	0.909	0.909	0.000	0.000	0.000	0.000	0.000	0.000	0.000	0.000	0.000	0.000	0.000	0.000	
