0.096	0.117	0.117	0.117	0.117	0.117	0.117	0.117	0.117	0.117	0.117	0.117	0.117	0.117	0.117	0.117	0.117	0.117	0.117	0.117	0.117	0.117	0.117	0.117	0.117	0.117	0.117	0.117	
0.096	0.117	0.117	0.117	0.117	0.117	0.117	0.117	0.117	0.117	0.117	0.117	0.117	0.117	0.117	0.117	0.117	0.117	0.117	0.117	0.117	0.117	0.117	0.117	0.117	0.117	0.117	0.117	
0.096	0.117	0.117	0.117	0.117	0.117	0.117	0.117	0.117	0.117	0.117	0.117	0.117	0.117	0.117	0.117	0.117	0.117	0.117	0.117	0.117	0.117	0.117	0.117	0.117	0.117	0.117	0.117	
0.096	0.096	0.117	0.117	0.117	0.117	0.117	0.117	0.117	0.117	0.117	0.117	0.117	0.117	0.117	0.117	0.117	0.117	0.117	0.117	0.117	0.117	0.117	0.117	0.117	0.117	0.117	0.117	
0.076	0.096	0.117	0.117	0.117	0.117	0.117	0.117	0.117	0.117	0.117	0.117	0.117	0.117	0.117	0.117	0.117	0.117	0.117	0.117	0.117	0.117	0.117	0.117	0.117	0.117	0.117	0.117	
0.076	0.096	0.117	0.117	0.117	0.117	0.117	0.117	0.117	0.117	0.117	0.117	0.117	0.117	0.117	0.117	0.117	0.117	0.117	0.117	0.117	0.117	0.117	0.117	0.117	0.117	0.117	0.117	
0.076	0.096	0.096	0.117	0.117	0.117	0.117	0.117	0.117	0.117	0.117	0.117	0.117	0.117	0.117	0.117	0.117	0.117	0.117	0.117	0.117	0.117	0.117	0.117	0.117	0.117	0.117	0.095	
0.076	0.076	0.096	0.117	0.117	0.117	0.117	0.117	0.117	0.117	0.117	0.117	0.117	0.117	0.117	0.117	0.117	0.117	0.117	0.117	0.117	0.117	0.117	0.117	0.117	0.117	0.117	0.095	
0.076	0.076	0.096	0.117	0.117	0.117	0.117	0.117	0.117	0.117	0.117	0.117	0.117	0.117	0.117	0.117	0.117	0.117	0.117	0.117	0.117	0.117	0.117	0.117	0.117	0.117	0.117	0.095	
0.076	0.076	0.096	0.096	0.117	0.117	0.117	0.117	0.117	0.117	0.117	0.117	0.117	0.117	0.117	0.117	0.117	0.117	0.117	0.117	0.117	0.117	0.117	0.117	0.117	0.117	0.095	0.095	
0.076	0.076	0.076	0.096	0.117	0.117	0.117	0.117	0.117	0.117	0.117	0.117	0.117	0.117	0.117	0.117	0.117	0.117	0.117	0.117	0.117	0.117	0.117	0.117	0.117	0.117	0.095	0.073	
0.076	0.076	0.076	0.096	0.117	0.117	0.117	0.117	0.117	0.117	0.117	0.117	0.117	0.117	0.117	0.117	0.117	0.117	0.117	0.117	0.117	0.117	0.117	0.117	0.117	0.117	0.095	0.073	
0.076	0.076	0.076	0.096	0.117	0.117	0.117	0.117	0.117	0.117	0.117	0.117	0.117	0.117	0.117	0.117	0.117	0.117	0.117	0.117	0.117	0.117	0.117	0.117	0.117	0.117	0.095	0.073	
0.076	0.076	0.076	0.096	0.096	0.117	0.117	0.117	0.117	0.117	0.117	0.117	0.117	0.117	0.117	0.117	0.117	0.117	0.117	0.117	0.117	0.117	0.117	0.117	0.117	0.095	0.095	0.073	
0.076	0.076	0.076	0.076	0.096	0.117	0.117	0.117	0.117	0.117	0.117	0.117	0.117	0.117	0.117	0.117	0.117	0.117	0.117	0.117	0.117	0.117	0.117	0.117	0.117	0.095	0.073	0.073	
0.076	0.076	0.076	0.076	0.096	0.117	0.117	0.117	0.117	0.117	0.117	0.117	0.117	0.117	0.117	0.117	0.117	0.117	0.117	0.117	0.117	0.117	0.117	0.117	0.117	0.095	0.073	0.073	
0.076	0.076	0.076	0.076	0.096	0.096	0.117	0.117	0.117	0.117	0.117	0.117	0.117	0.117	0.117	0.117	0.117	0.117	0.117	0.117	0.117	0.117	0.117	0.117	0.095	0.095	0.073	0.073	
0.076	0.076	0.076	0.076	0.076	0.096	0.117	0.117	0.117	0.117	0.117	0.117	0.117	0.117	0.117	0.117	0.117	0.117	0.117	0.117	0.117	0.117	0.117	0.117	0.095	0.073	0.073	0.073	
0.076	0.076	0.076	0.076	0.076	0.096	0.117	0.117	0.117	0.117	0.117	0.117	0.117	0.117	0.117	0.117	0.117	0.117	0.117	0.117	0.117	0.117	0.117	0.117	0.095	0.073	0.073	0.073	
0.088	0.076	0.076	0.076	0.076	0.096	0.096	0.117	0.117	0.117	0.117	0.117	0.117	0.117	0.117	0.117	0.117	0.117	0.117	0.117	0.117	0.117	0.117	0.095	0.095	0.073	0.073	0.073	
0.088	0.076	0.076	0.076	0.076	0.076	0.096	0.117	0.117	0.117	0.117	0.117	0.117	0.117	0.117	0.117	0.117	0.117	0.117	0.117	0.117	0.117	0.117	0.095	0.073	0.073	0.073	0.073	
0.088	0.076	0.076	0.076	0.076	0.076	0.096	0.117	0.117	0.117	0.117	0.117	0.117	0.117	0.117	0.117	0.117	0.117	0.117	0.117	0.117	0.117	0.117	0.095	0.073	0.073	0.073	0.073	
0.088	0.088	0.076	0.076	0.076	0.076	0.096	0.096	0.117	0.117	0.117	0.117	0.117	0.117	0.117	0.117	0.117	0.117	0.117	0.117	0.117	0.117	0.117	0.095	0.073	0.073	0.073	0.073	
0.100	0.088	0.076	0.076	0.076	0.076	0.076	0.096	0.117	0.117	0.117	0.117	0.117	0.117	0.117	0.117	0.117	0.117	0.117	0.117	0.117	0.117	0.095	0.095	0.073	0.073	0.073	0.073	
0.100	0.088	0.076	0.076	0.076	0.076	0.076	0.096	0.117	0.117	0.117	0.117	0.117	0.117	0.117	0.117	0.117	0.117	0.117	0.117	0.117	0.117	0.095	0.073	0.073	0.073	0.073	0.073	
0.100	0.088	0.088	0.076	0.076	0.076	0.076	0.096	0.117	0.117	0.117	0.117	0.117	0.117	0.117	0.117	0.117	0.117	0.117	0.117	0.117	0.117	0.095	0.073	0.073	0.073	0.073	0.073	
0.100	0.100	0.088	0.076	0.076	0.076	0.076	0.096	0.096	0.117	0.117	0.117	0.117	0.117	0.117	0.117	0.117	0.117	0.117	0.117	0.117	0.095	0.095	0.073	0.073	0.073	0.073	0.073	
0.100	0.100	0.088	0.088	0.076	0.076	0.076	0.076	0.096	0.117	0.117	0.117	0.117	0.117	0.117	0.117	0.117	0.117	0.117	0.117	0.117	0.095	0.073	0.073	0.073	0.073	0.073	0.073	
0.100	0.100	0.100	0.088	0.076	0.076	0.076	0.076	0.096	0.117	0.117	0.117	0.117	0.117	0.117	0.117	0.117	0.117	0.117	0.117	0.117	0.095	0.073	0.073	0.073	0.073	0.073	0.073	
0.100	0.100	0.100	0.088	0.076	0.076	0.076	0.076	0.096	0.096	0.117	0.117	0.117	0.117	0.117	0.117	0.117	0.117	0.117	0.117	0.095	0.095	0.073	0.073	0.073	0.073	0.073	0.073	
0.100	0.100	0.100	0.088	0.088	0.076	0.076	0.076	0.076	0.096	0.117	0.117	0.117	0.117	0.117	0.117	0.117	0.117	0.117	0.117	0.095	0.073	0.073	0.073	0.073	0.073	0.073	0.073	
0.100	0.100	0.100	0.100	0.088	0.076	0.076	0.076	0.076	0.096	0.117	0.117	0.117	0.117	0.117	0.117	0.117	0.117	0.117	0.117	0.095	0.073	0.073	0.073	0.073	0.073	0.073	0.073	
0.100	0.100	0.100	0.100	0.088	0.088	0.076	0.076	0.076	0.096	0.096	0.117	0.117	0.117	0.117	0.117	0.117	0.117	0.117	0.117	0.095	0.073	0.073	0.073	0.073	0.073	0.073	0.073	
0.100	0.100	0.100	0.100	0.100	0.088	0.076	0.076	0.076	0.076	0.096	0.117	0.117	0.117	0.117	0.117	0.117	0.117	0.117	0.095	0.095	0.073	0.073	0.073	0.073	0.073	0.073	0.073	
0.100	0.100	0.100	0.100	0.100	0.088	0.076	0.076	0.076	0.076	0.096	0.117	0.117	0.117	0.117	0.117	0.117	0.117	0.117	0.095	0.073	0.073	0.073	0.073	0.073	0.073	0.073	0.073	
0.100	0.100	0.100	0.100	0.100	0.088	0.088	0.076	0.076	0.076	0.096	0.096	0.117	0.117	0.117	0.117	0.117	0.117	0.117	0.095	0.073	0.073	0.073	0.073	0.073	0.073	0.073	0.073	
0.100	0.100	0.100	0.100	0.100	0.100	0.088	0.076	0.076	0.076	0.076	0.096	0.117	0.117	0.117	0.117	0.117	0.117	0.095	0.095	0.073	0.073	0.073	0.073	0.073	0.073	0.073	0.073	
0.100	0.100	0.100	0.100	0.100	0.100	0.088	0.076	0.076	0.076	0.076	0.096	0.117	0.117	0.117	0.117	0.117	0.117	0.095	0.073	0.073	0.073	0.073	0.073	0.073	0.073	0.073	0.073	
0.100	0.100	0.100	0.100	0.100	0.100	0.088	0.088	0.076	0.076	0.076	0.096	0.117	0.117	0.117	0.117	0.117	0.117	0.095	0.073	0.073	0.073	0.073	0.073	0.073	0.073	0.073	0.076	
0.100	0.100	0.100	0.100	0.100	0.100	0.100	0.088	0.076	0.076	0.076	0.096	0.096	0.117	0.117	0.117	0.117	0.095	0.095	0.073	0.073	0.073	0.073	0.073	0.073	0.073	0.076	0.076	
0.100	0.100	0.100	0.100	0.100	0.100	0.100	0.088	0.088	0.076	0.076	0.076	0.096	0.117	0.117	0.117	0.117	0.095	0.073	0.073	0.073	0.073	0.073	0.073	0.076	0.076	0.076	0.080	
0.100	0.100	0.100	0.100	0.100	0.100	0.100	0.100	0.088	0.076	0.076	0.076	0.096	0.117	0.117	0.117	0.117	0.095	0.073	0.073	0.073	0.073	0.073	0.076	0.076	0.080	0.080	0.080	
0.100	0.100	0.100	0.100	0.100	0.100	0.100	0.100	0.088	0.076	0.076	0.076	0.096	0.096	0.117	0.117	0.117	0.095	0.073	0.073	0.073	0.073	0.076	0.076	0.080	0.080	0.080	0.090	
0.060	0.100	0.100	0.100	0.100	0.100	0.100	0.100	0.088	0.088	0.076	0.076	0.076	0.096	0.117	0.117	0.095	0.095	0.073	0.073	0.073	0.076	0.076	0.080	0.080	0.090	0.090	0.090	
0.060	0.060	0.060	0.100	0.100	0.100	0.100	0.100	0.100	0.099	0.099	0.076	0.076	0.108	0.117	0.117	0.095	0.073	0.073	0.073	0.076	0.076	0.080	0.080	0.090	0.090	0.100	0.100	
0.020	0.020	0.060	0.060	0.060	0.100	0.100	0.100	0.100	0.111	0.099	0.099	0.076	0.108	0.124	0.096	0.076	0.056	0.076	0.076	0.076	0.080	0.080	0.090	0.090	0.100	0.100	0.100	
0.020	0.020	0.020	0.020	0.060	0.060	0.100	0.100	0.100	0.111	0.122	0.185	0.171	0.188	0.130	0.085	0.040	0.056	0.064	0.080	0.080	0.090	0.090	0.090	0.100	0.100	0.100	0.100	
0.020	0.020	0.020	0.020	0.020	0.060	0.060	0.060	0.055	0.077	0.122	0.165	0.358	0.244	0.223	0.117	0.110	0.075	0.077	0.080	0.090	0.090	0.100	0.100	0.100	0.100	0.100	0.100	
0.020	0.020	0.020	0.020	0.020	0.020	0.020	0.043	0.055	0.066	0.049	0.165	0.186	0.358	0.223	0.180	0.110	0.110	0.095	0.097	0.090	0.100	0.100	0.100	0.100	0.100	0.100	0.100	
0.020	0.020	0.020	0.020	0.020	0.020	0.020	0.015	0.010	0.010	0.012	0.014	0.412	0.610	0.467	0.522	0.180	0.145	0.110	0.105	0.100	0.100	0.100	0.100	0.100	0.100	0.100	0.100	
0.000	0.000	0.000	0.000	0.000	0.000	0.000	0.000	0.010	0.010	0.010	0.000	0.438	0.863	0.863	0.522	0.180	0.145	0.110	0.110	0.000	0.000	0.000	0.000	0.000	0.000	0.000	0.000	
0.000	0.000	0.000	0.000	0.000	0.000	0.000	0.000	0.000	0.000	0.000	0.000	0.863	0.863	0.863	0.863	0.000	0.000	0.000	0.000	0.000	0.000	0.000	0.000	0.000	0.000	0.000	0.000	
0.000	0.000	0.000	0.000	0.000	0.000	0.000	0.000	0.000	0.000	0.000	0.000	0.863	0.863	0.863	0.863	0.000	0.000	0.000	0.000	0.000	0.000	0.000	0.000	0.000	0.000	0.000	0.000	
0.000	0.000	0.000	0.000	0.000	0.000	0.000	0.000	0.000	0.000	0.000	0.000	0.863	0.863	0.863	0.863	0.000	0.000	0.000	0.000	0.000	0.000	0.000	0.000	0.000	0.000	0.000	0.000	
0.000	0.000	0.000	0.000	0.000	0.000	0.000	0.000	0.000	0.000	0.000	0.000	0.863	0.863	0.863	0.863	0.000	0.000	0.000	0.000	0.000	0.000	0.000	0.000	0.000	0.000	0.000	0.000	
