0.045	0.045	0.045	0.045	0.044	0.042	0.042	0.042	0.042	0.042	0.042	0.042	0.042	0.042	0.042	0.042	0.042	0.042	0.042	0.042	0.042	0.042	0.042	0.042	0.062	0.081	0.081	0.081	
0.045	0.045	0.045	0.045	0.044	0.042	0.042	0.042	0.042	0.042	0.042	0.042	0.042	0.042	0.042	0.042	0.042	0.042	0.042	0.042	0.042	0.042	0.042	0.062	0.062	0.081	0.081	0.081	
0.045	0.045	0.045	0.045	0.044	0.042	0.042	0.042	0.042	0.042	0.042	0.042	0.042	0.042	0.042	0.042	0.042	0.042	0.042	0.042	0.042	0.042	0.042	0.062	0.081	0.081	0.081	0.081	
0.045	0.045	0.045	0.045	0.044	0.044	0.042	0.042	0.042	0.042	0.042	0.042	0.042	0.042	0.042	0.042	0.042	0.042	0.042	0.042	0.042	0.042	0.042	0.062	0.081	0.081	0.081	0.081	
0.045	0.045	0.045	0.045	0.045	0.044	0.042	0.042	0.042	0.042	0.042	0.042	0.042	0.042	0.042	0.042	0.042	0.042	0.042	0.042	0.042	0.042	0.042	0.062	0.081	0.081	0.081	0.081	
0.045	0.045	0.045	0.045	0.045	0.044	0.042	0.042	0.042	0.042	0.042	0.042	0.042	0.042	0.042	0.042	0.042	0.042	0.042	0.042	0.042	0.042	0.042	0.062	0.081	0.081	0.081	0.081	
0.045	0.045	0.045	0.045	0.045	0.044	0.042	0.042	0.042	0.042	0.042	0.042	0.042	0.042	0.042	0.042	0.042	0.042	0.042	0.042	0.042	0.042	0.062	0.062	0.081	0.081	0.081	0.081	
0.045	0.045	0.045	0.045	0.045	0.044	0.042	0.042	0.042	0.042	0.042	0.042	0.042	0.042	0.042	0.042	0.042	0.042	0.042	0.042	0.042	0.042	0.062	0.081	0.081	0.081	0.081	0.081	
0.045	0.045	0.045	0.045	0.045	0.044	0.044	0.042	0.042	0.042	0.042	0.042	0.042	0.042	0.042	0.042	0.042	0.042	0.042	0.042	0.042	0.042	0.062	0.081	0.081	0.081	0.081	0.081	
0.045	0.045	0.045	0.045	0.045	0.045	0.044	0.042	0.042	0.042	0.042	0.042	0.042	0.042	0.042	0.042	0.042	0.042	0.042	0.042	0.042	0.042	0.062	0.081	0.081	0.081	0.081	0.081	
0.045	0.045	0.045	0.045	0.045	0.045	0.044	0.042	0.042	0.042	0.042	0.042	0.042	0.042	0.042	0.042	0.042	0.042	0.042	0.042	0.042	0.042	0.062	0.081	0.081	0.081	0.081	0.081	
0.045	0.045	0.045	0.045	0.045	0.045	0.044	0.042	0.042	0.042	0.042	0.042	0.042	0.042	0.042	0.042	0.042	0.042	0.042	0.042	0.042	0.062	0.062	0.081	0.081	0.081	0.081	0.081	
0.045	0.045	0.045	0.045	0.045	0.045	0.044	0.042	0.042	0.042	0.042	0.042	0.042	0.042	0.042	0.042	0.042	0.042	0.042	0.042	0.042	0.062	0.081	0.081	0.081	0.081	0.081	0.081	
0.045	0.045	0.045	0.045	0.045	0.045	0.044	0.042	0.042	0.042	0.042	0.042	0.042	0.042	0.042	0.042	0.042	0.042	0.042	0.042	0.042	0.062	0.081	0.081	0.081	0.081	0.081	0.081	
0.045	0.045	0.045	0.045	0.045	0.045	0.044	0.044	0.042	0.042	0.042	0.042	0.042	0.042	0.042	0.042	0.042	0.042	0.042	0.042	0.042	0.062	0.081	0.081	0.081	0.081	0.081	0.081	
0.045	0.045	0.045	0.045	0.045	0.045	0.045	0.044	0.042	0.042	0.042	0.042	0.042	0.042	0.042	0.042	0.042	0.042	0.042	0.042	0.062	0.062	0.081	0.081	0.081	0.081	0.081	0.081	
0.045	0.045	0.045	0.045	0.045	0.045	0.045	0.044	0.042	0.042	0.042	0.042	0.042	0.042	0.042	0.042	0.042	0.042	0.042	0.042	0.062	0.081	0.081	0.081	0.081	0.081	0.081	0.081	
0.045	0.045	0.045	0.045	0.045	0.045	0.045	0.044	0.042	0.042	0.042	0.042	0.042	0.042	0.042	0.042	0.042	0.042	0.042	0.042	0.062	0.081	0.081	0.081	0.081	0.081	0.081	0.081	
0.045	0.045	0.045	0.045	0.045	0.045	0.045	0.044	0.042	0.042	0.042	0.042	0.042	0.042	0.042	0.042	0.042	0.042	0.042	0.042	0.062	0.081	0.081	0.081	0.081	0.081	0.081	0.081	
0.045	0.045	0.045	0.045	0.045	0.045	0.045	0.044	0.044	0.042	0.042	0.042	0.042	0.042	0.042	0.042	0.042	0.042	0.042	0.042	0.062	0.081	0.081	0.081	0.081	0.081	0.081	0.081	
0.045	0.045	0.045	0.045	0.045	0.045	0.045	0.045	0.044	0.042	0.042	0.042	0.042	0.042	0.042	0.042	0.042	0.042	0.042	0.062	0.062	0.081	0.081	0.081	0.081	0.081	0.081	0.081	
0.045	0.045	0.045	0.045	0.045	0.045	0.045	0.045	0.044	0.042	0.042	0.042	0.042	0.042	0.042	0.042	0.042	0.042	0.042	0.062	0.081	0.081	0.081	0.081	0.081	0.081	0.081	0.081	
0.045	0.045	0.045	0.045	0.045	0.045	0.045	0.045	0.044	0.042	0.042	0.042	0.042	0.042	0.042	0.042	0.042	0.042	0.042	0.062	0.081	0.081	0.081	0.081	0.081	0.081	0.081	0.081	
0.045	0.045	0.045	0.045	0.045	0.045	0.045	0.045	0.044	0.042	0.042	0.042	0.042	0.042	0.042	0.042	0.042	0.042	0.042	0.062	0.081	0.081	0.081	0.081	0.081	0.081	0.081	0.081	
0.027	0.045	0.045	0.045	0.045	0.045	0.045	0.045	0.044	0.044	0.042	0.042	0.042	0.042	0.042	0.042	0.042	0.042	0.062	0.062	0.081	0.081	0.081	0.081	0.081	0.081	0.081	0.081	
0.027	0.045	0.045	0.045	0.045	0.045	0.045	0.045	0.045	0.044	0.042	0.042	0.042	0.042	0.042	0.042	0.042	0.042	0.062	0.081	0.081	0.081	0.081	0.081	0.081	0.081	0.081	0.081	
0.027	0.027	0.045	0.045	0.045	0.045	0.045	0.045	0.045	0.044	0.042	0.042	0.042	0.042	0.042	0.042	0.042	0.042	0.062	0.081	0.081	0.081	0.081	0.081	0.081	0.081	0.081	0.081	
0.010	0.027	0.045	0.045	0.045	0.045	0.045	0.045	0.045	0.044	0.042	0.042	0.042	0.042	0.042	0.042	0.042	0.042	0.062	0.081	0.081	0.081	0.081	0.081	0.081	0.081	0.081	0.081	
0.010	0.027	0.027	0.045	0.045	0.045	0.045	0.045	0.045	0.044	0.042	0.042	0.042	0.042	0.042	0.042	0.042	0.042	0.062	0.081	0.081	0.081	0.081	0.081	0.081	0.081	0.081	0.045	
0.010	0.010	0.027	0.045	0.045	0.045	0.045	0.045	0.045	0.044	0.042	0.042	0.042	0.042	0.042	0.042	0.042	0.062	0.062	0.081	0.081	0.081	0.081	0.081	0.081	0.081	0.081	0.045	
0.010	0.010	0.027	0.027	0.045	0.045	0.045	0.045	0.045	0.044	0.044	0.042	0.042	0.042	0.042	0.042	0.042	0.062	0.081	0.081	0.081	0.081	0.081	0.081	0.081	0.081	0.045	0.045	
0.010	0.010	0.010	0.027	0.027	0.045	0.045	0.045	0.045	0.045	0.044	0.042	0.042	0.042	0.042	0.042	0.042	0.062	0.081	0.081	0.081	0.081	0.081	0.081	0.081	0.081	0.045	0.010	
0.010	0.010	0.010	0.010	0.027	0.045	0.045	0.045	0.045	0.045	0.044	0.042	0.042	0.042	0.042	0.042	0.042	0.062	0.081	0.081	0.081	0.081	0.081	0.081	0.081	0.045	0.045	0.010	
0.010	0.010	0.010	0.010	0.027	0.027	0.045	0.045	0.045	0.045	0.044	0.042	0.042	0.042	0.042	0.042	0.042	0.062	0.081	0.081	0.081	0.081	0.081	0.081	0.081	0.045	0.010	0.010	
0.010	0.010	0.010	0.010	0.010	0.027	0.045	0.045	0.045	0.045	0.044	0.042	0.042	0.042	0.042	0.042	0.062	0.062	0.081	0.081	0.081	0.081	0.081	0.081	0.044	0.045	0.010	0.010	
0.010	0.010	0.010	0.010	0.010	0.027	0.027	0.045	0.045	0.045	0.044	0.044	0.042	0.042	0.042	0.042	0.062	0.081	0.081	0.081	0.081	0.081	0.081	0.061	0.044	0.010	0.010	0.010	
0.015	0.010	0.010	0.010	0.010	0.010	0.027	0.045	0.045	0.045	0.045	0.044	0.042	0.042	0.042	0.042	0.062	0.081	0.081	0.081	0.081	0.081	0.061	0.044	0.026	0.010	0.010	0.010	
0.015	0.015	0.010	0.010	0.010	0.010	0.027	0.027	0.045	0.045	0.045	0.044	0.042	0.042	0.042	0.042	0.062	0.081	0.081	0.081	0.081	0.081	0.061	0.026	0.010	0.010	0.010	0.010	
0.020	0.015	0.015	0.010	0.010	0.010	0.010	0.027	0.045	0.045	0.045	0.044	0.042	0.042	0.042	0.062	0.062	0.081	0.081	0.081	0.081	0.061	0.061	0.026	0.010	0.010	0.010	0.010	
0.015	0.020	0.015	0.015	0.010	0.010	0.010	0.027	0.027	0.045	0.045	0.044	0.042	0.042	0.042	0.062	0.081	0.081	0.081	0.081	0.061	0.061	0.026	0.026	0.010	0.010	0.010	0.010	
0.015	0.015	0.020	0.015	0.015	0.010	0.010	0.010	0.027	0.045	0.045	0.044	0.044	0.042	0.069	0.073	0.088	0.081	0.081	0.061	0.061	0.041	0.026	0.010	0.010	0.010	0.010	0.010	
0.010	0.015	0.020	0.020	0.015	0.015	0.010	0.010	0.027	0.027	0.045	0.043	0.043	0.060	0.069	0.095	0.088	0.081	0.061	0.061	0.041	0.041	0.026	0.010	0.010	0.010	0.010	0.010	
0.010	0.015	0.015	0.020	0.020	0.015	0.015	0.010	0.012	0.023	0.029	0.033	0.041	0.068	0.095	0.095	0.081	0.074	0.063	0.041	0.041	0.026	0.010	0.010	0.010	0.010	0.010	0.010	
0.010	0.010	0.015	0.015	0.020	0.020	0.017	0.016	0.016	0.014	0.014	0.028	0.041	0.072	0.072	0.081	0.081	0.067	0.044	0.041	0.028	0.022	0.010	0.010	0.010	0.010	0.010	0.010	
0.010	0.010	0.010	0.015	0.020	0.020	0.021	0.022	0.018	0.023	0.023	0.033	0.043	0.056	0.081	0.079	0.078	0.045	0.044	0.026	0.028	0.012	0.010	0.010	0.010	0.010	0.010	0.010	
0.010	0.010	0.010	0.015	0.017	0.021	0.021	0.021	0.022	0.027	0.032	0.038	0.045	0.075	0.090	0.085	0.078	0.060	0.022	0.018	0.014	0.013	0.013	0.011	0.010	0.010	0.010	0.010	
0.015	0.010	0.010	0.016	0.016	0.022	0.021	0.021	0.017	0.021	0.026	0.037	0.060	0.073	0.095	0.095	0.052	0.042	0.016	0.016	0.013	0.014	0.014	0.012	0.010	0.010	0.010	0.010	
0.015	0.015	0.017	0.018	0.022	0.021	0.021	0.020	0.020	0.010	0.023	0.036	0.113	0.151	0.149	0.112	0.083	0.014	0.015	0.010	0.011	0.012	0.017	0.015	0.013	0.010	0.010	0.010	
0.020	0.020	0.017	0.022	0.022	0.022	0.020	0.023	0.020	0.020	0.022	0.029	0.086	0.201	0.173	0.078	0.057	0.015	0.015	0.013	0.010	0.015	0.017	0.020	0.013	0.010	0.010	0.010	
0.020	0.020	0.021	0.022	0.022	0.021	0.020	0.025	0.030	0.025	0.021	0.022	0.112	0.342	0.277	0.213	0.010	0.015	0.020	0.015	0.010	0.015	0.015	0.020	0.015	0.010	0.010	0.010	
0.000	0.000	0.000	0.000	0.000	0.000	0.000	0.000	0.030	0.025	0.021	0.022	0.236	0.342	0.484	0.247	0.000	0.020	0.020	0.020	0.000	0.000	0.020	0.020	0.020	0.000	0.000	0.000	
0.000	0.000	0.000	0.000	0.000	0.000	0.000	0.000	0.000	0.000	0.000	0.000	0.744	0.744	0.484	0.484	0.000	0.000	0.000	0.000	0.000	0.000	0.000	0.000	0.000	0.000	0.000	0.000	
0.000	0.000	0.000	0.000	0.000	0.000	0.000	0.000	0.000	0.000	0.000	0.000	1.005	0.744	0.744	0.744	0.000	0.000	0.000	0.000	0.000	0.000	0.000	0.000	0.000	0.000	0.000	0.000	
0.000	0.000	0.000	0.000	0.000	0.000	0.000	0.000	0.000	0.000	0.000	0.000	1.005	1.005	1.005	1.005	0.000	0.000	0.000	0.000	0.000	0.000	0.000	0.000	0.000	0.000	0.000	0.000	
0.000	0.000	0.000	0.000	0.000	0.000	0.000	0.000	0.000	0.000	0.000	0.000	1.005	1.005	1.005	1.005	0.000	0.000	0.000	0.000	0.000	0.000	0.000	0.000	0.000	0.000	0.000	0.000	
