0.150	0.150	0.150	0.150	0.132	0.114	0.114	0.114	0.114	0.114	0.114	0.114	0.114	0.114	0.114	0.114	0.114	0.114	0.114	0.114	0.102	0.089	0.089	0.089	0.089	0.089	0.089	0.089	
0.150	0.150	0.150	0.150	0.132	0.114	0.114	0.114	0.114	0.114	0.114	0.114	0.114	0.114	0.114	0.114	0.114	0.114	0.114	0.114	0.102	0.089	0.089	0.089	0.089	0.089	0.089	0.089	
0.150	0.150	0.150	0.150	0.132	0.114	0.114	0.114	0.114	0.114	0.114	0.114	0.114	0.114	0.114	0.114	0.114	0.114	0.114	0.102	0.102	0.089	0.089	0.089	0.089	0.089	0.089	0.089	
0.150	0.150	0.150	0.150	0.132	0.132	0.114	0.114	0.114	0.114	0.114	0.114	0.114	0.114	0.114	0.114	0.114	0.114	0.114	0.102	0.089	0.089	0.089	0.089	0.089	0.089	0.089	0.089	
0.150	0.150	0.150	0.150	0.150	0.132	0.114	0.114	0.114	0.114	0.114	0.114	0.114	0.114	0.114	0.114	0.114	0.114	0.114	0.102	0.089	0.089	0.089	0.089	0.089	0.089	0.089	0.089	
0.150	0.150	0.150	0.150	0.150	0.132	0.114	0.114	0.114	0.114	0.114	0.114	0.114	0.114	0.114	0.114	0.114	0.114	0.114	0.102	0.089	0.089	0.089	0.089	0.089	0.089	0.089	0.089	
0.150	0.150	0.150	0.150	0.150	0.132	0.114	0.114	0.114	0.114	0.114	0.114	0.114	0.114	0.114	0.114	0.114	0.114	0.114	0.102	0.089	0.089	0.089	0.089	0.089	0.089	0.089	0.089	
0.150	0.150	0.150	0.150	0.150	0.132	0.114	0.114	0.114	0.114	0.114	0.114	0.114	0.114	0.114	0.114	0.114	0.114	0.114	0.102	0.089	0.089	0.089	0.089	0.089	0.089	0.089	0.089	
0.150	0.150	0.150	0.150	0.150	0.132	0.114	0.114	0.114	0.114	0.114	0.114	0.114	0.114	0.114	0.114	0.114	0.114	0.114	0.102	0.089	0.089	0.089	0.089	0.089	0.089	0.089	0.089	
0.150	0.150	0.150	0.150	0.150	0.132	0.132	0.114	0.114	0.114	0.114	0.114	0.114	0.114	0.114	0.114	0.114	0.114	0.114	0.102	0.089	0.089	0.089	0.089	0.089	0.089	0.089	0.089	
0.150	0.150	0.150	0.150	0.150	0.150	0.132	0.114	0.114	0.114	0.114	0.114	0.114	0.114	0.114	0.114	0.114	0.114	0.114	0.102	0.089	0.089	0.089	0.089	0.089	0.089	0.089	0.089	
0.150	0.150	0.150	0.150	0.150	0.150	0.132	0.114	0.114	0.114	0.114	0.114	0.114	0.114	0.114	0.114	0.114	0.114	0.102	0.102	0.089	0.089	0.089	0.089	0.089	0.089	0.089	0.089	
0.150	0.150	0.150	0.150	0.150	0.150	0.132	0.114	0.114	0.114	0.114	0.114	0.114	0.114	0.114	0.114	0.114	0.114	0.102	0.089	0.089	0.089	0.089	0.089	0.089	0.089	0.089	0.089	
0.150	0.150	0.150	0.150	0.150	0.150	0.132	0.114	0.114	0.114	0.114	0.114	0.114	0.114	0.114	0.114	0.114	0.114	0.102	0.089	0.089	0.089	0.089	0.089	0.089	0.089	0.089	0.089	
0.150	0.150	0.150	0.150	0.150	0.150	0.132	0.114	0.114	0.114	0.114	0.114	0.114	0.114	0.114	0.114	0.114	0.114	0.102	0.089	0.089	0.089	0.089	0.089	0.089	0.089	0.089	0.089	
0.150	0.150	0.150	0.150	0.150	0.150	0.132	0.114	0.114	0.114	0.114	0.114	0.114	0.114	0.114	0.114	0.114	0.114	0.102	0.089	0.089	0.089	0.089	0.089	0.089	0.089	0.089	0.089	
0.150	0.150	0.150	0.150	0.150	0.150	0.132	0.132	0.114	0.114	0.114	0.114	0.114	0.114	0.114	0.114	0.114	0.114	0.102	0.089	0.089	0.089	0.089	0.089	0.089	0.089	0.089	0.089	
0.150	0.150	0.150	0.150	0.150	0.150	0.150	0.132	0.114	0.114	0.114	0.114	0.114	0.114	0.114	0.114	0.114	0.114	0.102	0.089	0.089	0.089	0.089	0.089	0.089	0.089	0.089	0.089	
0.150	0.150	0.150	0.150	0.150	0.150	0.150	0.132	0.114	0.114	0.114	0.114	0.114	0.114	0.114	0.114	0.114	0.114	0.102	0.089	0.089	0.089	0.089	0.089	0.089	0.089	0.089	0.089	
0.150	0.150	0.150	0.150	0.150	0.150	0.150	0.132	0.114	0.114	0.114	0.114	0.114	0.114	0.114	0.114	0.114	0.114	0.102	0.089	0.089	0.089	0.089	0.089	0.089	0.089	0.089	0.089	
0.150	0.150	0.150	0.150	0.150	0.150	0.150	0.132	0.114	0.114	0.114	0.114	0.114	0.114	0.114	0.114	0.114	0.102	0.102	0.089	0.089	0.089	0.089	0.089	0.089	0.089	0.089	0.089	
0.150	0.150	0.150	0.150	0.150	0.150	0.150	0.132	0.114	0.114	0.114	0.114	0.114	0.114	0.114	0.114	0.114	0.102	0.089	0.089	0.089	0.089	0.089	0.089	0.089	0.089	0.089	0.089	
0.150	0.150	0.150	0.150	0.150	0.150	0.150	0.132	0.114	0.114	0.114	0.114	0.114	0.114	0.114	0.114	0.114	0.102	0.089	0.089	0.089	0.089	0.089	0.089	0.089	0.089	0.089	0.089	
0.150	0.150	0.150	0.150	0.150	0.150	0.150	0.132	0.132	0.114	0.114	0.114	0.114	0.114	0.114	0.114	0.114	0.102	0.089	0.089	0.089	0.089	0.089	0.089	0.089	0.089	0.089	0.089	
0.150	0.150	0.150	0.150	0.150	0.150	0.150	0.150	0.132	0.114	0.114	0.114	0.114	0.114	0.114	0.114	0.114	0.102	0.089	0.089	0.089	0.089	0.089	0.089	0.089	0.089	0.089	0.089	
0.150	0.150	0.150	0.150	0.150	0.150	0.150	0.150	0.132	0.114	0.114	0.114	0.114	0.114	0.114	0.114	0.114	0.102	0.089	0.089	0.089	0.089	0.089	0.089	0.089	0.089	0.089	0.089	
0.150	0.150	0.150	0.150	0.150	0.150	0.150	0.150	0.132	0.114	0.114	0.114	0.114	0.114	0.114	0.114	0.114	0.102	0.089	0.089	0.089	0.089	0.089	0.089	0.089	0.089	0.089	0.089	
0.150	0.150	0.150	0.150	0.150	0.150	0.150	0.150	0.132	0.114	0.114	0.114	0.114	0.114	0.114	0.114	0.114	0.102	0.089	0.089	0.089	0.089	0.089	0.089	0.089	0.089	0.089	0.056	
0.150	0.150	0.150	0.150	0.150	0.150	0.150	0.150	0.132	0.114	0.114	0.114	0.114	0.114	0.114	0.114	0.114	0.102	0.089	0.089	0.089	0.089	0.089	0.089	0.089	0.089	0.089	0.056	
0.150	0.150	0.150	0.150	0.150	0.150	0.150	0.150	0.132	0.132	0.114	0.114	0.114	0.114	0.114	0.114	0.102	0.102	0.089	0.089	0.089	0.089	0.089	0.089	0.089	0.089	0.056	0.056	
0.150	0.150	0.150	0.150	0.150	0.150	0.150	0.150	0.150	0.132	0.114	0.114	0.114	0.114	0.114	0.114	0.102	0.089	0.089	0.089	0.089	0.089	0.089	0.089	0.089	0.089	0.056	0.022	
0.150	0.150	0.150	0.150	0.150	0.150	0.150	0.150	0.150	0.132	0.114	0.114	0.114	0.114	0.114	0.114	0.102	0.089	0.089	0.089	0.089	0.089	0.089	0.089	0.089	0.056	0.056	0.022	
0.150	0.150	0.150	0.150	0.150	0.150	0.150	0.150	0.150	0.132	0.114	0.114	0.114	0.114	0.114	0.114	0.102	0.089	0.089	0.089	0.089	0.089	0.089	0.089	0.089	0.056	0.022	0.022	
0.150	0.150	0.150	0.150	0.150	0.150	0.150	0.150	0.150	0.132	0.114	0.114	0.114	0.114	0.114	0.114	0.102	0.089	0.089	0.089	0.089	0.089	0.089	0.089	0.056	0.056	0.022	0.022	
0.098	0.150	0.150	0.150	0.150	0.150	0.150	0.150	0.150	0.132	0.114	0.114	0.114	0.114	0.114	0.114	0.102	0.089	0.089	0.089	0.089	0.089	0.089	0.089	0.056	0.022	0.022	0.022	
0.098	0.098	0.150	0.150	0.150	0.150	0.150	0.150	0.150	0.132	0.114	0.114	0.114	0.114	0.114	0.114	0.102	0.089	0.089	0.089	0.089	0.089	0.089	0.056	0.056	0.022	0.022	0.022	
0.045	0.098	0.098	0.150	0.150	0.150	0.150	0.150	0.150	0.132	0.132	0.114	0.114	0.114	0.114	0.114	0.103	0.089	0.089	0.089	0.089	0.089	0.089	0.056	0.022	0.022	0.022	0.022	
0.045	0.045	0.098	0.150	0.150	0.150	0.150	0.150	0.150	0.150	0.132	0.114	0.114	0.114	0.114	0.110	0.103	0.089	0.089	0.089	0.089	0.089	0.056	0.056	0.022	0.022	0.022	0.022	
0.045	0.045	0.098	0.098	0.150	0.150	0.150	0.150	0.150	0.150	0.132	0.114	0.114	0.114	0.114	0.110	0.098	0.089	0.089	0.089	0.089	0.089	0.056	0.022	0.022	0.022	0.022	0.022	
0.045	0.045	0.045	0.098	0.098	0.150	0.150	0.150	0.150	0.150	0.132	0.114	0.114	0.114	0.114	0.110	0.098	0.089	0.089	0.089	0.089	0.056	0.056	0.022	0.022	0.022	0.022	0.022	
0.045	0.045	0.045	0.045	0.098	0.098	0.150	0.150	0.150	0.150	0.132	0.114	0.114	0.114	0.110	0.110	0.098	0.089	0.089	0.089	0.089	0.056	0.022	0.022	0.022	0.022	0.022	0.022	
0.034	0.045	0.045	0.045	0.045	0.098	0.098	0.150	0.150	0.150	0.132	0.114	0.114	0.114	0.110	0.106	0.098	0.089	0.089	0.089	0.056	0.056	0.022	0.022	0.022	0.022	0.022	0.022	
0.034	0.034	0.034	0.045	0.045	0.045	0.098	0.098	0.150	0.150	0.140	0.135	0.114	0.114	0.110	0.106	0.098	0.089	0.089	0.089	0.056	0.022	0.022	0.022	0.022	0.022	0.022	0.022	
0.022	0.022	0.034	0.034	0.045	0.045	0.045	0.098	0.150	0.153	0.153	0.135	0.123	0.106	0.106	0.106	0.076	0.061	0.065	0.065	0.051	0.022	0.022	0.022	0.022	0.022	0.022	0.038	
0.022	0.022	0.022	0.034	0.034	0.045	0.045	0.075	0.075	0.112	0.093	0.155	0.127	0.098	0.109	0.114	0.087	0.061	0.054	0.041	0.032	0.022	0.022	0.022	0.038	0.038	0.038	0.038	
0.026	0.022	0.022	0.022	0.034	0.034	0.022	0.025	0.030	0.030	0.098	0.120	0.120	0.106	0.111	0.122	0.077	0.032	0.048	0.041	0.042	0.045	0.038	0.038	0.038	0.054	0.037	0.037	
0.026	0.026	0.026	0.022	0.022	0.022	0.022	0.015	0.013	0.020	0.049	0.108	0.107	0.107	0.132	0.141	0.096	0.051	0.048	0.058	0.052	0.046	0.054	0.054	0.054	0.037	0.037	0.020	
0.030	0.030	0.026	0.026	0.026	0.026	0.017	0.000	0.013	0.010	0.059	0.105	0.161	0.187	0.138	0.161	0.082	0.042	0.050	0.055	0.063	0.052	0.047	0.037	0.037	0.037	0.020	0.020	
0.030	0.030	0.030	0.030	0.026	0.027	0.015	0.020	0.013	0.027	0.026	0.104	0.260	0.220	0.205	0.154	0.088	0.042	0.038	0.047	0.044	0.052	0.038	0.037	0.020	0.020	0.020	0.020	
0.030	0.030	0.030	0.030	0.030	0.030	0.030	0.030	0.030	0.036	0.041	0.151	0.260	0.273	0.287	0.150	0.150	0.014	0.022	0.030	0.035	0.040	0.030	0.020	0.020	0.020	0.020	0.020	
0.000	0.000	0.000	0.000	0.000	0.000	0.000	0.030	0.030	0.036	0.041	0.041	0.557	0.467	0.570	0.287	0.000	0.000	0.030	0.000	0.000	0.000	0.000	0.000	0.000	0.000	0.000	0.000	
0.000	0.000	0.000	0.000	0.000	0.000	0.000	0.000	0.000	0.000	0.000	0.000	0.854	0.854	0.570	0.570	0.000	0.000	0.000	0.000	0.000	0.000	0.000	0.000	0.000	0.000	0.000	0.000	
0.000	0.000	0.000	0.000	0.000	0.000	0.000	0.000	0.000	0.000	0.000	0.000	0.854	0.854	0.854	0.854	0.000	0.000	0.000	0.000	0.000	0.000	0.000	0.000	0.000	0.000	0.000	0.000	
0.000	0.000	0.000	0.000	0.000	0.000	0.000	0.000	0.000	0.000	0.000	0.000	0.854	0.854	0.854	0.854	0.000	0.000	0.000	0.000	0.000	0.000	0.000	0.000	0.000	0.000	0.000	0.000	
0.000	0.000	0.000	0.000	0.000	0.000	0.000	0.000	0.000	0.000	0.000	0.000	0.854	0.854	0.854	0.854	0.000	0.000	0.000	0.000	0.000	0.000	0.000	0.000	0.000	0.000	0.000	0.000	
