0.410	0.410	0.410	0.410	0.410	0.410	0.410	0.410	0.410	0.410	0.410	0.410	0.410	0.410	0.410	0.410	0.410	0.410	0.410	0.410	0.483	0.555	0.555	0.555	0.555	0.555	0.555	0.555	
0.410	0.410	0.410	0.410	0.410	0.410	0.410	0.410	0.410	0.410	0.410	0.410	0.410	0.410	0.410	0.410	0.410	0.410	0.410	0.410	0.483	0.555	0.555	0.555	0.555	0.555	0.555	0.555	
0.410	0.410	0.410	0.410	0.410	0.410	0.410	0.410	0.410	0.410	0.410	0.410	0.410	0.410	0.410	0.410	0.410	0.410	0.410	0.483	0.483	0.555	0.555	0.555	0.555	0.555	0.555	0.555	
0.410	0.410	0.410	0.410	0.410	0.410	0.410	0.410	0.410	0.410	0.410	0.410	0.410	0.410	0.410	0.410	0.410	0.410	0.410	0.483	0.555	0.555	0.555	0.555	0.555	0.555	0.555	0.555	
0.410	0.410	0.410	0.410	0.410	0.410	0.410	0.410	0.410	0.410	0.410	0.410	0.410	0.410	0.410	0.410	0.410	0.410	0.410	0.483	0.555	0.555	0.555	0.555	0.555	0.555	0.555	0.555	
0.410	0.410	0.410	0.410	0.410	0.410	0.410	0.410	0.410	0.410	0.410	0.410	0.410	0.410	0.410	0.410	0.410	0.410	0.410	0.483	0.555	0.555	0.555	0.555	0.555	0.555	0.555	0.555	
0.412	0.410	0.410	0.410	0.410	0.410	0.410	0.410	0.410	0.410	0.410	0.410	0.410	0.410	0.410	0.410	0.410	0.410	0.410	0.483	0.555	0.555	0.555	0.555	0.555	0.555	0.555	0.555	
0.412	0.410	0.410	0.410	0.410	0.410	0.410	0.410	0.410	0.410	0.410	0.410	0.410	0.410	0.410	0.410	0.410	0.410	0.410	0.483	0.555	0.555	0.555	0.555	0.555	0.555	0.555	0.555	
0.412	0.410	0.410	0.410	0.410	0.410	0.410	0.410	0.410	0.410	0.410	0.410	0.410	0.410	0.410	0.410	0.410	0.410	0.410	0.483	0.555	0.555	0.555	0.555	0.555	0.555	0.555	0.555	
0.412	0.412	0.410	0.410	0.410	0.410	0.410	0.410	0.410	0.410	0.410	0.410	0.410	0.410	0.410	0.410	0.410	0.410	0.483	0.483	0.555	0.555	0.555	0.555	0.555	0.555	0.555	0.555	
0.414	0.412	0.410	0.410	0.410	0.410	0.410	0.410	0.410	0.410	0.410	0.410	0.410	0.410	0.410	0.410	0.410	0.410	0.483	0.555	0.555	0.555	0.555	0.555	0.555	0.555	0.555	0.555	
0.414	0.412	0.412	0.410	0.410	0.410	0.410	0.410	0.410	0.410	0.410	0.410	0.410	0.410	0.410	0.410	0.410	0.410	0.483	0.555	0.555	0.555	0.555	0.555	0.555	0.555	0.555	0.555	
0.414	0.414	0.412	0.410	0.410	0.410	0.410	0.410	0.410	0.410	0.410	0.410	0.410	0.410	0.410	0.410	0.410	0.410	0.483	0.555	0.555	0.555	0.555	0.555	0.555	0.555	0.555	0.555	
0.414	0.414	0.412	0.410	0.410	0.410	0.410	0.410	0.410	0.410	0.410	0.410	0.410	0.410	0.410	0.410	0.410	0.410	0.483	0.555	0.555	0.555	0.555	0.555	0.555	0.555	0.555	0.555	
0.414	0.414	0.412	0.412	0.410	0.410	0.410	0.410	0.410	0.410	0.410	0.410	0.410	0.410	0.410	0.410	0.410	0.410	0.483	0.555	0.555	0.555	0.555	0.555	0.555	0.555	0.555	0.555	
0.414	0.414	0.414	0.412	0.410	0.410	0.410	0.410	0.410	0.410	0.410	0.410	0.410	0.410	0.410	0.410	0.410	0.483	0.483	0.555	0.555	0.555	0.555	0.555	0.555	0.555	0.555	0.555	
0.414	0.414	0.414	0.412	0.412	0.410	0.410	0.410	0.410	0.410	0.410	0.410	0.410	0.410	0.410	0.410	0.410	0.483	0.555	0.555	0.555	0.555	0.555	0.555	0.555	0.555	0.555	0.555	
0.414	0.414	0.414	0.414	0.412	0.410	0.410	0.410	0.410	0.410	0.410	0.410	0.410	0.410	0.410	0.410	0.410	0.483	0.555	0.555	0.555	0.555	0.555	0.555	0.555	0.555	0.555	0.555	
0.414	0.414	0.414	0.414	0.412	0.410	0.410	0.410	0.410	0.410	0.410	0.410	0.410	0.410	0.410	0.410	0.410	0.483	0.555	0.555	0.555	0.555	0.555	0.555	0.555	0.555	0.555	0.555	
0.414	0.414	0.414	0.414	0.412	0.412	0.410	0.410	0.410	0.410	0.410	0.410	0.410	0.410	0.410	0.410	0.410	0.483	0.555	0.555	0.555	0.555	0.555	0.555	0.555	0.555	0.555	0.547	
0.414	0.414	0.414	0.414	0.414	0.412	0.410	0.410	0.410	0.410	0.410	0.410	0.410	0.410	0.410	0.410	0.410	0.483	0.555	0.555	0.555	0.555	0.555	0.555	0.555	0.555	0.547	0.547	
0.414	0.414	0.414	0.414	0.414	0.412	0.412	0.410	0.410	0.410	0.410	0.410	0.410	0.410	0.410	0.410	0.410	0.483	0.555	0.555	0.555	0.555	0.555	0.555	0.555	0.555	0.547	0.539	
0.414	0.414	0.414	0.414	0.414	0.414	0.412	0.410	0.410	0.410	0.410	0.410	0.410	0.410	0.410	0.410	0.483	0.483	0.555	0.555	0.555	0.555	0.555	0.555	0.555	0.547	0.547	0.539	
0.414	0.414	0.414	0.414	0.414	0.414	0.412	0.410	0.410	0.410	0.410	0.410	0.410	0.410	0.410	0.410	0.483	0.555	0.555	0.555	0.555	0.555	0.555	0.555	0.547	0.547	0.539	0.539	
0.414	0.414	0.414	0.414	0.414	0.414	0.412	0.412	0.410	0.410	0.410	0.410	0.410	0.410	0.410	0.410	0.483	0.555	0.555	0.555	0.555	0.555	0.555	0.547	0.547	0.539	0.539	0.539	
0.414	0.414	0.414	0.414	0.414	0.414	0.414	0.412	0.410	0.410	0.410	0.410	0.410	0.410	0.410	0.410	0.483	0.555	0.555	0.555	0.555	0.555	0.555	0.547	0.539	0.539	0.539	0.539	
0.414	0.414	0.414	0.414	0.414	0.414	0.414	0.440	0.453	0.410	0.410	0.410	0.410	0.410	0.410	0.410	0.483	0.555	0.555	0.555	0.555	0.555	0.547	0.547	0.539	0.539	0.539	0.539	
0.414	0.414	0.414	0.414	0.414	0.414	0.414	0.455	0.409	0.409	0.366	0.410	0.410	0.410	0.410	0.457	0.490	0.555	0.555	0.555	0.555	0.547	0.547	0.539	0.539	0.539	0.539	0.539	
0.414	0.414	0.414	0.414	0.414	0.414	0.455	0.455	0.496	0.409	0.366	0.366	0.366	0.366	0.412	0.457	0.530	0.527	0.555	0.555	0.547	0.547	0.539	0.539	0.539	0.539	0.539	0.539	
0.414	0.414	0.414	0.414	0.414	0.414	0.455	0.496	0.496	0.412	0.370	0.321	0.321	0.412	0.412	0.504	0.514	0.527	0.539	0.534	0.539	0.539	0.539	0.539	0.539	0.539	0.539	0.539	
0.414	0.414	0.414	0.414	0.414	0.455	0.455	0.496	0.496	0.457	0.370	0.370	0.321	0.412	0.504	0.504	0.514	0.523	0.523	0.534	0.531	0.531	0.539	0.539	0.539	0.539	0.539	0.539	
0.414	0.414	0.414	0.429	0.429	0.451	0.470	0.496	0.496	0.457	0.418	0.370	0.374	0.402	0.504	0.504	0.514	0.523	0.523	0.523	0.523	0.531	0.531	0.539	0.539	0.539	0.539	0.539	
0.429	0.429	0.429	0.429	0.443	0.443	0.470	0.496	0.457	0.457	0.418	0.400	0.374	0.443	0.439	0.486	0.486	0.523	0.523	0.523	0.523	0.603	0.581	0.611	0.611	0.611	0.611	0.611	
0.429	0.443	0.443	0.443	0.443	0.443	0.470	0.468	0.459	0.441	0.405	0.397	0.382	0.382	0.407	0.431	0.477	0.498	0.529	0.532	0.603	0.603	0.682	0.682	0.682	0.682	0.682	0.682	
0.413	0.413	0.413	0.443	0.443	0.443	0.453	0.453	0.464	0.425	0.405	0.387	0.387	0.382	0.407	0.431	0.431	0.486	0.540	0.532	0.582	0.682	0.682	0.682	0.682	0.682	0.682	0.682	
0.383	0.383	0.413	0.433	0.458	0.458	0.460	0.464	0.464	0.428	0.392	0.392	0.369	0.382	0.382	0.431	0.486	0.486	0.540	0.540	0.611	0.682	0.682	0.682	0.838	0.838	0.838	0.838	
0.383	0.383	0.383	0.428	0.428	0.473	0.468	0.468	0.464	0.428	0.392	0.362	0.362	0.332	0.361	0.376	0.431	0.540	0.540	0.540	0.632	0.784	0.838	0.838	0.838	0.993	0.993	0.993	
0.383	0.383	0.383	0.383	0.428	0.473	0.473	0.438	0.438	0.411	0.384	0.367	0.332	0.332	0.327	0.321	0.430	0.434	0.552	0.607	0.607	0.834	0.993	0.993	0.993	0.993	0.993	0.993	
0.383	0.383	0.383	0.383	0.428	0.428	0.439	0.418	0.391	0.377	0.377	0.344	0.328	0.327	0.327	0.321	0.381	0.381	0.558	0.675	0.675	0.834	0.834	0.993	0.993	0.993	0.993	0.993	
0.383	0.383	0.383	0.375	0.375	0.407	0.439	0.405	0.391	0.377	0.350	0.350	0.328	0.303	0.293	0.277	0.381	0.441	0.558	0.558	0.675	0.675	0.834	0.993	0.993	0.993	0.993	0.993	
0.375	0.375	0.375	0.375	0.368	0.386	0.405	0.405	0.391	0.380	0.353	0.324	0.324	0.279	0.233	0.277	0.332	0.441	0.441	0.558	0.675	0.675	0.834	0.993	0.993	0.993	0.993	0.993	
0.375	0.368	0.368	0.368	0.368	0.386	0.386	0.405	0.382	0.380	0.341	0.341	0.281	0.265	0.233	0.233	0.307	0.343	0.433	0.513	0.701	0.839	0.890	0.998	0.998	0.993	0.993	0.993	
0.368	0.368	0.368	0.368	0.368	0.316	0.335	0.353	0.355	0.330	0.359	0.307	0.307	0.236	0.239	0.239	0.239	0.370	0.370	0.424	0.714	1.003	1.003	1.003	0.998	0.998	0.998	0.998	
0.368	0.368	0.316	0.316	0.316	0.316	0.283	0.301	0.301	0.330	0.359	0.298	0.238	0.238	0.242	0.248	0.245	0.335	0.424	0.424	0.714	1.003	1.003	1.003	1.003	1.003	1.003	1.003	
0.316	0.316	0.316	0.265	0.265	0.265	0.283	0.283	0.301	0.279	0.289	0.305	0.278	0.269	0.244	0.248	0.248	0.335	0.424	0.424	0.714	1.003	1.003	1.003	1.003	1.003	1.003	1.003	
0.265	0.265	0.265	0.265	0.265	0.265	0.203	0.236	0.207	0.239	0.248	0.318	0.318	0.269	0.250	0.250	0.201	0.259	0.266	0.714	0.714	1.003	1.003	1.003	1.003	1.003	1.003	1.003	
0.226	0.226	0.226	0.226	0.198	0.198	0.203	0.141	0.160	0.178	0.248	0.248	0.430	0.370	0.396	0.300	0.179	0.108	0.266	0.512	0.555	1.003	1.003	1.003	1.003	1.003	1.003	1.003	
0.188	0.188	0.188	0.188	0.188	0.165	0.165	0.156	0.163	0.164	0.164	0.214	0.357	0.542	0.542	0.325	0.108	0.061	0.061	0.061	0.375	0.508	1.003	1.003	1.003	1.003	1.003	1.003	
0.188	0.188	0.188	0.188	0.188	0.188	0.166	0.156	0.166	0.164	0.150	0.180	0.376	0.376	0.542	0.221	0.061	0.061	0.014	0.014	0.014	0.508	0.508	1.003	1.003	1.003	1.003	1.003	
0.188	0.188	0.188	0.188	0.188	0.188	0.179	0.170	0.160	0.150	0.150	0.180	0.211	0.497	0.639	0.431	0.014	0.014	0.014	0.014	0.014	0.014	0.508	0.508	1.003	1.003	1.003	1.003	
0.000	0.000	0.000	0.000	0.000	0.000	0.000	0.000	0.150	0.150	0.150	0.180	0.474	0.474	0.737	0.375	0.000	0.000	0.000	0.000	0.000	0.000	0.000	0.000	0.000	0.000	0.000	0.000	
0.000	0.000	0.000	0.000	0.000	0.000	0.000	0.000	0.000	0.000	0.000	0.000	0.737	0.737	0.737	0.737	0.000	0.000	0.000	0.000	0.000	0.000	0.000	0.000	0.000	0.000	0.000	0.000	
0.000	0.000	0.000	0.000	0.000	0.000	0.000	0.000	0.000	0.000	0.000	0.000	0.869	0.869	0.869	0.869	0.000	0.000	0.000	0.000	0.000	0.000	0.000	0.000	0.000	0.000	0.000	0.000	
0.000	0.000	0.000	0.000	0.000	0.000	0.000	0.000	0.000	0.000	0.000	0.000	1.001	1.001	1.001	1.001	0.000	0.000	0.000	0.000	0.000	0.000	0.000	0.000	0.000	0.000	0.000	0.000	
0.000	0.000	0.000	0.000	0.000	0.000	0.000	0.000	0.000	0.000	0.000	0.000	1.001	1.001	1.001	1.001	0.000	0.000	0.000	0.000	0.000	0.000	0.000	0.000	0.000	0.000	0.000	0.000	
