0.054	0.041	0.028	0.028	0.028	0.028	0.028	0.028	0.028	0.028	0.028	0.028	0.028	0.028	0.028	0.028	0.028	0.028	0.028	0.028	0.028	0.028	0.028	0.028	0.028	0.028	0.127	0.127	
0.054	0.041	0.028	0.028	0.028	0.028	0.028	0.028	0.028	0.028	0.028	0.028	0.028	0.028	0.028	0.028	0.028	0.028	0.028	0.028	0.028	0.028	0.028	0.028	0.028	0.028	0.127	0.225	
0.054	0.041	0.041	0.028	0.028	0.028	0.028	0.028	0.028	0.028	0.028	0.028	0.028	0.028	0.028	0.028	0.028	0.028	0.028	0.028	0.028	0.028	0.028	0.028	0.028	0.028	0.127	0.225	
0.054	0.054	0.041	0.028	0.028	0.028	0.028	0.028	0.028	0.028	0.028	0.028	0.028	0.028	0.028	0.028	0.028	0.028	0.028	0.028	0.028	0.028	0.028	0.028	0.028	0.028	0.127	0.225	
0.054	0.054	0.041	0.028	0.028	0.028	0.028	0.028	0.028	0.028	0.028	0.028	0.028	0.028	0.028	0.028	0.028	0.028	0.028	0.028	0.028	0.028	0.028	0.028	0.028	0.127	0.127	0.225	
0.054	0.054	0.041	0.028	0.028	0.028	0.028	0.028	0.028	0.028	0.028	0.028	0.028	0.028	0.028	0.028	0.028	0.028	0.028	0.028	0.028	0.028	0.028	0.028	0.028	0.127	0.225	0.225	
0.054	0.054	0.041	0.028	0.028	0.028	0.028	0.028	0.028	0.028	0.028	0.028	0.028	0.028	0.028	0.028	0.028	0.028	0.028	0.028	0.028	0.028	0.028	0.028	0.028	0.127	0.225	0.225	
0.054	0.054	0.041	0.041	0.028	0.028	0.028	0.028	0.028	0.028	0.028	0.028	0.028	0.028	0.028	0.028	0.028	0.028	0.028	0.028	0.028	0.028	0.028	0.028	0.028	0.127	0.225	0.225	
0.054	0.054	0.054	0.041	0.028	0.028	0.028	0.028	0.028	0.028	0.028	0.028	0.028	0.028	0.028	0.028	0.028	0.028	0.028	0.028	0.028	0.028	0.028	0.028	0.028	0.127	0.225	0.225	
0.054	0.054	0.054	0.041	0.028	0.028	0.028	0.028	0.028	0.028	0.028	0.028	0.028	0.028	0.028	0.028	0.028	0.028	0.028	0.028	0.028	0.028	0.028	0.028	0.127	0.127	0.225	0.225	
0.054	0.054	0.054	0.041	0.028	0.028	0.028	0.028	0.028	0.028	0.028	0.028	0.028	0.028	0.028	0.028	0.028	0.028	0.028	0.028	0.028	0.028	0.028	0.028	0.127	0.225	0.225	0.225	
0.054	0.054	0.054	0.041	0.041	0.028	0.028	0.028	0.028	0.028	0.028	0.028	0.028	0.028	0.028	0.028	0.028	0.028	0.028	0.028	0.028	0.028	0.028	0.028	0.127	0.225	0.225	0.225	
0.054	0.054	0.054	0.054	0.041	0.028	0.028	0.028	0.028	0.028	0.028	0.028	0.028	0.028	0.028	0.028	0.028	0.028	0.028	0.028	0.028	0.028	0.028	0.028	0.127	0.225	0.225	0.225	
0.054	0.054	0.054	0.054	0.041	0.028	0.028	0.028	0.028	0.028	0.028	0.028	0.028	0.028	0.028	0.028	0.028	0.028	0.028	0.028	0.028	0.028	0.028	0.127	0.127	0.225	0.225	0.225	
0.054	0.054	0.054	0.054	0.041	0.028	0.028	0.028	0.028	0.028	0.028	0.028	0.028	0.028	0.028	0.028	0.028	0.028	0.028	0.028	0.028	0.028	0.028	0.127	0.225	0.225	0.225	0.225	
0.054	0.054	0.054	0.054	0.041	0.028	0.028	0.028	0.028	0.028	0.028	0.028	0.028	0.028	0.028	0.028	0.028	0.028	0.028	0.028	0.028	0.028	0.028	0.127	0.225	0.225	0.225	0.225	
0.054	0.054	0.054	0.054	0.041	0.041	0.028	0.028	0.028	0.028	0.028	0.028	0.028	0.028	0.028	0.028	0.028	0.028	0.028	0.028	0.028	0.028	0.028	0.127	0.225	0.225	0.225	0.225	
0.054	0.054	0.054	0.054	0.054	0.041	0.028	0.028	0.028	0.028	0.028	0.028	0.028	0.028	0.028	0.028	0.028	0.028	0.028	0.028	0.028	0.028	0.127	0.127	0.225	0.225	0.225	0.225	
0.054	0.054	0.054	0.054	0.054	0.041	0.028	0.028	0.028	0.028	0.028	0.028	0.028	0.028	0.028	0.028	0.028	0.028	0.028	0.028	0.028	0.028	0.127	0.225	0.225	0.225	0.225	0.225	
0.054	0.054	0.054	0.054	0.054	0.041	0.028	0.028	0.028	0.028	0.028	0.028	0.028	0.028	0.028	0.028	0.028	0.028	0.028	0.028	0.028	0.028	0.127	0.225	0.225	0.225	0.225	0.225	
0.054	0.054	0.054	0.054	0.054	0.041	0.041	0.028	0.028	0.028	0.028	0.028	0.028	0.028	0.028	0.028	0.028	0.028	0.028	0.028	0.028	0.028	0.127	0.225	0.225	0.225	0.225	0.225	
0.054	0.054	0.054	0.054	0.054	0.054	0.041	0.028	0.028	0.028	0.028	0.028	0.028	0.028	0.028	0.028	0.028	0.028	0.028	0.028	0.028	0.028	0.127	0.225	0.225	0.225	0.225	0.225	
0.054	0.054	0.054	0.054	0.054	0.054	0.041	0.028	0.028	0.028	0.028	0.028	0.028	0.028	0.028	0.028	0.028	0.028	0.028	0.028	0.028	0.127	0.127	0.225	0.225	0.225	0.225	0.225	
0.054	0.054	0.054	0.054	0.054	0.054	0.041	0.028	0.028	0.028	0.028	0.028	0.028	0.028	0.028	0.028	0.028	0.028	0.028	0.028	0.028	0.127	0.225	0.225	0.225	0.225	0.225	0.225	
0.054	0.054	0.054	0.054	0.054	0.054	0.041	0.028	0.028	0.028	0.028	0.028	0.028	0.028	0.028	0.028	0.028	0.028	0.028	0.028	0.028	0.127	0.225	0.225	0.225	0.225	0.225	0.225	
0.054	0.054	0.054	0.054	0.054	0.054	0.041	0.041	0.028	0.028	0.028	0.028	0.028	0.028	0.028	0.028	0.028	0.028	0.028	0.028	0.028	0.127	0.225	0.225	0.225	0.225	0.225	0.225	
0.054	0.054	0.054	0.054	0.054	0.054	0.054	0.041	0.028	0.028	0.028	0.028	0.028	0.028	0.028	0.028	0.028	0.028	0.028	0.028	0.127	0.127	0.225	0.225	0.225	0.225	0.225	0.225	
0.054	0.054	0.054	0.054	0.054	0.054	0.054	0.041	0.028	0.028	0.028	0.028	0.028	0.028	0.028	0.028	0.028	0.028	0.028	0.028	0.127	0.225	0.225	0.225	0.225	0.225	0.225	0.225	
0.054	0.054	0.054	0.054	0.054	0.054	0.054	0.041	0.028	0.028	0.028	0.028	0.028	0.028	0.028	0.028	0.028	0.028	0.028	0.028	0.127	0.225	0.225	0.225	0.225	0.225	0.225	0.225	
0.054	0.054	0.054	0.054	0.054	0.054	0.054	0.041	0.041	0.028	0.028	0.028	0.028	0.028	0.028	0.028	0.028	0.028	0.028	0.028	0.127	0.225	0.225	0.225	0.225	0.225	0.225	0.225	
0.054	0.054	0.054	0.054	0.054	0.054	0.054	0.054	0.041	0.028	0.028	0.028	0.028	0.028	0.028	0.028	0.028	0.028	0.028	0.127	0.127	0.225	0.225	0.225	0.225	0.225	0.225	0.225	
0.054	0.054	0.054	0.054	0.054	0.054	0.054	0.054	0.041	0.028	0.028	0.028	0.028	0.028	0.028	0.028	0.028	0.028	0.028	0.127	0.225	0.225	0.225	0.225	0.225	0.225	0.225	0.225	
0.054	0.054	0.054	0.054	0.054	0.054	0.054	0.054	0.041	0.028	0.028	0.028	0.028	0.028	0.028	0.028	0.028	0.028	0.028	0.127	0.225	0.225	0.225	0.225	0.225	0.225	0.225	0.225	
0.054	0.054	0.054	0.054	0.054	0.054	0.054	0.054	0.041	0.028	0.028	0.028	0.028	0.028	0.028	0.028	0.028	0.028	0.028	0.127	0.225	0.225	0.225	0.225	0.225	0.225	0.225	0.225	
0.054	0.054	0.054	0.054	0.054	0.054	0.054	0.054	0.041	0.041	0.028	0.028	0.028	0.028	0.028	0.028	0.028	0.028	0.028	0.127	0.225	0.225	0.225	0.225	0.225	0.225	0.225	0.225	
0.054	0.054	0.054	0.054	0.054	0.054	0.054	0.054	0.054	0.041	0.028	0.028	0.028	0.028	0.028	0.028	0.028	0.028	0.127	0.127	0.225	0.225	0.225	0.225	0.225	0.225	0.225	0.225	
0.054	0.054	0.054	0.054	0.054	0.054	0.054	0.054	0.054	0.041	0.028	0.028	0.028	0.028	0.028	0.028	0.028	0.028	0.127	0.225	0.225	0.225	0.225	0.225	0.225	0.225	0.225	0.225	
0.048	0.054	0.054	0.054	0.054	0.054	0.054	0.054	0.054	0.045	0.041	0.028	0.028	0.028	0.028	0.028	0.028	0.065	0.118	0.225	0.225	0.225	0.225	0.225	0.225	0.225	0.225	0.225	
0.048	0.048	0.054	0.054	0.054	0.054	0.054	0.054	0.054	0.053	0.041	0.041	0.028	0.028	0.028	0.028	0.028	0.065	0.163	0.225	0.225	0.225	0.225	0.225	0.225	0.225	0.225	0.212	
0.041	0.048	0.048	0.054	0.054	0.054	0.054	0.054	0.054	0.053	0.052	0.041	0.028	0.028	0.028	0.028	0.065	0.065	0.164	0.225	0.225	0.225	0.225	0.225	0.225	0.225	0.212	0.212	
0.041	0.041	0.048	0.048	0.054	0.054	0.054	0.054	0.052	0.052	0.052	0.041	0.041	0.028	0.028	0.065	0.065	0.102	0.164	0.195	0.225	0.225	0.225	0.225	0.225	0.212	0.212	0.200	
0.041	0.041	0.041	0.048	0.048	0.054	0.054	0.054	0.052	0.050	0.052	0.054	0.041	0.041	0.028	0.065	0.102	0.134	0.134	0.195	0.225	0.225	0.225	0.225	0.212	0.212	0.200	0.200	
0.054	0.041	0.041	0.041	0.048	0.048	0.054	0.054	0.052	0.050	0.052	0.054	0.054	0.041	0.057	0.057	0.102	0.134	0.166	0.195	0.225	0.225	0.225	0.212	0.212	0.200	0.200	0.200	
0.054	0.054	0.041	0.041	0.041	0.048	0.041	0.041	0.044	0.050	0.059	0.059	0.056	0.047	0.040	0.062	0.073	0.104	0.166	0.150	0.150	0.142	0.161	0.212	0.200	0.200	0.200	0.200	
0.067	0.054	0.054	0.054	0.041	0.041	0.035	0.028	0.038	0.043	0.053	0.073	0.056	0.044	0.035	0.042	0.045	0.107	0.138	0.111	0.058	0.058	0.129	0.200	0.200	0.200	0.200	0.200	
0.067	0.067	0.067	0.054	0.054	0.054	0.046	0.028	0.032	0.036	0.054	0.054	0.046	0.046	0.032	0.032	0.045	0.078	0.110	0.096	0.058	0.092	0.128	0.200	0.200	0.200	0.200	0.200	
0.059	0.059	0.067	0.067	0.058	0.058	0.048	0.055	0.045	0.065	0.063	0.084	0.076	0.078	0.075	0.065	0.087	0.080	0.105	0.096	0.102	0.092	0.163	0.163	0.200	0.121	0.121	0.121	
0.050	0.059	0.059	0.059	0.065	0.064	0.067	0.073	0.071	0.087	0.089	0.113	0.136	0.159	0.157	0.130	0.108	0.086	0.095	0.120	0.109	0.126	0.083	0.102	0.121	0.121	0.041	0.041	
0.050	0.050	0.050	0.059	0.064	0.064	0.069	0.073	0.084	0.087	0.090	0.102	0.179	0.228	0.225	0.160	0.082	0.065	0.095	0.093	0.109	0.082	0.083	0.041	0.041	0.041	0.041	0.041	
0.050	0.050	0.050	0.055	0.060	0.060	0.070	0.080	0.090	0.100	0.090	0.081	0.200	0.320	0.175	0.175	0.030	0.055	0.080	0.080	0.080	0.060	0.040	0.041	0.041	0.041	0.041	0.041	
0.000	0.000	0.000	0.000	0.000	0.000	0.000	0.000	0.100	0.100	0.100	0.000	0.394	0.394	0.377	0.406	0.030	0.055	0.080	0.080	0.000	0.000	0.000	0.000	0.000	0.000	0.000	0.000	
0.000	0.000	0.000	0.000	0.000	0.000	0.000	0.000	0.000	0.000	0.000	0.000	0.782	0.782	0.782	0.782	0.000	0.000	0.000	0.000	0.000	0.000	0.000	0.000	0.000	0.000	0.000	0.000	
0.000	0.000	0.000	0.000	0.000	0.000	0.000	0.000	0.000	0.000	0.000	0.000	0.782	0.782	0.782	0.782	0.000	0.000	0.000	0.000	0.000	0.000	0.000	0.000	0.000	0.000	0.000	0.000	
0.000	0.000	0.000	0.000	0.000	0.000	0.000	0.000	0.000	0.000	0.000	0.000	0.782	0.782	0.782	0.782	0.000	0.000	0.000	0.000	0.000	0.000	0.000	0.000	0.000	0.000	0.000	0.000	
0.000	0.000	0.000	0.000	0.000	0.000	0.000	0.000	0.000	0.000	0.000	0.000	0.782	0.782	0.782	0.782	0.000	0.000	0.000	0.000	0.000	0.000	0.000	0.000	0.000	0.000	0.000	0.000	
