0.085	0.085	0.085	0.085	0.085	0.085	0.085	0.085	0.085	0.063	0.041	0.041	0.041	0.041	0.057	0.073	0.073	0.073	0.073	0.073	0.073	0.073	0.073	0.073	0.073	0.073	0.073	0.073	
0.085	0.085	0.085	0.085	0.085	0.085	0.085	0.085	0.085	0.063	0.041	0.041	0.041	0.041	0.057	0.073	0.073	0.073	0.073	0.073	0.073	0.073	0.073	0.073	0.073	0.073	0.073	0.073	
0.085	0.085	0.085	0.085	0.085	0.085	0.085	0.085	0.085	0.063	0.041	0.041	0.041	0.041	0.057	0.073	0.073	0.073	0.073	0.073	0.073	0.073	0.073	0.073	0.073	0.073	0.073	0.073	
0.085	0.085	0.085	0.085	0.085	0.085	0.085	0.085	0.085	0.063	0.041	0.041	0.041	0.041	0.057	0.073	0.073	0.073	0.073	0.073	0.073	0.073	0.073	0.073	0.073	0.073	0.073	0.073	
0.085	0.085	0.085	0.085	0.085	0.085	0.085	0.085	0.085	0.063	0.041	0.041	0.041	0.041	0.057	0.073	0.073	0.073	0.073	0.073	0.073	0.073	0.073	0.073	0.073	0.073	0.073	0.073	
0.085	0.085	0.085	0.085	0.085	0.085	0.085	0.085	0.085	0.063	0.041	0.041	0.041	0.041	0.057	0.073	0.073	0.073	0.073	0.073	0.073	0.073	0.073	0.073	0.073	0.073	0.073	0.073	
0.085	0.085	0.085	0.085	0.085	0.085	0.085	0.085	0.085	0.063	0.041	0.041	0.041	0.041	0.057	0.073	0.073	0.073	0.073	0.073	0.073	0.073	0.073	0.073	0.073	0.073	0.073	0.073	
0.085	0.085	0.085	0.085	0.085	0.085	0.085	0.085	0.085	0.063	0.041	0.041	0.041	0.041	0.057	0.073	0.073	0.073	0.073	0.073	0.073	0.073	0.073	0.073	0.073	0.073	0.073	0.073	
0.085	0.085	0.085	0.085	0.085	0.085	0.085	0.085	0.085	0.063	0.041	0.041	0.041	0.041	0.057	0.073	0.073	0.073	0.073	0.073	0.073	0.073	0.073	0.073	0.073	0.073	0.073	0.073	
0.085	0.085	0.085	0.085	0.085	0.085	0.085	0.085	0.085	0.063	0.041	0.041	0.041	0.041	0.057	0.073	0.073	0.073	0.073	0.073	0.073	0.073	0.073	0.073	0.073	0.073	0.073	0.073	
0.085	0.085	0.085	0.085	0.085	0.085	0.085	0.085	0.085	0.063	0.041	0.041	0.041	0.041	0.057	0.073	0.073	0.073	0.073	0.073	0.073	0.073	0.073	0.073	0.073	0.073	0.073	0.073	
0.085	0.085	0.085	0.085	0.085	0.085	0.085	0.085	0.085	0.063	0.041	0.041	0.041	0.041	0.057	0.073	0.073	0.073	0.073	0.073	0.073	0.073	0.073	0.073	0.073	0.073	0.073	0.073	
0.085	0.085	0.085	0.085	0.085	0.085	0.085	0.085	0.085	0.063	0.041	0.041	0.041	0.041	0.057	0.073	0.073	0.073	0.073	0.073	0.073	0.073	0.073	0.073	0.073	0.073	0.073	0.073	
0.085	0.085	0.085	0.085	0.085	0.085	0.085	0.085	0.085	0.063	0.041	0.041	0.041	0.041	0.057	0.073	0.073	0.073	0.073	0.073	0.073	0.073	0.073	0.073	0.073	0.073	0.073	0.073	
0.085	0.085	0.085	0.085	0.085	0.085	0.085	0.085	0.085	0.063	0.041	0.041	0.041	0.041	0.057	0.073	0.073	0.073	0.073	0.073	0.073	0.073	0.073	0.073	0.073	0.073	0.073	0.073	
0.085	0.085	0.085	0.085	0.085	0.085	0.085	0.085	0.085	0.063	0.041	0.041	0.041	0.041	0.057	0.073	0.073	0.073	0.073	0.073	0.073	0.073	0.073	0.073	0.073	0.073	0.073	0.073	
0.085	0.085	0.085	0.085	0.085	0.085	0.085	0.085	0.085	0.063	0.041	0.041	0.041	0.041	0.057	0.073	0.073	0.073	0.073	0.073	0.073	0.073	0.073	0.073	0.073	0.073	0.073	0.073	
0.085	0.085	0.085	0.085	0.085	0.085	0.085	0.085	0.085	0.063	0.063	0.041	0.041	0.041	0.057	0.073	0.073	0.073	0.073	0.073	0.073	0.073	0.073	0.073	0.073	0.073	0.073	0.073	
0.085	0.085	0.085	0.085	0.085	0.085	0.085	0.085	0.085	0.085	0.063	0.041	0.041	0.041	0.057	0.073	0.073	0.073	0.073	0.073	0.073	0.073	0.073	0.073	0.073	0.073	0.073	0.073	
0.085	0.085	0.085	0.085	0.085	0.085	0.085	0.085	0.085	0.085	0.063	0.041	0.041	0.041	0.057	0.073	0.073	0.073	0.073	0.073	0.073	0.073	0.073	0.073	0.073	0.073	0.073	0.073	
0.085	0.085	0.085	0.085	0.085	0.085	0.085	0.085	0.085	0.085	0.063	0.041	0.041	0.041	0.057	0.073	0.073	0.073	0.073	0.073	0.073	0.073	0.073	0.073	0.073	0.073	0.073	0.073	
0.085	0.085	0.085	0.085	0.085	0.085	0.085	0.085	0.085	0.085	0.063	0.041	0.041	0.041	0.057	0.073	0.073	0.073	0.073	0.073	0.073	0.073	0.073	0.073	0.073	0.073	0.073	0.073	
0.085	0.085	0.085	0.085	0.085	0.085	0.085	0.085	0.085	0.085	0.063	0.041	0.041	0.041	0.057	0.073	0.073	0.073	0.073	0.073	0.073	0.073	0.073	0.073	0.073	0.073	0.073	0.073	
0.085	0.085	0.085	0.085	0.085	0.085	0.085	0.085	0.085	0.085	0.063	0.041	0.041	0.041	0.057	0.073	0.073	0.073	0.073	0.073	0.073	0.073	0.073	0.073	0.073	0.073	0.073	0.073	
0.085	0.085	0.085	0.085	0.085	0.085	0.085	0.085	0.085	0.085	0.063	0.041	0.041	0.041	0.057	0.073	0.073	0.073	0.073	0.073	0.073	0.073	0.073	0.073	0.073	0.073	0.073	0.073	
0.085	0.085	0.085	0.085	0.085	0.085	0.085	0.085	0.085	0.085	0.063	0.041	0.041	0.041	0.057	0.073	0.073	0.073	0.073	0.073	0.073	0.073	0.073	0.073	0.073	0.073	0.073	0.073	
0.085	0.085	0.085	0.085	0.085	0.085	0.085	0.085	0.085	0.085	0.063	0.041	0.041	0.041	0.057	0.073	0.073	0.073	0.073	0.073	0.073	0.073	0.073	0.073	0.073	0.073	0.073	0.073	
0.085	0.085	0.085	0.085	0.085	0.085	0.085	0.085	0.085	0.085	0.063	0.041	0.041	0.041	0.057	0.073	0.073	0.073	0.073	0.073	0.073	0.073	0.073	0.073	0.073	0.073	0.073	0.091	
0.085	0.085	0.085	0.085	0.085	0.085	0.085	0.085	0.085	0.085	0.063	0.041	0.041	0.041	0.057	0.073	0.073	0.073	0.073	0.073	0.073	0.073	0.073	0.073	0.073	0.073	0.073	0.091	
0.058	0.085	0.085	0.085	0.085	0.085	0.085	0.085	0.085	0.085	0.063	0.041	0.041	0.041	0.057	0.073	0.073	0.073	0.073	0.073	0.073	0.073	0.073	0.073	0.073	0.073	0.091	0.091	
0.058	0.085	0.085	0.085	0.085	0.085	0.085	0.085	0.085	0.085	0.063	0.041	0.041	0.041	0.057	0.057	0.073	0.073	0.073	0.073	0.073	0.073	0.073	0.073	0.073	0.073	0.091	0.110	
0.058	0.058	0.085	0.085	0.085	0.085	0.085	0.085	0.085	0.085	0.063	0.041	0.041	0.041	0.041	0.057	0.073	0.073	0.073	0.073	0.073	0.073	0.073	0.073	0.073	0.091	0.091	0.110	
0.030	0.058	0.058	0.085	0.085	0.085	0.085	0.085	0.085	0.085	0.063	0.041	0.041	0.041	0.041	0.057	0.073	0.073	0.073	0.073	0.073	0.073	0.073	0.073	0.073	0.091	0.110	0.110	
0.030	0.030	0.058	0.085	0.085	0.085	0.085	0.085	0.085	0.085	0.063	0.041	0.041	0.041	0.041	0.057	0.073	0.073	0.073	0.073	0.073	0.073	0.073	0.073	0.091	0.091	0.110	0.110	
0.030	0.030	0.058	0.058	0.085	0.085	0.085	0.085	0.085	0.085	0.063	0.041	0.041	0.041	0.041	0.057	0.073	0.073	0.073	0.073	0.073	0.073	0.073	0.073	0.091	0.110	0.110	0.110	
0.030	0.030	0.030	0.058	0.085	0.085	0.085	0.085	0.085	0.085	0.063	0.041	0.041	0.041	0.041	0.057	0.073	0.073	0.073	0.073	0.073	0.073	0.073	0.091	0.091	0.110	0.110	0.110	
0.030	0.030	0.030	0.058	0.058	0.085	0.085	0.085	0.085	0.085	0.063	0.041	0.041	0.041	0.041	0.057	0.073	0.073	0.073	0.073	0.073	0.073	0.073	0.091	0.110	0.110	0.110	0.110	
0.030	0.030	0.030	0.030	0.058	0.085	0.085	0.085	0.085	0.085	0.063	0.041	0.041	0.041	0.041	0.057	0.073	0.073	0.073	0.073	0.073	0.073	0.091	0.091	0.110	0.110	0.110	0.110	
0.030	0.030	0.030	0.030	0.058	0.058	0.085	0.085	0.085	0.085	0.063	0.063	0.041	0.041	0.041	0.057	0.073	0.073	0.073	0.073	0.073	0.073	0.091	0.110	0.110	0.110	0.110	0.110	
0.030	0.030	0.030	0.030	0.030	0.058	0.058	0.085	0.085	0.085	0.085	0.063	0.041	0.041	0.041	0.059	0.073	0.073	0.073	0.073	0.073	0.091	0.091	0.110	0.110	0.110	0.110	0.110	
0.030	0.030	0.030	0.030	0.030	0.030	0.058	0.085	0.085	0.085	0.085	0.063	0.041	0.041	0.053	0.059	0.073	0.073	0.073	0.073	0.073	0.091	0.110	0.110	0.110	0.110	0.110	0.110	
0.036	0.030	0.030	0.030	0.030	0.030	0.058	0.058	0.085	0.085	0.085	0.063	0.041	0.041	0.053	0.068	0.068	0.073	0.073	0.073	0.091	0.091	0.110	0.110	0.110	0.110	0.110	0.110	
0.036	0.036	0.036	0.030	0.030	0.030	0.030	0.058	0.085	0.085	0.085	0.063	0.041	0.053	0.053	0.064	0.068	0.073	0.073	0.087	0.094	0.110	0.110	0.110	0.110	0.110	0.110	0.110	
0.041	0.041	0.036	0.036	0.030	0.030	0.030	0.058	0.049	0.059	0.092	0.075	0.070	0.076	0.064	0.064	0.084	0.093	0.096	0.087	0.105	0.110	0.110	0.110	0.110	0.110	0.110	0.110	
0.041	0.041	0.041	0.036	0.036	0.030	0.030	0.031	0.031	0.072	0.072	0.099	0.087	0.076	0.093	0.089	0.089	0.114	0.096	0.100	0.105	0.110	0.110	0.110	0.110	0.110	0.071	0.052	
0.051	0.041	0.041	0.041	0.036	0.036	0.041	0.038	0.032	0.032	0.065	0.089	0.100	0.122	0.139	0.133	0.172	0.114	0.107	0.057	0.075	0.052	0.071	0.071	0.071	0.071	0.052	0.023	
0.051	0.051	0.051	0.041	0.041	0.041	0.041	0.041	0.044	0.041	0.065	0.089	0.137	0.137	0.188	0.230	0.119	0.064	0.061	0.057	0.014	0.052	0.032	0.032	0.023	0.023	0.023	0.014	
0.060	0.060	0.051	0.051	0.051	0.056	0.054	0.051	0.060	0.050	0.064	0.073	0.145	0.211	0.221	0.194	0.089	0.014	0.009	0.007	0.012	0.019	0.032	0.023	0.023	0.014	0.014	0.014	
0.060	0.060	0.060	0.060	0.051	0.057	0.060	0.067	0.060	0.065	0.073	0.073	0.126	0.211	0.262	0.194	0.018	0.012	0.007	0.007	0.008	0.021	0.019	0.023	0.014	0.014	0.014	0.014	
0.060	0.060	0.060	0.060	0.060	0.065	0.070	0.075	0.080	0.080	0.085	0.090	0.295	0.370	0.370	0.168	0.168	0.011	0.000	0.000	0.005	0.010	0.012	0.014	0.014	0.014	0.014	0.014	
0.000	0.000	0.000	0.000	0.000	0.070	0.070	0.075	0.080	0.080	0.080	0.000	0.338	0.585	0.449	0.449	0.000	0.000	0.000	0.000	0.010	0.010	0.010	0.000	0.000	0.000	0.000	0.000	
0.000	0.000	0.000	0.000	0.000	0.000	0.000	0.000	0.000	0.000	0.000	0.000	0.585	0.585	0.585	0.449	0.000	0.000	0.000	0.000	0.000	0.000	0.000	0.000	0.000	0.000	0.000	0.000	
0.000	0.000	0.000	0.000	0.000	0.000	0.000	0.000	0.000	0.000	0.000	0.000	0.794	0.794	0.794	0.794	0.000	0.000	0.000	0.000	0.000	0.000	0.000	0.000	0.000	0.000	0.000	0.000	
0.000	0.000	0.000	0.000	0.000	0.000	0.000	0.000	0.000	0.000	0.000	0.000	1.003	1.003	1.003	1.003	0.000	0.000	0.000	0.000	0.000	0.000	0.000	0.000	0.000	0.000	0.000	0.000	
0.000	0.000	0.000	0.000	0.000	0.000	0.000	0.000	0.000	0.000	0.000	0.000	1.003	1.003	1.003	1.003	0.000	0.000	0.000	0.000	0.000	0.000	0.000	0.000	0.000	0.000	0.000	0.000	
