0.099	0.099	0.099	0.099	0.099	0.099	0.099	0.099	0.099	0.099	0.099	0.099	0.099	0.099	0.099	0.099	0.099	0.099	0.099	0.099	0.126	0.265	0.377	0.377	0.377	0.377	0.377	0.377	
0.099	0.099	0.099	0.099	0.099	0.099	0.099	0.099	0.099	0.099	0.099	0.099	0.099	0.099	0.099	0.099	0.099	0.099	0.099	0.099	0.126	0.265	0.377	0.377	0.377	0.377	0.377	0.377	
0.099	0.099	0.099	0.099	0.099	0.099	0.099	0.099	0.099	0.099	0.099	0.099	0.099	0.099	0.099	0.099	0.099	0.099	0.099	0.126	0.126	0.265	0.377	0.377	0.377	0.377	0.377	0.377	
0.099	0.099	0.099	0.099	0.099	0.099	0.099	0.099	0.099	0.099	0.099	0.099	0.099	0.099	0.099	0.099	0.099	0.099	0.099	0.126	0.153	0.265	0.377	0.377	0.377	0.377	0.377	0.377	
0.099	0.099	0.099	0.099	0.099	0.099	0.099	0.099	0.099	0.099	0.099	0.099	0.099	0.099	0.099	0.099	0.099	0.099	0.099	0.126	0.153	0.265	0.377	0.377	0.377	0.377	0.377	0.377	
0.099	0.099	0.099	0.099	0.099	0.099	0.099	0.099	0.099	0.099	0.099	0.099	0.099	0.099	0.099	0.099	0.099	0.099	0.099	0.126	0.153	0.265	0.377	0.377	0.377	0.377	0.377	0.377	
0.099	0.099	0.099	0.099	0.099	0.099	0.099	0.099	0.099	0.099	0.099	0.099	0.099	0.099	0.099	0.099	0.099	0.099	0.099	0.126	0.265	0.265	0.377	0.377	0.377	0.377	0.377	0.377	
0.099	0.099	0.099	0.099	0.099	0.099	0.099	0.099	0.099	0.099	0.099	0.099	0.099	0.099	0.099	0.099	0.099	0.099	0.099	0.126	0.265	0.377	0.377	0.377	0.377	0.377	0.377	0.377	
0.099	0.099	0.099	0.099	0.099	0.099	0.099	0.099	0.099	0.099	0.099	0.099	0.099	0.099	0.099	0.099	0.099	0.099	0.126	0.126	0.265	0.377	0.377	0.377	0.377	0.377	0.377	0.377	
0.099	0.099	0.099	0.099	0.099	0.099	0.099	0.099	0.099	0.099	0.099	0.099	0.099	0.099	0.099	0.099	0.099	0.099	0.126	0.153	0.265	0.377	0.377	0.377	0.377	0.377	0.377	0.377	
0.099	0.099	0.099	0.099	0.099	0.099	0.099	0.099	0.099	0.099	0.099	0.099	0.099	0.099	0.099	0.099	0.099	0.099	0.126	0.153	0.265	0.377	0.377	0.377	0.377	0.377	0.377	0.377	
0.099	0.099	0.099	0.099	0.099	0.099	0.099	0.099	0.099	0.099	0.099	0.099	0.099	0.099	0.099	0.099	0.099	0.099	0.126	0.153	0.265	0.377	0.377	0.377	0.377	0.377	0.377	0.377	
0.099	0.099	0.099	0.099	0.099	0.099	0.099	0.099	0.099	0.099	0.099	0.099	0.099	0.099	0.099	0.099	0.099	0.099	0.126	0.153	0.265	0.377	0.377	0.377	0.377	0.377	0.377	0.377	
0.099	0.099	0.099	0.099	0.099	0.099	0.099	0.099	0.099	0.099	0.099	0.099	0.099	0.099	0.099	0.099	0.099	0.099	0.126	0.265	0.265	0.377	0.377	0.377	0.377	0.377	0.377	0.377	
0.099	0.099	0.099	0.099	0.099	0.099	0.099	0.099	0.099	0.099	0.099	0.099	0.099	0.099	0.099	0.099	0.099	0.126	0.126	0.265	0.377	0.377	0.377	0.377	0.377	0.377	0.377	0.377	
0.099	0.099	0.099	0.099	0.099	0.099	0.099	0.099	0.099	0.099	0.099	0.099	0.099	0.099	0.099	0.099	0.099	0.126	0.153	0.265	0.377	0.377	0.377	0.377	0.377	0.377	0.377	0.377	
0.099	0.099	0.099	0.099	0.099	0.099	0.099	0.099	0.099	0.099	0.099	0.099	0.099	0.099	0.099	0.099	0.099	0.126	0.153	0.265	0.377	0.377	0.377	0.377	0.377	0.377	0.377	0.377	
0.099	0.099	0.099	0.099	0.099	0.099	0.099	0.099	0.099	0.099	0.099	0.099	0.099	0.099	0.099	0.099	0.099	0.126	0.153	0.265	0.377	0.377	0.377	0.377	0.377	0.377	0.377	0.377	
0.099	0.099	0.099	0.099	0.099	0.099	0.099	0.099	0.099	0.099	0.099	0.099	0.099	0.099	0.099	0.099	0.099	0.126	0.153	0.265	0.377	0.377	0.377	0.377	0.377	0.377	0.377	0.377	
0.099	0.099	0.099	0.099	0.099	0.099	0.099	0.099	0.099	0.099	0.099	0.099	0.099	0.099	0.099	0.099	0.099	0.126	0.153	0.265	0.377	0.377	0.377	0.377	0.377	0.377	0.377	0.377	
0.099	0.099	0.099	0.099	0.099	0.099	0.099	0.099	0.099	0.099	0.099	0.099	0.099	0.099	0.099	0.099	0.126	0.126	0.153	0.265	0.377	0.377	0.377	0.377	0.377	0.377	0.377	0.377	
0.099	0.099	0.099	0.099	0.099	0.099	0.099	0.099	0.099	0.099	0.099	0.099	0.099	0.099	0.099	0.099	0.126	0.153	0.265	0.265	0.377	0.377	0.377	0.377	0.377	0.377	0.377	0.377	
0.099	0.099	0.099	0.099	0.099	0.099	0.099	0.099	0.099	0.099	0.099	0.099	0.099	0.099	0.099	0.099	0.126	0.153	0.265	0.377	0.377	0.377	0.377	0.377	0.377	0.377	0.377	0.377	
0.099	0.099	0.099	0.099	0.099	0.099	0.099	0.099	0.099	0.099	0.099	0.099	0.099	0.099	0.099	0.099	0.126	0.153	0.265	0.377	0.377	0.377	0.377	0.377	0.377	0.377	0.377	0.377	
0.099	0.099	0.099	0.099	0.099	0.099	0.099	0.099	0.099	0.099	0.099	0.099	0.099	0.099	0.099	0.099	0.126	0.153	0.265	0.377	0.377	0.377	0.377	0.377	0.377	0.377	0.377	0.377	
0.099	0.099	0.099	0.099	0.099	0.099	0.099	0.099	0.099	0.099	0.099	0.099	0.099	0.099	0.099	0.099	0.126	0.153	0.265	0.377	0.377	0.377	0.377	0.377	0.377	0.377	0.377	0.377	
0.099	0.099	0.099	0.099	0.099	0.099	0.099	0.099	0.099	0.099	0.099	0.099	0.099	0.099	0.099	0.126	0.126	0.153	0.265	0.377	0.377	0.377	0.377	0.377	0.377	0.377	0.377	0.377	
0.099	0.099	0.099	0.099	0.099	0.099	0.099	0.099	0.099	0.099	0.099	0.099	0.099	0.099	0.099	0.126	0.153	0.153	0.265	0.377	0.377	0.377	0.377	0.377	0.377	0.377	0.377	0.377	
0.099	0.099	0.099	0.099	0.099	0.099	0.099	0.099	0.099	0.099	0.099	0.099	0.099	0.099	0.099	0.126	0.153	0.265	0.265	0.377	0.377	0.377	0.377	0.377	0.377	0.377	0.377	0.377	
0.099	0.099	0.099	0.099	0.099	0.099	0.099	0.099	0.099	0.099	0.099	0.099	0.099	0.099	0.099	0.126	0.153	0.265	0.377	0.377	0.377	0.377	0.377	0.377	0.377	0.377	0.377	0.377	
0.099	0.099	0.099	0.099	0.099	0.099	0.099	0.099	0.099	0.099	0.099	0.099	0.099	0.099	0.099	0.126	0.153	0.265	0.377	0.377	0.377	0.377	0.377	0.377	0.377	0.377	0.377	0.377	
0.099	0.099	0.099	0.099	0.099	0.099	0.099	0.099	0.099	0.099	0.099	0.099	0.099	0.099	0.099	0.126	0.153	0.265	0.377	0.377	0.377	0.377	0.377	0.377	0.377	0.377	0.377	0.377	
0.099	0.099	0.099	0.099	0.099	0.099	0.099	0.099	0.099	0.099	0.099	0.099	0.099	0.099	0.126	0.126	0.153	0.265	0.377	0.377	0.377	0.377	0.377	0.377	0.377	0.377	0.377	0.377	
0.099	0.099	0.099	0.099	0.099	0.099	0.099	0.099	0.099	0.099	0.099	0.099	0.099	0.099	0.126	0.153	0.153	0.265	0.377	0.377	0.377	0.377	0.377	0.377	0.377	0.377	0.377	0.204	
0.099	0.099	0.099	0.099	0.099	0.099	0.099	0.099	0.099	0.099	0.099	0.099	0.099	0.099	0.126	0.153	0.153	0.265	0.377	0.377	0.377	0.377	0.377	0.377	0.377	0.377	0.204	0.204	
0.099	0.099	0.099	0.099	0.099	0.099	0.099	0.099	0.099	0.099	0.099	0.099	0.099	0.099	0.126	0.153	0.265	0.265	0.377	0.377	0.377	0.377	0.377	0.377	0.377	0.377	0.204	0.032	
0.099	0.099	0.099	0.099	0.099	0.099	0.099	0.099	0.099	0.099	0.099	0.099	0.099	0.099	0.126	0.153	0.265	0.377	0.377	0.377	0.377	0.377	0.377	0.377	0.377	0.204	0.204	0.032	
0.099	0.099	0.099	0.099	0.099	0.099	0.099	0.099	0.099	0.099	0.099	0.099	0.099	0.099	0.126	0.153	0.265	0.377	0.377	0.377	0.377	0.377	0.377	0.377	0.204	0.204	0.032	0.032	
0.099	0.099	0.099	0.099	0.099	0.099	0.099	0.099	0.099	0.099	0.099	0.099	0.099	0.126	0.126	0.153	0.265	0.377	0.377	0.377	0.377	0.377	0.377	0.377	0.204	0.032	0.032	0.032	
0.099	0.099	0.099	0.099	0.099	0.099	0.099	0.099	0.099	0.099	0.099	0.099	0.099	0.126	0.153	0.153	0.265	0.377	0.377	0.377	0.377	0.377	0.377	0.204	0.204	0.032	0.032	0.032	
0.140	0.140	0.099	0.099	0.099	0.099	0.099	0.099	0.099	0.099	0.099	0.099	0.099	0.126	0.153	0.153	0.265	0.377	0.377	0.377	0.377	0.377	0.204	0.204	0.032	0.032	0.032	0.032	
0.180	0.140	0.140	0.099	0.099	0.099	0.099	0.099	0.099	0.099	0.099	0.099	0.099	0.126	0.153	0.153	0.265	0.377	0.377	0.377	0.377	0.377	0.204	0.032	0.032	0.032	0.032	0.032	
0.180	0.180	0.140	0.140	0.099	0.099	0.099	0.099	0.099	0.099	0.099	0.099	0.099	0.126	0.153	0.153	0.265	0.377	0.377	0.377	0.377	0.204	0.204	0.032	0.032	0.032	0.032	0.032	
0.180	0.180	0.180	0.140	0.140	0.140	0.099	0.099	0.099	0.099	0.099	0.099	0.099	0.126	0.153	0.265	0.265	0.377	0.377	0.377	0.204	0.204	0.032	0.032	0.032	0.032	0.032	0.032	
0.180	0.180	0.180	0.180	0.180	0.140	0.140	0.099	0.099	0.099	0.099	0.099	0.126	0.126	0.153	0.265	0.377	0.377	0.377	0.377	0.204	0.032	0.032	0.032	0.032	0.032	0.032	0.032	
0.180	0.180	0.180	0.180	0.180	0.180	0.140	0.140	0.099	0.099	0.099	0.099	0.126	0.153	0.153	0.265	0.377	0.377	0.377	0.204	0.204	0.032	0.032	0.032	0.032	0.032	0.032	0.032	
0.180	0.180	0.180	0.180	0.180	0.180	0.180	0.140	0.140	0.099	0.099	0.099	0.126	0.153	0.153	0.265	0.377	0.377	0.204	0.204	0.032	0.032	0.032	0.032	0.032	0.032	0.032	0.032	
0.180	0.180	0.180	0.180	0.180	0.180	0.180	0.180	0.140	0.140	0.140	0.167	0.162	0.153	0.153	0.265	0.377	0.204	0.204	0.032	0.032	0.032	0.032	0.032	0.032	0.032	0.032	0.032	
0.180	0.180	0.180	0.180	0.180	0.180	0.180	0.180	0.180	0.180	0.172	0.167	0.194	0.333	0.381	0.380	0.377	0.204	0.032	0.032	0.032	0.032	0.032	0.032	0.032	0.032	0.032	0.032	
0.180	0.180	0.180	0.180	0.180	0.180	0.180	0.180	0.180	0.180	0.208	0.235	0.235	0.422	0.609	0.493	0.339	0.204	0.032	0.032	0.032	0.032	0.032	0.032	0.032	0.032	0.032	0.032	
0.000	0.000	0.000	0.000	0.000	0.000	0.000	0.000	0.000	0.000	0.000	0.000	0.422	0.422	0.609	0.609	0.609	0.000	0.000	0.000	0.000	0.000	0.000	0.000	0.000	0.000	0.000	0.000	
0.000	0.000	0.000	0.000	0.000	0.000	0.000	0.000	0.000	0.000	0.000	0.000	0.806	0.806	0.806	0.609	0.000	0.000	0.000	0.000	0.000	0.000	0.000	0.000	0.000	0.000	0.000	0.000	
0.000	0.000	0.000	0.000	0.000	0.000	0.000	0.000	0.000	0.000	0.000	0.000	1.002	1.002	0.806	0.806	0.000	0.000	0.000	0.000	0.000	0.000	0.000	0.000	0.000	0.000	0.000	0.000	
0.000	0.000	0.000	0.000	0.000	0.000	0.000	0.000	0.000	0.000	0.000	0.000	1.002	1.002	1.002	1.002	0.000	0.000	0.000	0.000	0.000	0.000	0.000	0.000	0.000	0.000	0.000	0.000	
0.000	0.000	0.000	0.000	0.000	0.000	0.000	0.000	0.000	0.000	0.000	0.000	1.002	1.002	1.002	1.002	0.000	0.000	0.000	0.000	0.000	0.000	0.000	0.000	0.000	0.000	0.000	0.000	
