0.098	0.056	0.034	0.034	0.034	0.034	0.034	0.034	0.034	0.034	0.034	0.034	0.034	0.034	0.034	0.034	0.034	0.034	0.034	0.034	0.034	0.034	0.034	0.034	0.034	0.034	0.034	0.034	
0.098	0.071	0.034	0.034	0.034	0.034	0.034	0.034	0.034	0.034	0.034	0.034	0.034	0.034	0.034	0.034	0.034	0.034	0.034	0.034	0.034	0.034	0.034	0.034	0.034	0.034	0.034	0.034	
0.098	0.087	0.034	0.034	0.034	0.034	0.034	0.034	0.034	0.034	0.034	0.034	0.034	0.034	0.034	0.034	0.034	0.034	0.034	0.034	0.034	0.034	0.034	0.034	0.034	0.034	0.034	0.034	
0.098	0.098	0.039	0.034	0.034	0.034	0.034	0.034	0.034	0.034	0.034	0.034	0.034	0.034	0.034	0.034	0.034	0.034	0.034	0.034	0.034	0.034	0.034	0.034	0.034	0.034	0.034	0.034	
0.098	0.098	0.054	0.034	0.034	0.034	0.034	0.034	0.034	0.034	0.034	0.034	0.034	0.034	0.034	0.034	0.034	0.034	0.034	0.034	0.034	0.034	0.034	0.034	0.034	0.034	0.034	0.034	
0.098	0.098	0.070	0.034	0.034	0.034	0.034	0.034	0.034	0.034	0.034	0.034	0.034	0.034	0.034	0.034	0.034	0.034	0.034	0.034	0.034	0.034	0.034	0.034	0.034	0.034	0.034	0.034	
0.098	0.098	0.086	0.034	0.034	0.034	0.034	0.034	0.034	0.034	0.034	0.034	0.034	0.034	0.034	0.034	0.034	0.034	0.034	0.034	0.034	0.034	0.034	0.034	0.034	0.034	0.034	0.034	
0.098	0.098	0.097	0.038	0.034	0.034	0.034	0.034	0.034	0.034	0.034	0.034	0.034	0.034	0.034	0.034	0.034	0.034	0.034	0.034	0.034	0.034	0.034	0.034	0.034	0.034	0.034	0.034	
0.098	0.098	0.098	0.053	0.034	0.034	0.034	0.034	0.034	0.034	0.034	0.034	0.034	0.034	0.034	0.034	0.034	0.034	0.034	0.034	0.034	0.034	0.034	0.034	0.034	0.034	0.034	0.034	
0.098	0.098	0.098	0.069	0.034	0.034	0.034	0.034	0.034	0.034	0.034	0.034	0.034	0.034	0.034	0.034	0.034	0.034	0.034	0.034	0.034	0.034	0.034	0.034	0.034	0.034	0.034	0.034	
0.098	0.098	0.098	0.085	0.034	0.034	0.034	0.034	0.034	0.034	0.034	0.034	0.034	0.034	0.034	0.034	0.034	0.034	0.034	0.034	0.034	0.034	0.034	0.034	0.034	0.034	0.034	0.038	
0.098	0.098	0.098	0.097	0.037	0.034	0.034	0.034	0.034	0.034	0.034	0.034	0.034	0.034	0.034	0.034	0.034	0.034	0.034	0.034	0.034	0.034	0.034	0.034	0.034	0.034	0.034	0.069	
0.098	0.098	0.098	0.098	0.052	0.034	0.034	0.034	0.034	0.034	0.034	0.034	0.034	0.034	0.034	0.034	0.034	0.034	0.034	0.034	0.034	0.034	0.034	0.034	0.034	0.034	0.034	0.105	
0.098	0.098	0.098	0.098	0.068	0.034	0.034	0.034	0.034	0.034	0.034	0.034	0.034	0.034	0.034	0.034	0.034	0.034	0.034	0.034	0.034	0.034	0.034	0.034	0.034	0.034	0.037	0.137	
0.098	0.098	0.098	0.098	0.084	0.034	0.034	0.034	0.034	0.034	0.034	0.034	0.034	0.034	0.034	0.034	0.034	0.034	0.034	0.034	0.034	0.034	0.034	0.034	0.034	0.034	0.068	0.142	
0.098	0.098	0.098	0.098	0.097	0.037	0.034	0.034	0.034	0.034	0.034	0.034	0.034	0.034	0.034	0.034	0.034	0.034	0.034	0.034	0.034	0.034	0.034	0.034	0.034	0.034	0.103	0.142	
0.098	0.098	0.098	0.098	0.098	0.051	0.034	0.034	0.034	0.034	0.034	0.034	0.034	0.034	0.034	0.034	0.034	0.034	0.034	0.034	0.034	0.034	0.034	0.034	0.034	0.037	0.136	0.142	
0.098	0.098	0.098	0.098	0.098	0.067	0.034	0.034	0.034	0.034	0.034	0.034	0.034	0.034	0.034	0.034	0.034	0.034	0.034	0.034	0.034	0.034	0.034	0.034	0.034	0.066	0.142	0.142	
0.098	0.098	0.098	0.098	0.098	0.083	0.034	0.034	0.034	0.034	0.034	0.034	0.034	0.034	0.034	0.034	0.034	0.034	0.034	0.034	0.034	0.034	0.034	0.034	0.034	0.102	0.142	0.142	
0.098	0.098	0.098	0.098	0.098	0.096	0.036	0.034	0.034	0.034	0.034	0.034	0.034	0.034	0.034	0.034	0.034	0.034	0.034	0.034	0.034	0.034	0.034	0.034	0.036	0.135	0.142	0.142	
0.098	0.098	0.098	0.098	0.098	0.098	0.050	0.034	0.034	0.034	0.034	0.034	0.034	0.034	0.034	0.034	0.034	0.034	0.034	0.034	0.034	0.034	0.034	0.034	0.065	0.142	0.142	0.142	
0.098	0.098	0.098	0.098	0.098	0.098	0.066	0.034	0.034	0.034	0.034	0.034	0.034	0.034	0.034	0.034	0.034	0.034	0.034	0.034	0.034	0.034	0.034	0.034	0.101	0.142	0.142	0.142	
0.098	0.098	0.098	0.098	0.098	0.098	0.081	0.034	0.034	0.034	0.034	0.034	0.034	0.034	0.034	0.034	0.034	0.034	0.034	0.034	0.034	0.034	0.034	0.036	0.134	0.142	0.142	0.142	
0.098	0.098	0.098	0.098	0.098	0.098	0.095	0.035	0.034	0.034	0.034	0.034	0.034	0.034	0.034	0.034	0.034	0.034	0.034	0.034	0.034	0.034	0.034	0.064	0.142	0.142	0.142	0.142	
0.098	0.098	0.098	0.098	0.098	0.098	0.098	0.090	0.034	0.034	0.034	0.034	0.034	0.034	0.034	0.034	0.034	0.034	0.034	0.034	0.034	0.034	0.034	0.099	0.142	0.142	0.142	0.142	
0.098	0.098	0.098	0.098	0.098	0.098	0.098	0.206	0.034	0.034	0.034	0.034	0.034	0.034	0.034	0.034	0.034	0.034	0.034	0.034	0.034	0.034	0.035	0.133	0.142	0.142	0.142	0.142	
0.098	0.098	0.098	0.098	0.098	0.098	0.098	0.319	0.037	0.034	0.034	0.034	0.034	0.034	0.034	0.034	0.034	0.034	0.034	0.034	0.034	0.034	0.062	0.142	0.142	0.142	0.142	0.142	
0.098	0.098	0.098	0.098	0.098	0.098	0.098	0.287	0.185	0.034	0.034	0.034	0.034	0.034	0.034	0.034	0.034	0.034	0.034	0.034	0.034	0.034	0.098	0.142	0.142	0.142	0.142	0.142	
0.098	0.098	0.098	0.098	0.098	0.098	0.098	0.181	0.408	0.034	0.034	0.034	0.034	0.034	0.034	0.034	0.034	0.034	0.034	0.034	0.034	0.035	0.133	0.142	0.142	0.142	0.142	0.142	
0.098	0.098	0.098	0.098	0.098	0.098	0.098	0.102	0.604	0.034	0.034	0.034	0.034	0.034	0.034	0.034	0.034	0.034	0.034	0.034	0.034	0.061	0.142	0.142	0.142	0.142	0.142	0.142	
0.098	0.098	0.098	0.098	0.098	0.098	0.098	0.098	0.608	0.150	0.034	0.034	0.034	0.034	0.034	0.034	0.034	0.034	0.034	0.034	0.034	0.097	0.142	0.142	0.142	0.142	0.142	0.142	
0.098	0.098	0.098	0.098	0.098	0.098	0.098	0.098	0.501	0.373	0.034	0.034	0.034	0.034	0.034	0.034	0.034	0.034	0.034	0.034	0.035	0.132	0.142	0.142	0.142	0.142	0.142	0.142	
0.098	0.098	0.098	0.098	0.098	0.098	0.098	0.098	0.394	0.596	0.034	0.034	0.034	0.034	0.034	0.034	0.034	0.034	0.034	0.034	0.060	0.142	0.142	0.142	0.142	0.142	0.142	0.142	
0.098	0.098	0.098	0.098	0.098	0.098	0.098	0.098	0.287	0.737	0.117	0.034	0.034	0.034	0.034	0.034	0.034	0.034	0.034	0.034	0.095	0.142	0.142	0.142	0.142	0.142	0.142	0.142	
0.098	0.098	0.098	0.098	0.098	0.098	0.098	0.098	0.181	0.739	0.338	0.034	0.034	0.034	0.034	0.034	0.034	0.034	0.034	0.034	0.130	0.142	0.142	0.142	0.142	0.142	0.142	0.142	
0.099	0.098	0.098	0.098	0.098	0.098	0.098	0.098	0.102	0.711	0.561	0.034	0.034	0.034	0.034	0.034	0.034	0.034	0.034	0.058	0.142	0.142	0.142	0.142	0.142	0.142	0.142	0.142	
0.293	0.098	0.098	0.098	0.098	0.098	0.098	0.098	0.098	0.608	0.729	0.089	0.034	0.034	0.034	0.034	0.034	0.034	0.034	0.094	0.142	0.142	0.142	0.142	0.142	0.142	0.142	0.142	
0.514	0.219	0.098	0.098	0.098	0.098	0.098	0.098	0.098	0.501	0.739	0.303	0.034	0.034	0.034	0.034	0.034	0.034	0.034	0.129	0.142	0.142	0.142	0.142	0.142	0.142	0.142	0.142	
0.519	0.493	0.161	0.098	0.098	0.098	0.098	0.098	0.098	0.394	0.739	0.526	0.034	0.034	0.034	0.034	0.034	0.034	0.057	0.142	0.142	0.142	0.142	0.142	0.142	0.142	0.142	0.147	
0.519	0.519	0.453	0.122	0.098	0.098	0.098	0.098	0.098	0.287	0.739	0.716	0.067	0.034	0.034	0.034	0.034	0.034	0.093	0.142	0.142	0.142	0.142	0.142	0.142	0.142	0.166	0.539	
0.519	0.519	0.519	0.395	0.102	0.098	0.098	0.098	0.098	0.181	0.739	0.739	0.267	0.034	0.034	0.034	0.034	0.034	0.128	0.142	0.142	0.142	0.142	0.142	0.142	0.197	0.602	0.722	
0.519	0.519	0.519	0.519	0.319	0.098	0.098	0.098	0.098	0.102	0.711	0.739	0.491	0.034	0.034	0.034	0.034	0.056	0.142	0.142	0.142	0.142	0.142	0.142	0.241	0.651	0.722	0.722	
0.519	0.519	0.519	0.519	0.518	0.242	0.098	0.098	0.098	0.098	0.608	0.739	0.697	0.050	0.034	0.034	0.034	0.091	0.142	0.142	0.142	0.142	0.142	0.299	0.688	0.722	0.722	0.722	
0.519	0.519	0.519	0.519	0.519	0.502	0.178	0.098	0.098	0.098	0.501	0.739	0.739	0.232	0.034	0.034	0.667	0.717	0.142	0.142	0.142	0.142	0.369	0.711	0.722	0.722	0.722	0.722	
0.519	0.519	0.519	0.519	0.519	0.519	0.468	0.133	0.098	0.098	0.394	0.739	0.739	2.563	1.756	1.670	3.833	2.149	0.142	0.142	0.146	0.450	0.722	0.722	0.722	0.722	0.727	0.824	
0.881	0.634	0.519	0.519	0.519	0.519	0.519	0.416	0.106	0.112	1.384	2.251	2.508	4.551	4.551	4.108	3.993	3.416	0.396	0.162	0.527	0.722	0.722	0.722	0.722	0.788	0.917	0.953	
1.071	1.071	0.940	0.693	0.524	0.519	0.519	0.519	3.903	4.820	4.778	4.714	4.746	4.769	4.607	4.602	4.157	4.489	4.512	2.008	0.722	0.722	0.722	0.757	0.885	0.953	0.953	0.953	
1.071	1.071	1.071	1.071	0.993	0.752	0.543	0.913	4.842	4.888	4.846	4.714	5.257	5.745	5.437	5.173	5.112	4.666	4.650	3.303	0.746	0.736	0.850	0.948	0.953	0.953	0.953	0.953	
1.071	1.071	1.071	1.071	1.071	1.071	1.033	4.515	5.155	5.145	5.565	5.471	5.407	5.681	5.140	5.171	5.748	5.821	5.097	5.159	3.773	0.933	0.953	0.953	0.953	0.953	0.953	0.953	
1.071	1.071	1.071	1.071	1.071	1.071	1.071	4.896	5.174	5.334	5.600	5.499	4.456	4.270	2.173	3.059	6.059	6.059	5.437	5.162	4.425	0.953	0.953	0.953	0.953	0.953	0.953	0.953	
0.000	0.000	0.000	0.000	0.000	0.000	0.000	0.000	0.000	0.000	0.000	0.000	2.360	3.834	2.154	1.144	0.000	0.000	0.000	0.000	0.000	0.000	0.000	0.000	0.000	0.000	0.000	0.000	
0.000	0.000	0.000	0.000	0.000	0.000	0.000	0.000	0.000	0.000	0.000	0.000	1.111	3.418	2.154	0.538	0.000	0.000	0.000	0.000	0.000	0.000	0.000	0.000	0.000	0.000	0.000	0.000	
0.000	0.000	0.000	0.000	0.000	0.000	0.000	0.000	0.000	0.000	0.000	0.000	1.111	3.002	2.154	0.538	0.000	0.000	0.000	0.000	0.000	0.000	0.000	0.000	0.000	0.000	0.000	0.000	
0.000	0.000	0.000	0.000	0.000	0.000	0.000	0.000	0.000	0.000	0.000	0.000	1.111	2.585	2.154	0.538	0.000	0.000	0.000	0.000	0.000	0.000	0.000	0.000	0.000	0.000	0.000	0.000	
0.000	0.000	0.000	0.000	0.000	0.000	0.000	0.000	0.000	0.000	0.000	0.000	1.066	2.214	2.154	0.538	0.000	0.000	0.000	0.000	0.000	0.000	0.000	0.000	0.000	0.000	0.000	0.000	
