0.122	0.116	0.048	0.048	0.048	0.048	0.048	0.048	0.048	0.048	0.048	0.048	0.048	0.048	0.048	0.048	0.048	0.048	0.048	0.048	0.048	0.048	0.048	0.053	0.083	0.083	0.083	0.083	
0.122	0.122	0.060	0.048	0.048	0.048	0.048	0.048	0.048	0.048	0.048	0.048	0.048	0.048	0.048	0.048	0.048	0.048	0.048	0.048	0.048	0.048	0.048	0.061	0.083	0.083	0.083	0.083	
0.122	0.122	0.079	0.048	0.048	0.048	0.048	0.048	0.048	0.048	0.048	0.048	0.048	0.048	0.048	0.048	0.048	0.048	0.048	0.048	0.048	0.048	0.048	0.068	0.083	0.083	0.083	0.083	
0.122	0.122	0.097	0.048	0.048	0.048	0.048	0.048	0.048	0.048	0.048	0.048	0.048	0.048	0.048	0.048	0.048	0.048	0.048	0.048	0.048	0.048	0.048	0.076	0.083	0.083	0.083	0.083	
0.122	0.122	0.115	0.048	0.048	0.048	0.048	0.048	0.048	0.048	0.048	0.048	0.048	0.048	0.048	0.048	0.048	0.048	0.048	0.048	0.048	0.048	0.049	0.082	0.083	0.083	0.083	0.083	
0.122	0.122	0.122	0.059	0.048	0.048	0.048	0.048	0.048	0.048	0.048	0.048	0.048	0.048	0.048	0.048	0.048	0.048	0.048	0.048	0.048	0.048	0.056	0.083	0.083	0.083	0.083	0.083	
0.122	0.122	0.122	0.077	0.048	0.048	0.048	0.048	0.048	0.048	0.048	0.048	0.048	0.048	0.048	0.048	0.048	0.048	0.048	0.048	0.048	0.048	0.063	0.083	0.083	0.083	0.083	0.083	
0.122	0.122	0.122	0.096	0.048	0.048	0.048	0.048	0.048	0.048	0.048	0.048	0.048	0.048	0.048	0.048	0.048	0.048	0.048	0.048	0.048	0.048	0.070	0.083	0.083	0.083	0.083	0.083	
0.122	0.122	0.122	0.114	0.048	0.048	0.048	0.048	0.048	0.048	0.048	0.048	0.048	0.048	0.048	0.048	0.048	0.048	0.048	0.048	0.048	0.048	0.078	0.083	0.083	0.083	0.083	0.083	
0.122	0.122	0.122	0.122	0.058	0.048	0.048	0.048	0.048	0.048	0.048	0.048	0.048	0.048	0.048	0.048	0.048	0.048	0.048	0.048	0.048	0.050	0.083	0.083	0.083	0.083	0.083	0.083	
0.122	0.122	0.122	0.122	0.076	0.048	0.048	0.048	0.048	0.048	0.048	0.048	0.048	0.048	0.048	0.048	0.048	0.048	0.048	0.048	0.048	0.058	0.083	0.083	0.083	0.083	0.083	0.083	
0.122	0.122	0.122	0.122	0.094	0.048	0.048	0.048	0.048	0.048	0.048	0.048	0.048	0.048	0.048	0.048	0.048	0.048	0.048	0.048	0.048	0.065	0.083	0.083	0.083	0.083	0.083	0.083	
0.122	0.122	0.122	0.122	0.113	0.048	0.048	0.048	0.048	0.048	0.048	0.048	0.048	0.048	0.048	0.048	0.048	0.048	0.048	0.048	0.048	0.073	0.083	0.083	0.083	0.083	0.083	0.083	
0.122	0.122	0.122	0.122	0.122	0.057	0.048	0.048	0.048	0.048	0.048	0.048	0.048	0.048	0.048	0.048	0.048	0.048	0.048	0.048	0.048	0.080	0.083	0.083	0.083	0.083	0.083	0.083	
0.122	0.122	0.122	0.122	0.122	0.075	0.048	0.048	0.048	0.048	0.048	0.048	0.048	0.048	0.048	0.048	0.048	0.048	0.048	0.048	0.052	0.083	0.083	0.083	0.083	0.083	0.083	0.083	
0.122	0.122	0.122	0.122	0.122	0.093	0.048	0.048	0.048	0.048	0.048	0.048	0.048	0.048	0.048	0.048	0.048	0.048	0.048	0.048	0.060	0.083	0.083	0.083	0.083	0.083	0.083	0.083	
0.122	0.122	0.122	0.122	0.122	0.111	0.048	0.048	0.048	0.048	0.048	0.048	0.048	0.048	0.048	0.048	0.048	0.048	0.048	0.048	0.067	0.083	0.083	0.083	0.083	0.083	0.083	0.083	
0.122	0.122	0.122	0.122	0.122	0.122	0.055	0.048	0.048	0.048	0.048	0.048	0.048	0.048	0.048	0.048	0.048	0.048	0.048	0.048	0.075	0.083	0.083	0.083	0.083	0.083	0.083	0.083	
0.122	0.122	0.122	0.122	0.122	0.122	0.073	0.048	0.048	0.048	0.048	0.048	0.048	0.048	0.048	0.048	0.048	0.048	0.048	0.048	0.082	0.083	0.083	0.083	0.083	0.083	0.083	0.083	
0.122	0.122	0.122	0.122	0.122	0.122	0.092	0.048	0.048	0.048	0.048	0.048	0.048	0.048	0.048	0.048	0.048	0.048	0.048	0.054	0.083	0.083	0.083	0.083	0.083	0.083	0.083	0.083	
0.122	0.122	0.122	0.122	0.122	0.122	0.110	0.048	0.048	0.048	0.048	0.048	0.048	0.048	0.048	0.048	0.048	0.048	0.048	0.062	0.083	0.083	0.083	0.083	0.083	0.083	0.083	0.083	
0.122	0.122	0.122	0.122	0.122	0.122	0.122	0.054	0.048	0.048	0.048	0.048	0.048	0.048	0.048	0.048	0.048	0.048	0.048	0.069	0.083	0.083	0.083	0.083	0.083	0.083	0.083	0.083	
0.125	0.122	0.122	0.122	0.122	0.122	0.122	0.072	0.048	0.048	0.048	0.048	0.048	0.048	0.048	0.048	0.048	0.048	0.048	0.077	0.083	0.083	0.083	0.083	0.083	0.083	0.083	0.083	
0.204	0.122	0.122	0.122	0.122	0.122	0.122	0.090	0.048	0.048	0.048	0.048	0.048	0.048	0.048	0.048	0.048	0.048	0.049	0.083	0.083	0.083	0.083	0.083	0.083	0.083	0.083	0.083	
0.318	0.123	0.122	0.122	0.122	0.122	0.122	0.109	0.048	0.048	0.048	0.048	0.048	0.048	0.048	0.048	0.048	0.048	0.056	0.083	0.083	0.083	0.083	0.083	0.083	0.083	0.083	0.083	
0.363	0.191	0.122	0.122	0.122	0.122	0.122	0.122	0.053	0.048	0.048	0.048	0.048	0.048	0.048	0.048	0.048	0.048	0.064	0.083	0.083	0.083	0.083	0.083	0.083	0.083	0.083	0.083	
0.363	0.306	0.122	0.122	0.122	0.122	0.122	0.122	0.071	0.048	0.048	0.048	0.048	0.048	0.048	0.048	0.048	0.048	0.071	0.083	0.083	0.083	0.083	0.083	0.083	0.083	0.083	0.083	
0.363	0.363	0.179	0.122	0.122	0.122	0.122	0.122	0.089	0.048	0.048	0.048	0.048	0.048	0.048	0.048	0.048	0.048	0.079	0.083	0.083	0.083	0.083	0.083	0.083	0.083	0.083	0.083	
0.363	0.363	0.293	0.122	0.122	0.122	0.122	0.122	0.107	0.048	0.048	0.048	0.048	0.048	0.048	0.048	0.048	0.051	0.083	0.083	0.083	0.083	0.083	0.083	0.083	0.083	0.083	0.098	
0.363	0.363	0.363	0.167	0.122	0.122	0.122	0.122	0.121	0.052	0.048	0.048	0.048	0.048	0.048	0.048	0.048	0.058	0.083	0.083	0.083	0.083	0.083	0.083	0.083	0.083	0.083	0.257	
0.363	0.363	0.363	0.280	0.122	0.122	0.122	0.122	0.122	0.070	0.048	0.048	0.048	0.048	0.048	0.048	0.048	0.066	0.083	0.083	0.083	0.083	0.083	0.083	0.083	0.083	0.135	0.401	
0.363	0.363	0.363	0.360	0.156	0.122	0.122	0.122	0.122	0.088	0.048	0.048	0.048	0.048	0.048	0.048	0.048	0.073	0.083	0.083	0.083	0.083	0.083	0.083	0.083	0.084	0.323	0.408	
0.363	0.363	0.363	0.363	0.268	0.122	0.122	0.122	0.122	0.106	0.048	0.048	0.048	0.048	0.048	0.048	0.048	0.081	0.083	0.083	0.083	0.083	0.083	0.083	0.083	0.194	0.408	0.408	
0.386	0.363	0.363	0.363	0.357	0.147	0.122	0.122	0.122	0.121	0.051	0.048	0.048	0.048	0.048	0.048	0.053	0.083	0.083	0.083	0.083	0.083	0.083	0.083	0.099	0.374	0.408	0.408	
0.558	0.363	0.363	0.363	0.363	0.255	0.122	0.122	0.122	0.122	0.068	0.048	0.048	0.048	0.048	0.048	0.061	0.083	0.083	0.083	0.083	0.083	0.083	0.083	0.261	0.408	0.408	0.408	
0.673	0.447	0.363	0.363	0.363	0.352	0.139	0.122	0.122	0.122	0.087	0.048	0.048	0.048	0.048	0.048	0.068	0.083	0.083	0.083	0.083	0.083	0.083	0.138	0.402	0.408	0.408	0.408	
0.674	0.633	0.376	0.363	0.363	0.363	0.242	0.122	0.122	0.122	0.105	0.048	0.048	0.048	0.048	0.048	0.075	0.083	0.083	0.083	0.083	0.083	0.084	0.326	0.408	0.408	0.408	0.408	
0.674	0.674	0.534	0.363	0.363	0.363	0.345	0.133	0.122	0.122	0.120	0.051	0.048	0.048	0.048	0.049	0.082	0.083	0.083	0.083	0.083	0.083	0.198	0.408	0.408	0.408	0.408	0.408	
0.674	0.674	0.670	0.427	0.363	0.363	0.363	0.229	0.122	0.122	0.122	0.067	0.048	0.048	0.048	0.055	0.083	0.083	0.083	0.083	0.083	0.101	0.376	0.408	0.408	0.408	0.408	0.408	
0.674	0.674	0.674	0.616	0.369	0.363	0.363	0.338	0.128	0.122	0.122	0.085	0.048	0.048	0.048	0.250	0.083	0.083	0.083	0.083	0.083	0.269	0.408	0.408	0.408	0.408	0.408	0.615	
0.674	0.674	0.674	0.674	0.511	0.363	0.363	0.363	0.217	0.122	0.122	0.103	0.048	0.048	1.175	3.068	0.083	0.083	0.083	0.136	1.621	0.554	0.408	0.408	0.408	0.408	0.527	0.995	
0.674	0.674	0.674	0.674	0.664	0.410	0.363	0.363	0.328	0.151	0.122	1.232	2.400	1.802	3.853	3.952	0.719	0.083	0.401	2.278	2.543	0.408	0.408	0.408	0.408	0.462	0.948	1.019	
1.039	0.674	0.674	0.674	0.674	0.597	0.365	0.363	1.031	4.278	3.521	4.156	4.374	4.254	3.953	4.004	3.582	1.823	2.707	2.931	2.012	0.408	0.408	0.408	0.423	0.876	1.019	1.019	
1.671	1.231	0.688	0.674	0.674	0.674	1.577	2.054	3.255	4.482	4.482	4.618	4.397	4.747	4.885	4.751	4.845	4.366	2.931	2.931	1.483	0.408	0.408	0.408	0.780	1.019	1.019	1.019	
1.672	1.672	1.408	0.748	0.674	0.682	3.876	4.345	4.582	5.109	5.105	5.468	5.403	5.149	5.142	4.998	4.912	5.280	4.258	4.394	3.606	0.440	0.408	0.670	1.019	1.019	1.019	1.019	
1.672	1.672	1.672	1.638	3.133	3.667	4.359	4.350	5.009	5.561	5.543	5.469	5.731	6.141	5.510	5.548	5.620	5.679	5.387	4.902	4.896	3.743	3.927	1.816	1.019	1.019	1.019	1.019	
1.737	1.672	1.672	1.744	4.309	4.309	5.043	5.426	5.825	6.049	5.997	6.118	6.360	6.514	6.015	5.607	5.661	5.825	5.751	5.397	5.461	4.224	4.185	2.335	1.019	1.019	1.074	1.584	
3.383	2.543	1.769	2.348	4.467	4.516	5.407	5.440	6.185	6.531	6.335	6.156	6.401	6.772	6.570	6.329	6.250	6.028	6.025	5.887	5.887	4.991	4.267	3.806	2.067	1.890	2.446	2.547	
3.557	3.557	3.714	4.948	4.958	5.917	5.993	6.622	7.069	7.329	7.705	7.567	7.461	6.898	6.863	6.816	7.244	7.193	6.805	6.796	6.092	6.107	4.937	4.501	3.777	2.547	2.547	2.547	
3.557	3.557	3.837	4.958	4.958	5.944	6.043	7.023	7.185	7.916	7.982	7.767	5.890	4.230	3.255	4.664	7.807	7.893	7.229	7.129	6.313	6.109	5.167	4.501	3.655	2.547	2.547	2.547	
0.000	0.000	0.000	0.000	0.000	0.000	0.000	0.000	0.000	0.000	0.000	0.000	2.005	3.632	2.773	1.473	0.000	0.000	0.000	0.000	0.000	0.000	0.000	0.000	0.000	0.000	0.000	0.000	
0.000	0.000	0.000	0.000	0.000	0.000	0.000	0.000	0.000	0.000	0.000	0.000	0.926	3.570	2.773	0.693	0.000	0.000	0.000	0.000	0.000	0.000	0.000	0.000	0.000	0.000	0.000	0.000	
0.000	0.000	0.000	0.000	0.000	0.000	0.000	0.000	0.000	0.000	0.000	0.000	0.926	3.508	2.773	0.693	0.000	0.000	0.000	0.000	0.000	0.000	0.000	0.000	0.000	0.000	0.000	0.000	
0.000	0.000	0.000	0.000	0.000	0.000	0.000	0.000	0.000	0.000	0.000	0.000	0.926	3.446	2.773	0.693	0.000	0.000	0.000	0.000	0.000	0.000	0.000	0.000	0.000	0.000	0.000	0.000	
0.000	0.000	0.000	0.000	0.000	0.000	0.000	0.000	0.000	0.000	0.000	0.000	0.926	3.384	2.773	0.693	0.000	0.000	0.000	0.000	0.000	0.000	0.000	0.000	0.000	0.000	0.000	0.000	
