0.099	0.099	0.118	0.123	0.123	0.123	0.123	0.101	0.045	0.045	0.045	0.045	0.045	0.045	0.045	0.045	0.045	0.045	0.045	0.045	0.045	0.045	0.045	0.045	0.045	0.045	0.045	0.045	
0.099	0.099	0.114	0.123	0.123	0.123	0.123	0.113	0.045	0.045	0.045	0.045	0.045	0.045	0.045	0.045	0.045	0.045	0.045	0.045	0.045	0.045	0.045	0.045	0.045	0.045	0.045	0.045	
0.099	0.099	0.109	0.123	0.123	0.123	0.123	0.123	0.048	0.045	0.045	0.045	0.045	0.045	0.045	0.045	0.045	0.045	0.045	0.045	0.045	0.045	0.045	0.045	0.045	0.045	0.045	0.045	
0.099	0.099	0.105	0.123	0.123	0.123	0.123	0.123	0.060	0.045	0.045	0.045	0.045	0.045	0.045	0.045	0.045	0.045	0.045	0.045	0.045	0.045	0.045	0.045	0.045	0.045	0.045	0.045	
0.099	0.099	0.100	0.123	0.123	0.123	0.123	0.123	0.072	0.045	0.045	0.045	0.045	0.045	0.045	0.045	0.045	0.045	0.045	0.045	0.045	0.045	0.045	0.045	0.045	0.045	0.045	0.045	
0.099	0.099	0.099	0.120	0.123	0.123	0.123	0.123	0.084	0.045	0.045	0.045	0.045	0.045	0.045	0.045	0.045	0.045	0.045	0.045	0.045	0.045	0.045	0.045	0.045	0.045	0.045	0.045	
0.099	0.099	0.099	0.115	0.123	0.123	0.123	0.123	0.096	0.045	0.045	0.045	0.045	0.045	0.045	0.045	0.045	0.045	0.045	0.045	0.045	0.045	0.045	0.045	0.045	0.045	0.045	0.045	
0.099	0.099	0.099	0.110	0.123	0.123	0.123	0.123	0.108	0.045	0.045	0.045	0.045	0.045	0.045	0.045	0.045	0.045	0.045	0.045	0.045	0.045	0.045	0.045	0.045	0.045	0.045	0.045	
0.099	0.099	0.099	0.106	0.123	0.123	0.123	0.123	0.120	0.046	0.045	0.045	0.045	0.045	0.045	0.045	0.045	0.045	0.045	0.045	0.045	0.045	0.045	0.045	0.045	0.045	0.045	0.045	
0.099	0.099	0.099	0.101	0.123	0.123	0.123	0.123	0.123	0.054	0.045	0.045	0.045	0.045	0.045	0.045	0.045	0.045	0.045	0.045	0.045	0.045	0.045	0.045	0.045	0.045	0.045	0.045	
0.099	0.099	0.099	0.099	0.121	0.123	0.123	0.123	0.123	0.066	0.045	0.045	0.045	0.045	0.045	0.045	0.045	0.045	0.045	0.045	0.045	0.045	0.045	0.045	0.045	0.045	0.045	0.058	
0.099	0.099	0.099	0.099	0.116	0.123	0.123	0.123	0.123	0.078	0.045	0.045	0.045	0.045	0.045	0.045	0.045	0.045	0.045	0.045	0.045	0.045	0.045	0.045	0.045	0.045	0.045	0.099	
0.099	0.099	0.099	0.099	0.112	0.123	0.123	0.123	0.123	0.090	0.045	0.045	0.045	0.045	0.045	0.045	0.045	0.045	0.045	0.045	0.045	0.045	0.045	0.045	0.045	0.045	0.045	0.141	
0.099	0.099	0.099	0.099	0.107	0.123	0.123	0.123	0.123	0.103	0.045	0.045	0.045	0.045	0.045	0.045	0.045	0.045	0.045	0.045	0.045	0.045	0.045	0.045	0.045	0.045	0.057	0.172	
0.099	0.099	0.099	0.099	0.103	0.123	0.123	0.123	0.123	0.115	0.045	0.045	0.045	0.045	0.045	0.045	0.045	0.045	0.045	0.045	0.045	0.045	0.045	0.045	0.045	0.045	0.097	0.173	
0.099	0.099	0.099	0.099	0.099	0.122	0.123	0.123	0.123	0.123	0.049	0.045	0.045	0.045	0.045	0.045	0.045	0.045	0.045	0.045	0.045	0.045	0.045	0.045	0.045	0.045	0.140	0.173	
0.099	0.099	0.099	0.099	0.099	0.117	0.123	0.123	0.123	0.123	0.061	0.045	0.045	0.045	0.045	0.045	0.045	0.045	0.045	0.045	0.045	0.045	0.045	0.045	0.045	0.056	0.171	0.173	
0.099	0.099	0.099	0.099	0.099	0.113	0.123	0.123	0.123	0.123	0.073	0.045	0.045	0.045	0.045	0.045	0.045	0.045	0.045	0.045	0.045	0.045	0.045	0.045	0.045	0.096	0.173	0.173	
0.099	0.099	0.099	0.099	0.099	0.108	0.123	0.123	0.123	0.123	0.085	0.045	0.045	0.045	0.045	0.045	0.045	0.045	0.045	0.045	0.045	0.045	0.045	0.045	0.045	0.138	0.173	0.173	
0.099	0.099	0.099	0.099	0.099	0.104	0.123	0.123	0.123	0.123	0.097	0.045	0.045	0.045	0.045	0.045	0.045	0.045	0.045	0.045	0.045	0.045	0.045	0.045	0.054	0.171	0.173	0.173	
0.099	0.099	0.099	0.099	0.099	0.100	0.123	0.123	0.123	0.123	0.109	0.045	0.045	0.045	0.045	0.045	0.045	0.045	0.045	0.045	0.045	0.045	0.045	0.045	0.094	0.173	0.173	0.173	
0.099	0.099	0.099	0.099	0.099	0.099	0.119	0.123	0.123	0.123	0.121	0.046	0.045	0.045	0.045	0.045	0.045	0.045	0.045	0.045	0.045	0.045	0.045	0.045	0.136	0.173	0.173	0.173	
0.099	0.099	0.099	0.099	0.099	0.099	0.114	0.123	0.123	0.123	0.123	0.056	0.045	0.045	0.045	0.045	0.045	0.045	0.045	0.045	0.045	0.045	0.045	0.053	0.170	0.173	0.173	0.173	
0.099	0.099	0.099	0.099	0.099	0.099	0.109	0.123	0.123	0.123	0.123	0.068	0.045	0.045	0.045	0.045	0.045	0.045	0.045	0.045	0.045	0.045	0.045	0.093	0.173	0.173	0.173	0.173	
0.099	0.099	0.099	0.099	0.099	0.099	0.105	0.123	0.123	0.123	0.123	0.080	0.045	0.045	0.045	0.045	0.045	0.045	0.045	0.045	0.045	0.045	0.045	0.135	0.173	0.173	0.173	0.173	
0.099	0.099	0.099	0.099	0.099	0.099	0.101	0.123	0.123	0.123	0.123	0.092	0.045	0.045	0.045	0.045	0.045	0.045	0.045	0.045	0.045	0.045	0.052	0.170	0.173	0.173	0.173	0.173	
0.099	0.099	0.099	0.099	0.099	0.099	0.099	0.120	0.123	0.123	0.123	0.104	0.045	0.045	0.045	0.045	0.045	0.045	0.045	0.045	0.045	0.045	0.091	0.173	0.173	0.173	0.173	0.173	
0.099	0.099	0.099	0.099	0.099	0.099	0.099	0.115	0.123	0.123	0.123	0.116	0.045	0.045	0.045	0.045	0.045	0.045	0.045	0.045	0.045	0.045	0.133	0.173	0.173	0.173	0.173	0.173	
0.099	0.099	0.099	0.099	0.099	0.099	0.099	0.111	0.123	0.123	0.123	0.123	0.050	0.045	0.045	0.045	0.045	0.045	0.045	0.045	0.045	0.051	0.169	0.173	0.173	0.173	0.173	0.173	
0.099	0.099	0.099	0.099	0.099	0.099	0.099	0.106	0.123	0.123	0.123	0.123	0.062	0.045	0.045	0.045	0.045	0.045	0.045	0.045	0.045	0.089	0.173	0.173	0.173	0.173	0.173	0.173	
0.099	0.099	0.099	0.099	0.099	0.099	0.099	0.102	0.123	0.123	0.123	0.123	0.074	0.045	0.045	0.045	0.045	0.045	0.045	0.045	0.045	0.131	0.173	0.173	0.173	0.173	0.173	0.173	
0.099	0.099	0.099	0.099	0.099	0.099	0.099	0.099	0.121	0.123	0.123	0.123	0.086	0.045	0.045	0.045	0.045	0.045	0.045	0.045	0.051	0.168	0.173	0.173	0.173	0.173	0.173	0.173	
0.099	0.099	0.099	0.099	0.099	0.099	0.099	0.099	0.116	0.123	0.123	0.123	0.099	0.045	0.045	0.045	0.045	0.045	0.045	0.045	0.088	0.173	0.173	0.173	0.173	0.173	0.173	0.175	
0.099	0.099	0.099	0.099	0.099	0.099	0.099	0.099	0.112	0.123	0.123	0.123	0.111	0.045	0.045	0.045	0.045	0.045	0.045	0.045	0.130	0.173	0.173	0.173	0.173	0.173	0.173	0.322	
0.099	0.099	0.099	0.099	0.099	0.099	0.099	0.099	0.107	0.123	0.123	0.123	0.121	0.046	0.045	0.045	0.045	0.045	0.045	0.050	0.167	0.173	0.173	0.173	0.173	0.173	0.220	0.513	
0.099	0.099	0.099	0.099	0.099	0.099	0.099	0.099	0.103	0.123	0.123	0.123	0.123	0.057	0.045	0.045	0.045	0.045	0.045	0.086	0.173	0.173	0.173	0.173	0.173	0.175	0.439	0.530	
0.099	0.099	0.099	0.099	0.099	0.099	0.099	0.099	0.099	0.122	0.123	0.123	0.123	0.069	0.045	0.045	0.045	0.045	0.045	0.128	0.173	0.173	0.173	0.173	0.173	0.322	0.530	0.530	
0.102	0.099	0.099	0.099	0.099	0.099	0.099	0.099	0.099	0.118	0.123	0.123	0.123	0.081	0.045	0.045	0.045	0.045	0.049	0.166	0.173	0.173	0.173	0.173	0.220	0.513	0.530	0.530	
0.615	0.117	0.099	0.099	0.099	0.099	0.099	0.099	0.099	0.113	0.123	0.123	0.123	0.093	0.045	0.045	0.045	0.045	0.084	0.173	0.173	0.173	0.173	0.175	0.439	0.530	0.530	0.530	
0.917	0.698	0.145	0.099	0.099	0.099	0.099	0.099	0.099	0.833	0.125	0.123	0.123	0.105	0.045	0.045	0.045	0.045	0.127	0.173	0.173	0.173	0.173	0.322	0.530	0.530	0.530	0.530	
0.917	0.917	0.767	0.186	0.099	0.099	0.099	0.099	0.099	1.920	0.967	0.123	0.123	0.117	0.045	0.045	0.045	0.048	0.165	0.173	0.173	0.173	0.220	0.513	0.530	0.530	0.530	0.530	
0.917	0.917	0.917	0.823	0.240	0.099	0.099	0.099	0.099	2.341	2.435	0.181	0.123	0.123	0.051	0.045	0.046	0.975	0.173	0.173	0.173	0.175	0.439	0.530	0.530	0.530	0.530	0.530	
0.927	0.917	0.917	0.917	0.866	0.307	0.099	0.099	0.122	2.740	2.836	1.306	0.123	0.657	2.454	1.061	2.663	3.912	0.468	0.173	0.173	0.322	0.530	0.530	0.530	0.530	0.530	0.530	
1.437	1.067	0.917	0.917	0.917	0.896	0.388	0.099	0.656	2.836	2.836	3.850	4.290	4.270	4.498	4.391	3.985	3.985	1.717	0.257	0.499	0.513	0.530	0.530	0.530	0.530	0.603	1.054	
1.551	1.548	1.315	0.972	0.917	0.917	0.913	3.110	4.468	4.019	4.171	4.988	5.026	4.803	4.499	4.763	4.369	4.588	4.537	4.446	3.922	0.531	0.530	0.530	0.661	1.146	1.577	1.630	
1.556	1.551	1.551	1.510	1.182	0.924	1.056	4.374	4.519	4.914	5.324	5.252	5.286	5.678	5.570	5.713	5.608	5.511	5.148	4.475	4.480	1.416	0.736	1.238	1.610	1.630	1.630	1.647	
1.852	1.650	1.551	1.551	1.551	1.693	4.431	4.842	4.888	5.524	5.403	5.648	5.814	5.749	5.733	5.719	5.677	5.553	5.602	4.875	4.799	4.633	1.630	1.630	1.630	1.635	1.696	1.756	
1.915	1.915	1.806	1.605	1.551	2.427	4.914	4.909	5.547	5.868	5.894	5.958	5.975	6.263	6.267	6.007	6.016	5.801	5.783	5.392	4.852	4.866	2.116	1.630	1.672	1.745	1.761	1.761	
1.915	1.915	1.915	1.907	2.409	5.042	5.208	5.581	6.190	6.026	6.372	6.238	6.047	6.508	6.271	5.856	6.364	6.750	6.085	6.220	5.572	5.196	5.029	2.280	1.761	1.761	1.761	1.761	
1.915	1.915	1.915	1.915	3.006	5.274	5.274	6.010	6.247	6.350	6.537	6.513	3.010	3.292	3.858	3.725	6.737	7.034	6.586	6.280	6.003	5.247	5.247	2.656	1.761	1.761	1.761	1.761	
0.000	0.000	0.000	0.000	0.000	0.000	0.000	0.000	0.000	0.000	0.000	0.000	1.342	2.526	3.445	1.911	0.000	0.000	0.000	0.000	0.000	0.000	0.000	0.000	0.000	0.000	0.000	0.000	
0.000	0.000	0.000	0.000	0.000	0.000	0.000	0.000	0.000	0.000	0.000	0.000	0.632	2.526	3.350	0.899	0.000	0.000	0.000	0.000	0.000	0.000	0.000	0.000	0.000	0.000	0.000	0.000	
0.000	0.000	0.000	0.000	0.000	0.000	0.000	0.000	0.000	0.000	0.000	0.000	0.632	2.526	3.256	0.899	0.000	0.000	0.000	0.000	0.000	0.000	0.000	0.000	0.000	0.000	0.000	0.000	
0.000	0.000	0.000	0.000	0.000	0.000	0.000	0.000	0.000	0.000	0.000	0.000	0.632	2.526	3.162	0.899	0.000	0.000	0.000	0.000	0.000	0.000	0.000	0.000	0.000	0.000	0.000	0.000	
0.000	0.000	0.000	0.000	0.000	0.000	0.000	0.000	0.000	0.000	0.000	0.000	0.632	2.526	3.067	0.899	0.000	0.000	0.000	0.000	0.000	0.000	0.000	0.000	0.000	0.000	0.000	0.000	
