0.057	0.057	0.057	0.057	0.057	0.057	0.057	0.052	0.033	0.033	0.033	0.033	0.033	0.033	0.033	0.033	0.033	0.033	0.033	0.033	0.033	0.033	0.033	0.033	0.033	0.033	0.033	0.033	
0.057	0.057	0.057	0.057	0.057	0.057	0.057	0.055	0.033	0.033	0.033	0.033	0.033	0.033	0.033	0.033	0.033	0.033	0.033	0.033	0.033	0.033	0.033	0.033	0.033	0.033	0.033	0.033	
0.057	0.057	0.057	0.057	0.057	0.057	0.057	0.057	0.034	0.033	0.033	0.033	0.033	0.033	0.033	0.033	0.033	0.033	0.033	0.033	0.033	0.033	0.033	0.033	0.033	0.033	0.033	0.033	
0.057	0.057	0.057	0.057	0.057	0.057	0.057	0.057	0.037	0.033	0.033	0.033	0.033	0.033	0.033	0.033	0.033	0.033	0.033	0.033	0.033	0.033	0.033	0.033	0.033	0.033	0.033	0.033	
0.057	0.057	0.057	0.057	0.057	0.057	0.057	0.057	0.040	0.033	0.033	0.033	0.033	0.033	0.033	0.033	0.033	0.033	0.033	0.033	0.033	0.033	0.033	0.033	0.033	0.033	0.033	0.033	
0.057	0.057	0.057	0.057	0.057	0.057	0.057	0.057	0.043	0.033	0.033	0.033	0.033	0.033	0.033	0.033	0.033	0.033	0.033	0.033	0.033	0.033	0.033	0.033	0.033	0.033	0.033	0.033	
0.057	0.057	0.057	0.057	0.057	0.057	0.057	0.057	0.047	0.033	0.033	0.033	0.033	0.033	0.033	0.033	0.033	0.033	0.033	0.033	0.033	0.033	0.033	0.033	0.033	0.033	0.033	0.033	
0.057	0.057	0.057	0.057	0.057	0.057	0.057	0.057	0.050	0.033	0.033	0.033	0.033	0.033	0.033	0.033	0.033	0.033	0.033	0.033	0.033	0.033	0.033	0.033	0.033	0.033	0.033	0.033	
0.057	0.057	0.057	0.057	0.057	0.057	0.057	0.057	0.053	0.033	0.033	0.033	0.033	0.033	0.033	0.033	0.033	0.033	0.033	0.033	0.033	0.033	0.033	0.033	0.033	0.033	0.033	0.033	
0.057	0.057	0.057	0.057	0.057	0.057	0.057	0.057	0.056	0.033	0.033	0.033	0.033	0.033	0.033	0.033	0.033	0.033	0.033	0.033	0.033	0.033	0.033	0.033	0.033	0.033	0.033	0.033	
0.057	0.057	0.057	0.057	0.057	0.057	0.057	0.057	0.057	0.035	0.033	0.033	0.033	0.033	0.033	0.033	0.033	0.033	0.033	0.033	0.033	0.033	0.033	0.033	0.033	0.033	0.033	0.033	
0.057	0.057	0.057	0.057	0.057	0.057	0.057	0.057	0.057	0.038	0.033	0.033	0.033	0.033	0.033	0.033	0.033	0.033	0.033	0.033	0.033	0.033	0.033	0.033	0.033	0.033	0.033	0.033	
0.057	0.057	0.057	0.057	0.057	0.057	0.057	0.057	0.057	0.041	0.033	0.033	0.033	0.033	0.033	0.033	0.033	0.033	0.033	0.033	0.033	0.033	0.033	0.033	0.033	0.033	0.033	0.033	
0.057	0.057	0.057	0.057	0.057	0.057	0.057	0.057	0.057	0.044	0.033	0.033	0.033	0.033	0.033	0.033	0.033	0.033	0.033	0.033	0.033	0.033	0.033	0.033	0.033	0.033	0.033	0.033	
0.057	0.057	0.057	0.057	0.057	0.057	0.057	0.057	0.057	0.048	0.033	0.033	0.033	0.033	0.033	0.033	0.033	0.033	0.033	0.033	0.033	0.033	0.033	0.033	0.033	0.033	0.033	0.033	
0.057	0.057	0.057	0.057	0.057	0.057	0.057	0.057	0.057	0.051	0.033	0.033	0.033	0.033	0.033	0.033	0.033	0.033	0.033	0.033	0.033	0.033	0.033	0.033	0.033	0.033	0.033	0.033	
0.057	0.057	0.057	0.057	0.057	0.057	0.057	0.057	0.057	0.054	0.033	0.033	0.033	0.033	0.033	0.033	0.033	0.033	0.033	0.033	0.033	0.033	0.033	0.033	0.033	0.033	0.033	0.033	
0.057	0.057	0.057	0.057	0.057	0.057	0.057	0.057	0.057	0.057	0.033	0.033	0.033	0.033	0.033	0.033	0.033	0.033	0.033	0.033	0.033	0.033	0.033	0.033	0.033	0.033	0.033	0.033	
0.057	0.057	0.057	0.057	0.057	0.057	0.057	0.057	0.057	0.057	0.036	0.033	0.033	0.033	0.033	0.033	0.033	0.033	0.033	0.033	0.033	0.033	0.033	0.033	0.033	0.033	0.033	0.033	
0.057	0.057	0.057	0.057	0.057	0.057	0.057	0.057	0.057	0.057	0.039	0.033	0.033	0.033	0.033	0.033	0.033	0.033	0.033	0.033	0.033	0.033	0.033	0.033	0.033	0.033	0.033	0.033	
0.057	0.057	0.057	0.057	0.057	0.057	0.057	0.057	0.057	0.057	0.042	0.033	0.033	0.033	0.033	0.033	0.033	0.033	0.033	0.033	0.033	0.033	0.033	0.033	0.033	0.033	0.033	0.033	
0.057	0.057	0.057	0.057	0.057	0.057	0.057	0.057	0.057	0.057	0.045	0.033	0.033	0.033	0.033	0.033	0.033	0.033	0.033	0.033	0.033	0.033	0.033	0.033	0.033	0.033	0.033	0.033	
0.057	0.057	0.057	0.057	0.057	0.057	0.057	0.057	0.057	0.057	0.049	0.033	0.033	0.033	0.033	0.033	0.033	0.033	0.033	0.033	0.033	0.033	0.033	0.033	0.033	0.033	0.033	0.033	
0.057	0.057	0.057	0.057	0.057	0.057	0.057	0.057	0.057	0.057	0.052	0.033	0.033	0.033	0.033	0.033	0.033	0.033	0.033	0.033	0.033	0.033	0.033	0.033	0.033	0.033	0.033	0.033	
0.057	0.057	0.057	0.057	0.057	0.057	0.057	0.057	0.057	0.057	0.055	0.033	0.033	0.033	0.033	0.033	0.033	0.033	0.033	0.033	0.033	0.033	0.033	0.033	0.033	0.033	0.033	0.033	
0.057	0.057	0.057	0.057	0.057	0.057	0.057	0.057	0.057	0.057	0.057	0.034	0.033	0.033	0.033	0.033	0.033	0.033	0.033	0.033	0.033	0.033	0.033	0.033	0.033	0.033	0.033	0.033	
0.057	0.057	0.057	0.057	0.057	0.057	0.057	0.057	0.057	0.057	0.057	0.037	0.033	0.033	0.033	0.033	0.033	0.033	0.033	0.033	0.033	0.033	0.033	0.033	0.033	0.033	0.033	0.033	
0.057	0.057	0.057	0.057	0.057	0.057	0.057	0.057	0.057	0.057	0.057	0.040	0.033	0.033	0.033	0.033	0.033	0.033	0.033	0.033	0.033	0.033	0.033	0.033	0.033	0.033	0.033	0.033	
0.057	0.057	0.057	0.057	0.057	0.057	0.057	0.057	0.057	0.057	0.057	0.043	0.033	0.033	0.033	0.033	0.033	0.033	0.033	0.033	0.033	0.033	0.033	0.033	0.033	0.033	0.033	0.033	
0.057	0.057	0.057	0.057	0.057	0.057	0.057	0.057	0.057	0.057	0.057	0.046	0.033	0.033	0.033	0.033	0.033	0.033	0.033	0.033	0.033	0.033	0.033	0.033	0.033	0.033	0.033	0.033	
0.057	0.057	0.057	0.057	0.057	0.057	0.057	0.057	0.057	0.057	0.057	0.050	0.033	0.033	0.033	0.033	0.033	0.033	0.033	0.033	0.033	0.033	0.033	0.033	0.033	0.033	0.033	0.033	
0.076	0.057	0.057	0.057	0.057	0.057	0.057	0.057	0.057	0.057	0.057	0.053	0.033	0.033	0.033	0.033	0.033	0.033	0.033	0.033	0.033	0.033	0.033	0.033	0.033	0.033	0.033	0.033	
0.176	0.057	0.057	0.057	0.057	0.057	0.057	0.057	0.057	0.057	0.057	0.056	0.033	0.033	0.033	0.033	0.033	0.033	0.033	0.033	0.033	0.033	0.033	0.033	0.033	0.033	0.033	0.033	
0.239	0.104	0.057	0.057	0.057	0.057	0.057	0.057	0.057	0.057	0.057	0.057	0.034	0.033	0.033	0.033	0.033	0.033	0.033	0.033	0.033	0.033	0.033	0.033	0.033	0.033	0.033	0.033	
0.240	0.210	0.061	0.057	0.057	0.057	0.057	0.057	0.057	0.057	0.057	0.057	0.038	0.033	0.033	0.033	0.033	0.033	0.033	0.033	0.033	0.033	0.033	0.033	0.033	0.033	0.033	0.033	
0.240	0.240	0.142	0.057	0.057	0.057	0.057	0.057	0.057	0.057	0.057	0.057	0.041	0.033	0.033	0.033	0.033	0.033	0.033	0.033	0.033	0.033	0.033	0.033	0.033	0.033	0.033	0.033	
0.240	0.240	0.231	0.078	0.057	0.057	0.057	0.057	0.057	0.057	0.057	0.057	0.044	0.033	0.033	0.033	0.033	0.033	0.033	0.033	0.033	0.033	0.033	0.033	0.033	0.033	0.033	0.033	
0.240	0.240	0.240	0.180	0.057	0.057	0.057	0.057	0.057	0.057	0.057	0.057	0.047	0.033	0.033	0.033	0.033	0.033	0.033	0.033	0.033	0.033	0.033	0.033	0.033	0.033	0.033	0.033	
0.240	0.240	0.240	0.240	0.108	0.057	0.057	0.057	0.057	0.057	0.057	0.057	0.051	0.033	0.033	0.033	0.033	0.033	0.033	0.033	0.033	0.033	0.033	0.033	0.033	0.033	0.033	0.121	
0.240	0.240	0.240	0.240	0.213	0.063	0.057	0.057	0.057	0.057	0.057	0.057	0.073	0.033	0.033	0.033	0.033	0.033	0.033	0.033	0.033	0.033	0.033	0.033	0.033	0.033	0.141	0.332	
0.240	0.240	0.240	0.240	0.240	0.146	0.057	0.057	0.057	0.057	0.057	0.057	0.302	0.204	0.033	0.033	0.033	0.033	0.033	0.033	0.033	0.033	0.033	0.033	0.033	0.163	0.336	0.338	
0.240	0.240	0.240	0.240	0.240	0.233	0.081	0.057	0.057	0.057	0.057	0.057	0.383	0.671	0.033	0.033	0.033	0.033	0.033	0.033	0.033	0.033	0.033	0.033	0.187	0.338	0.338	0.338	
0.240	0.240	0.240	0.240	0.240	0.240	0.184	0.057	0.057	0.057	0.057	0.057	0.459	1.145	0.033	0.033	0.033	0.033	0.033	0.033	0.033	0.033	0.035	0.211	0.338	0.338	0.338	0.338	
0.240	0.240	0.240	0.240	0.240	0.240	0.240	0.112	0.057	0.057	0.057	0.057	0.535	1.610	0.040	0.033	0.033	0.033	0.033	0.033	0.033	0.039	0.233	0.338	0.338	0.338	0.338	0.338	
0.240	0.240	0.240	0.240	0.240	0.240	0.240	0.216	0.064	0.057	0.057	0.057	0.611	1.768	0.356	0.033	0.033	0.033	0.033	0.033	0.046	0.253	0.338	0.338	0.338	0.338	0.338	0.338	
0.240	0.240	0.240	0.240	0.240	0.240	0.240	0.240	0.151	0.057	0.057	0.057	0.687	1.768	0.829	0.033	0.033	0.033	0.033	0.054	0.270	0.338	0.338	0.338	0.338	0.338	0.338	0.338	
0.240	0.240	0.240	0.240	0.240	0.240	0.240	0.240	0.234	0.084	0.057	0.057	0.763	1.768	1.303	0.033	0.033	0.033	0.065	0.286	0.338	0.338	0.338	0.338	0.338	0.338	0.338	0.338	
0.240	0.240	0.240	0.240	0.240	0.240	0.240	0.240	0.240	0.189	0.058	0.057	0.840	1.768	1.713	0.096	0.033	0.077	0.300	0.338	0.338	0.338	0.338	0.338	0.338	0.338	0.338	0.338	
0.240	0.240	0.240	0.240	0.240	0.240	0.240	0.240	0.240	0.240	0.117	0.057	0.916	1.768	2.219	2.133	0.451	0.311	0.338	0.338	0.338	0.338	0.338	0.338	0.338	0.338	0.338	0.338	
0.240	0.240	0.240	0.240	0.240	0.240	0.240	0.240	0.240	0.240	0.219	0.066	1.017	2.603	3.331	3.340	2.111	0.338	0.338	0.338	0.338	0.338	0.338	0.338	0.338	0.338	0.338	0.338	
0.000	0.000	0.000	0.000	0.000	0.000	0.000	0.000	0.000	0.000	0.000	0.000	1.371	3.306	3.340	1.775	0.000	0.000	0.000	0.000	0.000	0.000	0.000	0.000	0.000	0.000	0.000	0.000	
0.000	0.000	0.000	0.000	0.000	0.000	0.000	0.000	0.000	0.000	0.000	0.000	0.652	2.639	2.860	0.755	0.000	0.000	0.000	0.000	0.000	0.000	0.000	0.000	0.000	0.000	0.000	0.000	
0.000	0.000	0.000	0.000	0.000	0.000	0.000	0.000	0.000	0.000	0.000	0.000	0.652	2.609	2.609	0.652	0.000	0.000	0.000	0.000	0.000	0.000	0.000	0.000	0.000	0.000	0.000	0.000	
0.000	0.000	0.000	0.000	0.000	0.000	0.000	0.000	0.000	0.000	0.000	0.000	0.652	2.609	2.609	0.652	0.000	0.000	0.000	0.000	0.000	0.000	0.000	0.000	0.000	0.000	0.000	0.000	
0.000	0.000	0.000	0.000	0.000	0.000	0.000	0.000	0.000	0.000	0.000	0.000	0.652	2.609	2.609	0.652	0.000	0.000	0.000	0.000	0.000	0.000	0.000	0.000	0.000	0.000	0.000	0.000	
