0.089	0.089	0.051	0.044	0.044	0.044	0.044	0.044	0.044	0.044	0.044	0.044	0.044	0.044	0.044	0.044	0.044	0.044	0.044	0.044	0.044	0.044	0.046	0.070	0.070	0.070	0.070	0.070	
0.089	0.089	0.061	0.044	0.044	0.044	0.044	0.044	0.044	0.044	0.044	0.044	0.044	0.044	0.044	0.044	0.044	0.044	0.044	0.044	0.044	0.044	0.050	0.070	0.070	0.070	0.070	0.070	
0.089	0.089	0.071	0.044	0.044	0.044	0.044	0.044	0.044	0.044	0.044	0.044	0.044	0.044	0.044	0.044	0.044	0.044	0.044	0.044	0.044	0.044	0.054	0.070	0.070	0.070	0.070	0.070	
0.089	0.089	0.080	0.044	0.044	0.044	0.044	0.044	0.044	0.044	0.044	0.044	0.044	0.044	0.044	0.044	0.044	0.044	0.044	0.044	0.044	0.044	0.058	0.070	0.070	0.070	0.070	0.070	
0.089	0.089	0.088	0.045	0.044	0.044	0.044	0.044	0.044	0.044	0.044	0.044	0.044	0.044	0.044	0.044	0.044	0.044	0.044	0.044	0.044	0.044	0.062	0.070	0.070	0.070	0.070	0.070	
0.089	0.089	0.089	0.054	0.044	0.044	0.044	0.044	0.044	0.044	0.044	0.044	0.044	0.044	0.044	0.044	0.044	0.044	0.044	0.044	0.044	0.044	0.066	0.070	0.070	0.070	0.070	0.070	
0.089	0.089	0.089	0.064	0.044	0.044	0.044	0.044	0.044	0.044	0.044	0.044	0.044	0.044	0.044	0.044	0.044	0.044	0.044	0.044	0.044	0.044	0.069	0.070	0.070	0.070	0.070	0.070	
0.089	0.089	0.089	0.073	0.044	0.044	0.044	0.044	0.044	0.044	0.044	0.044	0.044	0.044	0.044	0.044	0.044	0.044	0.044	0.044	0.044	0.048	0.070	0.070	0.070	0.070	0.070	0.070	
0.089	0.089	0.089	0.083	0.044	0.044	0.044	0.044	0.044	0.044	0.044	0.044	0.044	0.044	0.044	0.044	0.044	0.044	0.044	0.044	0.044	0.052	0.070	0.070	0.070	0.070	0.070	0.070	
0.089	0.089	0.089	0.089	0.047	0.044	0.044	0.044	0.044	0.044	0.044	0.044	0.044	0.044	0.044	0.044	0.044	0.044	0.044	0.044	0.044	0.056	0.070	0.070	0.070	0.070	0.070	0.070	
0.089	0.089	0.089	0.089	0.057	0.044	0.044	0.044	0.044	0.044	0.044	0.044	0.044	0.044	0.044	0.044	0.044	0.044	0.044	0.044	0.044	0.060	0.070	0.070	0.070	0.070	0.070	0.070	
0.089	0.089	0.089	0.089	0.067	0.044	0.044	0.044	0.044	0.044	0.044	0.044	0.044	0.044	0.044	0.044	0.044	0.044	0.044	0.044	0.044	0.064	0.070	0.070	0.070	0.070	0.070	0.070	
0.089	0.089	0.089	0.089	0.076	0.044	0.044	0.044	0.044	0.044	0.044	0.044	0.044	0.044	0.044	0.044	0.044	0.044	0.044	0.044	0.044	0.068	0.070	0.070	0.070	0.070	0.070	0.070	
0.089	0.089	0.089	0.089	0.086	0.044	0.044	0.044	0.044	0.044	0.044	0.044	0.044	0.044	0.044	0.044	0.044	0.044	0.044	0.044	0.046	0.070	0.070	0.070	0.070	0.070	0.070	0.070	
0.089	0.089	0.089	0.089	0.089	0.050	0.044	0.044	0.044	0.044	0.044	0.044	0.044	0.044	0.044	0.044	0.044	0.044	0.044	0.044	0.050	0.070	0.070	0.070	0.070	0.070	0.070	0.070	
0.089	0.089	0.089	0.089	0.089	0.060	0.044	0.044	0.044	0.044	0.044	0.044	0.044	0.044	0.044	0.044	0.044	0.044	0.044	0.044	0.054	0.070	0.070	0.070	0.070	0.070	0.070	0.070	
0.089	0.089	0.089	0.089	0.089	0.069	0.044	0.044	0.044	0.044	0.044	0.044	0.044	0.044	0.044	0.044	0.044	0.044	0.044	0.044	0.058	0.070	0.070	0.070	0.070	0.070	0.070	0.070	
0.089	0.089	0.089	0.089	0.089	0.079	0.044	0.044	0.044	0.044	0.044	0.044	0.044	0.044	0.044	0.044	0.044	0.044	0.044	0.044	0.062	0.070	0.070	0.070	0.070	0.070	0.070	0.070	
0.089	0.089	0.089	0.089	0.089	0.088	0.045	0.044	0.044	0.044	0.044	0.044	0.044	0.044	0.044	0.044	0.044	0.044	0.044	0.044	0.066	0.070	0.070	0.070	0.070	0.070	0.070	0.070	
0.089	0.089	0.089	0.089	0.089	0.089	0.053	0.044	0.044	0.044	0.044	0.044	0.044	0.044	0.044	0.044	0.044	0.044	0.044	0.044	0.069	0.070	0.070	0.070	0.070	0.070	0.070	0.070	
0.089	0.089	0.089	0.089	0.089	0.089	0.063	0.044	0.044	0.044	0.044	0.044	0.044	0.044	0.044	0.044	0.044	0.044	0.044	0.048	0.070	0.070	0.070	0.070	0.070	0.070	0.070	0.070	
0.089	0.089	0.089	0.089	0.089	0.089	0.072	0.044	0.044	0.044	0.044	0.044	0.044	0.044	0.044	0.044	0.044	0.044	0.044	0.052	0.070	0.070	0.070	0.070	0.070	0.070	0.070	0.070	
0.089	0.089	0.089	0.089	0.089	0.089	0.082	0.044	0.044	0.044	0.044	0.044	0.044	0.044	0.044	0.044	0.044	0.044	0.044	0.056	0.070	0.070	0.070	0.070	0.070	0.070	0.070	0.070	
0.089	0.089	0.089	0.089	0.089	0.089	0.089	0.046	0.044	0.044	0.044	0.044	0.044	0.044	0.044	0.044	0.044	0.044	0.044	0.059	0.070	0.070	0.070	0.070	0.070	0.070	0.070	0.070	
0.089	0.089	0.089	0.089	0.089	0.089	0.089	0.056	0.044	0.044	0.044	0.044	0.044	0.044	0.044	0.044	0.044	0.044	0.044	0.063	0.070	0.070	0.070	0.070	0.070	0.070	0.070	0.070	
0.089	0.089	0.089	0.089	0.089	0.089	0.089	0.065	0.044	0.044	0.044	0.044	0.044	0.044	0.044	0.044	0.044	0.044	0.044	0.067	0.070	0.070	0.070	0.070	0.070	0.070	0.070	0.070	
0.089	0.089	0.089	0.089	0.089	0.089	0.089	0.075	0.044	0.044	0.044	0.044	0.044	0.044	0.044	0.044	0.044	0.044	0.046	0.070	0.070	0.070	0.070	0.070	0.070	0.070	0.070	0.070	
0.089	0.089	0.089	0.089	0.089	0.089	0.089	0.085	0.044	0.044	0.044	0.044	0.044	0.044	0.044	0.044	0.044	0.044	0.049	0.070	0.070	0.070	0.070	0.070	0.070	0.070	0.070	0.070	
0.089	0.089	0.089	0.089	0.089	0.089	0.089	0.089	0.049	0.044	0.044	0.044	0.044	0.044	0.044	0.044	0.044	0.044	0.053	0.070	0.070	0.070	0.070	0.070	0.070	0.070	0.070	0.070	
0.089	0.089	0.089	0.089	0.089	0.089	0.089	0.089	0.059	0.044	0.044	0.044	0.044	0.044	0.044	0.044	0.044	0.044	0.057	0.070	0.070	0.070	0.070	0.070	0.070	0.070	0.070	0.070	
0.089	0.089	0.089	0.089	0.089	0.089	0.089	0.089	0.068	0.044	0.044	0.044	0.044	0.044	0.044	0.044	0.044	0.044	0.061	0.070	0.070	0.070	0.070	0.070	0.070	0.070	0.070	0.070	
0.089	0.089	0.089	0.089	0.089	0.089	0.089	0.089	0.078	0.044	0.044	0.044	0.044	0.044	0.044	0.044	0.044	0.044	0.065	0.070	0.070	0.070	0.070	0.070	0.070	0.070	0.070	0.070	
0.089	0.089	0.089	0.089	0.089	0.089	0.089	0.089	0.087	0.044	0.044	0.044	0.044	0.044	0.044	0.044	0.044	0.044	0.069	0.070	0.070	0.070	0.070	0.070	0.070	0.070	0.070	0.070	
0.089	0.089	0.089	0.089	0.089	0.089	0.089	0.089	0.089	0.052	0.044	0.044	0.044	0.044	0.044	0.044	0.044	0.047	0.070	0.070	0.070	0.070	0.070	0.070	0.070	0.070	0.070	0.070	
0.089	0.089	0.089	0.089	0.089	0.089	0.089	0.089	0.089	0.061	0.044	0.044	0.044	0.044	0.044	0.044	0.044	0.051	0.070	0.070	0.070	0.070	0.070	0.070	0.070	0.070	0.070	0.070	
0.089	0.089	0.089	0.089	0.089	0.089	0.089	0.089	0.089	0.071	0.044	0.044	0.044	0.044	0.044	0.044	0.044	0.055	0.070	0.070	0.070	0.070	0.070	0.070	0.070	0.070	0.070	0.070	
0.089	0.089	0.089	0.089	0.089	0.089	0.089	0.089	0.089	0.081	0.044	0.044	0.044	0.044	0.044	0.044	0.044	0.059	0.070	0.070	0.070	0.070	0.070	0.070	0.070	0.070	0.070	0.070	
0.254	0.089	0.089	0.089	0.089	0.089	0.089	0.089	0.089	0.089	0.046	0.044	0.044	0.044	0.044	0.044	0.044	0.063	0.070	0.070	0.070	0.070	0.070	0.070	0.070	0.070	0.070	0.070	
0.582	0.245	0.089	0.089	0.089	0.089	0.089	0.089	0.089	0.089	0.055	0.044	0.044	0.044	0.044	0.044	0.044	0.067	0.070	0.070	0.070	0.070	0.070	0.070	0.070	0.070	0.070	0.070	
0.592	0.579	0.236	0.089	0.089	0.089	0.089	0.089	0.089	0.089	0.064	0.044	0.044	0.044	0.044	0.044	0.045	0.070	0.070	0.070	0.070	0.070	0.070	0.070	0.070	0.070	0.070	0.291	
0.592	0.592	0.577	0.227	0.089	0.089	0.089	0.089	0.089	0.089	0.074	0.044	0.044	0.044	0.044	0.044	0.577	0.070	0.070	0.070	0.070	0.070	0.070	0.070	0.070	0.075	0.430	0.779	
0.592	0.592	0.592	0.574	0.219	0.089	0.089	0.089	0.089	0.089	0.084	0.044	0.044	0.044	0.044	0.044	1.833	0.235	0.070	0.070	0.070	0.070	0.070	0.070	0.111	0.567	0.783	0.783	
0.592	0.592	0.592	0.592	0.570	0.211	0.089	0.089	0.089	0.089	0.089	0.048	0.044	0.044	0.044	0.605	2.338	0.606	0.070	0.070	0.070	0.070	0.070	0.183	0.674	0.783	0.783	0.783	
0.592	0.592	0.592	0.592	0.592	0.567	0.203	0.089	0.089	0.089	0.089	0.086	0.044	0.044	0.044	1.670	2.338	0.977	0.070	0.070	0.070	0.070	0.291	0.744	0.783	0.783	0.783	0.785	
0.790	0.621	0.592	0.592	0.592	0.592	0.563	0.195	0.089	0.089	0.280	3.335	0.978	0.044	0.675	2.329	2.338	1.348	0.070	0.070	0.075	0.430	0.779	0.783	0.783	0.783	0.807	0.883	
0.913	0.894	0.734	0.598	0.592	0.592	0.592	0.559	0.188	0.181	2.284	4.155	4.065	4.201	4.769	2.585	2.338	2.325	0.673	0.111	0.567	0.783	0.783	0.783	0.788	0.850	0.905	0.907	
0.913	0.913	0.913	0.861	0.678	0.592	0.592	0.592	1.883	4.590	4.521	4.156	4.302	4.907	4.906	4.428	3.652	4.336	4.380	1.969	0.783	0.783	0.783	0.817	0.891	0.907	0.907	0.907	
0.913	0.913	0.913	0.913	0.913	0.811	0.633	0.619	3.167	4.671	4.682	4.826	5.104	5.079	5.024	5.122	5.044	4.423	4.400	3.001	0.803	0.793	0.862	0.907	0.907	0.907	0.907	0.907	
0.913	0.913	0.913	0.913	0.913	0.913	0.902	3.668	5.169	5.055	5.684	5.777	5.148	5.096	4.658	4.963	5.736	6.092	5.220	5.113	3.894	0.897	0.907	0.907	0.907	0.907	0.907	0.907	
0.913	0.913	0.913	0.913	0.913	0.913	0.913	4.243	5.171	5.368	5.937	5.937	3.360	2.427	3.744	3.874	6.003	6.291	5.592	5.113	4.617	0.907	0.907	0.907	0.907	0.907	0.907	0.907	
0.000	0.000	0.000	0.000	0.000	0.000	0.000	0.000	0.000	0.000	0.000	0.000	1.223	2.303	3.513	2.056	0.000	0.000	0.000	0.000	0.000	0.000	0.000	0.000	0.000	0.000	0.000	0.000	
0.000	0.000	0.000	0.000	0.000	0.000	0.000	0.000	0.000	0.000	0.000	0.000	0.576	2.303	3.283	0.967	0.000	0.000	0.000	0.000	0.000	0.000	0.000	0.000	0.000	0.000	0.000	0.000	
0.000	0.000	0.000	0.000	0.000	0.000	0.000	0.000	0.000	0.000	0.000	0.000	0.576	2.303	3.053	0.967	0.000	0.000	0.000	0.000	0.000	0.000	0.000	0.000	0.000	0.000	0.000	0.000	
0.000	0.000	0.000	0.000	0.000	0.000	0.000	0.000	0.000	0.000	0.000	0.000	0.576	2.303	2.822	0.967	0.000	0.000	0.000	0.000	0.000	0.000	0.000	0.000	0.000	0.000	0.000	0.000	
0.000	0.000	0.000	0.000	0.000	0.000	0.000	0.000	0.000	0.000	0.000	0.000	0.576	2.303	2.592	0.967	0.000	0.000	0.000	0.000	0.000	0.000	0.000	0.000	0.000	0.000	0.000	0.000	
