0.077	0.077	0.077	0.077	0.077	0.078	0.078	0.078	0.078	0.078	0.078	0.078	0.078	0.078	0.078	0.078	0.066	0.056	0.056	0.056	0.056	0.056	0.056	0.056	0.056	0.056	0.056	0.056	
0.077	0.077	0.077	0.077	0.077	0.078	0.078	0.078	0.078	0.078	0.078	0.078	0.078	0.078	0.078	0.078	0.066	0.056	0.056	0.056	0.056	0.056	0.056	0.056	0.056	0.056	0.056	0.056	
0.077	0.077	0.077	0.077	0.077	0.078	0.078	0.078	0.078	0.078	0.078	0.078	0.078	0.078	0.078	0.078	0.066	0.056	0.056	0.056	0.056	0.056	0.056	0.056	0.056	0.056	0.056	0.056	
0.077	0.077	0.077	0.077	0.077	0.077	0.078	0.078	0.078	0.078	0.078	0.078	0.078	0.078	0.078	0.078	0.066	0.056	0.056	0.056	0.056	0.056	0.056	0.056	0.056	0.056	0.056	0.056	
0.077	0.077	0.077	0.077	0.077	0.077	0.078	0.078	0.078	0.078	0.078	0.078	0.078	0.078	0.078	0.078	0.066	0.056	0.056	0.056	0.056	0.056	0.056	0.056	0.056	0.056	0.056	0.056	
0.077	0.077	0.077	0.077	0.077	0.077	0.078	0.078	0.078	0.078	0.078	0.078	0.078	0.078	0.078	0.078	0.065	0.056	0.056	0.056	0.056	0.056	0.056	0.056	0.056	0.056	0.056	0.056	
0.077	0.077	0.077	0.077	0.077	0.077	0.078	0.078	0.078	0.078	0.078	0.078	0.078	0.078	0.078	0.078	0.065	0.056	0.056	0.056	0.056	0.056	0.056	0.056	0.056	0.056	0.056	0.056	
0.077	0.077	0.077	0.077	0.077	0.077	0.078	0.078	0.078	0.078	0.078	0.078	0.078	0.078	0.078	0.078	0.065	0.056	0.056	0.056	0.056	0.056	0.056	0.056	0.056	0.056	0.056	0.056	
0.077	0.077	0.077	0.077	0.077	0.077	0.078	0.078	0.078	0.078	0.078	0.078	0.078	0.078	0.078	0.078	0.065	0.056	0.056	0.056	0.056	0.056	0.056	0.056	0.056	0.056	0.056	0.056	
0.077	0.077	0.077	0.077	0.077	0.077	0.078	0.078	0.078	0.078	0.078	0.078	0.078	0.078	0.078	0.078	0.064	0.056	0.056	0.056	0.056	0.056	0.056	0.056	0.056	0.056	0.056	0.056	
0.077	0.077	0.077	0.077	0.077	0.077	0.077	0.078	0.078	0.078	0.078	0.078	0.078	0.078	0.078	0.078	0.064	0.056	0.056	0.056	0.056	0.056	0.056	0.056	0.056	0.056	0.056	0.056	
0.077	0.077	0.077	0.077	0.077	0.077	0.077	0.078	0.078	0.078	0.078	0.078	0.078	0.078	0.078	0.078	0.064	0.056	0.056	0.056	0.056	0.056	0.056	0.056	0.056	0.056	0.056	0.056	
0.077	0.077	0.077	0.077	0.077	0.077	0.077	0.078	0.078	0.078	0.078	0.078	0.078	0.078	0.078	0.078	0.064	0.056	0.056	0.056	0.056	0.056	0.056	0.056	0.056	0.056	0.056	0.056	
0.077	0.077	0.077	0.077	0.077	0.077	0.077	0.078	0.078	0.078	0.078	0.078	0.078	0.078	0.078	0.078	0.064	0.056	0.056	0.056	0.056	0.056	0.056	0.056	0.056	0.056	0.056	0.056	
0.077	0.077	0.077	0.077	0.077	0.077	0.077	0.078	0.078	0.078	0.078	0.078	0.078	0.078	0.078	0.078	0.063	0.056	0.056	0.056	0.056	0.056	0.056	0.056	0.056	0.056	0.056	0.056	
0.077	0.077	0.077	0.077	0.077	0.077	0.077	0.078	0.078	0.078	0.078	0.078	0.078	0.078	0.078	0.078	0.063	0.056	0.056	0.056	0.056	0.056	0.056	0.056	0.056	0.056	0.056	0.056	
0.077	0.077	0.077	0.077	0.077	0.077	0.077	0.077	0.078	0.078	0.078	0.078	0.078	0.078	0.078	0.078	0.063	0.056	0.056	0.056	0.056	0.056	0.056	0.056	0.056	0.056	0.056	0.056	
0.077	0.077	0.077	0.077	0.077	0.077	0.077	0.077	0.078	0.078	0.078	0.078	0.078	0.078	0.078	0.078	0.063	0.056	0.056	0.056	0.056	0.056	0.056	0.056	0.056	0.056	0.056	0.056	
0.077	0.077	0.077	0.077	0.077	0.077	0.077	0.077	0.078	0.078	0.078	0.078	0.078	0.078	0.078	0.078	0.063	0.056	0.056	0.056	0.056	0.056	0.056	0.056	0.056	0.056	0.056	0.056	
0.077	0.077	0.077	0.077	0.077	0.077	0.077	0.077	0.078	0.078	0.078	0.078	0.078	0.078	0.078	0.078	0.062	0.056	0.056	0.056	0.056	0.056	0.056	0.056	0.056	0.056	0.056	0.056	
0.077	0.077	0.077	0.077	0.077	0.077	0.077	0.077	0.078	0.078	0.078	0.078	0.078	0.078	0.078	0.078	0.062	0.056	0.056	0.056	0.056	0.056	0.056	0.056	0.056	0.056	0.056	0.056	
0.077	0.077	0.077	0.077	0.077	0.077	0.077	0.077	0.078	0.078	0.078	0.078	0.078	0.078	0.078	0.078	0.062	0.056	0.056	0.056	0.056	0.056	0.056	0.056	0.056	0.056	0.056	0.056	
0.077	0.077	0.077	0.077	0.077	0.077	0.077	0.077	0.077	0.078	0.078	0.078	0.078	0.078	0.078	0.078	0.062	0.056	0.056	0.056	0.056	0.056	0.056	0.056	0.056	0.056	0.056	0.056	
0.077	0.077	0.077	0.077	0.077	0.077	0.077	0.077	0.077	0.078	0.078	0.078	0.078	0.078	0.078	0.078	0.062	0.056	0.056	0.056	0.056	0.056	0.056	0.056	0.056	0.056	0.056	0.056	
0.077	0.077	0.077	0.077	0.077	0.077	0.077	0.077	0.077	0.078	0.078	0.078	0.078	0.078	0.078	0.078	0.061	0.056	0.056	0.056	0.056	0.056	0.056	0.056	0.056	0.056	0.056	0.056	
0.077	0.077	0.077	0.077	0.077	0.077	0.077	0.077	0.077	0.078	0.078	0.078	0.078	0.078	0.078	0.078	0.061	0.056	0.056	0.056	0.056	0.056	0.056	0.056	0.056	0.056	0.056	0.056	
0.077	0.077	0.077	0.077	0.077	0.077	0.077	0.077	0.077	0.078	0.078	0.078	0.078	0.078	0.078	0.078	0.061	0.056	0.056	0.056	0.056	0.056	0.056	0.056	0.056	0.056	0.056	0.056	
0.077	0.077	0.077	0.077	0.077	0.077	0.077	0.077	0.077	0.078	0.078	0.078	0.078	0.078	0.078	0.078	0.061	0.056	0.056	0.056	0.056	0.056	0.056	0.056	0.056	0.056	0.056	0.056	
0.077	0.077	0.077	0.077	0.077	0.077	0.077	0.077	0.077	0.077	0.078	0.078	0.078	0.078	0.078	0.078	0.061	0.056	0.056	0.056	0.056	0.056	0.056	0.056	0.056	0.056	0.056	0.056	
0.077	0.077	0.077	0.077	0.077	0.077	0.077	0.077	0.077	0.077	0.078	0.078	0.078	0.078	0.078	0.078	0.060	0.056	0.056	0.056	0.056	0.056	0.056	0.056	0.056	0.056	0.056	0.056	
0.077	0.077	0.077	0.077	0.077	0.077	0.077	0.077	0.077	0.077	0.078	0.078	0.078	0.078	0.078	0.078	0.060	0.056	0.056	0.056	0.056	0.056	0.056	0.056	0.056	0.056	0.056	0.056	
0.077	0.077	0.077	0.077	0.077	0.077	0.077	0.077	0.077	0.077	0.078	0.078	0.078	0.078	0.078	0.078	0.060	0.056	0.056	0.056	0.056	0.056	0.056	0.056	0.056	0.056	0.056	0.056	
0.077	0.077	0.077	0.077	0.077	0.077	0.077	0.077	0.077	0.077	0.078	0.078	0.078	0.078	0.078	0.078	0.060	0.056	0.056	0.056	0.056	0.056	0.056	0.056	0.056	0.056	0.056	0.056	
0.077	0.077	0.077	0.077	0.077	0.077	0.077	0.077	0.077	0.077	0.078	0.078	0.078	0.078	0.078	0.078	0.059	0.056	0.056	0.056	0.056	0.056	0.056	0.056	0.056	0.056	0.056	0.258	
0.077	0.077	0.077	0.077	0.077	0.077	0.077	0.077	0.077	0.077	0.077	0.078	0.078	0.078	0.078	0.078	0.059	0.056	0.056	0.056	0.056	0.056	0.056	0.056	0.056	0.056	0.250	0.498	
0.148	0.077	0.077	0.077	0.077	0.077	0.077	0.077	0.077	0.077	0.077	0.078	0.078	0.078	0.078	0.078	0.059	0.056	0.056	0.056	0.056	0.056	0.056	0.056	0.056	0.243	0.497	0.499	
0.712	0.296	0.077	0.077	0.077	0.077	0.077	0.077	0.077	0.077	0.077	0.078	0.078	0.078	0.078	0.078	0.059	0.056	0.056	0.056	0.056	0.056	0.056	0.056	0.236	0.497	0.499	0.499	
0.804	0.976	0.654	0.086	0.077	0.077	0.077	0.077	0.077	0.077	0.077	0.078	0.078	0.078	0.078	0.152	0.430	0.056	0.056	0.056	0.056	0.056	0.056	0.229	0.496	0.499	0.499	0.499	
0.804	0.804	1.168	1.005	0.209	0.077	0.077	0.077	0.077	0.077	0.077	0.078	0.078	0.078	0.078	1.250	1.826	0.056	0.056	0.056	0.056	0.056	0.223	0.495	0.499	0.499	0.499	0.499	
0.804	0.804	0.846	1.287	1.243	0.475	0.077	0.077	0.077	0.077	0.077	0.340	0.078	0.078	0.135	2.616	2.889	0.317	0.056	0.056	0.056	0.216	0.494	0.499	0.499	0.499	0.499	0.499	
0.804	0.804	0.804	0.958	1.337	1.337	0.834	0.129	0.077	0.077	0.210	3.595	2.522	0.336	1.212	2.981	2.981	1.941	0.741	0.210	0.209	0.493	0.499	0.499	0.499	0.499	0.499	0.499	
0.804	0.804	0.804	0.804	1.119	1.338	1.338	1.142	1.649	2.440	3.236	4.092	4.092	3.980	4.224	3.247	2.992	3.737	3.893	3.876	0.705	0.499	0.499	0.499	0.499	0.499	0.499	0.499	
1.212	0.809	0.804	0.804	0.826	1.258	1.338	1.338	3.042	4.368	4.367	4.261	4.278	4.398	4.446	4.377	4.039	3.994	3.893	3.933	0.850	0.499	0.499	0.499	0.499	0.499	0.501	0.630	
1.529	1.281	0.823	0.804	0.804	0.916	1.329	1.338	2.580	4.646	4.569	4.877	4.891	4.885	4.887	4.674	4.521	4.486	4.189	4.314	3.633	0.790	0.702	0.899	1.097	1.295	1.490	1.559	
1.529	1.529	1.341	0.845	0.804	0.804	1.298	2.351	4.471	5.219	5.221	5.142	4.909	5.499	5.706	5.437	4.636	4.653	4.943	4.338	4.267	1.947	1.559	1.559	1.559	1.559	1.552	1.476	
1.529	1.529	1.529	1.394	0.876	0.836	3.239	4.714	4.872	5.411	5.700	6.075	6.020	5.986	5.800	5.797	5.802	5.541	5.521	5.146	3.604	1.559	1.559	1.559	1.851	2.363	1.701	1.428	
1.787	1.529	1.529	1.529	1.990	4.546	4.920	4.716	5.068	6.086	6.084	6.093	6.106	6.128	6.133	5.936	5.833	5.886	5.633	4.942	4.641	2.821	2.205	2.751	3.005	2.075	1.428	1.428	
2.798	2.406	1.763	1.529	3.192	5.002	5.002	5.159	5.552	5.972	6.206	6.453	6.570	6.836	6.500	6.381	6.256	6.177	6.158	4.727	4.652	4.109	3.005	3.005	2.382	1.428	1.428	1.428	
2.802	2.802	2.795	3.684	5.355	5.289	6.021	6.224	5.631	5.885	6.914	6.516	6.870	7.347	6.662	6.338	7.116	6.750	6.293	6.132	5.261	5.322	3.654	2.648	1.468	1.428	1.428	1.428	
2.802	2.802	2.802	4.143	5.356	5.467	6.386	6.385	5.750	6.446	6.997	6.661	3.513	3.865	4.117	4.494	7.420	7.402	6.354	6.354	5.608	5.392	5.289	1.803	1.428	1.428	1.428	1.428	
0.000	0.000	0.000	0.000	0.000	0.000	0.000	0.000	0.000	0.000	0.000	0.000	1.311	2.467	3.700	2.087	0.000	0.000	0.000	0.000	0.000	0.000	0.000	0.000	0.000	0.000	0.000	0.000	
0.000	0.000	0.000	0.000	0.000	0.000	0.000	0.000	0.000	0.000	0.000	0.000	0.617	2.467	3.517	0.982	0.000	0.000	0.000	0.000	0.000	0.000	0.000	0.000	0.000	0.000	0.000	0.000	
0.000	0.000	0.000	0.000	0.000	0.000	0.000	0.000	0.000	0.000	0.000	0.000	0.617	2.467	3.335	0.982	0.000	0.000	0.000	0.000	0.000	0.000	0.000	0.000	0.000	0.000	0.000	0.000	
0.000	0.000	0.000	0.000	0.000	0.000	0.000	0.000	0.000	0.000	0.000	0.000	0.617	2.467	3.152	0.982	0.000	0.000	0.000	0.000	0.000	0.000	0.000	0.000	0.000	0.000	0.000	0.000	
0.000	0.000	0.000	0.000	0.000	0.000	0.000	0.000	0.000	0.000	0.000	0.000	0.617	2.467	2.969	0.982	0.000	0.000	0.000	0.000	0.000	0.000	0.000	0.000	0.000	0.000	0.000	0.000	
