0.077	0.077	0.077	0.061	0.054	0.054	0.054	0.054	0.054	0.054	0.054	0.054	0.054	0.054	0.054	0.054	0.054	0.054	0.054	0.052	0.052	0.052	0.052	0.052	0.052	0.052	0.052	0.052	
0.077	0.077	0.077	0.065	0.054	0.054	0.054	0.054	0.054	0.054	0.054	0.054	0.054	0.054	0.054	0.054	0.054	0.054	0.054	0.052	0.052	0.052	0.052	0.052	0.052	0.052	0.052	0.052	
0.077	0.077	0.077	0.069	0.054	0.054	0.054	0.054	0.054	0.054	0.054	0.054	0.054	0.054	0.054	0.054	0.054	0.054	0.054	0.052	0.052	0.052	0.052	0.052	0.052	0.052	0.052	0.052	
0.077	0.077	0.077	0.073	0.054	0.054	0.054	0.054	0.054	0.054	0.054	0.054	0.054	0.054	0.054	0.054	0.054	0.054	0.054	0.052	0.052	0.052	0.052	0.052	0.052	0.052	0.052	0.052	
0.077	0.077	0.077	0.076	0.055	0.054	0.054	0.054	0.054	0.054	0.054	0.054	0.054	0.054	0.054	0.054	0.054	0.054	0.054	0.052	0.052	0.052	0.052	0.052	0.052	0.052	0.052	0.052	
0.077	0.077	0.077	0.077	0.059	0.054	0.054	0.054	0.054	0.054	0.054	0.054	0.054	0.054	0.054	0.054	0.054	0.054	0.054	0.052	0.052	0.052	0.052	0.052	0.052	0.052	0.052	0.052	
0.077	0.077	0.077	0.077	0.063	0.054	0.054	0.054	0.054	0.054	0.054	0.054	0.054	0.054	0.054	0.054	0.054	0.054	0.053	0.052	0.052	0.052	0.052	0.052	0.052	0.052	0.052	0.052	
0.077	0.077	0.077	0.077	0.067	0.054	0.054	0.054	0.054	0.054	0.054	0.054	0.054	0.054	0.054	0.054	0.054	0.054	0.053	0.052	0.052	0.052	0.052	0.052	0.052	0.052	0.052	0.052	
0.077	0.077	0.077	0.077	0.071	0.054	0.054	0.054	0.054	0.054	0.054	0.054	0.054	0.054	0.054	0.054	0.054	0.054	0.053	0.052	0.052	0.052	0.052	0.052	0.052	0.052	0.052	0.052	
0.077	0.077	0.077	0.077	0.075	0.054	0.054	0.054	0.054	0.054	0.054	0.054	0.054	0.054	0.054	0.054	0.054	0.054	0.053	0.052	0.052	0.052	0.052	0.052	0.052	0.052	0.052	0.052	
0.077	0.077	0.077	0.077	0.077	0.056	0.054	0.054	0.054	0.054	0.054	0.054	0.054	0.054	0.054	0.054	0.054	0.054	0.053	0.052	0.052	0.052	0.052	0.052	0.052	0.052	0.052	0.052	
0.077	0.077	0.077	0.077	0.077	0.060	0.054	0.054	0.054	0.054	0.054	0.054	0.054	0.054	0.054	0.054	0.054	0.054	0.053	0.052	0.052	0.052	0.052	0.052	0.052	0.052	0.052	0.052	
0.077	0.077	0.077	0.077	0.077	0.064	0.054	0.054	0.054	0.054	0.054	0.054	0.054	0.054	0.054	0.054	0.054	0.054	0.052	0.052	0.052	0.052	0.052	0.052	0.052	0.052	0.052	0.052	
0.077	0.077	0.077	0.077	0.077	0.068	0.054	0.054	0.054	0.054	0.054	0.054	0.054	0.054	0.054	0.054	0.054	0.054	0.052	0.052	0.052	0.052	0.052	0.052	0.052	0.052	0.052	0.052	
0.077	0.077	0.077	0.077	0.077	0.073	0.054	0.054	0.054	0.054	0.054	0.054	0.054	0.054	0.054	0.054	0.054	0.054	0.052	0.052	0.052	0.052	0.052	0.052	0.052	0.052	0.052	0.052	
0.077	0.077	0.077	0.077	0.077	0.076	0.054	0.054	0.054	0.054	0.054	0.054	0.054	0.054	0.054	0.054	0.054	0.054	0.052	0.052	0.052	0.052	0.052	0.052	0.052	0.052	0.052	0.052	
0.077	0.077	0.077	0.077	0.077	0.077	0.058	0.054	0.054	0.054	0.054	0.054	0.054	0.054	0.054	0.054	0.054	0.054	0.052	0.052	0.052	0.052	0.052	0.052	0.052	0.052	0.052	0.052	
0.077	0.077	0.077	0.077	0.077	0.077	0.062	0.054	0.054	0.054	0.054	0.054	0.054	0.054	0.054	0.054	0.054	0.054	0.052	0.052	0.052	0.052	0.052	0.052	0.052	0.052	0.052	0.052	
0.077	0.077	0.077	0.077	0.077	0.077	0.066	0.054	0.054	0.054	0.054	0.054	0.054	0.054	0.054	0.054	0.054	0.053	0.052	0.052	0.052	0.052	0.052	0.052	0.052	0.052	0.052	0.052	
0.077	0.077	0.077	0.077	0.077	0.077	0.070	0.054	0.054	0.054	0.054	0.054	0.054	0.054	0.054	0.054	0.054	0.053	0.052	0.052	0.052	0.052	0.052	0.052	0.052	0.052	0.052	0.052	
0.077	0.077	0.077	0.077	0.077	0.077	0.074	0.054	0.054	0.054	0.054	0.054	0.054	0.054	0.054	0.054	0.054	0.053	0.052	0.052	0.052	0.052	0.052	0.052	0.052	0.052	0.052	0.052	
0.077	0.077	0.077	0.077	0.077	0.077	0.077	0.056	0.054	0.054	0.054	0.054	0.054	0.054	0.054	0.054	0.054	0.053	0.052	0.052	0.052	0.052	0.052	0.052	0.052	0.052	0.052	0.052	
0.077	0.077	0.077	0.077	0.077	0.077	0.077	0.060	0.054	0.054	0.054	0.054	0.054	0.054	0.054	0.054	0.054	0.053	0.052	0.052	0.052	0.052	0.052	0.052	0.052	0.052	0.052	0.052	
0.077	0.077	0.077	0.077	0.077	0.077	0.077	0.064	0.054	0.054	0.054	0.054	0.054	0.054	0.054	0.054	0.054	0.053	0.052	0.052	0.052	0.052	0.052	0.052	0.052	0.052	0.052	0.052	
0.077	0.077	0.077	0.077	0.077	0.077	0.077	0.068	0.054	0.054	0.054	0.054	0.054	0.054	0.054	0.054	0.054	0.052	0.052	0.052	0.052	0.052	0.052	0.052	0.052	0.052	0.052	0.052	
0.077	0.077	0.077	0.077	0.077	0.077	0.077	0.072	0.054	0.054	0.054	0.054	0.054	0.054	0.054	0.054	0.054	0.052	0.052	0.052	0.052	0.052	0.052	0.052	0.052	0.052	0.052	0.052	
0.077	0.077	0.077	0.077	0.077	0.077	0.077	0.076	0.054	0.054	0.054	0.054	0.054	0.054	0.054	0.054	0.054	0.052	0.052	0.052	0.052	0.052	0.052	0.052	0.052	0.052	0.052	0.052	
0.077	0.077	0.077	0.077	0.077	0.077	0.077	0.077	0.057	0.054	0.054	0.054	0.054	0.054	0.054	0.054	0.054	0.052	0.052	0.052	0.052	0.052	0.052	0.052	0.052	0.052	0.052	0.052	
0.077	0.077	0.077	0.077	0.077	0.077	0.077	0.077	0.061	0.054	0.054	0.054	0.054	0.054	0.054	0.054	0.054	0.052	0.052	0.052	0.052	0.052	0.052	0.052	0.052	0.052	0.052	0.052	
0.077	0.077	0.077	0.077	0.077	0.077	0.077	0.077	0.065	0.054	0.054	0.054	0.054	0.054	0.054	0.054	0.054	0.052	0.052	0.052	0.052	0.052	0.052	0.052	0.052	0.052	0.052	0.052	
0.077	0.077	0.077	0.077	0.077	0.077	0.077	0.077	0.069	0.054	0.054	0.054	0.054	0.054	0.054	0.054	0.053	0.052	0.052	0.052	0.052	0.052	0.052	0.052	0.052	0.052	0.052	0.052	
0.077	0.077	0.077	0.077	0.077	0.077	0.077	0.077	0.073	0.054	0.054	0.054	0.054	0.054	0.054	0.054	0.053	0.052	0.052	0.052	0.052	0.052	0.052	0.052	0.052	0.052	0.052	0.052	
0.077	0.077	0.077	0.077	0.077	0.077	0.077	0.077	0.076	0.055	0.054	0.054	0.054	0.054	0.054	0.054	0.053	0.052	0.052	0.052	0.052	0.052	0.052	0.052	0.052	0.052	0.052	0.052	
0.077	0.077	0.077	0.077	0.077	0.077	0.077	0.077	0.077	0.059	0.054	0.054	0.054	0.054	0.054	0.054	0.053	0.052	0.052	0.052	0.052	0.052	0.052	0.052	0.052	0.052	0.052	0.052	
0.077	0.077	0.077	0.077	0.077	0.077	0.077	0.077	0.077	0.063	0.054	0.054	0.054	0.054	0.054	0.054	0.053	0.052	0.052	0.052	0.052	0.052	0.052	0.052	0.052	0.052	0.052	0.052	
0.077	0.077	0.077	0.077	0.077	0.077	0.077	0.077	0.077	0.067	0.054	0.054	0.054	0.054	0.054	0.054	0.052	0.052	0.052	0.052	0.052	0.052	0.052	0.052	0.052	0.052	0.052	0.052	
0.077	0.077	0.077	0.077	0.077	0.077	0.077	0.077	0.077	0.071	0.054	0.054	0.054	0.054	0.054	0.054	0.052	0.052	0.052	0.052	0.052	0.052	0.052	0.052	0.052	0.052	0.052	0.052	
0.077	0.077	0.077	0.077	0.077	0.077	0.077	0.077	0.077	0.075	0.054	0.054	0.054	0.054	0.054	0.054	0.052	0.052	0.052	0.052	0.052	0.052	0.052	0.052	0.052	0.052	0.052	0.052	
0.077	0.077	0.077	0.077	0.077	0.077	0.077	0.077	0.077	0.077	0.056	0.054	0.054	0.054	0.054	0.054	0.052	0.052	0.052	0.052	0.052	0.052	0.052	0.052	0.052	0.052	0.052	0.052	
0.077	0.077	0.077	0.077	0.077	0.077	0.077	0.077	0.077	0.077	0.060	0.054	0.054	0.054	0.054	0.054	0.052	0.052	0.052	0.052	0.052	0.052	0.052	0.052	0.052	0.052	0.052	0.052	
0.121	0.077	0.077	0.077	0.077	0.077	0.077	0.077	0.077	0.077	0.064	0.054	0.054	0.054	0.054	0.054	0.052	0.052	0.052	0.052	0.052	0.052	0.052	0.052	0.052	0.052	0.052	0.054	
0.431	0.171	0.077	0.077	0.077	0.077	0.077	0.077	0.077	0.077	0.068	0.054	0.054	0.054	0.054	0.054	0.052	0.052	0.052	0.052	0.052	0.052	0.052	0.052	0.052	0.052	0.086	0.349	
0.465	0.458	0.242	0.077	0.077	0.077	0.077	0.077	0.077	0.077	0.073	0.054	0.054	0.054	0.054	0.053	0.052	0.052	0.052	0.052	0.052	0.052	0.052	0.052	0.052	0.154	0.423	0.467	
0.465	0.465	0.465	0.319	0.089	0.077	0.077	0.077	0.077	0.077	0.076	0.054	0.054	0.054	0.054	0.053	0.052	0.052	0.052	0.052	0.052	0.052	0.052	0.056	0.254	0.462	0.467	0.467	
0.465	0.465	0.465	0.465	0.385	0.121	0.077	0.077	0.077	0.077	0.077	0.058	0.054	0.054	0.054	0.096	0.052	0.052	0.052	0.052	0.052	0.052	0.090	0.356	0.467	0.467	0.467	0.467	
0.465	0.465	0.465	0.465	0.465	0.431	0.171	0.077	0.077	0.077	0.077	0.062	0.054	0.054	0.292	2.214	0.052	0.052	0.052	0.052	0.052	0.161	0.428	0.467	0.467	0.467	0.467	0.467	
0.465	0.465	0.465	0.465	0.465	0.465	0.458	0.242	0.077	0.077	0.077	0.066	0.054	0.054	2.284	3.531	0.420	0.052	0.052	0.057	0.263	0.463	0.467	0.467	0.467	0.467	0.467	0.467	
0.465	0.465	0.465	0.465	0.465	0.465	0.465	0.465	0.319	0.089	0.237	1.518	0.649	1.445	3.571	3.574	2.128	0.157	0.095	0.364	0.467	0.467	0.467	0.467	0.467	0.467	0.467	0.467	
0.465	0.465	0.465	0.465	0.465	0.465	0.465	0.465	0.465	1.424	4.583	4.876	3.492	3.277	3.512	3.717	4.310	3.986	0.690	0.467	0.467	0.467	0.467	0.467	0.467	0.467	0.467	0.467	
0.465	0.465	0.465	0.465	0.465	0.465	0.465	0.465	0.465	1.930	4.876	4.876	3.457	3.267	3.302	4.246	4.344	4.344	0.882	0.467	0.467	0.467	0.467	0.467	0.467	0.467	0.467	0.467	
0.000	0.000	0.000	0.000	0.000	0.000	0.000	0.000	0.000	0.000	0.000	0.000	1.745	3.266	3.163	2.214	0.000	0.000	0.000	0.000	0.000	0.000	0.000	0.000	0.000	0.000	0.000	0.000	
0.000	0.000	0.000	0.000	0.000	0.000	0.000	0.000	0.000	0.000	0.000	0.000	0.665	2.555	2.490	0.622	0.000	0.000	0.000	0.000	0.000	0.000	0.000	0.000	0.000	0.000	0.000	0.000	
0.000	0.000	0.000	0.000	0.000	0.000	0.000	0.000	0.000	0.000	0.000	0.000	0.623	2.490	2.490	0.622	0.000	0.000	0.000	0.000	0.000	0.000	0.000	0.000	0.000	0.000	0.000	0.000	
0.000	0.000	0.000	0.000	0.000	0.000	0.000	0.000	0.000	0.000	0.000	0.000	0.623	2.490	2.490	0.622	0.000	0.000	0.000	0.000	0.000	0.000	0.000	0.000	0.000	0.000	0.000	0.000	
0.000	0.000	0.000	0.000	0.000	0.000	0.000	0.000	0.000	0.000	0.000	0.000	0.623	2.490	2.490	0.623	0.000	0.000	0.000	0.000	0.000	0.000	0.000	0.000	0.000	0.000	0.000	0.000	
