0.106	0.106	0.104	0.049	0.048	0.048	0.048	0.048	0.048	0.048	0.048	0.048	0.048	0.048	0.048	0.048	0.048	0.048	0.048	0.048	0.048	0.048	0.048	0.048	0.062	0.088	0.088	0.088	
0.106	0.106	0.106	0.060	0.048	0.048	0.048	0.048	0.048	0.048	0.048	0.048	0.048	0.048	0.048	0.048	0.048	0.048	0.048	0.048	0.048	0.048	0.048	0.048	0.071	0.088	0.088	0.088	
0.106	0.106	0.106	0.072	0.048	0.048	0.048	0.048	0.048	0.048	0.048	0.048	0.048	0.048	0.048	0.048	0.048	0.048	0.048	0.048	0.048	0.048	0.048	0.048	0.080	0.088	0.088	0.088	
0.106	0.106	0.106	0.085	0.048	0.048	0.048	0.048	0.048	0.048	0.048	0.048	0.048	0.048	0.048	0.048	0.048	0.048	0.048	0.048	0.048	0.048	0.048	0.050	0.087	0.088	0.088	0.088	
0.106	0.106	0.106	0.098	0.048	0.048	0.048	0.048	0.048	0.048	0.048	0.048	0.048	0.048	0.048	0.048	0.048	0.048	0.048	0.048	0.048	0.048	0.048	0.058	0.088	0.088	0.088	0.088	
0.106	0.106	0.106	0.106	0.053	0.048	0.048	0.048	0.048	0.048	0.048	0.048	0.048	0.048	0.048	0.048	0.048	0.048	0.048	0.048	0.048	0.048	0.048	0.067	0.088	0.088	0.088	0.088	
0.106	0.106	0.106	0.106	0.066	0.048	0.048	0.048	0.048	0.048	0.048	0.048	0.048	0.048	0.048	0.048	0.048	0.048	0.048	0.048	0.048	0.048	0.048	0.076	0.088	0.088	0.088	0.088	
0.106	0.106	0.106	0.106	0.078	0.048	0.048	0.048	0.048	0.048	0.048	0.048	0.048	0.048	0.048	0.048	0.048	0.048	0.048	0.048	0.048	0.048	0.048	0.085	0.088	0.088	0.088	0.088	
0.106	0.106	0.106	0.106	0.091	0.048	0.048	0.048	0.048	0.048	0.048	0.048	0.048	0.048	0.048	0.048	0.048	0.048	0.048	0.048	0.048	0.048	0.054	0.088	0.088	0.088	0.088	0.088	
0.106	0.106	0.106	0.106	0.103	0.049	0.048	0.048	0.048	0.048	0.048	0.048	0.048	0.048	0.048	0.048	0.048	0.048	0.048	0.048	0.048	0.048	0.063	0.088	0.088	0.088	0.088	0.088	
0.106	0.106	0.106	0.106	0.106	0.059	0.048	0.048	0.048	0.048	0.048	0.048	0.048	0.048	0.048	0.048	0.048	0.048	0.048	0.048	0.048	0.048	0.073	0.088	0.088	0.088	0.088	0.088	
0.106	0.106	0.106	0.106	0.106	0.071	0.048	0.048	0.048	0.048	0.048	0.048	0.048	0.048	0.048	0.048	0.048	0.048	0.048	0.048	0.048	0.048	0.082	0.088	0.088	0.088	0.088	0.088	
0.106	0.106	0.106	0.106	0.106	0.084	0.048	0.048	0.048	0.048	0.048	0.048	0.048	0.048	0.048	0.048	0.048	0.048	0.048	0.048	0.048	0.051	0.088	0.088	0.088	0.088	0.088	0.088	
0.106	0.106	0.106	0.106	0.106	0.097	0.048	0.048	0.048	0.048	0.048	0.048	0.048	0.048	0.048	0.048	0.048	0.048	0.048	0.048	0.048	0.060	0.088	0.088	0.088	0.088	0.088	0.088	
0.106	0.106	0.106	0.106	0.106	0.105	0.052	0.048	0.048	0.048	0.048	0.048	0.048	0.048	0.048	0.048	0.048	0.048	0.048	0.048	0.048	0.069	0.088	0.088	0.088	0.088	0.088	0.088	
0.106	0.106	0.106	0.106	0.106	0.106	0.065	0.048	0.048	0.048	0.048	0.048	0.048	0.048	0.048	0.048	0.048	0.048	0.048	0.048	0.048	0.078	0.088	0.088	0.088	0.088	0.088	0.088	
0.106	0.106	0.106	0.106	0.106	0.106	0.077	0.048	0.048	0.048	0.048	0.048	0.048	0.048	0.048	0.048	0.048	0.048	0.048	0.048	0.049	0.087	0.088	0.088	0.088	0.088	0.088	0.088	
0.106	0.106	0.106	0.106	0.106	0.106	0.090	0.048	0.048	0.048	0.048	0.048	0.048	0.048	0.048	0.048	0.048	0.048	0.048	0.048	0.056	0.088	0.088	0.088	0.088	0.088	0.088	0.088	
0.106	0.106	0.106	0.106	0.106	0.106	0.102	0.048	0.048	0.048	0.048	0.048	0.048	0.048	0.048	0.048	0.048	0.048	0.048	0.048	0.065	0.088	0.088	0.088	0.088	0.088	0.088	0.088	
0.106	0.106	0.106	0.106	0.106	0.106	0.106	0.058	0.048	0.048	0.048	0.048	0.048	0.048	0.048	0.048	0.048	0.048	0.048	0.048	0.074	0.088	0.088	0.088	0.088	0.088	0.088	0.088	
0.106	0.106	0.106	0.106	0.106	0.106	0.106	0.070	0.048	0.048	0.048	0.048	0.048	0.048	0.048	0.048	0.048	0.048	0.048	0.048	0.084	0.088	0.088	0.088	0.088	0.088	0.088	0.088	
0.106	0.106	0.106	0.106	0.106	0.106	0.106	0.083	0.048	0.048	0.048	0.048	0.048	0.048	0.048	0.048	0.048	0.048	0.048	0.052	0.088	0.088	0.088	0.088	0.088	0.088	0.088	0.088	
0.106	0.106	0.106	0.106	0.106	0.106	0.106	0.096	0.048	0.048	0.048	0.048	0.048	0.048	0.048	0.048	0.048	0.048	0.048	0.062	0.088	0.088	0.088	0.088	0.088	0.088	0.088	0.088	
0.106	0.106	0.106	0.106	0.106	0.106	0.106	0.105	0.051	0.048	0.048	0.048	0.048	0.048	0.048	0.048	0.048	0.048	0.048	0.071	0.088	0.088	0.088	0.088	0.088	0.088	0.088	0.088	
0.110	0.106	0.106	0.106	0.106	0.106	0.106	0.106	0.064	0.048	0.048	0.048	0.048	0.048	0.048	0.048	0.048	0.048	0.048	0.080	0.088	0.088	0.088	0.088	0.088	0.088	0.088	0.088	
0.210	0.106	0.106	0.106	0.106	0.106	0.106	0.106	0.076	0.048	0.048	0.048	0.048	0.048	0.048	0.048	0.048	0.048	0.050	0.087	0.088	0.088	0.088	0.088	0.088	0.088	0.088	0.088	
0.338	0.114	0.106	0.106	0.106	0.106	0.106	0.106	0.089	0.048	0.048	0.048	0.048	0.048	0.048	0.048	0.048	0.048	0.058	0.088	0.088	0.088	0.088	0.088	0.088	0.088	0.088	0.088	
0.367	0.223	0.106	0.106	0.106	0.106	0.106	0.106	0.102	0.048	0.048	0.048	0.048	0.048	0.048	0.048	0.048	0.048	0.067	0.088	0.088	0.088	0.088	0.088	0.088	0.088	0.088	0.088	
0.367	0.346	0.120	0.106	0.106	0.106	0.106	0.106	0.106	0.057	0.048	0.048	0.048	0.048	0.048	0.048	0.048	0.048	0.076	0.088	0.088	0.088	0.088	0.088	0.088	0.088	0.088	0.088	
0.367	0.367	0.237	0.106	0.106	0.106	0.106	0.106	0.106	0.069	0.048	0.048	0.048	0.048	0.048	0.048	0.048	0.048	0.085	0.088	0.088	0.088	0.088	0.088	0.088	0.088	0.088	0.127	
0.367	0.367	0.353	0.127	0.106	0.106	0.106	0.106	0.106	0.082	0.048	0.048	0.048	0.048	0.048	0.048	0.048	0.054	0.088	0.088	0.088	0.088	0.088	0.088	0.088	0.088	0.088	0.311	
0.367	0.367	0.367	0.251	0.106	0.106	0.106	0.106	0.106	0.095	0.048	0.048	0.048	0.048	0.048	0.048	0.048	0.063	0.088	0.088	0.088	0.088	0.088	0.088	0.088	0.088	0.165	0.431	
0.367	0.367	0.367	0.359	0.135	0.106	0.106	0.106	0.106	0.105	0.051	0.048	0.048	0.048	0.048	0.048	0.048	0.073	0.088	0.088	0.088	0.088	0.088	0.088	0.088	0.090	0.358	0.433	
0.367	0.367	0.367	0.367	0.265	0.106	0.106	0.106	0.106	0.106	0.063	0.048	0.048	0.048	0.048	0.048	0.048	0.082	0.088	0.088	0.088	0.088	0.088	0.088	0.088	0.212	0.433	0.433	
0.367	0.367	0.367	0.367	0.363	0.145	0.106	0.106	0.106	0.106	0.075	0.048	0.048	0.048	0.048	0.048	0.051	0.088	0.088	0.088	0.088	0.088	0.088	0.088	0.102	0.395	0.433	0.433	
0.367	0.367	0.367	0.367	0.367	0.278	0.106	0.106	0.106	0.106	0.088	0.048	0.048	0.048	0.048	0.048	0.060	0.088	0.088	0.088	0.088	0.088	0.088	0.088	0.424	0.433	0.433	0.433	
0.573	0.367	0.367	0.367	0.367	0.365	0.156	0.106	0.106	0.106	0.101	0.048	0.048	0.048	0.048	0.048	0.069	0.088	0.088	0.088	0.088	0.088	0.088	0.668	0.589	0.433	0.433	0.433	
0.903	0.510	0.367	0.367	0.367	0.367	0.292	0.106	0.106	0.106	0.106	0.056	0.048	0.048	0.048	0.048	0.078	0.088	0.088	0.088	0.088	0.088	0.489	1.185	0.433	0.433	0.433	0.433	
0.915	0.881	0.459	0.367	0.367	0.367	0.366	0.169	0.106	0.106	0.106	0.068	0.048	0.048	0.048	0.049	0.087	0.088	0.088	0.088	0.088	0.341	1.375	0.807	0.433	0.433	0.433	0.433	
0.915	0.915	0.848	0.419	0.367	0.367	0.367	0.306	0.106	0.106	0.106	0.081	0.048	0.048	0.048	0.447	0.088	0.088	0.088	0.088	0.227	1.291	1.382	0.473	0.433	0.433	0.433	0.433	
0.965	0.915	0.915	0.804	0.390	0.367	0.367	0.367	0.182	0.106	0.106	0.094	0.048	0.048	0.661	3.402	0.380	0.088	0.088	0.147	1.173	1.441	1.028	0.433	0.433	0.433	0.433	0.433	
1.278	0.929	0.915	0.915	0.748	0.373	0.367	0.367	0.318	0.107	0.106	1.087	2.390	1.363	3.367	3.744	1.499	0.088	0.101	1.021	1.441	1.441	0.634	0.433	0.433	0.433	0.433	0.433	
1.376	1.202	0.915	0.915	0.915	0.681	0.367	0.367	0.690	4.057	3.666	4.068	4.306	4.239	3.745	3.744	3.478	1.727	0.959	1.441	1.441	1.248	0.433	0.433	0.433	0.433	0.433	0.572	
1.376	1.376	1.112	0.915	0.915	0.915	0.781	1.381	2.719	4.440	4.440	4.438	4.333	4.639	4.985	4.553	4.612	4.612	2.547	1.441	1.569	1.255	0.433	0.433	0.433	0.434	0.870	1.536	
1.376	1.376	1.367	1.030	0.915	0.915	2.325	4.407	4.407	5.140	5.216	5.406	5.462	5.262	5.193	5.128	4.670	4.770	5.023	3.746	4.563	3.419	0.433	0.433	0.533	1.236	1.604	1.604	
1.376	1.376	1.376	1.337	2.079	2.055	3.527	4.416	4.521	5.786	5.789	5.544	5.481	5.864	5.682	5.653	5.667	5.249	5.213	5.004	4.783	4.717	1.731	0.871	1.503	1.604	1.604	1.604	
1.501	1.376	1.376	1.520	4.517	4.553	5.203	5.416	5.639	6.068	5.968	6.083	6.016	6.228	6.214	5.730	5.785	6.031	5.590	5.624	5.258	4.693	4.676	2.445	1.604	1.604	1.604	1.802	
3.523	2.517	1.569	2.856	4.586	4.580	5.353	5.481	5.937	6.205	6.167	6.123	6.521	6.905	6.541	6.475	6.328	6.369	6.136	5.740	5.676	4.696	4.678	3.315	1.606	1.890	2.394	2.700	
3.682	3.682	4.178	5.063	5.050	6.071	6.182	6.809	7.101	7.472	7.750	7.635	7.416	7.250	6.793	6.576	7.361	7.087	7.023	6.562	6.241	6.032	5.184	5.314	3.532	2.703	2.703	2.703	
3.682	3.682	4.200	5.063	5.132	6.252	6.252	7.219	7.296	8.035	8.011	7.952	5.673	4.307	3.248	4.837	7.763	7.663	7.171	7.047	6.344	6.344	5.347	5.314	3.832	2.703	2.703	2.703	
0.000	0.000	0.000	0.000	0.000	0.000	0.000	0.000	0.000	0.000	0.000	0.000	1.897	3.465	2.888	1.551	0.000	0.000	0.000	0.000	0.000	0.000	0.000	0.000	0.000	0.000	0.000	0.000	
0.000	0.000	0.000	0.000	0.000	0.000	0.000	0.000	0.000	0.000	0.000	0.000	0.876	3.444	2.888	0.722	0.000	0.000	0.000	0.000	0.000	0.000	0.000	0.000	0.000	0.000	0.000	0.000	
0.000	0.000	0.000	0.000	0.000	0.000	0.000	0.000	0.000	0.000	0.000	0.000	0.876	3.424	2.888	0.722	0.000	0.000	0.000	0.000	0.000	0.000	0.000	0.000	0.000	0.000	0.000	0.000	
0.000	0.000	0.000	0.000	0.000	0.000	0.000	0.000	0.000	0.000	0.000	0.000	0.876	3.403	2.888	0.722	0.000	0.000	0.000	0.000	0.000	0.000	0.000	0.000	0.000	0.000	0.000	0.000	
0.000	0.000	0.000	0.000	0.000	0.000	0.000	0.000	0.000	0.000	0.000	0.000	0.876	3.383	2.888	0.722	0.000	0.000	0.000	0.000	0.000	0.000	0.000	0.000	0.000	0.000	0.000	0.000	
