0.068	0.068	0.068	0.068	0.068	0.068	0.068	0.068	0.070	0.073	0.073	0.073	0.073	0.073	0.073	0.073	0.073	0.073	0.073	0.073	0.073	0.074	0.074	0.074	0.074	0.074	0.074	0.074	
0.068	0.068	0.068	0.068	0.068	0.068	0.068	0.068	0.070	0.073	0.073	0.073	0.073	0.073	0.073	0.073	0.073	0.073	0.073	0.073	0.073	0.074	0.074	0.074	0.074	0.074	0.074	0.074	
0.068	0.068	0.068	0.068	0.068	0.068	0.068	0.068	0.069	0.073	0.073	0.073	0.073	0.073	0.073	0.073	0.073	0.073	0.073	0.073	0.073	0.074	0.074	0.074	0.074	0.074	0.074	0.074	
0.068	0.068	0.068	0.068	0.068	0.068	0.068	0.068	0.069	0.073	0.073	0.073	0.073	0.073	0.073	0.073	0.073	0.073	0.073	0.073	0.073	0.074	0.074	0.074	0.074	0.074	0.074	0.074	
0.068	0.068	0.068	0.068	0.068	0.068	0.068	0.068	0.069	0.073	0.073	0.073	0.073	0.073	0.073	0.073	0.073	0.073	0.073	0.073	0.073	0.074	0.074	0.074	0.074	0.074	0.074	0.074	
0.068	0.068	0.068	0.068	0.068	0.068	0.068	0.068	0.068	0.073	0.073	0.073	0.073	0.073	0.073	0.073	0.073	0.073	0.073	0.073	0.073	0.074	0.074	0.074	0.074	0.074	0.074	0.074	
0.068	0.068	0.068	0.068	0.068	0.068	0.068	0.068	0.068	0.073	0.073	0.073	0.073	0.073	0.073	0.073	0.073	0.073	0.073	0.073	0.074	0.074	0.074	0.074	0.074	0.074	0.074	0.074	
0.068	0.068	0.068	0.068	0.068	0.068	0.068	0.068	0.068	0.072	0.073	0.073	0.073	0.073	0.073	0.073	0.073	0.073	0.073	0.073	0.074	0.074	0.074	0.074	0.074	0.074	0.074	0.074	
0.068	0.068	0.068	0.068	0.068	0.068	0.068	0.068	0.068	0.072	0.073	0.073	0.073	0.073	0.073	0.073	0.073	0.073	0.073	0.073	0.074	0.074	0.074	0.074	0.074	0.074	0.074	0.074	
0.068	0.068	0.068	0.068	0.068	0.068	0.068	0.068	0.068	0.071	0.073	0.073	0.073	0.073	0.073	0.073	0.073	0.073	0.073	0.073	0.074	0.074	0.074	0.074	0.074	0.074	0.074	0.074	
0.068	0.068	0.068	0.068	0.068	0.068	0.068	0.068	0.068	0.071	0.073	0.073	0.073	0.073	0.073	0.073	0.073	0.073	0.073	0.073	0.074	0.074	0.074	0.074	0.074	0.074	0.074	0.074	
0.068	0.068	0.068	0.068	0.068	0.068	0.068	0.068	0.068	0.070	0.073	0.073	0.073	0.073	0.073	0.073	0.073	0.073	0.073	0.073	0.074	0.074	0.074	0.074	0.074	0.074	0.074	0.074	
0.068	0.068	0.068	0.068	0.068	0.068	0.068	0.068	0.068	0.070	0.073	0.073	0.073	0.073	0.073	0.073	0.073	0.073	0.073	0.073	0.074	0.074	0.074	0.074	0.074	0.074	0.074	0.074	
0.068	0.068	0.068	0.068	0.068	0.068	0.068	0.068	0.068	0.069	0.073	0.073	0.073	0.073	0.073	0.073	0.073	0.073	0.073	0.073	0.074	0.074	0.074	0.074	0.074	0.074	0.074	0.074	
0.068	0.068	0.068	0.068	0.068	0.068	0.068	0.068	0.068	0.069	0.073	0.073	0.073	0.073	0.073	0.073	0.073	0.073	0.073	0.074	0.074	0.074	0.074	0.074	0.074	0.074	0.074	0.074	
0.068	0.068	0.068	0.068	0.068	0.068	0.068	0.068	0.068	0.069	0.073	0.073	0.073	0.073	0.073	0.073	0.073	0.073	0.073	0.074	0.074	0.074	0.074	0.074	0.074	0.074	0.074	0.074	
0.068	0.068	0.068	0.068	0.068	0.068	0.068	0.068	0.068	0.068	0.073	0.073	0.073	0.073	0.073	0.073	0.073	0.073	0.073	0.074	0.074	0.074	0.074	0.074	0.074	0.074	0.074	0.074	
0.068	0.068	0.068	0.068	0.068	0.068	0.068	0.068	0.068	0.068	0.073	0.073	0.073	0.073	0.073	0.073	0.073	0.073	0.073	0.074	0.074	0.074	0.074	0.074	0.074	0.074	0.074	0.074	
0.068	0.068	0.068	0.068	0.068	0.068	0.068	0.068	0.068	0.068	0.072	0.073	0.073	0.073	0.073	0.073	0.073	0.073	0.073	0.074	0.074	0.074	0.074	0.074	0.074	0.074	0.074	0.074	
0.068	0.068	0.068	0.068	0.068	0.068	0.068	0.068	0.068	0.068	0.072	0.073	0.073	0.073	0.073	0.073	0.073	0.073	0.073	0.074	0.074	0.074	0.074	0.074	0.074	0.074	0.074	0.074	
0.068	0.068	0.068	0.068	0.068	0.068	0.068	0.068	0.068	0.068	0.071	0.073	0.073	0.073	0.073	0.073	0.073	0.073	0.073	0.074	0.074	0.074	0.074	0.074	0.074	0.074	0.074	0.074	
0.068	0.068	0.068	0.068	0.068	0.068	0.068	0.068	0.068	0.068	0.071	0.073	0.073	0.073	0.073	0.073	0.073	0.073	0.073	0.074	0.074	0.074	0.074	0.074	0.074	0.074	0.074	0.074	
0.068	0.068	0.068	0.068	0.068	0.068	0.068	0.068	0.068	0.068	0.070	0.073	0.073	0.073	0.073	0.073	0.073	0.073	0.074	0.074	0.074	0.074	0.074	0.074	0.074	0.074	0.074	0.074	
0.068	0.068	0.068	0.068	0.068	0.068	0.068	0.068	0.068	0.068	0.070	0.073	0.073	0.073	0.073	0.073	0.073	0.073	0.074	0.074	0.074	0.074	0.074	0.074	0.074	0.074	0.074	0.074	
0.069	0.068	0.068	0.068	0.068	0.068	0.068	0.068	0.068	0.068	0.069	0.073	0.073	0.073	0.073	0.073	0.073	0.073	0.074	0.074	0.074	0.074	0.074	0.074	0.074	0.074	0.074	0.139	
0.145	0.068	0.068	0.068	0.068	0.068	0.068	0.068	0.068	0.068	0.069	0.073	0.073	0.073	0.073	0.073	0.073	0.073	0.074	0.074	0.074	0.074	0.074	0.074	0.074	0.074	0.074	0.247	
0.257	0.069	0.068	0.068	0.068	0.068	0.068	0.068	0.068	0.068	0.069	0.073	0.073	0.073	0.073	0.073	0.073	0.073	0.074	0.074	0.074	0.074	0.074	0.074	0.074	0.074	0.120	0.309	
0.296	0.145	0.068	0.068	0.068	0.068	0.068	0.068	0.068	0.068	0.068	0.073	0.073	0.073	0.073	0.073	0.073	0.073	0.074	0.074	0.074	0.074	0.074	0.074	0.074	0.074	0.228	0.309	
0.296	0.257	0.069	0.068	0.068	0.068	0.068	0.068	0.068	0.068	0.068	0.073	0.073	0.073	0.073	0.073	0.073	0.073	0.074	0.074	0.074	0.074	0.074	0.074	0.074	0.104	0.306	0.309	
0.296	0.296	0.145	0.068	0.068	0.068	0.068	0.068	0.068	0.068	0.068	0.072	0.073	0.073	0.073	0.073	0.073	0.073	0.074	0.074	0.074	0.074	0.074	0.074	0.074	0.209	0.309	0.309	
0.296	0.296	0.257	0.069	0.068	0.068	0.068	0.068	0.068	0.068	0.068	0.072	0.073	0.073	0.073	0.073	0.073	0.074	0.074	0.074	0.074	0.074	0.074	0.074	0.092	0.299	0.309	0.309	
0.296	0.296	0.296	0.145	0.068	0.068	0.068	0.068	0.068	0.068	0.068	0.071	0.073	0.073	0.073	0.073	0.073	0.074	0.074	0.074	0.074	0.074	0.074	0.074	0.191	0.309	0.309	0.309	
0.296	0.296	0.296	0.257	0.069	0.068	0.068	0.068	0.068	0.068	0.068	0.071	0.073	0.073	0.073	0.073	0.073	0.074	0.074	0.074	0.074	0.074	0.074	0.083	0.290	0.309	0.309	0.309	
0.296	0.296	0.296	0.296	0.145	0.068	0.068	0.068	0.068	0.068	0.068	0.070	0.073	0.073	0.073	0.073	0.073	0.074	0.074	0.074	0.074	0.074	0.074	0.172	0.309	0.309	0.309	0.309	
0.296	0.296	0.296	0.296	0.257	0.069	0.068	0.068	0.068	0.068	0.068	0.070	0.073	0.073	0.073	0.073	0.073	0.074	0.074	0.074	0.074	0.074	0.077	0.277	0.309	0.309	0.309	0.309	
0.296	0.296	0.296	0.296	0.296	0.145	0.068	0.068	0.068	0.068	0.068	0.069	0.073	0.073	0.073	0.073	0.073	0.074	0.074	0.074	0.074	0.074	0.153	0.309	0.309	0.309	0.309	0.309	
0.296	0.296	0.296	0.296	0.296	0.257	0.069	0.068	0.068	0.068	0.068	0.069	0.073	0.073	0.073	0.073	0.073	0.074	0.074	0.074	0.074	0.074	0.261	0.309	0.309	0.309	0.309	0.309	
0.296	0.296	0.296	0.296	0.296	0.296	0.145	0.068	0.068	0.068	0.068	0.069	0.073	0.073	0.073	0.073	0.073	0.074	0.074	0.074	0.074	0.134	0.309	0.309	0.309	0.309	0.309	0.374	
0.301	0.296	0.296	0.296	0.296	0.296	0.257	0.069	0.068	0.068	0.068	0.068	0.073	0.073	0.073	0.073	0.074	0.074	0.074	0.074	0.074	0.242	0.309	0.309	0.309	0.309	0.339	0.623	
0.589	0.304	0.296	0.296	0.296	0.296	0.296	0.145	0.068	0.068	0.068	0.068	0.073	0.073	0.073	0.073	0.074	0.074	0.074	0.074	0.116	0.308	0.309	0.309	0.309	0.318	0.583	0.668	
0.742	0.607	0.309	0.296	0.296	0.296	0.296	0.257	0.069	0.068	0.068	0.068	0.072	0.073	0.073	0.073	0.074	0.074	0.074	0.074	0.223	0.309	0.309	0.309	0.309	0.529	0.668	0.668	
0.742	0.742	0.624	0.315	0.296	0.296	0.296	0.296	0.145	0.068	0.068	0.068	0.072	0.073	0.073	0.073	0.074	0.074	0.074	0.101	0.304	0.309	0.309	0.309	0.467	0.668	0.668	0.668	
0.742	0.742	0.742	0.639	0.323	0.296	0.296	0.296	0.257	0.069	0.068	0.068	0.071	0.073	0.073	0.073	0.074	0.074	0.074	0.205	0.309	0.309	0.309	0.409	0.663	0.668	0.668	0.668	
0.742	0.742	0.742	0.742	0.654	0.331	0.296	0.296	0.296	0.145	0.068	0.068	0.071	0.073	0.197	2.172	0.124	0.074	0.089	0.297	0.309	0.309	0.364	0.645	0.668	0.668	0.668	0.668	
0.742	0.742	0.742	0.742	0.742	0.667	0.340	0.296	0.296	0.632	1.739	1.358	2.452	2.003	3.463	4.551	2.270	0.074	0.186	0.309	0.309	0.333	0.614	0.668	0.668	0.668	0.668	0.668	
1.057	0.836	0.742	0.742	0.742	0.742	0.680	0.351	0.314	2.709	4.742	4.735	4.469	4.469	4.528	4.551	4.451	3.984	2.602	0.375	0.314	0.570	0.668	0.668	0.668	0.668	0.739	1.060	
1.168	1.168	1.039	0.819	0.742	0.742	0.742	1.454	4.383	4.802	4.744	4.891	4.569	4.542	5.141	5.415	4.793	4.410	4.551	4.838	3.854	0.668	0.668	0.668	0.709	1.007	1.280	1.302	
1.168	1.168	1.168	1.165	1.020	0.805	0.742	2.725	4.817	4.817	5.261	5.552	5.663	6.195	5.938	5.628	5.374	4.523	4.841	4.889	4.861	1.321	0.687	0.954	1.257	1.302	1.302	1.302	
1.168	1.168	1.168	1.168	1.168	1.161	2.857	5.205	5.092	5.618	5.902	5.574	5.503	6.181	5.756	5.466	6.306	6.255	6.080	5.523	5.179	5.129	1.917	1.302	1.302	1.302	1.302	1.302	
1.168	1.168	1.168	1.168	1.168	1.168	3.390	5.208	5.233	5.983	5.983	5.158	3.101	3.252	2.921	3.804	6.349	6.257	6.108	5.914	5.219	5.219	2.212	1.302	1.302	1.302	1.302	1.302	
0.000	0.000	0.000	0.000	0.000	0.000	0.000	0.000	0.000	0.000	0.000	0.000	1.602	3.006	2.788	1.484	0.000	0.000	0.000	0.000	0.000	0.000	0.000	0.000	0.000	0.000	0.000	0.000	
0.000	0.000	0.000	0.000	0.000	0.000	0.000	0.000	0.000	0.000	0.000	0.000	0.754	3.000	2.788	0.697	0.000	0.000	0.000	0.000	0.000	0.000	0.000	0.000	0.000	0.000	0.000	0.000	
0.000	0.000	0.000	0.000	0.000	0.000	0.000	0.000	0.000	0.000	0.000	0.000	0.754	2.993	2.788	0.697	0.000	0.000	0.000	0.000	0.000	0.000	0.000	0.000	0.000	0.000	0.000	0.000	
0.000	0.000	0.000	0.000	0.000	0.000	0.000	0.000	0.000	0.000	0.000	0.000	0.754	2.987	2.788	0.697	0.000	0.000	0.000	0.000	0.000	0.000	0.000	0.000	0.000	0.000	0.000	0.000	
0.000	0.000	0.000	0.000	0.000	0.000	0.000	0.000	0.000	0.000	0.000	0.000	0.754	2.980	2.788	0.697	0.000	0.000	0.000	0.000	0.000	0.000	0.000	0.000	0.000	0.000	0.000	0.000	
