0.044	0.044	0.044	0.044	0.044	0.044	0.044	0.044	0.044	0.044	0.044	0.044	0.044	0.044	0.044	0.044	0.044	0.044	0.044	0.044	0.044	0.046	0.072	0.072	0.072	0.072	0.072	0.072	
0.044	0.044	0.044	0.044	0.044	0.044	0.044	0.044	0.044	0.044	0.044	0.044	0.044	0.044	0.044	0.044	0.044	0.044	0.044	0.044	0.044	0.052	0.072	0.072	0.072	0.072	0.072	0.072	
0.044	0.044	0.044	0.044	0.044	0.044	0.044	0.044	0.044	0.044	0.044	0.044	0.044	0.044	0.044	0.044	0.044	0.044	0.044	0.044	0.044	0.059	0.072	0.072	0.072	0.072	0.072	0.072	
0.044	0.044	0.044	0.044	0.044	0.044	0.044	0.044	0.044	0.044	0.044	0.044	0.044	0.044	0.044	0.044	0.044	0.044	0.044	0.044	0.044	0.066	0.072	0.072	0.072	0.072	0.072	0.072	
0.044	0.044	0.044	0.044	0.044	0.044	0.044	0.044	0.044	0.044	0.044	0.044	0.044	0.044	0.044	0.044	0.044	0.044	0.044	0.044	0.045	0.071	0.072	0.072	0.072	0.072	0.072	0.072	
0.044	0.044	0.044	0.044	0.044	0.044	0.044	0.044	0.044	0.044	0.044	0.044	0.044	0.044	0.044	0.044	0.044	0.044	0.044	0.044	0.051	0.072	0.072	0.072	0.072	0.072	0.072	0.072	
0.044	0.044	0.044	0.044	0.044	0.044	0.044	0.044	0.044	0.044	0.044	0.044	0.044	0.044	0.044	0.044	0.044	0.044	0.044	0.044	0.058	0.072	0.072	0.072	0.072	0.072	0.072	0.072	
0.044	0.044	0.044	0.044	0.044	0.044	0.044	0.044	0.044	0.044	0.044	0.044	0.044	0.044	0.044	0.044	0.044	0.044	0.044	0.044	0.065	0.072	0.072	0.072	0.072	0.072	0.072	0.072	
0.044	0.044	0.044	0.044	0.044	0.044	0.044	0.044	0.044	0.044	0.044	0.044	0.044	0.044	0.044	0.044	0.044	0.044	0.044	0.044	0.071	0.072	0.072	0.072	0.072	0.072	0.072	0.072	
0.044	0.044	0.044	0.044	0.044	0.044	0.044	0.044	0.044	0.044	0.044	0.044	0.044	0.044	0.044	0.044	0.044	0.044	0.044	0.050	0.072	0.072	0.072	0.072	0.072	0.072	0.072	0.072	
0.044	0.044	0.044	0.044	0.044	0.044	0.044	0.044	0.044	0.044	0.044	0.044	0.044	0.044	0.044	0.044	0.044	0.044	0.044	0.057	0.072	0.072	0.072	0.072	0.072	0.072	0.072	0.072	
0.044	0.044	0.044	0.044	0.044	0.044	0.044	0.044	0.044	0.044	0.044	0.044	0.044	0.044	0.044	0.044	0.044	0.044	0.044	0.063	0.072	0.072	0.072	0.072	0.072	0.072	0.072	0.072	
0.044	0.044	0.044	0.044	0.044	0.044	0.044	0.044	0.044	0.044	0.044	0.044	0.044	0.044	0.044	0.044	0.044	0.044	0.044	0.070	0.072	0.072	0.072	0.072	0.072	0.072	0.072	0.072	
0.044	0.044	0.044	0.044	0.044	0.044	0.044	0.044	0.044	0.044	0.044	0.044	0.044	0.044	0.044	0.044	0.044	0.044	0.049	0.072	0.072	0.072	0.072	0.072	0.072	0.072	0.072	0.072	
0.044	0.044	0.044	0.044	0.044	0.044	0.044	0.044	0.044	0.044	0.044	0.044	0.044	0.044	0.044	0.044	0.044	0.044	0.055	0.072	0.072	0.072	0.072	0.072	0.072	0.072	0.072	0.072	
0.044	0.044	0.044	0.044	0.044	0.044	0.044	0.044	0.044	0.044	0.044	0.044	0.044	0.044	0.044	0.044	0.044	0.044	0.062	0.072	0.072	0.072	0.072	0.072	0.072	0.072	0.072	0.072	
0.044	0.044	0.044	0.044	0.044	0.044	0.044	0.044	0.044	0.044	0.044	0.044	0.044	0.044	0.044	0.044	0.044	0.044	0.069	0.072	0.072	0.072	0.072	0.072	0.072	0.072	0.072	0.072	
0.044	0.044	0.044	0.044	0.044	0.044	0.044	0.044	0.044	0.044	0.044	0.044	0.044	0.044	0.044	0.044	0.044	0.047	0.072	0.072	0.072	0.072	0.072	0.072	0.072	0.072	0.072	0.072	
0.044	0.044	0.044	0.044	0.044	0.044	0.044	0.044	0.044	0.044	0.044	0.044	0.044	0.044	0.044	0.044	0.044	0.054	0.072	0.072	0.072	0.072	0.072	0.072	0.072	0.072	0.072	0.072	
0.044	0.044	0.044	0.044	0.044	0.044	0.044	0.044	0.044	0.044	0.044	0.044	0.044	0.044	0.044	0.044	0.044	0.061	0.072	0.072	0.072	0.072	0.072	0.072	0.072	0.072	0.072	0.072	
0.044	0.044	0.044	0.044	0.044	0.044	0.044	0.044	0.044	0.044	0.044	0.044	0.044	0.044	0.044	0.044	0.044	0.068	0.072	0.072	0.072	0.072	0.072	0.072	0.072	0.072	0.072	0.072	
0.082	0.044	0.044	0.044	0.044	0.044	0.044	0.044	0.044	0.044	0.044	0.044	0.044	0.044	0.044	0.044	0.046	0.072	0.072	0.072	0.072	0.072	0.072	0.072	0.072	0.072	0.072	0.072	
0.346	0.044	0.044	0.044	0.044	0.044	0.044	0.044	0.044	0.044	0.044	0.044	0.044	0.044	0.044	0.044	0.053	0.072	0.072	0.072	0.072	0.072	0.072	0.072	0.072	0.072	0.072	0.072	
0.662	0.131	0.044	0.044	0.044	0.044	0.044	0.044	0.044	0.044	0.044	0.044	0.044	0.044	0.044	0.044	0.060	0.072	0.072	0.072	0.072	0.072	0.072	0.072	0.072	0.072	0.072	0.072	
0.643	0.565	0.044	0.044	0.044	0.044	0.044	0.044	0.044	0.044	0.044	0.044	0.044	0.044	0.044	0.044	0.066	0.072	0.072	0.072	0.072	0.072	0.072	0.072	0.072	0.072	0.072	0.072	
0.637	0.803	0.229	0.044	0.044	0.044	0.044	0.044	0.044	0.044	0.044	0.044	0.044	0.044	0.044	0.045	0.072	0.072	0.072	0.072	0.072	0.072	0.072	0.072	0.072	0.072	0.072	0.072	
0.637	0.737	0.705	0.049	0.044	0.044	0.044	0.044	0.044	0.044	0.044	0.044	0.044	0.044	0.044	0.052	0.072	0.072	0.072	0.072	0.072	0.072	0.072	0.072	0.072	0.072	0.072	0.072	
0.637	0.667	0.882	0.358	0.044	0.044	0.044	0.044	0.044	0.044	0.044	0.044	0.044	0.044	0.044	0.059	0.072	0.072	0.072	0.072	0.072	0.072	0.072	0.072	0.072	0.072	0.072	0.072	
0.637	0.637	0.842	0.801	0.087	0.044	0.044	0.044	0.044	0.044	0.044	0.044	0.044	0.044	0.044	0.065	0.072	0.072	0.072	0.072	0.072	0.072	0.072	0.072	0.072	0.072	0.072	0.197	
0.637	0.637	0.772	0.882	0.492	0.044	0.044	0.044	0.044	0.044	0.044	0.044	0.044	0.044	0.045	0.071	0.072	0.072	0.072	0.072	0.072	0.072	0.072	0.072	0.072	0.072	0.106	0.431	
0.637	0.637	0.702	0.882	0.859	0.162	0.044	0.044	0.044	0.044	0.044	0.044	0.044	0.044	0.344	0.073	0.072	0.072	0.072	0.072	0.072	0.072	0.072	0.072	0.072	0.072	0.341	0.464	
0.637	0.637	0.643	0.870	0.882	0.625	0.044	0.044	0.044	0.044	0.044	0.044	0.044	0.138	1.084	0.235	0.072	0.072	0.072	0.072	0.072	0.072	0.072	0.072	0.072	0.217	0.464	0.464	
0.637	0.637	0.637	0.807	0.882	0.882	0.273	0.044	0.044	0.044	0.044	0.044	0.044	0.790	1.176	0.518	0.072	0.072	0.072	0.072	0.072	0.072	0.072	0.072	0.117	0.440	0.464	0.464	
0.637	0.637	0.637	0.737	0.882	0.882	0.744	0.059	0.044	0.044	0.044	0.044	0.401	1.176	1.176	0.800	0.072	0.072	0.072	0.072	0.072	0.072	0.072	0.074	0.359	0.464	0.464	0.464	
0.637	0.637	0.637	0.667	0.882	0.882	0.882	1.729	1.192	0.310	0.109	1.085	1.417	1.176	1.176	1.079	0.076	0.072	0.072	0.072	0.072	0.072	0.072	0.237	0.464	0.464	0.464	0.464	
0.637	0.637	0.637	0.637	0.842	0.882	0.905	3.065	3.191	3.166	2.370	2.401	1.737	1.176	1.176	1.176	0.261	0.072	0.072	0.072	0.072	0.072	0.129	0.448	0.464	0.464	0.464	0.464	
0.638	0.637	0.637	0.637	0.772	0.882	1.292	3.191	3.191	3.027	2.401	2.401	1.917	1.176	1.176	1.176	0.863	0.155	0.072	0.072	0.072	0.077	0.376	0.464	0.464	0.464	0.464	0.464	
1.679	1.320	0.961	0.756	2.397	2.851	2.866	3.359	3.407	3.064	2.401	2.401	2.149	1.178	1.176	1.362	2.457	2.450	1.758	0.982	0.578	0.674	0.464	0.464	0.464	0.464	0.464	0.464	
1.835	1.835	1.835	2.085	2.851	2.851	2.851	3.450	3.498	3.483	2.634	2.780	3.424	2.972	2.737	3.237	2.633	2.562	2.562	2.411	2.196	1.628	0.464	0.464	0.464	0.464	0.464	0.464	
1.835	1.835	1.835	2.362	2.859	2.851	2.871	3.349	3.497	3.418	3.335	3.500	3.548	3.521	3.277	3.277	2.904	2.562	2.444	2.200	2.196	2.363	1.059	0.464	0.464	0.464	0.464	0.464	
1.835	1.835	2.117	2.858	2.867	2.882	3.020	3.031	3.139	3.334	3.334	3.414	3.548	3.521	3.277	3.277	3.190	2.547	2.207	2.196	2.196	2.744	2.784	1.059	0.464	0.464	0.464	0.464	
1.832	1.877	2.780	2.867	2.867	3.004	3.033	3.031	3.043	3.329	3.334	3.414	3.526	3.523	3.408	3.410	3.412	3.325	2.695	2.200	2.370	2.893	2.894	2.784	1.079	0.657	0.679	0.701	
1.470	1.460	1.755	2.559	3.273	6.275	3.265	3.063	3.158	3.412	3.430	3.490	3.524	3.524	3.431	3.418	3.403	3.364	3.364	3.301	3.565	3.174	2.894	2.478	1.493	1.424	1.424	1.424	
1.460	1.460	1.460	1.674	3.386	3.408	3.407	3.395	3.395	3.432	3.439	3.452	3.526	3.673	3.637	3.422	3.413	3.364	3.371	3.559	3.591	3.590	2.756	1.452	1.424	1.424	1.424	1.424	
1.460	1.460	1.460	1.460	2.880	3.433	3.434	3.395	3.395	3.416	3.442	3.693	3.984	4.008	4.008	3.701	3.616	3.586	3.871	3.889	3.625	3.452	2.850	1.468	1.424	1.424	1.424	1.424	
1.460	1.460	1.460	1.457	3.153	3.477	3.477	3.419	3.466	3.974	4.099	4.170	4.152	4.012	4.005	3.641	3.621	3.755	3.960	3.960	3.598	3.171	3.171	2.387	1.439	1.443	1.448	1.453	
1.457	1.449	1.440	1.434	2.242	3.477	3.530	4.139	4.267	4.281	4.268	4.172	4.169	4.093	4.044	3.654	3.734	4.344	4.299	4.040	3.434	3.171	3.171	2.216	1.462	1.462	1.462	1.462	
1.434	1.433	1.433	1.433	1.433	3.077	4.123	4.340	4.333	4.286	4.282	4.359	4.220	4.114	4.114	3.939	4.127	4.452	4.452	4.265	3.598	3.501	3.434	2.258	1.462	1.462	1.462	1.462	
1.433	1.433	1.433	1.433	1.780	3.996	4.116	4.309	4.517	4.966	4.932	4.650	4.581	4.150	4.061	3.915	3.918	4.574	4.970	4.796	3.601	3.601	3.750	3.826	2.759	1.511	1.462	1.462	
1.433	1.433	1.433	1.433	3.292	4.090	4.090	4.138	4.908	4.969	4.947	4.650	4.650	3.936	3.493	3.896	3.915	4.854	5.092	5.083	3.733	3.603	3.816	3.837	3.837	3.319	1.758	1.462	
0.000	0.000	0.000	0.000	0.000	0.000	0.000	0.000	0.000	0.000	0.000	0.000	2.161	3.086	3.072	1.742	0.000	0.000	0.000	0.000	0.000	0.000	0.000	0.000	0.000	0.000	0.000	0.000	
0.000	0.000	0.000	0.000	0.000	0.000	0.000	0.000	0.000	0.000	0.000	0.000	0.768	3.072	3.072	0.768	0.000	0.000	0.000	0.000	0.000	0.000	0.000	0.000	0.000	0.000	0.000	0.000	
0.000	0.000	0.000	0.000	0.000	0.000	0.000	0.000	0.000	0.000	0.000	0.000	0.857	3.365	3.264	0.800	0.000	0.000	0.000	0.000	0.000	0.000	0.000	0.000	0.000	0.000	0.000	0.000	
0.000	0.000	0.000	0.000	0.000	0.000	0.000	0.000	0.000	0.000	0.000	0.000	1.160	4.641	4.641	1.160	0.000	0.000	0.000	0.000	0.000	0.000	0.000	0.000	0.000	0.000	0.000	0.000	
0.000	0.000	0.000	0.000	0.000	0.000	0.000	0.000	0.000	0.000	0.000	0.000	1.160	4.641	4.641	1.160	0.000	0.000	0.000	0.000	0.000	0.000	0.000	0.000	0.000	0.000	0.000	0.000	
