0.054	0.054	0.054	0.054	0.054	0.054	0.054	0.054	0.054	0.054	0.054	0.072	0.080	0.080	0.080	0.080	0.080	0.080	0.080	0.080	0.080	0.080	0.078	0.078	0.078	0.078	0.078	0.078	
0.054	0.054	0.054	0.054	0.054	0.054	0.054	0.054	0.054	0.054	0.054	0.072	0.080	0.080	0.080	0.080	0.080	0.080	0.080	0.080	0.080	0.080	0.078	0.078	0.078	0.078	0.078	0.078	
0.054	0.054	0.054	0.054	0.054	0.054	0.054	0.054	0.054	0.054	0.054	0.071	0.080	0.080	0.080	0.080	0.080	0.080	0.080	0.080	0.080	0.080	0.078	0.078	0.078	0.078	0.078	0.078	
0.054	0.054	0.054	0.054	0.054	0.054	0.054	0.054	0.054	0.054	0.054	0.070	0.080	0.080	0.080	0.080	0.080	0.080	0.080	0.080	0.080	0.079	0.078	0.078	0.078	0.078	0.078	0.078	
0.054	0.054	0.054	0.054	0.054	0.054	0.054	0.054	0.054	0.054	0.054	0.069	0.080	0.080	0.080	0.080	0.080	0.080	0.080	0.080	0.080	0.079	0.078	0.078	0.078	0.078	0.078	0.078	
0.054	0.054	0.054	0.054	0.054	0.054	0.054	0.054	0.054	0.054	0.054	0.069	0.080	0.080	0.080	0.080	0.080	0.080	0.080	0.080	0.080	0.079	0.078	0.078	0.078	0.078	0.078	0.078	
0.054	0.054	0.054	0.054	0.054	0.054	0.054	0.054	0.054	0.054	0.054	0.068	0.080	0.080	0.080	0.080	0.080	0.080	0.080	0.080	0.080	0.079	0.078	0.078	0.078	0.078	0.078	0.078	
0.054	0.054	0.054	0.054	0.054	0.054	0.054	0.054	0.054	0.054	0.054	0.067	0.080	0.080	0.080	0.080	0.080	0.080	0.080	0.080	0.080	0.078	0.078	0.078	0.078	0.078	0.078	0.078	
0.054	0.054	0.054	0.054	0.054	0.054	0.054	0.054	0.054	0.054	0.054	0.067	0.080	0.080	0.080	0.080	0.080	0.080	0.080	0.080	0.080	0.078	0.078	0.078	0.078	0.078	0.078	0.078	
0.054	0.054	0.054	0.054	0.054	0.054	0.054	0.054	0.054	0.054	0.054	0.066	0.080	0.080	0.080	0.080	0.080	0.080	0.080	0.080	0.080	0.078	0.078	0.078	0.078	0.078	0.078	0.078	
0.054	0.054	0.054	0.054	0.054	0.054	0.054	0.054	0.054	0.054	0.054	0.065	0.080	0.080	0.080	0.080	0.080	0.080	0.080	0.080	0.080	0.078	0.078	0.078	0.078	0.078	0.078	0.078	
0.054	0.054	0.054	0.054	0.054	0.054	0.054	0.054	0.054	0.054	0.054	0.065	0.080	0.080	0.080	0.080	0.080	0.080	0.080	0.080	0.079	0.078	0.078	0.078	0.078	0.078	0.078	0.078	
0.054	0.054	0.054	0.054	0.054	0.054	0.054	0.054	0.054	0.054	0.054	0.064	0.080	0.080	0.080	0.080	0.080	0.080	0.080	0.080	0.079	0.078	0.078	0.078	0.078	0.078	0.078	0.078	
0.054	0.054	0.054	0.054	0.054	0.054	0.054	0.054	0.054	0.054	0.054	0.063	0.080	0.080	0.080	0.080	0.080	0.080	0.080	0.080	0.079	0.078	0.078	0.078	0.078	0.078	0.078	0.078	
0.054	0.054	0.054	0.054	0.054	0.054	0.054	0.054	0.054	0.054	0.054	0.063	0.080	0.080	0.080	0.080	0.080	0.080	0.080	0.080	0.079	0.078	0.078	0.078	0.078	0.078	0.078	0.078	
0.054	0.054	0.054	0.054	0.054	0.054	0.054	0.054	0.054	0.054	0.054	0.062	0.080	0.080	0.080	0.080	0.080	0.080	0.080	0.080	0.078	0.078	0.078	0.078	0.078	0.078	0.078	0.078	
0.054	0.054	0.054	0.054	0.054	0.054	0.054	0.054	0.054	0.054	0.054	0.061	0.080	0.080	0.080	0.080	0.080	0.080	0.080	0.080	0.078	0.078	0.078	0.078	0.078	0.078	0.078	0.078	
0.054	0.054	0.054	0.054	0.054	0.054	0.054	0.054	0.054	0.054	0.054	0.061	0.080	0.080	0.080	0.080	0.080	0.080	0.080	0.080	0.078	0.078	0.078	0.078	0.078	0.078	0.078	0.078	
0.054	0.054	0.054	0.054	0.054	0.054	0.054	0.054	0.054	0.054	0.054	0.060	0.080	0.080	0.080	0.080	0.080	0.080	0.080	0.080	0.078	0.078	0.078	0.078	0.078	0.078	0.078	0.078	
0.054	0.054	0.054	0.054	0.054	0.054	0.054	0.054	0.054	0.054	0.054	0.059	0.080	0.080	0.080	0.080	0.080	0.080	0.080	0.079	0.078	0.078	0.078	0.078	0.078	0.078	0.078	0.078	
0.054	0.054	0.054	0.054	0.054	0.054	0.054	0.054	0.054	0.054	0.054	0.058	0.080	0.080	0.080	0.080	0.080	0.080	0.080	0.079	0.078	0.078	0.078	0.078	0.078	0.078	0.078	0.078	
0.054	0.054	0.054	0.054	0.054	0.054	0.054	0.054	0.054	0.054	0.054	0.058	0.080	0.080	0.080	0.080	0.080	0.080	0.080	0.079	0.078	0.078	0.078	0.078	0.078	0.078	0.078	0.078	
0.054	0.054	0.054	0.054	0.054	0.054	0.054	0.054	0.054	0.054	0.054	0.057	0.080	0.080	0.080	0.080	0.080	0.080	0.080	0.079	0.078	0.078	0.078	0.078	0.078	0.078	0.078	0.078	
0.054	0.054	0.054	0.054	0.054	0.054	0.054	0.054	0.054	0.054	0.054	0.056	0.080	0.080	0.080	0.080	0.080	0.080	0.080	0.078	0.078	0.078	0.078	0.078	0.078	0.078	0.078	0.078	
0.054	0.054	0.054	0.054	0.054	0.054	0.054	0.054	0.054	0.054	0.054	0.056	0.080	0.080	0.080	0.080	0.080	0.080	0.080	0.078	0.078	0.078	0.078	0.078	0.078	0.078	0.078	0.078	
0.054	0.054	0.054	0.054	0.054	0.054	0.054	0.054	0.054	0.054	0.054	0.102	0.090	0.080	0.080	0.080	0.080	0.080	0.080	0.078	0.078	0.078	0.078	0.078	0.078	0.078	0.078	0.078	
0.054	0.054	0.054	0.054	0.054	0.054	0.054	0.054	0.054	0.054	0.054	0.156	0.161	0.080	0.080	0.080	0.080	0.080	0.080	0.078	0.078	0.078	0.078	0.078	0.078	0.078	0.078	0.078	
0.054	0.054	0.054	0.054	0.054	0.054	0.054	0.054	0.054	0.054	0.054	0.200	0.242	0.080	0.080	0.080	0.080	0.080	0.079	0.078	0.078	0.078	0.078	0.078	0.078	0.078	0.078	0.078	
0.054	0.054	0.054	0.054	0.054	0.054	0.054	0.054	0.054	0.054	0.054	0.245	0.323	0.080	0.080	0.080	0.080	0.080	0.079	0.078	0.078	0.078	0.078	0.078	0.078	0.078	0.078	0.078	
0.054	0.054	0.054	0.054	0.054	0.054	0.054	0.054	0.054	0.054	0.054	0.289	0.404	0.080	0.080	0.080	0.080	0.080	0.079	0.078	0.078	0.078	0.078	0.078	0.078	0.078	0.078	0.146	
0.054	0.054	0.054	0.054	0.054	0.054	0.054	0.054	0.054	0.054	0.054	0.333	0.485	0.080	0.080	0.080	0.080	0.080	0.079	0.078	0.078	0.078	0.078	0.078	0.078	0.078	0.080	0.315	
0.054	0.054	0.054	0.054	0.054	0.054	0.054	0.054	0.054	0.054	0.054	0.377	0.566	0.080	0.080	0.080	0.080	0.080	0.078	0.078	0.078	0.078	0.078	0.078	0.078	0.078	0.192	0.375	
0.054	0.054	0.054	0.054	0.054	0.054	0.054	0.054	0.054	0.054	0.054	0.421	0.647	0.080	0.080	0.080	0.080	0.080	0.078	0.078	0.078	0.078	0.078	0.078	0.078	0.094	0.348	0.375	
0.218	0.054	0.054	0.054	0.054	0.054	0.054	0.054	0.054	0.054	0.054	0.465	0.728	0.080	0.080	0.080	0.080	0.080	0.078	0.078	0.078	0.078	0.078	0.078	0.078	0.238	0.375	0.375	
0.503	0.133	0.054	0.054	0.054	0.054	0.054	0.054	0.054	0.054	0.054	0.509	0.809	0.080	0.080	0.080	0.080	0.079	0.078	0.078	0.078	0.078	0.078	0.078	0.121	0.368	0.375	0.375	
0.524	0.451	0.079	0.054	0.054	0.054	0.054	0.054	0.054	0.054	0.054	0.553	0.862	0.108	0.080	0.080	0.080	0.079	0.078	0.078	0.078	0.078	0.078	0.078	0.285	0.375	0.375	0.375	
0.524	0.524	0.370	0.055	0.054	0.054	0.054	0.054	0.054	0.054	0.054	0.598	0.863	0.188	0.080	0.080	0.080	0.079	0.078	0.078	0.078	0.078	0.078	0.160	0.375	0.375	0.375	0.375	
0.524	0.524	0.524	0.266	0.054	0.054	0.054	0.054	0.054	0.054	0.054	0.642	0.863	0.269	0.080	0.080	0.080	0.079	0.078	0.078	0.078	0.078	0.084	0.327	0.375	0.375	0.375	0.375	
0.524	0.524	0.524	0.516	0.168	0.054	0.054	0.054	0.054	0.054	0.054	0.686	0.863	0.350	0.080	0.080	0.080	0.078	0.078	0.078	0.078	0.078	0.207	0.375	0.375	0.375	0.375	0.375	
0.524	0.524	0.524	0.524	0.478	0.100	0.054	0.054	0.054	0.054	0.054	0.730	0.863	0.431	0.080	0.080	0.080	0.078	0.078	0.078	0.078	0.102	0.356	0.375	0.375	0.375	0.375	0.375	
0.524	0.524	0.524	0.524	0.524	0.411	0.062	0.054	0.054	0.054	0.054	0.774	0.863	0.512	0.080	0.080	0.080	0.078	0.078	0.078	0.078	0.254	0.375	0.375	0.375	0.375	0.375	0.375	
0.792	0.528	0.524	0.524	0.524	0.524	0.314	0.054	0.054	0.054	0.054	0.818	0.863	0.593	0.080	0.080	0.080	0.078	0.078	0.078	0.133	0.372	0.375	0.375	0.375	0.375	0.375	0.464	
1.085	0.932	0.573	0.524	0.524	0.524	0.523	0.209	0.054	0.054	0.059	0.857	0.863	0.674	0.080	0.080	0.079	0.078	0.078	0.079	0.301	0.375	0.375	0.375	0.375	0.378	0.687	1.117	
1.085	1.085	1.030	0.668	0.524	0.524	0.524	0.499	0.127	0.054	0.098	0.863	0.863	1.859	1.011	0.085	0.469	0.078	0.078	0.176	0.375	0.375	0.375	0.375	0.474	0.952	1.161	1.161	
1.085	1.085	1.085	1.079	0.805	0.530	0.524	0.524	1.845	3.739	3.992	3.261	3.193	4.864	4.871	4.193	4.625	2.843	3.344	1.939	0.375	0.375	0.380	0.705	1.124	1.161	1.161	1.161	
1.228	1.094	1.085	1.085	1.085	0.943	0.580	0.588	3.252	4.443	4.460	4.653	4.664	4.898	4.921	4.733	4.729	4.742	4.747	3.728	0.376	0.486	0.968	1.161	1.161	1.161	1.179	1.269	
1.397	1.357	1.192	1.086	1.085	1.085	1.225	4.285	4.751	4.737	5.279	4.920	4.653	5.038	5.412	5.211	5.135	5.240	4.823	4.907	3.728	1.130	1.161	1.161	1.166	1.241	1.323	1.331	
1.397	1.397	1.397	1.329	1.156	1.085	2.005	4.788	4.775	5.312	5.667	5.653	4.653	4.786	5.452	5.461	5.594	5.594	5.210	4.957	4.928	1.542	1.161	1.214	1.307	1.331	1.331	1.331	
1.397	1.397	1.397	1.397	1.396	2.130	5.106	5.195	5.630	6.215	5.985	6.214	4.965	4.550	4.925	4.959	5.183	5.751	5.851	5.244	5.191	4.899	1.745	1.331	1.331	1.331	1.331	1.331	
1.397	1.397	1.397	1.397	1.397	2.685	5.276	5.276	6.096	6.262	6.290	6.310	5.719	4.550	4.785	4.894	4.894	5.913	5.932	5.641	5.236	5.236	2.139	1.331	1.331	1.331	1.331	1.331	
0.000	0.000	0.000	0.000	0.000	0.000	0.000	0.000	0.000	0.000	0.000	0.000	2.598	2.429	2.664	2.314	0.000	0.000	0.000	0.000	0.000	0.000	0.000	0.000	0.000	0.000	0.000	0.000	
0.000	0.000	0.000	0.000	0.000	0.000	0.000	0.000	0.000	0.000	0.000	0.000	0.524	2.094	2.094	0.524	0.000	0.000	0.000	0.000	0.000	0.000	0.000	0.000	0.000	0.000	0.000	0.000	
0.000	0.000	0.000	0.000	0.000	0.000	0.000	0.000	0.000	0.000	0.000	0.000	0.524	2.094	2.094	0.524	0.000	0.000	0.000	0.000	0.000	0.000	0.000	0.000	0.000	0.000	0.000	0.000	
0.000	0.000	0.000	0.000	0.000	0.000	0.000	0.000	0.000	0.000	0.000	0.000	0.524	2.094	2.094	0.524	0.000	0.000	0.000	0.000	0.000	0.000	0.000	0.000	0.000	0.000	0.000	0.000	
0.000	0.000	0.000	0.000	0.000	0.000	0.000	0.000	0.000	0.000	0.000	0.000	0.524	2.094	2.094	0.524	0.000	0.000	0.000	0.000	0.000	0.000	0.000	0.000	0.000	0.000	0.000	0.000	
