0.060	0.060	0.060	0.060	0.060	0.060	0.060	0.052	0.040	0.040	0.040	0.040	0.040	0.040	0.040	0.040	0.040	0.040	0.040	0.040	0.040	0.040	0.040	0.040	0.040	0.040	0.040	0.040	
0.060	0.060	0.060	0.060	0.060	0.060	0.060	0.071	0.040	0.040	0.040	0.040	0.040	0.040	0.040	0.040	0.040	0.040	0.040	0.040	0.040	0.040	0.040	0.040	0.040	0.040	0.040	0.040	
0.060	0.060	0.060	0.060	0.060	0.060	0.060	0.093	0.040	0.040	0.040	0.040	0.040	0.040	0.040	0.040	0.040	0.040	0.040	0.040	0.040	0.040	0.040	0.040	0.040	0.040	0.040	0.040	
0.060	0.060	0.060	0.060	0.060	0.060	0.060	0.114	0.040	0.040	0.040	0.040	0.040	0.040	0.040	0.040	0.040	0.040	0.040	0.040	0.040	0.040	0.040	0.040	0.040	0.040	0.040	0.040	
0.060	0.060	0.060	0.060	0.060	0.060	0.060	0.120	0.055	0.040	0.040	0.040	0.040	0.040	0.040	0.040	0.040	0.040	0.040	0.040	0.040	0.040	0.040	0.040	0.040	0.040	0.040	0.040	
0.060	0.060	0.060	0.060	0.060	0.060	0.060	0.100	0.097	0.040	0.040	0.040	0.040	0.040	0.040	0.040	0.040	0.040	0.040	0.040	0.040	0.040	0.040	0.040	0.040	0.040	0.040	0.040	
0.060	0.060	0.060	0.060	0.060	0.060	0.060	0.079	0.139	0.040	0.040	0.040	0.040	0.040	0.040	0.040	0.040	0.040	0.040	0.040	0.040	0.040	0.040	0.040	0.040	0.040	0.040	0.040	
0.060	0.060	0.060	0.060	0.060	0.060	0.060	0.062	0.177	0.040	0.040	0.040	0.040	0.040	0.040	0.040	0.040	0.040	0.040	0.040	0.040	0.040	0.040	0.040	0.040	0.040	0.040	0.040	
0.060	0.060	0.060	0.060	0.060	0.060	0.060	0.060	0.200	0.040	0.040	0.040	0.040	0.040	0.040	0.040	0.040	0.040	0.040	0.040	0.040	0.040	0.040	0.040	0.040	0.040	0.040	0.040	
0.060	0.060	0.060	0.060	0.060	0.060	0.060	0.060	0.222	0.040	0.040	0.040	0.040	0.040	0.040	0.040	0.040	0.040	0.040	0.040	0.040	0.040	0.040	0.040	0.040	0.040	0.040	0.040	
0.060	0.060	0.060	0.060	0.060	0.060	0.060	0.060	0.243	0.040	0.040	0.040	0.040	0.040	0.040	0.040	0.040	0.040	0.040	0.040	0.040	0.040	0.040	0.040	0.040	0.040	0.040	0.040	
0.060	0.060	0.060	0.060	0.060	0.060	0.060	0.060	0.249	0.055	0.040	0.040	0.040	0.040	0.040	0.040	0.040	0.040	0.040	0.040	0.040	0.040	0.040	0.040	0.040	0.040	0.040	0.040	
0.060	0.060	0.060	0.060	0.060	0.060	0.060	0.060	0.229	0.097	0.040	0.040	0.040	0.040	0.040	0.040	0.040	0.040	0.040	0.040	0.040	0.040	0.040	0.040	0.040	0.040	0.040	0.045	
0.060	0.060	0.060	0.060	0.060	0.060	0.060	0.060	0.208	0.139	0.040	0.040	0.040	0.040	0.040	0.040	0.040	0.040	0.040	0.040	0.040	0.040	0.040	0.040	0.040	0.040	0.040	0.074	
0.060	0.060	0.060	0.060	0.060	0.060	0.060	0.060	0.187	0.181	0.040	0.040	0.040	0.040	0.040	0.040	0.040	0.040	0.040	0.040	0.040	0.040	0.040	0.040	0.040	0.040	0.040	0.106	
0.060	0.060	0.060	0.060	0.060	0.060	0.060	0.060	0.167	0.222	0.040	0.040	0.040	0.040	0.040	0.040	0.040	0.040	0.040	0.040	0.040	0.040	0.040	0.040	0.040	0.040	0.043	0.134	
0.060	0.060	0.060	0.060	0.060	0.060	0.060	0.060	0.146	0.264	0.040	0.040	0.040	0.040	0.040	0.040	0.040	0.040	0.040	0.040	0.040	0.040	0.040	0.040	0.040	0.040	0.070	0.139	
0.060	0.060	0.060	0.060	0.060	0.060	0.060	0.060	0.125	0.306	0.040	0.040	0.040	0.040	0.040	0.040	0.040	0.040	0.040	0.040	0.040	0.040	0.040	0.040	0.040	0.040	0.102	0.139	
0.060	0.060	0.060	0.060	0.060	0.060	0.060	0.060	0.105	0.333	0.055	0.040	0.040	0.040	0.040	0.040	0.040	0.040	0.040	0.040	0.040	0.040	0.040	0.040	0.040	0.042	0.132	0.139	
0.060	0.060	0.060	0.060	0.060	0.060	0.060	0.060	0.084	0.333	0.097	0.040	0.040	0.040	0.040	0.040	0.040	0.040	0.040	0.040	0.040	0.040	0.040	0.040	0.040	0.066	0.139	0.139	
0.060	0.060	0.060	0.060	0.060	0.060	0.060	0.060	0.065	0.332	0.139	0.040	0.040	0.040	0.040	0.040	0.040	0.040	0.040	0.040	0.040	0.040	0.040	0.040	0.040	0.098	0.139	0.139	
0.060	0.060	0.060	0.060	0.060	0.060	0.060	0.060	0.060	0.317	0.181	0.040	0.040	0.040	0.040	0.040	0.040	0.040	0.040	0.040	0.040	0.040	0.040	0.040	0.041	0.129	0.139	0.139	
0.060	0.060	0.060	0.060	0.060	0.060	0.060	0.060	0.060	0.296	0.222	0.040	0.040	0.040	0.040	0.040	0.040	0.040	0.040	0.040	0.040	0.040	0.040	0.040	0.062	0.139	0.139	0.139	
0.060	0.060	0.060	0.060	0.060	0.060	0.060	0.060	0.060	0.275	0.264	0.040	0.040	0.040	0.040	0.040	0.040	0.040	0.040	0.040	0.040	0.040	0.040	0.040	0.094	0.139	0.139	0.139	
0.060	0.060	0.060	0.060	0.060	0.060	0.060	0.060	0.060	0.255	0.306	0.040	0.040	0.040	0.040	0.040	0.040	0.040	0.040	0.040	0.040	0.040	0.040	0.040	0.125	0.139	0.139	0.139	
0.060	0.060	0.060	0.060	0.060	0.060	0.060	0.060	0.060	0.234	0.333	0.055	0.040	0.040	0.040	0.040	0.040	0.040	0.040	0.040	0.040	0.040	0.040	0.058	0.139	0.139	0.139	0.139	
0.060	0.060	0.060	0.060	0.060	0.060	0.060	0.060	0.060	0.213	0.333	0.097	0.040	0.040	0.040	0.040	0.040	0.040	0.040	0.040	0.040	0.040	0.040	0.090	0.139	0.139	0.139	0.139	
0.060	0.060	0.060	0.060	0.060	0.060	0.060	0.060	0.060	0.193	0.333	0.139	0.040	0.040	0.040	0.040	0.040	0.040	0.040	0.040	0.040	0.040	0.040	0.121	0.139	0.139	0.139	0.139	
0.060	0.060	0.060	0.060	0.060	0.060	0.060	0.060	0.060	0.172	0.333	0.181	0.040	0.040	0.040	0.040	0.040	0.040	0.040	0.040	0.040	0.040	0.054	0.139	0.139	0.139	0.139	0.139	
0.060	0.060	0.060	0.060	0.060	0.060	0.060	0.060	0.060	0.151	0.333	0.222	0.040	0.040	0.040	0.040	0.040	0.040	0.040	0.040	0.040	0.040	0.086	0.139	0.139	0.139	0.139	0.139	
0.060	0.060	0.060	0.060	0.060	0.060	0.060	0.060	0.060	0.131	0.333	0.264	0.040	0.040	0.040	0.040	0.040	0.040	0.040	0.040	0.040	0.040	0.117	0.139	0.139	0.139	0.139	0.139	
0.060	0.060	0.060	0.060	0.060	0.060	0.060	0.060	0.060	0.110	0.333	0.306	0.040	0.040	0.040	0.040	0.040	0.040	0.040	0.040	0.040	0.051	0.138	0.139	0.139	0.139	0.139	0.139	
0.060	0.060	0.060	0.060	0.060	0.060	0.060	0.060	0.060	0.089	0.333	0.333	0.055	0.040	0.040	0.040	0.040	0.040	0.040	0.040	0.040	0.082	0.139	0.139	0.139	0.139	0.139	0.139	
0.060	0.060	0.060	0.060	0.060	0.060	0.060	0.060	0.060	0.069	0.333	0.333	0.097	0.040	0.040	0.040	0.040	0.040	0.040	0.040	0.040	0.113	0.139	0.139	0.139	0.139	0.139	0.139	
0.060	0.060	0.060	0.060	0.060	0.060	0.060	0.060	0.060	0.060	0.322	0.333	0.139	0.040	0.040	0.040	0.040	0.040	0.040	0.040	0.048	0.137	0.139	0.139	0.139	0.139	0.139	0.139	
0.060	0.060	0.060	0.060	0.060	0.060	0.060	0.060	0.060	0.060	0.301	0.333	0.181	0.040	0.040	0.040	0.040	0.040	0.040	0.040	0.078	0.139	0.139	0.139	0.139	0.139	0.139	0.139	
0.060	0.060	0.060	0.060	0.060	0.060	0.060	0.060	0.060	0.060	0.280	0.333	0.222	0.040	0.040	0.040	0.040	0.040	0.040	0.040	0.109	0.139	0.139	0.139	0.139	0.139	0.139	0.139	
0.060	0.060	0.060	0.060	0.060	0.060	0.060	0.060	0.060	0.060	0.260	0.333	0.264	0.040	0.040	0.040	0.040	0.040	0.040	0.045	0.136	0.139	0.139	0.139	0.139	0.139	0.139	0.139	
0.060	0.060	0.060	0.060	0.060	0.060	0.060	0.060	0.060	0.060	0.239	0.333	0.306	0.040	0.040	0.040	0.040	0.040	0.040	0.074	0.139	0.139	0.139	0.139	0.139	0.139	0.139	0.139	
0.060	0.060	0.060	0.060	0.060	0.060	0.060	0.060	0.060	0.060	0.218	0.333	0.333	0.055	0.040	0.040	0.040	0.040	0.040	0.106	0.139	0.139	0.139	0.139	0.139	0.139	0.139	0.139	
0.060	0.060	0.060	0.060	0.060	0.060	0.060	0.060	0.060	0.060	0.198	0.333	0.333	0.097	0.040	0.040	0.040	0.040	0.043	0.134	0.139	0.139	0.139	0.139	0.139	0.139	0.139	0.139	
0.060	0.060	0.060	0.060	0.060	0.060	0.060	0.060	0.060	0.060	0.177	0.333	0.333	0.139	0.040	0.040	0.040	0.040	0.070	0.139	0.139	0.139	0.139	0.139	0.139	0.139	0.139	0.139	
0.296	0.069	0.060	0.060	0.060	0.060	0.060	0.060	0.060	0.060	0.156	0.333	0.333	0.181	0.040	0.040	0.040	0.040	0.102	0.139	0.139	0.139	0.139	0.139	0.139	0.139	0.139	0.143	
0.555	0.460	0.155	0.060	0.060	0.060	0.060	0.060	0.060	0.060	0.136	0.333	0.333	0.222	0.040	0.040	0.040	0.042	0.132	0.139	0.139	0.139	0.139	0.139	0.139	0.139	0.249	0.502	
0.555	0.555	0.547	0.319	0.075	0.060	0.060	0.060	0.060	0.060	0.115	0.333	0.333	0.264	0.040	0.040	0.040	0.066	0.139	0.139	0.139	0.139	0.139	0.139	0.198	0.442	0.589	0.590	
0.555	0.555	0.555	0.555	0.477	0.174	0.060	0.060	0.060	0.060	0.094	0.333	0.333	0.306	0.040	0.040	0.040	0.098	0.139	0.139	0.139	0.139	0.162	0.377	0.576	0.590	0.590	0.590	
0.555	0.555	0.555	0.555	0.555	0.551	0.342	0.083	0.060	0.060	0.074	0.333	0.333	0.855	1.136	0.040	0.041	0.129	0.139	0.139	0.143	0.313	0.547	0.590	0.590	0.590	0.590	0.590	
0.555	0.555	0.555	0.555	0.555	0.555	0.555	0.493	0.194	0.060	0.474	0.951	0.399	3.238	3.960	1.771	1.516	0.296	0.139	0.249	0.502	0.590	0.590	0.590	0.590	0.590	0.590	0.590	
0.555	0.555	0.555	0.555	0.555	0.555	0.555	0.555	0.554	1.096	3.942	4.182	3.422	4.031	4.031	4.120	4.188	3.373	0.479	0.589	0.590	0.590	0.590	0.590	0.590	0.590	0.590	0.590	
0.555	0.555	0.555	0.555	0.555	0.555	0.555	0.555	0.555	1.771	4.221	4.221	3.905	3.430	3.568	4.137	4.188	4.188	0.680	0.590	0.590	0.590	0.590	0.590	0.590	0.590	0.590	0.590	
0.000	0.000	0.000	0.000	0.000	0.000	0.000	0.000	0.000	0.000	0.000	0.000	1.726	3.143	3.143	1.874	0.000	0.000	0.000	0.000	0.000	0.000	0.000	0.000	0.000	0.000	0.000	0.000	
0.000	0.000	0.000	0.000	0.000	0.000	0.000	0.000	0.000	0.000	0.000	0.000	0.786	3.143	3.143	0.786	0.000	0.000	0.000	0.000	0.000	0.000	0.000	0.000	0.000	0.000	0.000	0.000	
0.000	0.000	0.000	0.000	0.000	0.000	0.000	0.000	0.000	0.000	0.000	0.000	0.874	3.538	3.604	0.911	0.000	0.000	0.000	0.000	0.000	0.000	0.000	0.000	0.000	0.000	0.000	0.000	
0.000	0.000	0.000	0.000	0.000	0.000	0.000	0.000	0.000	0.000	0.000	0.000	0.979	3.915	3.915	0.979	0.000	0.000	0.000	0.000	0.000	0.000	0.000	0.000	0.000	0.000	0.000	0.000	
0.000	0.000	0.000	0.000	0.000	0.000	0.000	0.000	0.000	0.000	0.000	0.000	0.979	3.915	3.915	0.979	0.000	0.000	0.000	0.000	0.000	0.000	0.000	0.000	0.000	0.000	0.000	0.000	
