0.033	0.033	0.033	0.033	0.033	0.033	0.033	0.033	0.033	0.033	0.033	0.033	0.033	0.033	0.033	0.033	0.033	0.033	0.033	0.033	0.033	0.033	0.033	0.033	0.033	0.033	0.033	0.068	
0.033	0.033	0.033	0.033	0.033	0.033	0.033	0.033	0.033	0.033	0.033	0.033	0.033	0.033	0.033	0.033	0.033	0.033	0.033	0.033	0.033	0.033	0.033	0.033	0.033	0.033	0.033	0.090	
0.033	0.033	0.033	0.033	0.033	0.033	0.033	0.033	0.033	0.033	0.033	0.033	0.033	0.033	0.033	0.033	0.033	0.033	0.033	0.033	0.033	0.033	0.033	0.033	0.033	0.033	0.046	0.100	
0.033	0.033	0.033	0.033	0.033	0.033	0.033	0.033	0.033	0.033	0.033	0.033	0.033	0.033	0.033	0.033	0.033	0.033	0.033	0.033	0.033	0.033	0.033	0.033	0.033	0.033	0.069	0.100	
0.033	0.033	0.033	0.033	0.033	0.033	0.033	0.033	0.033	0.033	0.033	0.033	0.033	0.033	0.033	0.033	0.033	0.033	0.033	0.033	0.033	0.033	0.033	0.033	0.033	0.034	0.091	0.100	
0.033	0.033	0.033	0.033	0.033	0.033	0.033	0.033	0.033	0.033	0.033	0.033	0.033	0.033	0.033	0.033	0.033	0.033	0.033	0.033	0.033	0.033	0.033	0.033	0.033	0.047	0.100	0.100	
0.033	0.033	0.033	0.033	0.033	0.033	0.033	0.033	0.033	0.033	0.033	0.033	0.033	0.033	0.033	0.033	0.033	0.033	0.033	0.033	0.033	0.033	0.033	0.033	0.033	0.070	0.100	0.100	
0.033	0.033	0.033	0.033	0.033	0.033	0.033	0.033	0.033	0.033	0.033	0.033	0.033	0.033	0.033	0.033	0.033	0.033	0.033	0.033	0.033	0.033	0.033	0.033	0.034	0.092	0.100	0.100	
0.033	0.033	0.033	0.033	0.033	0.033	0.033	0.033	0.033	0.033	0.033	0.033	0.033	0.033	0.033	0.033	0.033	0.033	0.033	0.033	0.033	0.033	0.033	0.033	0.048	0.100	0.100	0.100	
0.033	0.033	0.033	0.033	0.033	0.033	0.033	0.033	0.033	0.033	0.033	0.033	0.033	0.033	0.033	0.033	0.033	0.033	0.033	0.033	0.033	0.033	0.033	0.033	0.071	0.100	0.100	0.100	
0.033	0.033	0.033	0.033	0.033	0.033	0.033	0.033	0.033	0.033	0.033	0.033	0.033	0.033	0.033	0.033	0.033	0.033	0.033	0.033	0.033	0.033	0.033	0.034	0.093	0.100	0.100	0.100	
0.033	0.033	0.033	0.033	0.033	0.033	0.033	0.033	0.033	0.033	0.033	0.033	0.033	0.033	0.033	0.033	0.033	0.033	0.033	0.033	0.033	0.033	0.033	0.049	0.100	0.100	0.100	0.100	
0.033	0.033	0.033	0.033	0.033	0.033	0.033	0.033	0.033	0.033	0.033	0.033	0.033	0.033	0.033	0.033	0.033	0.033	0.033	0.033	0.033	0.033	0.033	0.072	0.100	0.100	0.100	0.100	
0.033	0.033	0.033	0.033	0.033	0.033	0.033	0.033	0.033	0.033	0.033	0.033	0.033	0.033	0.033	0.033	0.033	0.033	0.033	0.033	0.033	0.033	0.034	0.093	0.100	0.100	0.100	0.100	
0.033	0.033	0.033	0.033	0.033	0.033	0.033	0.033	0.033	0.033	0.033	0.033	0.033	0.033	0.033	0.033	0.033	0.033	0.033	0.033	0.033	0.033	0.050	0.100	0.100	0.100	0.100	0.100	
0.033	0.033	0.033	0.033	0.033	0.033	0.033	0.033	0.033	0.033	0.033	0.033	0.033	0.033	0.033	0.033	0.033	0.033	0.033	0.033	0.033	0.033	0.073	0.100	0.100	0.100	0.100	0.100	
0.033	0.033	0.033	0.033	0.033	0.033	0.033	0.033	0.033	0.033	0.033	0.033	0.033	0.033	0.033	0.033	0.033	0.033	0.033	0.033	0.033	0.034	0.094	0.100	0.100	0.100	0.100	0.100	
0.033	0.033	0.033	0.033	0.033	0.033	0.033	0.033	0.033	0.033	0.033	0.033	0.033	0.033	0.033	0.033	0.033	0.033	0.033	0.033	0.033	0.051	0.100	0.100	0.100	0.100	0.100	0.100	
0.033	0.033	0.033	0.033	0.033	0.033	0.033	0.033	0.033	0.033	0.033	0.033	0.033	0.033	0.033	0.033	0.033	0.033	0.033	0.033	0.033	0.074	0.100	0.100	0.100	0.100	0.100	0.100	
0.033	0.033	0.033	0.033	0.033	0.033	0.033	0.033	0.033	0.033	0.033	0.033	0.033	0.033	0.033	0.033	0.033	0.033	0.033	0.033	0.035	0.095	0.100	0.100	0.100	0.100	0.100	0.100	
0.033	0.033	0.033	0.033	0.033	0.033	0.033	0.033	0.033	0.033	0.033	0.033	0.033	0.033	0.033	0.033	0.033	0.033	0.033	0.033	0.052	0.100	0.100	0.100	0.100	0.100	0.100	0.100	
0.033	0.033	0.033	0.033	0.033	0.033	0.033	0.033	0.033	0.033	0.033	0.033	0.033	0.033	0.033	0.033	0.033	0.033	0.033	0.033	0.075	0.100	0.100	0.100	0.100	0.100	0.100	0.100	
0.033	0.033	0.033	0.033	0.033	0.033	0.033	0.033	0.033	0.033	0.033	0.033	0.033	0.033	0.033	0.033	0.033	0.033	0.033	0.035	0.095	0.100	0.100	0.100	0.100	0.100	0.100	0.100	
0.033	0.033	0.033	0.033	0.033	0.033	0.033	0.033	0.033	0.033	0.033	0.033	0.033	0.033	0.033	0.033	0.033	0.033	0.033	0.053	0.100	0.100	0.100	0.100	0.100	0.100	0.100	0.100	
0.043	0.033	0.033	0.033	0.033	0.033	0.033	0.033	0.033	0.033	0.033	0.033	0.033	0.033	0.033	0.033	0.033	0.033	0.033	0.075	0.100	0.100	0.100	0.100	0.100	0.100	0.100	0.100	
0.254	0.033	0.033	0.033	0.033	0.033	0.033	0.033	0.033	0.033	0.033	0.033	0.033	0.033	0.033	0.033	0.033	0.033	0.035	0.096	0.100	0.100	0.100	0.100	0.100	0.100	0.100	0.100	
0.466	0.116	0.033	0.033	0.033	0.033	0.033	0.033	0.033	0.033	0.033	0.033	0.033	0.033	0.033	0.033	0.033	0.033	0.054	0.100	0.100	0.100	0.100	0.100	0.100	0.100	0.100	0.100	
0.475	0.392	0.043	0.033	0.033	0.033	0.033	0.033	0.033	0.033	0.033	0.033	0.033	0.033	0.033	0.033	0.033	0.033	0.076	0.100	0.100	0.100	0.100	0.100	0.100	0.100	0.100	0.100	
0.475	0.475	0.254	0.033	0.033	0.033	0.033	0.033	0.033	0.033	0.033	0.033	0.033	0.033	0.033	0.033	0.033	0.036	0.097	0.100	0.100	0.100	0.100	0.100	0.100	0.100	0.100	0.100	
0.475	0.475	0.466	0.116	0.033	0.033	0.033	0.033	0.033	0.033	0.033	0.033	0.033	0.033	0.033	0.033	0.033	0.055	0.100	0.100	0.100	0.100	0.100	0.100	0.100	0.100	0.100	0.104	
0.485	0.475	0.475	0.392	0.043	0.033	0.033	0.033	0.033	0.033	0.033	0.033	0.033	0.033	0.033	0.033	0.033	0.077	0.100	0.100	0.100	0.100	0.100	0.100	0.100	0.100	0.100	0.235	
0.554	0.475	0.475	0.475	0.254	0.033	0.033	0.033	0.033	0.033	0.033	0.033	0.033	0.033	0.033	0.033	0.036	0.097	0.100	0.100	0.100	0.100	0.100	0.100	0.100	0.100	0.139	0.385	
0.612	0.496	0.475	0.475	0.466	0.116	0.033	0.033	0.033	0.033	0.033	0.033	0.033	0.033	0.033	0.033	0.056	0.100	0.100	0.100	0.100	0.100	0.100	0.100	0.100	0.100	0.315	0.396	
0.615	0.573	0.475	0.475	0.475	0.392	0.043	0.033	0.033	0.033	0.033	0.033	0.033	0.033	0.033	0.033	0.078	0.100	0.100	0.100	0.100	0.100	0.100	0.100	0.100	0.208	0.396	0.396	
0.615	0.615	0.512	0.475	0.475	0.475	0.254	0.033	0.033	0.033	0.033	0.033	0.033	0.033	0.033	0.037	0.098	0.100	0.100	0.100	0.100	0.100	0.100	0.100	0.123	0.373	0.396	0.396	
0.615	0.615	0.590	0.476	0.475	0.475	0.466	0.116	0.033	0.033	0.033	0.033	0.033	0.033	0.033	0.057	0.100	0.100	0.100	0.100	0.100	0.100	0.100	0.100	0.288	0.396	0.396	0.396	
0.615	0.615	0.615	0.530	0.475	0.475	0.475	0.574	0.422	0.033	0.033	0.033	0.033	0.033	0.133	0.770	0.100	0.100	0.100	0.100	0.100	0.100	0.100	0.180	0.396	0.396	0.396	0.396	
0.615	0.615	0.615	0.602	0.482	0.475	0.475	0.528	2.706	1.253	0.051	0.033	0.033	0.062	1.515	1.764	0.100	0.100	0.100	0.100	0.100	0.100	0.112	0.357	0.396	0.396	0.396	0.396	
0.615	0.615	0.615	0.615	0.549	0.475	0.475	0.475	2.391	2.903	2.191	0.621	1.168	1.913	2.130	2.128	0.368	0.100	0.100	0.100	0.100	0.100	0.260	0.396	0.396	0.396	0.396	0.396	
0.615	0.615	0.615	0.615	0.610	0.492	0.475	0.475	1.897	2.903	2.903	3.135	3.221	2.808	2.130	2.130	0.999	0.100	0.100	0.100	0.100	0.157	0.392	0.396	0.396	0.396	0.396	0.396	
0.615	0.615	0.615	0.615	0.615	0.567	0.475	0.475	1.716	3.272	3.253	3.220	3.221	2.868	2.130	2.130	2.195	1.630	0.947	0.288	0.317	0.347	0.396	0.396	0.396	0.396	0.396	0.396	
0.709	0.615	0.615	0.615	0.615	0.631	2.380	2.795	3.652	3.959	3.955	3.379	3.564	3.887	2.826	3.133	3.654	3.740	3.740	3.493	3.086	0.703	0.396	0.396	0.396	0.396	0.396	0.396	
1.497	1.181	0.774	0.680	1.301	2.295	3.790	3.790	3.851	3.959	4.176	4.630	4.526	4.526	4.536	4.541	4.278	3.740	3.516	3.126	3.134	2.102	0.396	0.396	0.396	0.396	0.396	0.396	
1.518	1.518	1.515	2.955	3.791	3.791	3.790	3.816	4.219	4.523	5.002	5.006	4.750	4.712	4.687	4.574	4.544	4.045	3.129	3.120	3.309	3.653	1.687	0.396	0.396	0.396	0.396	0.396	
1.518	1.518	1.518	1.890	3.765	3.823	4.169	4.371	4.540	4.575	5.009	5.120	5.616	5.644	5.454	5.405	4.843	4.628	3.970	3.890	3.840	3.655	3.599	1.336	0.653	0.614	0.576	0.538	
1.518	1.518	1.518	1.518	2.996	4.215	4.316	4.359	4.582	4.653	5.524	5.567	5.627	5.599	5.417	5.412	4.835	4.628	4.967	5.297	5.045	3.724	2.915	1.935	1.888	1.888	1.888	1.881	
1.562	1.595	1.628	1.661	2.874	4.544	4.482	4.655	5.058	5.112	5.905	5.653	5.038	4.653	4.979	5.447	5.320	5.228	5.406	5.296	5.157	4.792	1.917	1.888	1.888	1.885	1.846	1.803	
1.825	1.825	1.825	1.825	3.111	4.837	4.831	4.958	5.058	5.436	6.705	6.700	5.083	4.644	4.953	5.451	5.456	5.488	5.488	5.303	5.046	5.047	2.804	1.888	1.856	1.808	1.797	1.797	
1.825	1.825	1.825	1.962	4.835	5.136	5.009	6.008	6.051	6.886	6.845	6.441	6.182	4.464	5.253	5.800	6.285	6.697	6.155	6.028	5.511	5.235	5.282	2.852	1.797	1.797	1.797	1.797	
1.825	1.825	1.825	3.647	5.270	5.270	5.820	6.203	6.375	7.064	6.992	6.289	5.954	3.400	4.329	5.867	6.411	7.013	6.580	6.050	5.944	5.311	5.311	3.140	1.797	1.797	1.797	1.797	
0.000	0.000	0.000	0.000	0.000	0.000	0.000	0.000	0.000	0.000	0.000	0.000	2.213	3.327	3.412	2.906	0.000	0.000	0.000	0.000	0.000	0.000	0.000	0.000	0.000	0.000	0.000	0.000	
0.000	0.000	0.000	0.000	0.000	0.000	0.000	0.000	0.000	0.000	0.000	0.000	0.832	3.327	3.327	0.832	0.000	0.000	0.000	0.000	0.000	0.000	0.000	0.000	0.000	0.000	0.000	0.000	
0.000	0.000	0.000	0.000	0.000	0.000	0.000	0.000	0.000	0.000	0.000	0.000	0.870	3.490	3.504	0.878	0.000	0.000	0.000	0.000	0.000	0.000	0.000	0.000	0.000	0.000	0.000	0.000	
0.000	0.000	0.000	0.000	0.000	0.000	0.000	0.000	0.000	0.000	0.000	0.000	0.883	3.531	3.531	0.883	0.000	0.000	0.000	0.000	0.000	0.000	0.000	0.000	0.000	0.000	0.000	0.000	
0.000	0.000	0.000	0.000	0.000	0.000	0.000	0.000	0.000	0.000	0.000	0.000	0.883	3.531	3.531	0.883	0.000	0.000	0.000	0.000	0.000	0.000	0.000	0.000	0.000	0.000	0.000	0.000	
