0.080	0.041	0.041	0.041	0.041	0.041	0.041	0.041	0.041	0.041	0.041	0.041	0.041	0.041	0.041	0.041	0.041	0.041	0.041	0.041	0.041	0.041	0.041	0.067	0.070	0.070	0.070	0.070	
0.096	0.041	0.041	0.041	0.041	0.041	0.041	0.041	0.041	0.041	0.041	0.041	0.041	0.041	0.041	0.041	0.041	0.041	0.041	0.041	0.041	0.041	0.043	0.070	0.070	0.070	0.070	0.070	
0.105	0.048	0.041	0.041	0.041	0.041	0.041	0.041	0.041	0.041	0.041	0.041	0.041	0.041	0.041	0.041	0.041	0.041	0.041	0.041	0.041	0.041	0.048	0.070	0.070	0.070	0.070	0.070	
0.105	0.063	0.041	0.041	0.041	0.041	0.041	0.041	0.041	0.041	0.041	0.041	0.041	0.041	0.041	0.041	0.041	0.041	0.041	0.041	0.041	0.041	0.052	0.070	0.070	0.070	0.070	0.070	
0.105	0.079	0.041	0.041	0.041	0.041	0.041	0.041	0.041	0.041	0.041	0.041	0.041	0.041	0.041	0.041	0.041	0.041	0.041	0.041	0.041	0.041	0.057	0.070	0.070	0.070	0.070	0.070	
0.105	0.095	0.041	0.041	0.041	0.041	0.041	0.041	0.041	0.041	0.041	0.041	0.041	0.041	0.041	0.041	0.041	0.041	0.041	0.041	0.041	0.041	0.062	0.070	0.070	0.070	0.070	0.070	
0.105	0.105	0.047	0.041	0.041	0.041	0.041	0.041	0.041	0.041	0.041	0.041	0.041	0.041	0.041	0.041	0.041	0.041	0.041	0.041	0.041	0.041	0.066	0.070	0.070	0.070	0.070	0.070	
0.105	0.105	0.062	0.041	0.041	0.041	0.041	0.041	0.041	0.041	0.041	0.041	0.041	0.041	0.041	0.041	0.041	0.041	0.041	0.041	0.041	0.042	0.070	0.070	0.070	0.070	0.070	0.070	
0.105	0.105	0.078	0.041	0.041	0.041	0.041	0.041	0.041	0.041	0.041	0.041	0.041	0.041	0.041	0.041	0.041	0.041	0.041	0.041	0.041	0.047	0.070	0.070	0.070	0.070	0.070	0.070	
0.105	0.105	0.094	0.041	0.041	0.041	0.041	0.041	0.041	0.041	0.041	0.041	0.041	0.041	0.041	0.041	0.041	0.041	0.041	0.041	0.041	0.051	0.070	0.070	0.070	0.070	0.070	0.070	
0.105	0.105	0.105	0.046	0.041	0.041	0.041	0.041	0.041	0.041	0.041	0.041	0.041	0.041	0.041	0.041	0.041	0.041	0.041	0.041	0.041	0.056	0.070	0.070	0.070	0.070	0.070	0.070	
0.105	0.105	0.105	0.061	0.041	0.041	0.041	0.041	0.041	0.041	0.041	0.041	0.041	0.041	0.041	0.041	0.041	0.041	0.041	0.041	0.041	0.061	0.070	0.070	0.070	0.070	0.070	0.070	
0.105	0.105	0.105	0.077	0.041	0.041	0.041	0.041	0.041	0.041	0.041	0.041	0.041	0.041	0.041	0.041	0.041	0.041	0.041	0.041	0.041	0.065	0.070	0.070	0.070	0.070	0.070	0.070	
0.105	0.105	0.105	0.093	0.041	0.041	0.041	0.041	0.041	0.041	0.041	0.041	0.041	0.041	0.041	0.041	0.041	0.041	0.041	0.041	0.042	0.069	0.070	0.070	0.070	0.070	0.070	0.070	
0.105	0.105	0.105	0.105	0.045	0.041	0.041	0.041	0.041	0.041	0.041	0.041	0.041	0.041	0.041	0.041	0.041	0.041	0.041	0.041	0.046	0.070	0.070	0.070	0.070	0.070	0.070	0.070	
0.105	0.105	0.105	0.105	0.060	0.041	0.041	0.041	0.041	0.041	0.041	0.041	0.041	0.041	0.041	0.041	0.041	0.041	0.041	0.041	0.050	0.070	0.070	0.070	0.070	0.070	0.070	0.070	
0.105	0.105	0.105	0.105	0.076	0.041	0.041	0.041	0.041	0.041	0.041	0.041	0.041	0.041	0.041	0.041	0.041	0.041	0.041	0.041	0.055	0.070	0.070	0.070	0.070	0.070	0.070	0.070	
0.105	0.105	0.105	0.105	0.092	0.041	0.041	0.041	0.041	0.041	0.041	0.041	0.041	0.041	0.041	0.041	0.041	0.041	0.041	0.041	0.060	0.070	0.070	0.070	0.070	0.070	0.070	0.070	
0.105	0.105	0.105	0.105	0.104	0.045	0.041	0.041	0.041	0.041	0.041	0.041	0.041	0.041	0.041	0.041	0.041	0.041	0.041	0.041	0.064	0.070	0.070	0.070	0.070	0.070	0.070	0.070	
0.105	0.105	0.105	0.105	0.105	0.060	0.041	0.041	0.041	0.041	0.041	0.041	0.041	0.041	0.041	0.041	0.041	0.041	0.041	0.042	0.069	0.070	0.070	0.070	0.070	0.070	0.070	0.070	
0.105	0.105	0.105	0.105	0.105	0.075	0.041	0.041	0.041	0.041	0.041	0.041	0.041	0.041	0.041	0.041	0.041	0.041	0.041	0.045	0.070	0.070	0.070	0.070	0.070	0.070	0.070	0.070	
0.105	0.105	0.105	0.105	0.105	0.091	0.041	0.041	0.041	0.041	0.041	0.041	0.041	0.041	0.041	0.041	0.041	0.041	0.041	0.050	0.070	0.070	0.070	0.070	0.070	0.070	0.070	0.070	
0.105	0.105	0.105	0.105	0.105	0.104	0.044	0.041	0.041	0.041	0.041	0.041	0.041	0.041	0.041	0.041	0.041	0.041	0.041	0.054	0.070	0.070	0.070	0.070	0.070	0.070	0.070	0.070	
0.105	0.105	0.105	0.105	0.105	0.105	0.059	0.041	0.041	0.041	0.041	0.041	0.041	0.041	0.041	0.041	0.041	0.041	0.041	0.059	0.070	0.070	0.070	0.070	0.070	0.070	0.070	0.070	
0.105	0.105	0.105	0.105	0.105	0.105	0.074	0.041	0.041	0.041	0.041	0.041	0.041	0.041	0.041	0.041	0.041	0.041	0.041	0.063	0.070	0.070	0.070	0.070	0.070	0.070	0.070	0.070	
0.105	0.105	0.105	0.105	0.105	0.105	0.090	0.041	0.041	0.041	0.041	0.041	0.041	0.041	0.041	0.041	0.041	0.041	0.041	0.068	0.070	0.070	0.070	0.070	0.070	0.070	0.070	0.070	
0.105	0.105	0.105	0.105	0.105	0.105	0.104	0.044	0.041	0.041	0.041	0.041	0.041	0.041	0.041	0.041	0.041	0.041	0.044	0.070	0.070	0.070	0.070	0.070	0.070	0.070	0.070	0.070	
0.105	0.105	0.105	0.105	0.105	0.105	0.105	0.058	0.041	0.041	0.041	0.041	0.041	0.041	0.041	0.041	0.041	0.041	0.049	0.070	0.070	0.070	0.070	0.070	0.070	0.070	0.070	0.070	
0.105	0.105	0.105	0.105	0.105	0.105	0.105	0.073	0.041	0.041	0.041	0.041	0.041	0.041	0.041	0.041	0.041	0.041	0.053	0.070	0.070	0.070	0.070	0.070	0.070	0.070	0.070	0.070	
0.105	0.105	0.105	0.105	0.105	0.105	0.105	0.089	0.041	0.041	0.041	0.041	0.041	0.041	0.041	0.041	0.041	0.041	0.058	0.070	0.070	0.070	0.070	0.070	0.070	0.070	0.070	0.070	
0.105	0.105	0.105	0.105	0.105	0.105	0.105	0.103	0.043	0.041	0.041	0.041	0.041	0.041	0.041	0.041	0.041	0.041	0.062	0.070	0.070	0.070	0.070	0.070	0.070	0.070	0.070	0.070	
0.105	0.105	0.105	0.105	0.105	0.105	0.105	0.105	0.057	0.041	0.041	0.041	0.041	0.041	0.041	0.041	0.041	0.041	0.067	0.070	0.070	0.070	0.070	0.070	0.070	0.070	0.070	0.070	
0.105	0.105	0.105	0.105	0.105	0.105	0.105	0.105	0.072	0.041	0.041	0.041	0.041	0.041	0.041	0.041	0.041	0.043	0.070	0.070	0.070	0.070	0.070	0.070	0.070	0.070	0.070	0.070	
0.105	0.105	0.105	0.105	0.105	0.105	0.105	0.105	0.088	0.041	0.041	0.041	0.041	0.041	0.041	0.041	0.041	0.048	0.070	0.070	0.070	0.070	0.070	0.070	0.070	0.070	0.070	0.070	
0.105	0.105	0.105	0.105	0.105	0.105	0.105	0.105	0.103	0.043	0.041	0.041	0.041	0.041	0.041	0.041	0.041	0.052	0.070	0.070	0.070	0.070	0.070	0.070	0.070	0.070	0.070	0.070	
0.108	0.105	0.105	0.105	0.105	0.105	0.105	0.105	0.105	0.056	0.041	0.041	0.041	0.041	0.041	0.041	0.041	0.057	0.070	0.070	0.070	0.070	0.070	0.070	0.070	0.070	0.070	0.070	
0.323	0.105	0.105	0.105	0.105	0.105	0.105	0.105	0.105	0.072	0.041	0.041	0.041	0.041	0.041	0.041	0.041	0.061	0.070	0.070	0.070	0.070	0.070	0.070	0.070	0.070	0.070	0.070	
0.509	0.266	0.105	0.105	0.105	0.105	0.105	0.105	0.105	0.087	0.041	0.041	0.041	0.041	0.041	0.041	0.041	0.084	0.070	0.070	0.070	0.070	0.070	0.070	0.070	0.070	0.070	0.070	
0.510	0.502	0.215	0.105	0.105	0.105	0.105	0.105	0.105	0.102	0.042	0.041	0.041	0.041	0.041	0.041	0.333	0.315	0.070	0.070	0.070	0.070	0.070	0.070	0.070	0.070	0.070	0.070	
0.510	0.510	0.486	0.174	0.105	0.105	0.105	0.105	0.105	0.105	0.055	0.041	0.041	0.041	0.041	0.041	0.967	0.436	0.070	0.070	0.070	0.070	0.070	0.070	0.070	0.070	0.070	0.167	
0.510	0.510	0.510	0.460	0.142	0.105	0.105	0.105	0.105	0.105	0.071	0.041	0.041	0.041	0.041	0.064	1.579	0.556	0.070	0.070	0.070	0.070	0.070	0.070	0.070	0.070	0.291	0.768	
0.510	0.510	0.510	0.510	0.424	0.120	0.105	0.105	0.105	0.105	0.086	0.041	0.041	0.041	0.041	0.526	1.750	0.676	0.070	0.070	0.070	0.070	0.070	0.070	0.078	0.456	0.814	0.819	
0.510	0.510	0.510	0.510	0.510	0.378	0.108	0.105	0.105	0.105	0.101	0.042	0.041	0.041	0.041	1.160	1.750	0.796	0.070	0.070	0.070	0.070	0.070	0.132	0.618	0.819	0.819	0.819	
0.510	0.510	0.510	0.510	0.510	0.510	0.323	0.105	0.105	0.105	0.105	0.054	0.041	0.041	0.144	1.691	1.750	0.916	0.070	0.070	0.070	0.070	0.235	0.735	0.819	0.819	0.819	0.823	
0.643	0.510	0.510	0.510	0.510	0.510	0.509	0.266	0.105	0.105	0.105	1.377	0.230	0.241	1.754	1.750	1.750	1.036	0.070	0.070	0.071	0.388	0.802	0.819	0.819	0.819	0.840	0.882	
0.946	0.847	0.616	0.510	0.510	0.510	0.510	0.502	0.215	0.172	1.544	4.417	4.036	4.502	4.793	2.259	1.750	2.126	0.517	0.104	0.558	0.819	0.819	0.819	0.824	0.864	0.889	0.889	
0.946	0.946	0.946	0.820	0.591	0.510	0.510	0.510	2.112	4.703	4.615	4.427	4.440	4.853	4.854	4.492	3.671	4.366	4.249	1.514	0.819	0.819	0.819	0.841	0.882	0.889	0.889	0.889	
0.946	0.946	0.946	0.946	0.943	0.792	0.569	0.569	3.391	4.713	4.723	4.746	5.001	5.095	5.075	5.156	4.975	4.376	4.377	2.556	0.819	0.825	0.865	0.889	0.889	0.889	0.889	0.889	
0.946	0.946	0.946	0.946	0.946	0.946	0.937	3.657	5.123	4.991	5.423	5.563	5.157	5.145	5.409	5.271	5.796	6.026	5.265	5.145	3.609	0.883	0.889	0.889	0.889	0.889	0.889	0.889	
0.946	0.946	0.946	0.946	0.946	0.946	0.946	4.111	5.126	5.227	5.615	5.615	4.086	2.915	5.767	5.988	6.193	6.223	5.557	5.145	4.400	0.889	0.889	0.889	0.889	0.889	0.889	0.889	
0.000	0.000	0.000	0.000	0.000	0.000	0.000	0.000	0.000	0.000	0.000	0.000	1.095	1.989	4.348	3.181	0.000	0.000	0.000	0.000	0.000	0.000	0.000	0.000	0.000	0.000	0.000	0.000	
0.000	0.000	0.000	0.000	0.000	0.000	0.000	0.000	0.000	0.000	0.000	0.000	0.497	1.989	2.750	1.496	0.000	0.000	0.000	0.000	0.000	0.000	0.000	0.000	0.000	0.000	0.000	0.000	
0.000	0.000	0.000	0.000	0.000	0.000	0.000	0.000	0.000	0.000	0.000	0.000	0.497	1.989	1.989	0.785	0.000	0.000	0.000	0.000	0.000	0.000	0.000	0.000	0.000	0.000	0.000	0.000	
0.000	0.000	0.000	0.000	0.000	0.000	0.000	0.000	0.000	0.000	0.000	0.000	0.497	1.989	1.989	0.497	0.000	0.000	0.000	0.000	0.000	0.000	0.000	0.000	0.000	0.000	0.000	0.000	
0.000	0.000	0.000	0.000	0.000	0.000	0.000	0.000	0.000	0.000	0.000	0.000	0.497	1.989	1.989	0.497	0.000	0.000	0.000	0.000	0.000	0.000	0.000	0.000	0.000	0.000	0.000	0.000	
