0.044	0.044	0.044	0.044	0.044	0.044	0.044	0.044	0.044	0.044	0.044	0.044	0.044	0.044	0.044	0.044	0.044	0.044	0.044	0.044	0.044	0.044	0.044	0.070	0.091	0.091	0.091	0.091	
0.044	0.044	0.044	0.044	0.044	0.044	0.044	0.044	0.044	0.044	0.044	0.044	0.044	0.044	0.044	0.044	0.044	0.044	0.044	0.044	0.044	0.044	0.044	0.080	0.091	0.091	0.091	0.091	
0.044	0.044	0.044	0.044	0.044	0.044	0.044	0.044	0.044	0.044	0.044	0.044	0.044	0.044	0.044	0.044	0.044	0.044	0.044	0.044	0.044	0.044	0.045	0.089	0.091	0.091	0.091	0.091	
0.044	0.044	0.044	0.044	0.044	0.044	0.044	0.044	0.044	0.044	0.044	0.044	0.044	0.044	0.044	0.044	0.044	0.044	0.044	0.044	0.044	0.044	0.053	0.091	0.091	0.091	0.091	0.091	
0.044	0.044	0.044	0.044	0.044	0.044	0.044	0.044	0.044	0.044	0.044	0.044	0.044	0.044	0.044	0.044	0.044	0.044	0.044	0.044	0.044	0.044	0.062	0.091	0.091	0.091	0.091	0.091	
0.044	0.044	0.044	0.044	0.044	0.044	0.044	0.044	0.044	0.044	0.044	0.044	0.044	0.044	0.044	0.044	0.044	0.044	0.044	0.044	0.044	0.044	0.072	0.091	0.091	0.091	0.091	0.091	
0.044	0.044	0.044	0.044	0.044	0.044	0.044	0.044	0.044	0.044	0.044	0.044	0.044	0.044	0.044	0.044	0.044	0.044	0.044	0.044	0.044	0.044	0.082	0.091	0.091	0.091	0.091	0.091	
0.044	0.044	0.044	0.044	0.044	0.044	0.044	0.044	0.044	0.044	0.044	0.044	0.044	0.044	0.044	0.044	0.044	0.044	0.044	0.044	0.044	0.046	0.090	0.091	0.091	0.091	0.091	0.091	
0.044	0.044	0.044	0.044	0.044	0.044	0.044	0.044	0.044	0.044	0.044	0.044	0.044	0.044	0.044	0.044	0.044	0.044	0.044	0.044	0.044	0.055	0.091	0.091	0.091	0.091	0.091	0.091	
0.045	0.044	0.044	0.044	0.044	0.044	0.044	0.044	0.044	0.044	0.044	0.044	0.044	0.044	0.044	0.044	0.044	0.044	0.044	0.044	0.044	0.065	0.091	0.091	0.091	0.091	0.091	0.091	
0.091	0.044	0.044	0.044	0.044	0.044	0.044	0.044	0.044	0.044	0.044	0.044	0.044	0.044	0.044	0.044	0.044	0.044	0.044	0.044	0.044	0.075	0.091	0.091	0.091	0.091	0.091	0.091	
0.161	0.044	0.044	0.044	0.044	0.044	0.044	0.044	0.044	0.044	0.044	0.044	0.044	0.044	0.044	0.044	0.044	0.044	0.044	0.044	0.044	0.085	0.091	0.091	0.091	0.091	0.091	0.091	
0.200	0.075	0.044	0.044	0.044	0.044	0.044	0.044	0.044	0.044	0.044	0.044	0.044	0.044	0.044	0.044	0.044	0.044	0.044	0.044	0.048	0.091	0.091	0.091	0.091	0.091	0.091	0.091	
0.200	0.145	0.044	0.044	0.044	0.044	0.044	0.044	0.044	0.044	0.044	0.044	0.044	0.044	0.044	0.044	0.044	0.044	0.044	0.044	0.058	0.091	0.091	0.091	0.091	0.091	0.091	0.091	
0.200	0.197	0.062	0.044	0.044	0.044	0.044	0.044	0.044	0.044	0.044	0.044	0.044	0.044	0.044	0.044	0.044	0.044	0.044	0.044	0.068	0.091	0.091	0.091	0.091	0.091	0.091	0.091	
0.200	0.200	0.129	0.044	0.044	0.044	0.044	0.044	0.044	0.044	0.044	0.044	0.044	0.044	0.044	0.044	0.044	0.044	0.044	0.044	0.078	0.091	0.091	0.091	0.091	0.091	0.091	0.091	
0.200	0.200	0.191	0.052	0.044	0.044	0.044	0.044	0.044	0.044	0.044	0.044	0.044	0.044	0.044	0.044	0.044	0.044	0.044	0.044	0.087	0.091	0.091	0.091	0.091	0.091	0.091	0.091	
0.200	0.200	0.200	0.113	0.044	0.044	0.044	0.044	0.044	0.044	0.044	0.044	0.044	0.044	0.044	0.044	0.044	0.044	0.044	0.051	0.091	0.091	0.091	0.091	0.091	0.091	0.091	0.091	
0.200	0.200	0.200	0.180	0.046	0.044	0.044	0.044	0.044	0.044	0.044	0.044	0.044	0.044	0.044	0.044	0.044	0.044	0.044	0.060	0.091	0.091	0.091	0.091	0.091	0.091	0.091	0.091	
0.200	0.200	0.200	0.200	0.097	0.044	0.044	0.044	0.044	0.044	0.044	0.044	0.044	0.044	0.044	0.044	0.044	0.044	0.044	0.070	0.091	0.091	0.091	0.091	0.091	0.091	0.091	0.091	
0.200	0.200	0.200	0.200	0.166	0.044	0.044	0.044	0.044	0.044	0.044	0.044	0.044	0.044	0.044	0.044	0.044	0.044	0.044	0.080	0.091	0.091	0.091	0.091	0.091	0.091	0.091	0.091	
0.200	0.200	0.200	0.200	0.200	0.080	0.044	0.044	0.044	0.044	0.044	0.044	0.044	0.044	0.044	0.044	0.044	0.044	0.045	0.089	0.091	0.091	0.091	0.091	0.091	0.091	0.091	0.091	
0.200	0.200	0.200	0.200	0.200	0.150	0.044	0.044	0.044	0.044	0.044	0.044	0.044	0.044	0.044	0.044	0.044	0.044	0.053	0.091	0.091	0.091	0.091	0.091	0.091	0.091	0.091	0.091	
0.208	0.200	0.200	0.200	0.200	0.199	0.066	0.044	0.044	0.044	0.044	0.044	0.044	0.044	0.044	0.044	0.044	0.044	0.063	0.091	0.091	0.091	0.091	0.091	0.091	0.091	0.091	0.091	
0.256	0.200	0.200	0.200	0.200	0.200	0.134	0.044	0.044	0.044	0.044	0.044	0.044	0.044	0.044	0.044	0.044	0.044	0.073	0.091	0.091	0.091	0.091	0.091	0.091	0.091	0.091	0.091	
0.294	0.214	0.200	0.200	0.200	0.200	0.193	0.055	0.044	0.044	0.044	0.044	0.044	0.044	0.044	0.044	0.044	0.044	0.083	0.091	0.091	0.091	0.091	0.091	0.091	0.091	0.091	0.091	
0.296	0.265	0.200	0.200	0.200	0.200	0.200	0.118	0.044	0.044	0.044	0.044	0.044	0.044	0.044	0.044	0.044	0.046	0.090	0.091	0.091	0.091	0.091	0.091	0.091	0.091	0.091	0.157	
0.296	0.296	0.223	0.200	0.200	0.200	0.200	0.184	0.048	0.044	0.044	0.044	0.044	0.044	0.044	0.044	0.044	0.056	0.091	0.091	0.091	0.091	0.091	0.091	0.091	0.091	0.109	0.293	
0.296	0.296	0.275	0.200	0.200	0.200	0.200	0.200	0.102	0.044	0.044	0.044	0.044	0.044	0.044	0.044	0.044	0.066	0.091	0.091	0.091	0.091	0.091	0.091	0.091	0.091	0.242	0.314	
0.296	0.296	0.296	0.232	0.200	0.200	0.200	0.200	0.172	0.045	0.044	0.044	0.044	0.044	0.044	0.044	0.044	0.076	0.091	0.091	0.091	0.091	0.091	0.091	0.091	0.173	0.314	0.314	
0.296	0.296	0.296	0.283	0.202	0.200	0.200	0.200	0.200	0.086	0.044	0.044	0.044	0.044	0.044	0.044	0.044	0.085	0.091	0.091	0.091	0.091	0.091	0.091	0.118	0.301	0.314	0.314	
0.296	0.296	0.296	0.296	0.242	0.200	0.200	0.200	0.200	0.156	0.044	0.044	0.044	0.044	0.044	0.044	0.049	0.091	0.091	0.091	0.091	0.091	0.091	0.092	0.257	0.314	0.314	0.314	
0.296	0.296	0.296	0.296	0.289	0.206	0.200	0.200	0.200	0.199	0.070	0.044	0.044	0.044	0.044	0.044	0.058	0.091	0.091	0.091	0.091	0.091	0.091	0.190	0.314	0.314	0.314	0.314	
0.296	0.296	0.296	0.296	0.296	0.252	0.200	0.200	0.200	0.200	0.140	0.044	0.044	0.044	0.044	0.044	0.068	0.091	0.091	0.091	0.091	0.091	0.128	0.306	0.314	0.314	0.314	0.314	
0.296	0.296	0.296	0.296	0.296	0.293	0.212	0.200	0.200	0.200	0.195	0.058	0.044	0.044	0.044	0.044	0.078	0.091	0.091	0.091	0.091	0.096	0.270	0.314	0.314	0.314	0.314	0.314	
0.296	0.296	0.296	0.296	0.296	0.296	0.262	0.200	0.200	0.200	0.200	0.123	0.044	0.044	0.044	0.044	0.088	0.091	0.091	0.091	0.091	0.206	0.314	0.314	0.314	0.314	0.314	0.314	
0.296	0.296	0.296	0.296	0.296	0.296	0.296	0.220	0.200	0.200	0.200	0.188	0.050	0.044	0.044	0.051	0.091	0.091	0.091	0.091	0.140	0.311	0.314	0.314	0.314	0.314	0.314	0.314	
0.296	0.296	0.296	0.296	0.296	0.296	0.296	0.272	0.200	0.200	0.200	0.200	0.107	0.044	0.113	0.839	0.091	0.091	0.091	0.101	0.282	0.314	0.314	0.314	0.314	0.314	0.314	0.314	
0.296	0.296	0.296	0.296	0.296	0.296	0.296	0.296	1.527	0.323	0.200	0.200	0.510	1.686	3.195	3.549	0.830	0.309	0.735	0.454	0.314	0.314	0.314	0.314	0.314	0.314	0.314	0.314	
0.296	0.296	0.296	0.296	0.296	0.296	0.296	0.296	2.879	2.692	1.236	2.358	3.813	3.709	3.588	3.588	3.534	3.570	3.570	1.227	0.314	0.314	0.314	0.314	0.314	0.314	0.314	0.314	
1.242	0.887	0.531	0.301	0.296	0.296	0.296	0.302	3.027	3.067	3.323	3.947	3.947	4.292	4.296	3.988	3.636	3.570	3.570	1.532	0.314	0.314	0.314	0.314	0.314	0.314	0.314	0.314	
1.360	1.450	1.450	1.326	0.975	0.620	0.326	0.435	3.081	3.067	3.488	4.154	4.067	4.605	4.649	4.479	4.066	3.909	3.527	3.307	2.518	1.214	0.337	0.355	0.469	0.586	0.702	0.818	
1.181	1.273	1.430	1.450	1.450	1.450	1.389	2.424	3.774	3.677	4.291	4.465	4.477	4.893	4.844	4.368	4.072	4.072	3.563	3.314	3.314	3.017	1.212	0.881	0.883	0.883	0.883	0.883	
1.181	1.181	1.207	1.369	1.450	1.450	1.452	3.083	3.788	3.788	4.504	4.632	4.624	5.055	5.055	4.997	4.726	4.323	4.007	3.714	2.841	1.094	0.883	0.883	0.883	0.883	0.883	0.883	
1.181	1.181	1.181	1.182	1.283	1.648	3.453	4.411	4.148	4.592	5.359	5.378	5.839	5.803	5.327	5.110	5.109	4.667	4.050	4.050	2.011	0.883	0.883	0.883	0.883	0.883	0.883	0.922	
1.181	1.181	1.181	1.181	1.181	2.831	4.447	4.433	5.093	5.694	5.537	5.377	6.061	6.213	5.850	5.528	5.234	5.259	4.499	4.238	2.310	1.266	1.036	0.886	0.885	0.959	1.064	1.131	
1.681	1.335	1.181	1.181	1.257	4.410	4.848	4.987	5.766	5.715	5.959	5.657	5.411	5.731	5.675	5.680	5.431	5.321	5.017	4.789	4.066	3.585	3.585	3.351	1.475	1.132	1.132	1.132	
2.087	2.086	1.892	1.545	3.132	4.926	4.917	5.704	6.006	6.120	6.370	6.088	5.358	5.359	5.767	5.926	5.867	5.499	4.812	4.789	4.176	3.585	3.451	1.662	1.132	1.132	1.132	1.132	
2.087	2.087	2.087	2.087	5.116	5.236	5.627	6.365	6.211	6.589	6.521	5.909	5.391	4.867	4.702	5.869	6.179	6.392	6.470	6.201	5.588	5.347	2.648	1.132	1.132	1.132	1.132	1.132	
2.087	2.087	2.087	2.092	5.241	5.274	5.975	6.429	6.521	6.731	6.731	5.537	5.396	4.595	4.200	4.928	6.387	6.393	6.631	6.631	5.657	5.624	2.887	1.132	1.132	1.132	1.132	1.132	
0.000	0.000	0.000	0.000	0.000	0.000	0.000	0.000	0.000	0.000	0.000	0.000	2.859	4.289	4.200	2.284	0.000	0.000	0.000	0.000	0.000	0.000	0.000	0.000	0.000	0.000	0.000	0.000	
0.000	0.000	0.000	0.000	0.000	0.000	0.000	0.000	0.000	0.000	0.000	0.000	0.645	2.510	2.593	0.672	0.000	0.000	0.000	0.000	0.000	0.000	0.000	0.000	0.000	0.000	0.000	0.000	
0.000	0.000	0.000	0.000	0.000	0.000	0.000	0.000	0.000	0.000	0.000	0.000	0.628	2.510	2.510	0.628	0.000	0.000	0.000	0.000	0.000	0.000	0.000	0.000	0.000	0.000	0.000	0.000	
0.000	0.000	0.000	0.000	0.000	0.000	0.000	0.000	0.000	0.000	0.000	0.000	0.628	2.510	2.510	0.628	0.000	0.000	0.000	0.000	0.000	0.000	0.000	0.000	0.000	0.000	0.000	0.000	
0.000	0.000	0.000	0.000	0.000	0.000	0.000	0.000	0.000	0.000	0.000	0.000	0.628	2.510	2.510	0.628	0.000	0.000	0.000	0.000	0.000	0.000	0.000	0.000	0.000	0.000	0.000	0.000	
