0.091	0.091	0.052	0.040	0.040	0.040	0.040	0.040	0.040	0.040	0.040	0.040	0.040	0.040	0.040	0.040	0.040	0.040	0.040	0.040	0.040	0.040	0.040	0.040	0.040	0.057	0.091	0.091	
0.091	0.091	0.063	0.040	0.040	0.040	0.040	0.040	0.040	0.040	0.040	0.040	0.040	0.040	0.040	0.040	0.040	0.040	0.040	0.040	0.040	0.040	0.040	0.040	0.040	0.068	0.091	0.091	
0.091	0.091	0.073	0.040	0.040	0.040	0.040	0.040	0.040	0.040	0.040	0.040	0.040	0.040	0.040	0.040	0.040	0.040	0.040	0.040	0.040	0.040	0.040	0.040	0.040	0.080	0.091	0.091	
0.091	0.091	0.083	0.040	0.040	0.040	0.040	0.040	0.040	0.040	0.040	0.040	0.040	0.040	0.040	0.040	0.040	0.040	0.040	0.040	0.040	0.040	0.040	0.040	0.041	0.090	0.091	0.091	
0.091	0.091	0.091	0.043	0.040	0.040	0.040	0.040	0.040	0.040	0.040	0.040	0.040	0.040	0.040	0.040	0.040	0.040	0.040	0.040	0.040	0.040	0.040	0.040	0.052	0.091	0.091	0.091	
0.091	0.091	0.091	0.053	0.040	0.040	0.040	0.040	0.040	0.040	0.040	0.040	0.040	0.040	0.040	0.040	0.040	0.040	0.040	0.040	0.040	0.040	0.040	0.040	0.063	0.091	0.091	0.091	
0.091	0.091	0.091	0.063	0.040	0.040	0.040	0.040	0.040	0.040	0.040	0.040	0.040	0.040	0.040	0.040	0.040	0.040	0.040	0.040	0.040	0.040	0.040	0.040	0.075	0.091	0.091	0.091	
0.091	0.091	0.091	0.073	0.040	0.040	0.040	0.040	0.040	0.040	0.040	0.040	0.040	0.040	0.040	0.040	0.040	0.040	0.040	0.040	0.040	0.040	0.040	0.040	0.086	0.091	0.091	0.091	
0.091	0.091	0.091	0.084	0.040	0.040	0.040	0.040	0.040	0.040	0.040	0.040	0.040	0.040	0.040	0.040	0.040	0.040	0.040	0.040	0.040	0.040	0.040	0.046	0.091	0.091	0.091	0.091	
0.091	0.091	0.091	0.091	0.043	0.040	0.040	0.040	0.040	0.040	0.040	0.040	0.040	0.040	0.040	0.040	0.040	0.040	0.040	0.040	0.040	0.040	0.040	0.058	0.091	0.091	0.091	0.091	
0.091	0.091	0.091	0.091	0.053	0.040	0.040	0.040	0.040	0.040	0.040	0.040	0.040	0.040	0.040	0.040	0.040	0.040	0.040	0.040	0.040	0.040	0.040	0.069	0.091	0.091	0.091	0.091	
0.091	0.091	0.091	0.091	0.064	0.040	0.040	0.040	0.040	0.040	0.040	0.040	0.040	0.040	0.040	0.040	0.040	0.040	0.040	0.040	0.040	0.040	0.040	0.081	0.091	0.091	0.091	0.091	
0.091	0.091	0.091	0.091	0.074	0.040	0.040	0.040	0.040	0.040	0.040	0.040	0.040	0.040	0.040	0.040	0.040	0.040	0.040	0.040	0.040	0.040	0.042	0.090	0.091	0.091	0.091	0.091	
0.091	0.091	0.091	0.091	0.084	0.040	0.040	0.040	0.040	0.040	0.040	0.040	0.040	0.040	0.040	0.040	0.040	0.040	0.040	0.040	0.040	0.040	0.053	0.091	0.091	0.091	0.091	0.091	
0.091	0.091	0.091	0.091	0.091	0.044	0.040	0.040	0.040	0.040	0.040	0.040	0.040	0.040	0.040	0.040	0.040	0.040	0.040	0.040	0.040	0.040	0.064	0.091	0.091	0.091	0.091	0.091	
0.091	0.091	0.091	0.091	0.091	0.054	0.040	0.040	0.040	0.040	0.040	0.040	0.040	0.040	0.040	0.040	0.040	0.040	0.040	0.040	0.040	0.040	0.076	0.091	0.091	0.091	0.091	0.091	
0.091	0.091	0.091	0.091	0.091	0.064	0.040	0.040	0.040	0.040	0.040	0.040	0.040	0.040	0.040	0.040	0.040	0.040	0.040	0.040	0.040	0.040	0.087	0.091	0.091	0.091	0.091	0.091	
0.091	0.091	0.091	0.091	0.091	0.074	0.040	0.040	0.040	0.040	0.040	0.040	0.040	0.040	0.040	0.040	0.040	0.040	0.040	0.040	0.040	0.048	0.091	0.091	0.091	0.091	0.091	0.091	
0.091	0.091	0.091	0.091	0.091	0.085	0.040	0.040	0.040	0.040	0.040	0.040	0.040	0.040	0.040	0.040	0.040	0.040	0.040	0.040	0.040	0.059	0.091	0.091	0.091	0.091	0.091	0.091	
0.091	0.091	0.091	0.091	0.091	0.091	0.044	0.040	0.040	0.040	0.040	0.040	0.040	0.040	0.040	0.040	0.040	0.040	0.040	0.040	0.040	0.071	0.091	0.091	0.091	0.091	0.091	0.091	
0.091	0.091	0.091	0.091	0.091	0.091	0.054	0.040	0.040	0.040	0.040	0.040	0.040	0.040	0.040	0.040	0.040	0.040	0.040	0.040	0.040	0.082	0.091	0.091	0.091	0.091	0.091	0.091	
0.091	0.091	0.091	0.091	0.091	0.091	0.065	0.040	0.040	0.040	0.040	0.040	0.040	0.040	0.040	0.040	0.040	0.040	0.040	0.040	0.043	0.091	0.091	0.091	0.091	0.091	0.091	0.091	
0.091	0.091	0.091	0.091	0.091	0.091	0.075	0.040	0.040	0.040	0.040	0.040	0.040	0.040	0.040	0.040	0.040	0.040	0.040	0.040	0.054	0.091	0.091	0.091	0.091	0.091	0.091	0.091	
0.091	0.091	0.091	0.091	0.091	0.091	0.085	0.040	0.040	0.040	0.040	0.040	0.040	0.040	0.040	0.040	0.040	0.040	0.040	0.040	0.065	0.091	0.091	0.091	0.091	0.091	0.091	0.091	
0.091	0.091	0.091	0.091	0.091	0.091	0.091	0.044	0.040	0.040	0.040	0.040	0.040	0.040	0.040	0.040	0.040	0.040	0.040	0.040	0.077	0.091	0.091	0.091	0.091	0.091	0.091	0.091	
0.091	0.091	0.091	0.091	0.091	0.091	0.091	0.055	0.040	0.040	0.040	0.040	0.040	0.040	0.040	0.040	0.040	0.040	0.040	0.040	0.088	0.091	0.091	0.091	0.091	0.091	0.091	0.091	
0.091	0.091	0.091	0.091	0.091	0.091	0.091	0.065	0.040	0.040	0.040	0.040	0.040	0.040	0.040	0.040	0.040	0.040	0.040	0.049	0.091	0.091	0.091	0.091	0.091	0.091	0.091	0.091	
0.091	0.091	0.091	0.091	0.091	0.091	0.091	0.075	0.040	0.040	0.040	0.040	0.040	0.040	0.040	0.040	0.040	0.040	0.040	0.060	0.091	0.091	0.091	0.091	0.091	0.091	0.091	0.091	
0.091	0.091	0.091	0.091	0.091	0.091	0.091	0.086	0.040	0.040	0.040	0.040	0.040	0.040	0.040	0.040	0.040	0.040	0.040	0.072	0.091	0.091	0.091	0.091	0.091	0.091	0.091	0.091	
0.091	0.091	0.091	0.091	0.091	0.091	0.091	0.091	0.045	0.040	0.040	0.040	0.040	0.040	0.040	0.040	0.040	0.040	0.040	0.083	0.091	0.091	0.091	0.091	0.091	0.091	0.091	0.091	
0.091	0.091	0.091	0.091	0.091	0.091	0.091	0.091	0.055	0.040	0.040	0.040	0.040	0.040	0.040	0.040	0.040	0.040	0.044	0.091	0.091	0.091	0.091	0.091	0.091	0.091	0.091	0.091	
0.091	0.091	0.091	0.091	0.091	0.091	0.091	0.091	0.066	0.040	0.040	0.040	0.040	0.040	0.040	0.040	0.040	0.040	0.055	0.091	0.091	0.091	0.091	0.091	0.091	0.091	0.091	0.144	
0.091	0.091	0.091	0.091	0.091	0.091	0.091	0.091	0.076	0.040	0.040	0.040	0.040	0.040	0.040	0.040	0.040	0.040	0.066	0.091	0.091	0.091	0.091	0.091	0.091	0.091	0.091	0.298	
0.091	0.091	0.091	0.091	0.091	0.091	0.091	0.091	0.086	0.040	0.040	0.040	0.040	0.040	0.040	0.040	0.040	0.040	0.078	0.091	0.091	0.091	0.091	0.091	0.091	0.091	0.177	0.369	
0.091	0.091	0.091	0.091	0.091	0.091	0.091	0.091	0.091	0.045	0.040	0.040	0.040	0.040	0.040	0.040	0.040	0.041	0.089	0.091	0.091	0.091	0.091	0.091	0.091	0.097	0.327	0.369	
0.091	0.091	0.091	0.091	0.091	0.091	0.091	0.091	0.091	0.056	0.040	0.040	0.040	0.040	0.040	0.040	0.040	0.050	0.091	0.091	0.091	0.091	0.091	0.091	0.091	0.212	0.369	0.369	
0.091	0.091	0.091	0.091	0.091	0.091	0.091	0.091	0.091	0.066	0.040	0.040	0.040	0.040	0.040	0.040	0.040	0.061	0.091	0.091	0.091	0.091	0.091	0.091	0.110	0.349	0.369	0.369	
0.097	0.091	0.091	0.091	0.091	0.091	0.091	0.091	0.091	0.076	0.040	0.040	0.040	0.040	0.040	0.040	0.040	0.073	0.091	0.091	0.091	0.091	0.091	0.091	0.247	0.369	0.369	0.369	
0.440	0.093	0.091	0.091	0.091	0.091	0.091	0.091	0.091	0.161	0.082	0.040	0.040	0.040	0.040	0.040	0.040	0.084	0.091	0.091	0.091	0.091	0.091	0.132	0.363	0.369	0.369	0.369	
0.670	0.403	0.091	0.091	0.091	0.091	0.091	0.091	0.091	0.300	0.768	0.040	0.040	0.040	0.040	0.040	0.045	0.091	0.091	0.091	0.091	0.091	0.091	0.282	0.369	0.369	0.369	0.369	
0.670	0.670	0.364	0.091	0.091	0.091	0.091	0.091	0.091	0.337	1.672	0.040	0.040	0.040	0.040	0.040	0.056	0.091	0.091	0.091	0.091	0.091	0.161	0.368	0.369	0.369	0.369	0.369	
0.670	0.670	0.668	0.327	0.091	0.091	0.091	0.091	0.091	0.374	2.096	0.521	0.040	0.040	0.040	0.040	0.068	0.091	0.091	0.091	0.091	0.093	0.315	0.369	0.369	0.369	0.369	0.369	
0.670	0.670	0.670	0.665	0.292	0.091	0.091	0.091	0.091	0.411	2.096	1.426	0.040	0.040	0.040	0.057	0.268	0.091	0.091	0.091	0.091	0.196	0.369	0.369	0.369	0.369	0.369	0.369	
0.670	0.670	0.670	0.670	0.658	0.260	0.091	0.091	0.091	0.448	2.096	2.069	0.301	0.040	0.040	2.054	1.565	0.091	0.091	0.091	0.103	0.340	0.369	0.369	0.369	0.369	0.369	0.369	
0.670	0.670	0.670	0.670	0.670	0.648	0.231	0.091	0.091	0.485	2.096	2.096	1.373	0.156	1.758	3.689	2.533	0.091	0.091	0.091	0.231	0.369	0.369	0.369	0.369	0.369	0.369	0.369	
1.067	0.795	0.670	0.670	0.670	0.670	0.636	0.224	0.570	1.438	2.242	2.245	4.189	4.570	3.841	3.689	3.581	0.765	0.681	2.546	1.107	0.369	0.369	0.369	0.369	0.369	0.520	0.896	
1.184	1.184	1.035	0.765	0.670	0.670	0.670	2.387	4.561	4.577	5.109	5.073	4.698	4.687	4.594	4.210	4.856	4.913	4.223	4.256	1.830	0.369	0.369	0.369	0.550	0.927	1.153	1.155	
1.184	1.184	1.184	1.180	1.002	0.740	0.727	3.362	4.561	4.645	5.111	5.109	4.816	4.877	5.011	5.018	4.978	4.991	4.374	4.258	2.990	0.425	0.581	0.959	1.155	1.155	1.155	1.155	
1.184	1.184	1.184	1.184	1.184	1.173	3.738	5.143	5.125	5.813	5.732	4.857	4.763	4.911	5.048	5.502	5.517	5.834	5.838	5.020	5.107	3.203	1.155	1.155	1.155	1.155	1.155	1.155	
1.184	1.184	1.184	1.184	1.184	1.184	4.182	5.143	5.390	5.948	5.948	4.811	4.763	3.883	4.450	5.649	5.678	5.999	5.999	5.247	5.107	3.456	1.155	1.155	1.155	1.155	1.155	1.155	
0.000	0.000	0.000	0.000	0.000	0.000	0.000	0.000	0.000	0.000	0.000	0.000	1.853	1.947	2.019	2.337	0.000	0.000	0.000	0.000	0.000	0.000	0.000	0.000	0.000	0.000	0.000	0.000	
0.000	0.000	0.000	0.000	0.000	0.000	0.000	0.000	0.000	0.000	0.000	0.000	0.481	1.924	1.924	0.481	0.000	0.000	0.000	0.000	0.000	0.000	0.000	0.000	0.000	0.000	0.000	0.000	
0.000	0.000	0.000	0.000	0.000	0.000	0.000	0.000	0.000	0.000	0.000	0.000	0.481	1.924	1.924	0.481	0.000	0.000	0.000	0.000	0.000	0.000	0.000	0.000	0.000	0.000	0.000	0.000	
0.000	0.000	0.000	0.000	0.000	0.000	0.000	0.000	0.000	0.000	0.000	0.000	0.481	1.924	1.924	0.481	0.000	0.000	0.000	0.000	0.000	0.000	0.000	0.000	0.000	0.000	0.000	0.000	
0.000	0.000	0.000	0.000	0.000	0.000	0.000	0.000	0.000	0.000	0.000	0.000	0.481	1.924	1.924	0.481	0.000	0.000	0.000	0.000	0.000	0.000	0.000	0.000	0.000	0.000	0.000	0.000	
