0.083	0.083	0.083	0.083	0.083	0.083	0.070	0.054	0.054	0.054	0.054	0.054	0.054	0.054	0.054	0.054	0.054	0.054	0.054	0.054	0.054	0.054	0.054	0.054	0.054	0.068	0.102	0.102	
0.083	0.083	0.083	0.083	0.083	0.083	0.074	0.054	0.054	0.054	0.054	0.054	0.054	0.054	0.054	0.054	0.054	0.054	0.054	0.054	0.054	0.054	0.054	0.054	0.054	0.080	0.102	0.102	
0.083	0.083	0.083	0.083	0.083	0.083	0.079	0.054	0.054	0.054	0.054	0.054	0.054	0.054	0.054	0.054	0.054	0.054	0.054	0.054	0.054	0.054	0.054	0.054	0.054	0.092	0.102	0.102	
0.083	0.083	0.083	0.083	0.083	0.083	0.082	0.054	0.054	0.054	0.054	0.054	0.054	0.054	0.054	0.054	0.054	0.054	0.054	0.054	0.054	0.054	0.054	0.054	0.057	0.102	0.102	0.102	
0.083	0.083	0.083	0.083	0.083	0.083	0.083	0.057	0.054	0.054	0.054	0.054	0.054	0.054	0.054	0.054	0.054	0.054	0.054	0.054	0.054	0.054	0.054	0.054	0.068	0.102	0.102	0.102	
0.083	0.083	0.083	0.083	0.083	0.083	0.083	0.062	0.054	0.054	0.054	0.054	0.054	0.054	0.054	0.054	0.054	0.054	0.054	0.054	0.054	0.054	0.054	0.054	0.081	0.102	0.102	0.102	
0.083	0.083	0.083	0.083	0.083	0.083	0.083	0.066	0.054	0.054	0.054	0.054	0.054	0.054	0.054	0.054	0.054	0.054	0.054	0.054	0.054	0.054	0.054	0.054	0.093	0.102	0.102	0.102	
0.083	0.083	0.083	0.083	0.083	0.083	0.083	0.070	0.054	0.054	0.054	0.054	0.054	0.054	0.054	0.054	0.054	0.054	0.054	0.054	0.054	0.054	0.054	0.057	0.102	0.102	0.102	0.102	
0.083	0.083	0.083	0.083	0.083	0.083	0.083	0.074	0.054	0.054	0.054	0.054	0.054	0.054	0.054	0.054	0.054	0.054	0.054	0.054	0.054	0.054	0.054	0.069	0.102	0.102	0.102	0.102	
0.083	0.083	0.083	0.083	0.083	0.083	0.083	0.078	0.054	0.054	0.054	0.054	0.054	0.054	0.054	0.054	0.054	0.054	0.054	0.054	0.054	0.054	0.054	0.081	0.102	0.102	0.102	0.102	
0.083	0.083	0.083	0.083	0.083	0.083	0.083	0.082	0.054	0.054	0.054	0.054	0.054	0.054	0.054	0.054	0.054	0.054	0.054	0.054	0.054	0.054	0.054	0.094	0.102	0.102	0.102	0.102	
0.083	0.083	0.083	0.083	0.083	0.083	0.083	0.083	0.057	0.054	0.054	0.054	0.054	0.054	0.054	0.054	0.054	0.054	0.054	0.054	0.054	0.054	0.058	0.102	0.102	0.102	0.102	0.102	
0.083	0.083	0.083	0.083	0.083	0.083	0.083	0.083	0.061	0.054	0.054	0.054	0.054	0.054	0.054	0.054	0.054	0.054	0.054	0.054	0.054	0.054	0.070	0.102	0.102	0.102	0.102	0.102	
0.083	0.083	0.083	0.083	0.083	0.083	0.083	0.083	0.065	0.054	0.054	0.054	0.054	0.054	0.054	0.054	0.054	0.054	0.054	0.054	0.054	0.054	0.082	0.102	0.102	0.102	0.102	0.102	
0.083	0.083	0.083	0.083	0.083	0.083	0.083	0.083	0.069	0.054	0.054	0.054	0.054	0.054	0.054	0.054	0.054	0.054	0.054	0.054	0.054	0.054	0.094	0.102	0.102	0.102	0.102	0.102	
0.083	0.083	0.083	0.083	0.083	0.083	0.083	0.083	0.073	0.054	0.054	0.054	0.054	0.054	0.054	0.054	0.054	0.054	0.054	0.054	0.054	0.058	0.102	0.102	0.102	0.102	0.102	0.102	
0.083	0.083	0.083	0.083	0.083	0.083	0.083	0.083	0.078	0.054	0.054	0.054	0.054	0.054	0.054	0.054	0.054	0.054	0.054	0.054	0.054	0.070	0.102	0.102	0.102	0.102	0.102	0.102	
0.083	0.083	0.083	0.083	0.083	0.083	0.083	0.083	0.082	0.054	0.054	0.054	0.054	0.054	0.054	0.054	0.054	0.054	0.054	0.054	0.054	0.083	0.102	0.102	0.102	0.102	0.102	0.102	
0.083	0.083	0.083	0.083	0.083	0.083	0.083	0.083	0.083	0.056	0.054	0.054	0.054	0.054	0.054	0.054	0.054	0.054	0.054	0.054	0.054	0.095	0.102	0.102	0.102	0.102	0.102	0.102	
0.083	0.083	0.083	0.083	0.083	0.083	0.083	0.083	0.083	0.061	0.054	0.054	0.054	0.054	0.054	0.054	0.054	0.054	0.054	0.054	0.059	0.102	0.102	0.102	0.102	0.102	0.102	0.102	
0.083	0.083	0.083	0.083	0.083	0.083	0.083	0.083	0.083	0.065	0.054	0.054	0.054	0.054	0.054	0.054	0.054	0.054	0.054	0.054	0.071	0.102	0.102	0.102	0.102	0.102	0.102	0.102	
0.110	0.083	0.083	0.083	0.083	0.083	0.083	0.083	0.083	0.069	0.054	0.054	0.054	0.054	0.054	0.054	0.054	0.054	0.054	0.054	0.083	0.102	0.102	0.102	0.102	0.102	0.102	0.102	
0.196	0.083	0.083	0.083	0.083	0.083	0.083	0.083	0.083	0.073	0.054	0.054	0.054	0.054	0.054	0.054	0.054	0.054	0.054	0.054	0.096	0.102	0.102	0.102	0.102	0.102	0.102	0.102	
0.270	0.096	0.083	0.083	0.083	0.083	0.083	0.083	0.083	0.077	0.054	0.054	0.054	0.054	0.054	0.054	0.054	0.054	0.054	0.059	0.102	0.102	0.102	0.102	0.102	0.102	0.102	0.102	
0.279	0.175	0.083	0.083	0.083	0.083	0.083	0.083	0.083	0.081	0.054	0.054	0.054	0.054	0.054	0.054	0.054	0.054	0.054	0.072	0.102	0.102	0.102	0.102	0.102	0.102	0.102	0.102	
0.279	0.258	0.087	0.083	0.083	0.083	0.083	0.083	0.083	0.083	0.056	0.054	0.054	0.054	0.054	0.054	0.054	0.054	0.054	0.084	0.102	0.102	0.102	0.102	0.102	0.102	0.102	0.103	
0.279	0.279	0.154	0.083	0.083	0.083	0.083	0.083	0.083	0.083	0.060	0.054	0.054	0.054	0.054	0.054	0.054	0.054	0.054	0.096	0.102	0.102	0.102	0.102	0.102	0.102	0.102	0.171	
0.279	0.279	0.241	0.083	0.083	0.083	0.083	0.083	0.083	0.083	0.064	0.054	0.054	0.054	0.054	0.054	0.054	0.054	0.060	0.102	0.102	0.102	0.102	0.102	0.102	0.102	0.102	0.290	
0.279	0.279	0.279	0.133	0.083	0.083	0.083	0.083	0.083	0.083	0.068	0.054	0.054	0.054	0.054	0.054	0.054	0.054	0.072	0.102	0.102	0.102	0.102	0.102	0.102	0.102	0.153	0.359	
0.279	0.279	0.279	0.220	0.083	0.083	0.083	0.083	0.083	0.083	0.072	0.054	0.054	0.054	0.054	0.054	0.054	0.054	0.085	0.102	0.102	0.102	0.102	0.102	0.102	0.102	0.273	0.360	
0.279	0.279	0.279	0.278	0.113	0.083	0.083	0.083	0.083	0.083	0.077	0.054	0.054	0.054	0.054	0.054	0.054	0.054	0.097	0.102	0.102	0.102	0.102	0.102	0.102	0.147	0.357	0.360	
0.279	0.279	0.279	0.279	0.199	0.083	0.083	0.083	0.083	0.083	0.081	0.054	0.054	0.054	0.054	0.054	0.054	0.061	0.102	0.102	0.102	0.102	0.102	0.102	0.104	0.430	0.360	0.360	
0.279	0.279	0.279	0.279	0.272	0.098	0.083	0.083	0.083	0.083	0.083	0.055	0.054	0.054	0.054	0.054	0.054	0.073	0.102	0.102	0.102	0.102	0.102	0.102	0.433	0.450	0.360	0.360	
0.279	0.279	0.279	0.279	0.279	0.178	0.083	0.083	0.083	0.083	0.083	0.059	0.054	0.054	0.054	0.054	0.054	0.085	0.102	0.102	0.102	0.102	0.102	0.183	0.791	0.360	0.360	0.360	
0.279	0.279	0.279	0.279	0.279	0.260	0.088	0.083	0.083	0.083	0.083	0.064	0.054	0.054	0.054	0.054	0.054	0.098	0.102	0.102	0.102	0.102	0.102	0.689	0.634	0.360	0.360	0.360	
0.279	0.279	0.279	0.279	0.279	0.279	0.157	0.083	0.083	0.083	0.083	0.068	0.054	0.054	0.054	0.054	0.061	0.102	0.102	0.102	0.102	0.102	0.375	0.978	0.421	0.360	0.360	0.360	
0.279	0.279	0.279	0.279	0.279	0.279	0.244	0.084	0.083	0.083	0.083	0.072	0.054	0.054	0.054	0.054	0.074	0.102	0.102	0.102	0.102	0.154	0.892	0.819	0.360	0.360	0.360	0.360	
0.607	0.279	0.279	0.279	0.279	0.279	0.279	0.136	0.083	0.083	0.083	0.076	0.054	0.054	0.054	0.054	0.086	0.102	0.102	0.102	0.102	0.630	0.985	0.598	0.360	0.360	0.360	0.360	
1.128	0.626	0.279	0.279	0.279	0.279	0.279	0.223	0.083	0.083	0.083	0.080	0.054	0.054	0.054	0.054	0.098	0.102	0.102	0.102	0.321	0.981	0.966	0.397	0.360	0.360	0.360	0.360	
1.142	1.130	0.645	0.279	0.279	0.279	0.279	0.278	0.115	0.083	0.083	0.083	0.055	0.054	0.054	0.062	0.102	0.102	0.102	0.132	0.855	0.985	0.783	0.360	0.360	0.360	0.360	0.360	
1.173	1.134	1.131	0.665	0.279	0.279	0.279	0.279	0.202	0.083	0.083	0.083	0.059	0.054	0.054	0.074	0.102	0.102	0.102	0.571	0.985	0.985	0.563	0.360	0.360	0.360	0.360	0.360	
1.182	1.158	1.133	1.133	0.685	0.279	0.279	0.279	0.273	0.348	0.083	0.106	0.939	0.121	1.859	2.768	0.102	0.102	0.272	0.970	0.985	0.948	0.379	0.360	0.360	0.360	0.360	0.360	
1.182	1.181	1.143	1.133	1.133	0.706	0.279	0.279	0.617	4.330	3.333	3.193	4.305	4.144	4.502	4.494	1.473	0.272	0.812	0.985	0.985	0.748	0.360	0.360	0.360	0.360	0.360	0.429	
1.182	1.182	1.173	1.134	1.133	1.133	0.726	0.781	2.617	4.468	4.468	4.347	4.305	4.388	4.618	4.554	4.722	4.608	1.347	0.985	1.639	1.556	0.360	0.360	0.360	0.360	0.727	1.484	
1.182	1.182	1.182	1.159	1.133	1.133	1.411	4.485	4.490	4.705	5.097	5.202	5.293	5.461	5.607	5.317	4.732	4.805	4.728	3.550	4.495	3.584	0.360	0.360	0.452	1.166	1.627	1.629	
1.182	1.182	1.182	1.181	1.994	1.880	2.491	4.510	4.490	5.212	5.547	5.715	5.967	5.859	5.607	5.618	5.216	5.165	5.244	4.945	4.538	4.541	1.989	0.889	1.513	1.629	1.629	1.629	
1.359	1.182	1.182	1.199	4.372	4.644	5.129	5.390	5.349	5.934	5.769	6.201	6.156	5.882	5.776	5.713	5.754	6.150	5.612	5.626	5.273	4.655	4.671	2.499	1.629	1.629	1.629	1.786	
3.280	2.471	1.508	2.428	4.683	4.647	5.272	5.458	5.749	6.037	6.168	6.471	6.380	5.856	5.843	5.690	6.146	6.621	6.365	5.749	5.728	4.700	4.674	3.323	1.631	1.912	2.381	2.694	
3.359	3.359	3.625	5.161	5.128	5.873	6.239	6.475	7.001	6.878	7.238	6.320	6.153	5.874	5.608	5.586	7.386	7.050	7.012	6.554	6.247	6.087	5.207	5.325	3.499	2.702	2.702	2.702	
3.359	3.359	3.704	5.161	5.161	6.118	6.287	6.921	7.123	7.361	7.420	6.273	6.089	4.760	5.280	5.820	7.489	7.413	7.112	7.001	6.369	6.369	5.359	5.325	3.771	2.702	2.702	2.702	
0.000	0.000	0.000	0.000	0.000	0.000	0.000	0.000	0.000	0.000	0.000	0.000	2.377	3.351	3.465	2.575	0.000	0.000	0.000	0.000	0.000	0.000	0.000	0.000	0.000	0.000	0.000	0.000	
0.000	0.000	0.000	0.000	0.000	0.000	0.000	0.000	0.000	0.000	0.000	0.000	0.838	3.351	3.351	0.838	0.000	0.000	0.000	0.000	0.000	0.000	0.000	0.000	0.000	0.000	0.000	0.000	
0.000	0.000	0.000	0.000	0.000	0.000	0.000	0.000	0.000	0.000	0.000	0.000	0.883	3.576	3.648	0.923	0.000	0.000	0.000	0.000	0.000	0.000	0.000	0.000	0.000	0.000	0.000	0.000	
0.000	0.000	0.000	0.000	0.000	0.000	0.000	0.000	0.000	0.000	0.000	0.000	1.121	4.485	4.485	1.121	0.000	0.000	0.000	0.000	0.000	0.000	0.000	0.000	0.000	0.000	0.000	0.000	
0.000	0.000	0.000	0.000	0.000	0.000	0.000	0.000	0.000	0.000	0.000	0.000	1.121	4.485	4.485	1.121	0.000	0.000	0.000	0.000	0.000	0.000	0.000	0.000	0.000	0.000	0.000	0.000	
