0.098	0.091	0.042	0.042	0.042	0.042	0.042	0.042	0.042	0.042	0.042	0.042	0.042	0.042	0.042	0.042	0.042	0.042	0.042	0.042	0.042	0.042	0.042	0.042	0.064	0.087	0.087	0.087	
0.098	0.098	0.048	0.042	0.042	0.042	0.042	0.042	0.042	0.042	0.042	0.042	0.042	0.042	0.042	0.042	0.042	0.042	0.042	0.042	0.042	0.042	0.042	0.042	0.072	0.087	0.087	0.087	
0.098	0.098	0.060	0.042	0.042	0.042	0.042	0.042	0.042	0.042	0.042	0.042	0.042	0.042	0.042	0.042	0.042	0.042	0.042	0.042	0.042	0.042	0.042	0.042	0.079	0.087	0.087	0.087	
0.098	0.098	0.072	0.042	0.042	0.042	0.042	0.042	0.042	0.042	0.042	0.042	0.042	0.042	0.042	0.042	0.042	0.042	0.042	0.042	0.042	0.042	0.042	0.043	0.086	0.087	0.087	0.087	
0.098	0.098	0.085	0.042	0.042	0.042	0.042	0.042	0.042	0.042	0.042	0.042	0.042	0.042	0.042	0.042	0.042	0.042	0.042	0.042	0.042	0.042	0.042	0.050	0.087	0.087	0.087	0.087	
0.098	0.098	0.096	0.043	0.042	0.042	0.042	0.042	0.042	0.042	0.042	0.042	0.042	0.042	0.042	0.042	0.042	0.042	0.042	0.042	0.042	0.042	0.042	0.058	0.087	0.087	0.087	0.087	
0.098	0.098	0.098	0.054	0.042	0.042	0.042	0.042	0.042	0.042	0.042	0.042	0.042	0.042	0.042	0.042	0.042	0.042	0.042	0.042	0.042	0.042	0.042	0.066	0.087	0.087	0.087	0.087	
0.098	0.098	0.098	0.066	0.042	0.042	0.042	0.042	0.042	0.042	0.042	0.042	0.042	0.042	0.042	0.042	0.042	0.042	0.042	0.042	0.042	0.042	0.042	0.074	0.087	0.087	0.087	0.087	
0.098	0.098	0.098	0.078	0.042	0.042	0.042	0.042	0.042	0.042	0.042	0.042	0.042	0.042	0.042	0.042	0.042	0.042	0.042	0.042	0.042	0.042	0.042	0.082	0.087	0.087	0.087	0.087	
0.098	0.098	0.098	0.091	0.042	0.042	0.042	0.042	0.042	0.042	0.042	0.042	0.042	0.042	0.042	0.042	0.042	0.042	0.042	0.042	0.042	0.042	0.045	0.087	0.087	0.087	0.087	0.087	
0.098	0.098	0.098	0.098	0.047	0.042	0.042	0.042	0.042	0.042	0.042	0.042	0.042	0.042	0.042	0.042	0.042	0.042	0.042	0.042	0.042	0.042	0.052	0.087	0.087	0.087	0.087	0.087	
0.098	0.098	0.098	0.098	0.060	0.042	0.042	0.042	0.042	0.042	0.042	0.042	0.042	0.042	0.042	0.042	0.042	0.042	0.042	0.042	0.042	0.042	0.060	0.087	0.087	0.087	0.087	0.087	
0.098	0.098	0.098	0.098	0.072	0.042	0.042	0.042	0.042	0.042	0.042	0.042	0.042	0.042	0.042	0.042	0.042	0.042	0.042	0.042	0.042	0.042	0.068	0.087	0.087	0.087	0.087	0.087	
0.098	0.098	0.098	0.098	0.084	0.042	0.042	0.042	0.042	0.042	0.042	0.042	0.042	0.042	0.042	0.042	0.042	0.042	0.042	0.042	0.042	0.042	0.076	0.087	0.087	0.087	0.087	0.087	
0.098	0.098	0.098	0.098	0.096	0.043	0.042	0.042	0.042	0.042	0.042	0.042	0.042	0.042	0.042	0.042	0.042	0.042	0.042	0.042	0.042	0.042	0.084	0.087	0.087	0.087	0.087	0.087	
0.098	0.098	0.098	0.098	0.098	0.053	0.042	0.042	0.042	0.042	0.042	0.042	0.042	0.042	0.042	0.042	0.042	0.042	0.042	0.042	0.042	0.047	0.087	0.087	0.087	0.087	0.087	0.087	
0.098	0.098	0.098	0.098	0.098	0.066	0.042	0.042	0.042	0.042	0.042	0.042	0.042	0.042	0.042	0.042	0.042	0.042	0.042	0.042	0.042	0.055	0.087	0.087	0.087	0.087	0.087	0.087	
0.098	0.098	0.098	0.098	0.098	0.078	0.042	0.042	0.042	0.042	0.042	0.042	0.042	0.042	0.042	0.042	0.042	0.042	0.042	0.042	0.042	0.063	0.087	0.087	0.087	0.087	0.087	0.087	
0.098	0.098	0.098	0.098	0.098	0.090	0.042	0.042	0.042	0.042	0.042	0.042	0.042	0.042	0.042	0.042	0.042	0.042	0.042	0.042	0.042	0.071	0.087	0.087	0.087	0.087	0.087	0.087	
0.098	0.098	0.098	0.098	0.098	0.098	0.047	0.042	0.042	0.042	0.042	0.042	0.042	0.042	0.042	0.042	0.042	0.042	0.042	0.042	0.042	0.079	0.087	0.087	0.087	0.087	0.087	0.087	
0.098	0.098	0.098	0.098	0.098	0.098	0.059	0.042	0.042	0.042	0.042	0.042	0.042	0.042	0.042	0.042	0.042	0.042	0.042	0.042	0.043	0.086	0.087	0.087	0.087	0.087	0.087	0.087	
0.098	0.098	0.098	0.098	0.098	0.098	0.072	0.042	0.042	0.042	0.042	0.042	0.042	0.042	0.042	0.042	0.042	0.042	0.042	0.042	0.049	0.087	0.087	0.087	0.087	0.087	0.087	0.087	
0.098	0.098	0.098	0.098	0.098	0.098	0.084	0.042	0.042	0.042	0.042	0.042	0.042	0.042	0.042	0.042	0.042	0.042	0.042	0.042	0.057	0.087	0.087	0.087	0.087	0.087	0.087	0.087	
0.098	0.098	0.098	0.098	0.098	0.098	0.095	0.043	0.042	0.042	0.042	0.042	0.042	0.042	0.042	0.042	0.042	0.042	0.042	0.042	0.065	0.087	0.087	0.087	0.087	0.087	0.087	0.087	
0.098	0.098	0.098	0.098	0.098	0.098	0.098	0.053	0.042	0.042	0.042	0.042	0.042	0.042	0.042	0.042	0.042	0.042	0.042	0.042	0.073	0.087	0.087	0.087	0.087	0.087	0.087	0.087	
0.098	0.098	0.098	0.098	0.098	0.098	0.098	0.065	0.042	0.042	0.042	0.042	0.042	0.042	0.042	0.042	0.042	0.042	0.042	0.042	0.081	0.087	0.087	0.087	0.087	0.087	0.087	0.087	
0.098	0.098	0.098	0.098	0.098	0.098	0.098	0.078	0.042	0.042	0.042	0.042	0.042	0.042	0.042	0.042	0.042	0.042	0.042	0.044	0.087	0.087	0.087	0.087	0.087	0.087	0.087	0.087	
0.098	0.098	0.098	0.098	0.098	0.098	0.098	0.090	0.042	0.042	0.042	0.042	0.042	0.042	0.042	0.042	0.042	0.042	0.042	0.052	0.087	0.087	0.087	0.087	0.087	0.087	0.087	0.087	
0.098	0.098	0.098	0.098	0.098	0.098	0.098	0.098	0.047	0.042	0.042	0.042	0.042	0.042	0.042	0.042	0.042	0.042	0.042	0.060	0.087	0.087	0.087	0.087	0.087	0.087	0.087	0.087	
0.098	0.098	0.098	0.098	0.098	0.098	0.098	0.098	0.059	0.042	0.042	0.042	0.042	0.042	0.042	0.042	0.042	0.042	0.042	0.068	0.087	0.087	0.087	0.087	0.087	0.087	0.087	0.087	
0.098	0.098	0.098	0.098	0.098	0.098	0.098	0.098	0.071	0.042	0.042	0.042	0.042	0.042	0.042	0.042	0.042	0.042	0.042	0.075	0.087	0.087	0.087	0.087	0.087	0.087	0.087	0.087	
0.098	0.098	0.098	0.098	0.098	0.098	0.098	0.098	0.084	0.042	0.042	0.042	0.042	0.042	0.042	0.042	0.042	0.042	0.042	0.083	0.087	0.087	0.087	0.087	0.087	0.087	0.087	0.087	
0.098	0.098	0.098	0.098	0.098	0.098	0.098	0.098	0.095	0.043	0.042	0.042	0.042	0.042	0.042	0.042	0.042	0.042	0.046	0.087	0.087	0.087	0.087	0.087	0.087	0.087	0.087	0.087	
0.098	0.098	0.098	0.098	0.098	0.098	0.098	0.098	0.098	0.053	0.042	0.042	0.042	0.042	0.042	0.042	0.042	0.042	0.054	0.087	0.087	0.087	0.087	0.087	0.087	0.087	0.087	0.087	
0.098	0.098	0.098	0.098	0.098	0.098	0.098	0.098	0.098	0.325	0.042	0.042	0.042	0.042	0.042	0.042	0.042	0.042	0.062	0.087	0.087	0.087	0.087	0.087	0.087	0.087	0.087	0.087	
0.098	0.098	0.098	0.098	0.098	0.098	0.098	0.098	0.098	0.851	0.201	0.042	0.042	0.042	0.042	0.042	0.042	0.042	0.070	0.087	0.087	0.087	0.087	0.087	0.087	0.087	0.087	0.087	
0.138	0.098	0.098	0.098	0.098	0.098	0.098	0.098	0.098	0.814	0.929	0.042	0.042	0.042	0.042	0.042	0.042	0.042	0.078	0.087	0.087	0.087	0.087	0.087	0.087	0.087	0.087	0.194	
0.683	0.122	0.098	0.098	0.098	0.098	0.098	0.098	0.098	0.726	1.459	0.290	0.042	0.042	0.042	0.042	0.042	0.042	0.086	0.087	0.087	0.087	0.087	0.087	0.087	0.087	0.144	0.604	
0.885	0.642	0.111	0.098	0.098	0.098	0.098	0.098	0.098	0.638	1.474	1.053	0.042	0.042	0.042	0.042	0.042	0.272	0.087	0.087	0.087	0.087	0.087	0.087	0.087	0.109	0.549	0.672	
0.885	0.885	0.598	0.103	0.098	0.098	0.098	0.098	0.098	0.762	1.474	1.474	0.400	0.042	0.042	0.042	0.123	2.121	0.126	0.087	0.087	0.087	0.087	0.087	0.091	0.478	0.672	0.672	
0.885	0.885	0.885	0.550	0.099	0.098	0.098	0.098	0.098	1.966	1.709	1.474	1.172	0.047	0.042	0.042	1.575	2.672	0.460	0.087	0.087	0.087	0.087	0.087	0.393	0.672	0.672	0.672	
0.885	0.885	0.885	0.885	0.498	0.098	0.098	0.098	0.102	2.856	2.479	1.474	1.474	0.524	0.042	0.890	2.668	2.672	0.873	0.087	0.087	0.087	0.087	0.304	0.671	0.672	0.672	0.672	
1.209	0.891	0.885	0.885	0.885	0.446	0.098	0.098	0.615	3.215	3.142	1.603	1.474	2.455	3.192	2.848	2.672	2.851	3.798	0.734	0.087	0.087	0.251	0.657	0.672	0.672	0.672	0.672	
1.497	1.317	0.921	0.885	0.885	0.881	0.594	1.101	2.203	3.215	3.215	3.439	3.423	4.437	4.553	4.108	3.099	3.967	4.530	4.157	2.151	2.940	1.798	0.672	0.672	0.672	0.672	0.672	
1.497	1.497	1.401	0.977	0.885	0.885	2.351	4.408	4.384	4.550	4.722	5.006	5.003	4.894	4.729	4.772	4.864	4.773	4.753	4.317	3.519	3.519	1.761	0.672	0.672	0.672	0.672	0.672	
1.497	1.497	1.497	1.459	1.059	1.458	3.528	4.408	4.470	5.271	5.272	5.117	5.104	5.712	5.799	5.034	4.864	5.331	5.641	5.171	3.552	3.547	2.485	0.702	0.672	0.672	0.672	0.811	
1.791	1.498	1.497	1.497	2.034	4.652	4.650	5.164	5.554	5.746	6.054	5.796	5.714	5.781	5.888	6.341	5.923	6.007	5.700	5.443	5.177	4.192	4.087	3.299	1.239	1.096	1.513	1.790	
2.619	2.375	1.838	1.502	2.878	4.665	4.662	5.516	5.626	6.333	6.688	6.106	5.714	5.844	6.130	6.564	6.520	6.448	6.265	5.346	5.346	4.469	4.087	4.203	2.342	1.797	1.797	1.797	
2.619	2.619	2.619	3.301	5.198	5.127	5.988	6.226	6.522	6.978	6.901	7.001	6.212	5.918	5.915	6.031	5.873	6.410	6.744	6.272	6.178	5.956	5.329	5.471	1.943	1.797	1.797	1.797	
2.619	2.619	2.619	3.607	5.203	5.203	6.294	6.314	6.930	7.060	7.098	7.108	6.164	5.976	5.911	5.714	5.712	6.343	6.809	6.629	6.359	6.144	5.472	5.472	2.168	1.797	1.797	1.797	
0.000	0.000	0.000	0.000	0.000	0.000	0.000	0.000	0.000	0.000	0.000	0.000	3.179	5.619	3.636	2.453	0.000	0.000	0.000	0.000	0.000	0.000	0.000	0.000	0.000	0.000	0.000	0.000	
0.000	0.000	0.000	0.000	0.000	0.000	0.000	0.000	0.000	0.000	0.000	0.000	0.901	2.539	2.323	0.581	0.000	0.000	0.000	0.000	0.000	0.000	0.000	0.000	0.000	0.000	0.000	0.000	
0.000	0.000	0.000	0.000	0.000	0.000	0.000	0.000	0.000	0.000	0.000	0.000	0.581	2.323	2.323	0.581	0.000	0.000	0.000	0.000	0.000	0.000	0.000	0.000	0.000	0.000	0.000	0.000	
0.000	0.000	0.000	0.000	0.000	0.000	0.000	0.000	0.000	0.000	0.000	0.000	0.581	2.323	2.323	0.581	0.000	0.000	0.000	0.000	0.000	0.000	0.000	0.000	0.000	0.000	0.000	0.000	
0.000	0.000	0.000	0.000	0.000	0.000	0.000	0.000	0.000	0.000	0.000	0.000	0.581	2.323	2.323	0.581	0.000	0.000	0.000	0.000	0.000	0.000	0.000	0.000	0.000	0.000	0.000	0.000	
