0.046	0.046	0.046	0.046	0.046	0.046	0.046	0.046	0.046	0.046	0.046	0.046	0.046	0.046	0.046	0.046	0.052	0.052	0.052	0.052	0.052	0.052	0.052	0.052	0.052	0.052	0.052	0.052	
0.046	0.046	0.046	0.046	0.046	0.046	0.046	0.046	0.046	0.046	0.046	0.046	0.046	0.046	0.046	0.046	0.052	0.052	0.052	0.052	0.052	0.052	0.052	0.052	0.052	0.052	0.052	0.052	
0.046	0.046	0.046	0.046	0.046	0.046	0.046	0.046	0.046	0.046	0.046	0.046	0.046	0.046	0.046	0.046	0.052	0.052	0.052	0.052	0.052	0.052	0.052	0.052	0.052	0.052	0.052	0.052	
0.046	0.046	0.046	0.046	0.046	0.046	0.046	0.046	0.046	0.046	0.046	0.046	0.046	0.046	0.046	0.046	0.052	0.052	0.052	0.052	0.052	0.052	0.052	0.052	0.052	0.052	0.052	0.052	
0.046	0.046	0.046	0.046	0.046	0.046	0.046	0.046	0.046	0.046	0.046	0.046	0.046	0.046	0.046	0.047	0.052	0.052	0.052	0.052	0.052	0.052	0.052	0.052	0.052	0.052	0.052	0.052	
0.046	0.046	0.046	0.046	0.046	0.046	0.046	0.046	0.046	0.046	0.046	0.046	0.046	0.046	0.046	0.047	0.052	0.052	0.052	0.052	0.052	0.052	0.052	0.052	0.052	0.052	0.052	0.052	
0.046	0.046	0.046	0.046	0.046	0.046	0.046	0.046	0.046	0.046	0.046	0.046	0.046	0.046	0.046	0.047	0.052	0.052	0.052	0.052	0.052	0.052	0.052	0.052	0.052	0.052	0.052	0.052	
0.046	0.046	0.046	0.046	0.046	0.046	0.046	0.046	0.046	0.046	0.046	0.046	0.046	0.046	0.046	0.047	0.052	0.052	0.052	0.052	0.052	0.052	0.052	0.052	0.052	0.052	0.052	0.052	
0.046	0.046	0.046	0.046	0.046	0.046	0.046	0.046	0.046	0.046	0.046	0.046	0.046	0.046	0.046	0.047	0.052	0.052	0.052	0.052	0.052	0.052	0.052	0.052	0.052	0.052	0.052	0.052	
0.046	0.046	0.046	0.046	0.046	0.046	0.046	0.046	0.046	0.046	0.046	0.046	0.046	0.046	0.046	0.047	0.052	0.052	0.052	0.052	0.052	0.052	0.052	0.052	0.052	0.052	0.052	0.052	
0.046	0.046	0.046	0.046	0.046	0.046	0.046	0.046	0.046	0.046	0.046	0.046	0.046	0.046	0.046	0.048	0.052	0.052	0.052	0.052	0.052	0.052	0.052	0.052	0.052	0.052	0.052	0.052	
0.046	0.046	0.046	0.046	0.046	0.046	0.046	0.046	0.046	0.046	0.046	0.046	0.046	0.046	0.046	0.048	0.052	0.052	0.052	0.052	0.052	0.052	0.052	0.052	0.052	0.052	0.052	0.052	
0.046	0.046	0.046	0.046	0.046	0.046	0.046	0.046	0.046	0.046	0.046	0.046	0.046	0.046	0.046	0.048	0.052	0.052	0.052	0.052	0.052	0.052	0.052	0.052	0.052	0.052	0.052	0.052	
0.046	0.046	0.046	0.046	0.046	0.046	0.046	0.046	0.046	0.046	0.046	0.046	0.046	0.046	0.046	0.048	0.052	0.052	0.052	0.052	0.052	0.052	0.052	0.052	0.052	0.052	0.052	0.052	
0.046	0.046	0.046	0.046	0.046	0.046	0.046	0.046	0.046	0.046	0.046	0.046	0.046	0.046	0.046	0.048	0.052	0.052	0.052	0.052	0.052	0.052	0.052	0.052	0.052	0.052	0.052	0.052	
0.046	0.046	0.046	0.046	0.046	0.046	0.046	0.046	0.046	0.046	0.046	0.046	0.046	0.046	0.046	0.049	0.052	0.052	0.052	0.052	0.052	0.052	0.052	0.052	0.052	0.052	0.052	0.052	
0.046	0.046	0.046	0.046	0.046	0.046	0.046	0.046	0.046	0.046	0.046	0.046	0.046	0.046	0.046	0.049	0.052	0.052	0.052	0.052	0.052	0.052	0.052	0.052	0.052	0.052	0.052	0.052	
0.070	0.046	0.046	0.046	0.046	0.046	0.046	0.046	0.046	0.046	0.046	0.046	0.046	0.046	0.046	0.049	0.052	0.052	0.052	0.052	0.052	0.052	0.052	0.052	0.052	0.052	0.052	0.052	
0.112	0.046	0.046	0.046	0.046	0.046	0.046	0.046	0.046	0.046	0.046	0.046	0.046	0.046	0.046	0.049	0.052	0.052	0.052	0.052	0.052	0.052	0.052	0.052	0.052	0.052	0.052	0.052	
0.152	0.049	0.046	0.046	0.046	0.046	0.046	0.046	0.046	0.046	0.046	0.046	0.046	0.046	0.046	0.049	0.052	0.052	0.052	0.052	0.052	0.052	0.052	0.052	0.052	0.052	0.052	0.052	
0.160	0.084	0.046	0.046	0.046	0.046	0.046	0.046	0.046	0.046	0.046	0.046	0.046	0.046	0.046	0.050	0.052	0.052	0.052	0.052	0.052	0.052	0.052	0.052	0.052	0.052	0.052	0.052	
0.160	0.127	0.046	0.046	0.046	0.046	0.046	0.046	0.046	0.046	0.046	0.046	0.046	0.046	0.046	0.050	0.052	0.052	0.052	0.052	0.052	0.052	0.052	0.052	0.052	0.052	0.052	0.052	
0.160	0.158	0.057	0.046	0.046	0.046	0.046	0.046	0.046	0.046	0.046	0.046	0.046	0.046	0.046	0.050	0.052	0.052	0.052	0.052	0.052	0.052	0.052	0.052	0.052	0.052	0.052	0.052	
0.160	0.160	0.098	0.046	0.046	0.046	0.046	0.046	0.046	0.046	0.046	0.046	0.046	0.046	0.046	0.050	0.052	0.052	0.052	0.052	0.052	0.052	0.052	0.052	0.052	0.052	0.052	0.052	
0.160	0.160	0.141	0.046	0.046	0.046	0.046	0.046	0.046	0.046	0.046	0.046	0.046	0.046	0.046	0.050	0.052	0.052	0.052	0.052	0.052	0.052	0.052	0.052	0.052	0.052	0.052	0.052	
0.160	0.160	0.160	0.070	0.046	0.046	0.046	0.046	0.046	0.046	0.046	0.046	0.046	0.046	0.046	0.051	0.052	0.052	0.052	0.052	0.052	0.052	0.052	0.052	0.052	0.052	0.052	0.052	
0.160	0.160	0.160	0.112	0.046	0.046	0.046	0.046	0.046	0.046	0.046	0.046	0.046	0.046	0.046	0.051	0.052	0.052	0.052	0.052	0.052	0.052	0.052	0.052	0.052	0.052	0.052	0.095	
0.160	0.160	0.160	0.152	0.049	0.046	0.046	0.046	0.046	0.046	0.046	0.046	0.046	0.046	0.046	0.051	0.052	0.052	0.052	0.052	0.052	0.052	0.052	0.052	0.052	0.052	0.052	0.194	
0.160	0.160	0.160	0.160	0.084	0.046	0.046	0.046	0.046	0.046	0.046	0.046	0.046	0.046	0.046	0.051	0.052	0.052	0.052	0.052	0.052	0.052	0.052	0.052	0.052	0.052	0.104	0.243	
0.160	0.160	0.160	0.160	0.127	0.046	0.046	0.046	0.046	0.046	0.046	0.046	0.046	0.046	0.046	0.051	0.052	0.052	0.052	0.052	0.052	0.052	0.052	0.052	0.052	0.053	0.203	0.243	
0.160	0.160	0.160	0.160	0.158	0.057	0.046	0.046	0.046	0.046	0.046	0.046	0.046	0.046	0.046	0.052	0.052	0.052	0.052	0.052	0.052	0.052	0.052	0.052	0.052	0.113	0.243	0.243	
0.160	0.160	0.160	0.160	0.160	0.098	0.046	0.046	0.046	0.046	0.046	0.046	0.046	0.046	0.046	0.052	0.052	0.052	0.052	0.052	0.052	0.052	0.052	0.052	0.054	0.211	0.243	0.243	
0.160	0.160	0.160	0.160	0.160	0.141	0.046	0.046	0.046	0.046	0.046	0.046	0.046	0.046	0.046	0.052	0.052	0.052	0.052	0.052	0.052	0.052	0.052	0.052	0.122	0.243	0.243	0.243	
0.160	0.160	0.160	0.160	0.160	0.160	0.070	0.046	0.046	0.046	0.046	0.046	0.046	0.046	0.046	0.052	0.052	0.052	0.052	0.052	0.052	0.052	0.052	0.056	0.218	0.243	0.243	0.243	
0.160	0.160	0.160	0.160	0.160	0.160	0.112	0.046	0.046	0.046	0.046	0.046	0.046	0.046	0.047	0.052	0.052	0.052	0.052	0.052	0.052	0.052	0.052	0.132	0.243	0.243	0.243	0.243	
0.160	0.160	0.160	0.160	0.160	0.160	0.152	0.049	0.046	0.046	0.046	0.046	0.046	0.046	0.047	0.052	0.052	0.052	0.052	0.052	0.052	0.052	0.060	0.224	0.243	0.243	0.243	0.243	
0.160	0.160	0.160	0.160	0.160	0.160	0.160	0.084	0.046	0.046	0.046	0.046	0.046	0.046	0.047	0.052	0.052	0.052	0.052	0.052	0.052	0.052	0.141	0.243	0.243	0.243	0.243	0.243	
0.160	0.160	0.160	0.160	0.160	0.160	0.160	0.127	0.046	0.046	0.046	0.046	0.046	0.046	0.047	0.052	0.052	0.052	0.052	0.052	0.052	0.064	0.230	0.243	0.243	0.243	0.243	0.243	
0.160	0.160	0.160	0.160	0.160	0.160	0.160	0.158	0.057	0.046	0.046	0.046	0.046	0.046	0.047	0.052	0.052	0.052	0.052	0.052	0.052	0.151	0.243	0.243	0.243	0.243	0.243	0.243	
0.160	0.160	0.160	0.160	0.160	0.160	0.160	0.160	0.098	0.046	0.046	0.046	0.046	0.046	0.047	0.052	0.052	0.052	0.052	0.052	0.069	0.234	0.243	0.243	0.243	0.243	0.243	0.243	
0.160	0.160	0.160	0.160	0.160	0.160	0.160	0.160	0.141	0.046	0.046	0.046	0.046	0.046	0.048	0.052	0.052	0.052	0.052	0.052	0.160	0.243	0.243	0.243	0.243	0.243	0.243	0.243	
0.160	0.160	0.160	0.160	0.160	0.160	0.160	0.160	0.160	0.070	0.046	0.046	0.046	0.046	0.048	0.052	0.052	0.052	0.052	0.075	0.238	0.243	0.243	0.243	0.243	0.243	0.243	0.243	
0.173	0.160	0.160	0.160	0.160	0.160	0.160	0.160	0.160	0.112	0.046	0.046	0.046	0.046	0.048	0.052	0.052	0.052	0.052	0.169	0.243	0.243	0.243	0.243	0.243	0.243	0.243	0.267	
0.582	0.274	0.160	0.160	0.160	0.160	0.160	0.160	0.160	0.152	0.049	0.046	0.046	0.046	0.048	0.052	0.052	0.052	0.081	0.240	0.243	0.243	0.243	0.243	0.243	0.243	0.369	0.597	
0.665	0.660	0.448	0.184	0.160	0.160	0.160	0.160	0.160	0.160	1.076	0.048	0.046	0.046	0.048	0.052	0.052	0.052	0.179	0.243	0.243	0.243	0.243	0.243	0.283	0.512	0.637	0.637	
0.665	0.665	0.665	0.603	0.302	0.160	0.160	0.160	0.160	0.160	3.056	2.039	0.079	0.046	0.164	0.052	0.052	0.089	0.242	0.243	0.243	0.243	0.245	0.402	0.614	0.637	0.637	0.637	
0.665	0.665	0.665	0.665	0.664	0.480	0.197	0.160	0.160	0.185	3.406	3.480	2.539	3.022	4.029	2.535	3.160	2.352	0.243	0.243	0.243	0.305	0.543	0.637	0.637	0.637	0.637	0.637	
0.665	0.665	0.665	0.665	0.665	0.665	0.621	0.332	0.160	1.271	3.564	3.481	3.849	4.270	4.270	4.476	4.545	4.086	0.665	0.252	0.436	0.626	0.637	0.637	0.637	0.637	0.637	0.637	
0.665	0.665	0.665	0.665	0.665	0.665	0.665	0.665	2.603	4.795	4.637	4.173	4.343	4.290	4.220	4.311	4.580	4.879	4.747	1.349	0.637	0.637	0.637	0.637	0.637	0.637	0.637	0.637	
0.665	0.665	0.665	0.665	0.665	0.665	0.665	0.665	3.069	4.796	4.796	4.343	4.343	4.271	4.145	4.145	4.546	4.935	4.935	1.741	0.637	0.637	0.637	0.637	0.637	0.637	0.637	0.637	
0.000	0.000	0.000	0.000	0.000	0.000	0.000	0.000	0.000	0.000	0.000	0.000	2.276	3.865	4.130	2.202	0.000	0.000	0.000	0.000	0.000	0.000	0.000	0.000	0.000	0.000	0.000	0.000	
0.000	0.000	0.000	0.000	0.000	0.000	0.000	0.000	0.000	0.000	0.000	0.000	0.624	2.496	2.710	0.780	0.000	0.000	0.000	0.000	0.000	0.000	0.000	0.000	0.000	0.000	0.000	0.000	
0.000	0.000	0.000	0.000	0.000	0.000	0.000	0.000	0.000	0.000	0.000	0.000	0.624	2.496	2.496	0.624	0.000	0.000	0.000	0.000	0.000	0.000	0.000	0.000	0.000	0.000	0.000	0.000	
0.000	0.000	0.000	0.000	0.000	0.000	0.000	0.000	0.000	0.000	0.000	0.000	0.624	2.496	2.496	0.624	0.000	0.000	0.000	0.000	0.000	0.000	0.000	0.000	0.000	0.000	0.000	0.000	
0.000	0.000	0.000	0.000	0.000	0.000	0.000	0.000	0.000	0.000	0.000	0.000	0.624	2.496	2.496	0.624	0.000	0.000	0.000	0.000	0.000	0.000	0.000	0.000	0.000	0.000	0.000	0.000	
