0.039	0.039	0.039	0.039	0.039	0.039	0.039	0.039	0.039	0.039	0.039	0.039	0.039	0.039	0.039	0.039	0.039	0.039	0.039	0.039	0.039	0.039	0.039	0.039	0.039	0.039	0.039	0.120	
0.039	0.039	0.039	0.039	0.039	0.039	0.039	0.039	0.039	0.039	0.039	0.039	0.039	0.039	0.039	0.039	0.039	0.039	0.039	0.039	0.039	0.039	0.039	0.039	0.039	0.039	0.059	0.131	
0.039	0.039	0.039	0.039	0.039	0.039	0.039	0.039	0.039	0.039	0.039	0.039	0.039	0.039	0.039	0.039	0.039	0.039	0.039	0.039	0.039	0.039	0.039	0.039	0.039	0.039	0.089	0.131	
0.039	0.039	0.039	0.039	0.039	0.039	0.039	0.039	0.039	0.039	0.039	0.039	0.039	0.039	0.039	0.039	0.039	0.039	0.039	0.039	0.039	0.039	0.039	0.039	0.039	0.039	0.120	0.131	
0.039	0.039	0.039	0.039	0.039	0.039	0.039	0.039	0.039	0.039	0.039	0.039	0.039	0.039	0.039	0.039	0.039	0.039	0.039	0.039	0.039	0.039	0.039	0.039	0.039	0.059	0.131	0.131	
0.039	0.039	0.039	0.039	0.039	0.039	0.039	0.039	0.039	0.039	0.039	0.039	0.039	0.039	0.039	0.039	0.039	0.039	0.039	0.039	0.039	0.039	0.039	0.039	0.039	0.089	0.131	0.131	
0.039	0.039	0.039	0.039	0.039	0.039	0.039	0.039	0.039	0.039	0.039	0.039	0.039	0.039	0.039	0.039	0.039	0.039	0.039	0.039	0.039	0.039	0.039	0.039	0.039	0.120	0.131	0.131	
0.039	0.039	0.039	0.039	0.039	0.039	0.039	0.039	0.039	0.039	0.039	0.039	0.039	0.039	0.039	0.039	0.039	0.039	0.039	0.039	0.039	0.039	0.039	0.039	0.059	0.131	0.131	0.131	
0.039	0.039	0.039	0.039	0.039	0.039	0.039	0.039	0.039	0.039	0.039	0.039	0.039	0.039	0.039	0.039	0.039	0.039	0.039	0.039	0.039	0.039	0.039	0.039	0.089	0.131	0.131	0.131	
0.039	0.039	0.039	0.039	0.039	0.039	0.039	0.039	0.039	0.039	0.039	0.039	0.039	0.039	0.039	0.039	0.039	0.039	0.039	0.039	0.039	0.039	0.039	0.039	0.120	0.131	0.131	0.131	
0.039	0.039	0.039	0.039	0.039	0.039	0.039	0.039	0.039	0.039	0.039	0.039	0.039	0.039	0.039	0.039	0.039	0.039	0.039	0.039	0.039	0.039	0.039	0.059	0.131	0.131	0.131	0.131	
0.039	0.039	0.039	0.039	0.039	0.039	0.039	0.039	0.039	0.039	0.039	0.039	0.039	0.039	0.039	0.039	0.039	0.039	0.039	0.039	0.039	0.039	0.039	0.089	0.131	0.131	0.131	0.131	
0.039	0.039	0.039	0.039	0.039	0.039	0.039	0.039	0.039	0.039	0.039	0.039	0.039	0.039	0.039	0.039	0.039	0.039	0.039	0.039	0.039	0.039	0.039	0.120	0.131	0.131	0.131	0.131	
0.039	0.039	0.039	0.039	0.039	0.039	0.039	0.039	0.039	0.039	0.039	0.039	0.039	0.039	0.039	0.039	0.039	0.039	0.039	0.039	0.039	0.039	0.059	0.131	0.131	0.131	0.131	0.131	
0.039	0.039	0.039	0.039	0.039	0.039	0.039	0.039	0.039	0.039	0.039	0.039	0.039	0.039	0.039	0.039	0.039	0.039	0.039	0.039	0.039	0.039	0.089	0.131	0.131	0.131	0.131	0.131	
0.064	0.039	0.039	0.039	0.039	0.039	0.039	0.039	0.039	0.039	0.039	0.039	0.039	0.039	0.039	0.039	0.039	0.039	0.039	0.039	0.039	0.039	0.120	0.131	0.131	0.131	0.131	0.131	
0.144	0.039	0.039	0.039	0.039	0.039	0.039	0.039	0.039	0.039	0.039	0.039	0.039	0.039	0.039	0.039	0.039	0.039	0.039	0.039	0.039	0.059	0.131	0.131	0.131	0.131	0.131	0.131	
0.205	0.061	0.039	0.039	0.039	0.039	0.039	0.039	0.039	0.039	0.039	0.039	0.039	0.039	0.039	0.039	0.039	0.039	0.039	0.039	0.039	0.089	0.131	0.131	0.131	0.131	0.131	0.131	
0.208	0.141	0.039	0.039	0.039	0.039	0.039	0.039	0.039	0.039	0.039	0.039	0.039	0.039	0.039	0.039	0.039	0.039	0.039	0.039	0.039	0.120	0.131	0.131	0.131	0.131	0.131	0.131	
0.208	0.204	0.059	0.039	0.039	0.039	0.039	0.039	0.039	0.039	0.039	0.039	0.039	0.039	0.039	0.039	0.039	0.039	0.039	0.039	0.059	0.131	0.131	0.131	0.131	0.131	0.131	0.131	
0.208	0.208	0.138	0.039	0.039	0.039	0.039	0.039	0.039	0.039	0.039	0.039	0.039	0.039	0.039	0.039	0.039	0.039	0.039	0.039	0.089	0.131	0.131	0.131	0.131	0.131	0.131	0.131	
0.208	0.208	0.203	0.057	0.039	0.039	0.039	0.039	0.039	0.039	0.039	0.039	0.039	0.039	0.039	0.039	0.039	0.039	0.039	0.039	0.120	0.131	0.131	0.131	0.131	0.131	0.131	0.131	
0.208	0.208	0.208	0.135	0.039	0.039	0.039	0.039	0.039	0.039	0.039	0.039	0.039	0.039	0.039	0.039	0.039	0.039	0.039	0.059	0.131	0.131	0.131	0.131	0.131	0.131	0.131	0.131	
0.208	0.208	0.208	0.202	0.055	0.039	0.039	0.039	0.039	0.039	0.039	0.039	0.039	0.039	0.039	0.039	0.039	0.039	0.039	0.089	0.131	0.131	0.131	0.131	0.131	0.131	0.131	0.131	
0.208	0.208	0.208	0.208	0.131	0.039	0.039	0.039	0.039	0.039	0.039	0.039	0.039	0.039	0.039	0.039	0.039	0.039	0.039	0.120	0.131	0.131	0.131	0.131	0.131	0.131	0.131	0.199	
0.208	0.208	0.208	0.208	0.200	0.053	0.039	0.039	0.039	0.039	0.039	0.039	0.039	0.039	0.039	0.039	0.039	0.039	0.059	0.131	0.131	0.131	0.131	0.131	0.131	0.131	0.156	0.294	
0.208	0.208	0.208	0.208	0.208	0.250	0.041	0.039	0.039	0.039	0.039	0.039	0.039	0.039	0.039	0.039	0.039	0.039	0.089	0.131	0.131	0.131	0.131	0.131	0.131	0.134	0.267	0.302	
0.208	0.208	0.208	0.208	0.208	0.327	0.459	0.039	0.039	0.039	0.039	0.039	0.039	0.039	0.039	0.039	0.039	0.039	0.120	0.131	0.131	0.131	0.131	0.131	0.131	0.221	0.302	0.302	
0.208	0.208	0.208	0.208	0.208	0.208	0.781	0.345	0.039	0.039	0.039	0.039	0.039	0.039	0.039	0.039	0.039	0.059	0.131	0.131	0.131	0.131	0.131	0.131	0.173	0.300	0.302	0.302	
0.208	0.208	0.208	0.208	0.208	0.208	0.549	0.876	0.248	0.039	0.039	0.039	0.039	0.039	0.039	0.039	0.039	0.089	0.131	0.131	0.131	0.131	0.131	0.141	0.282	0.302	0.302	0.302	
0.208	0.208	0.208	0.208	0.208	0.208	0.315	0.899	0.837	0.169	0.039	0.039	0.039	0.039	0.039	0.039	0.039	0.120	0.131	0.131	0.131	0.131	0.131	0.243	0.302	0.302	0.302	0.302	
0.208	0.208	0.208	0.208	0.208	0.208	0.208	0.771	0.899	0.780	0.109	0.039	0.039	0.039	0.039	0.039	0.059	0.131	0.131	0.131	0.131	0.131	0.193	0.302	0.302	0.302	0.302	0.302	
0.208	0.208	0.208	0.208	0.208	0.208	0.208	0.536	0.899	0.899	0.705	0.067	0.039	0.039	0.039	0.039	0.089	0.131	0.131	0.131	0.131	0.153	0.292	0.302	0.302	0.302	0.302	0.302	
0.208	0.208	0.208	0.208	0.208	0.208	0.208	0.303	0.898	0.899	0.899	0.611	0.044	0.039	0.039	0.039	0.120	0.131	0.131	0.131	0.133	0.263	0.302	0.302	0.302	0.302	0.302	0.302	
0.208	0.208	0.208	0.208	0.208	0.208	0.208	0.208	0.868	0.899	0.899	0.899	0.498	0.039	0.039	0.059	0.131	0.131	0.131	0.131	0.215	0.302	0.302	0.302	0.302	0.302	0.302	0.302	
0.208	0.208	0.208	0.208	0.208	0.208	0.208	0.210	2.117	1.086	0.899	0.899	0.899	0.872	1.552	1.746	0.149	0.131	0.131	0.168	0.299	0.302	0.302	0.302	0.302	0.302	0.302	0.302	
0.208	0.208	0.208	0.208	0.208	0.208	0.208	0.506	2.496	2.240	1.018	0.899	0.928	2.487	2.747	2.747	2.018	1.579	1.316	0.299	0.302	0.302	0.302	0.302	0.302	0.302	0.302	0.302	
0.208	0.208	0.208	0.208	0.208	0.208	0.208	1.005	2.496	2.496	3.061	3.340	3.291	2.784	2.747	2.748	3.076	3.112	3.112	0.725	0.302	0.302	0.302	0.302	0.302	0.302	0.302	0.302	
0.589	0.501	0.413	0.325	0.238	0.208	0.208	1.504	2.496	2.496	3.270	3.532	3.541	3.579	3.246	3.013	3.146	3.112	3.054	1.728	0.725	0.303	0.302	0.302	0.302	0.302	0.302	0.302	
1.299	1.299	1.299	1.299	1.297	1.240	1.152	2.116	2.971	2.971	3.566	3.679	3.745	3.895	3.895	3.623	3.495	3.357	2.445	2.215	2.215	1.885	1.135	0.441	0.302	0.318	0.356	0.394	
1.192	1.264	1.299	1.299	1.299	1.299	1.299	2.457	3.496	3.496	3.975	4.117	4.056	3.903	3.894	3.540	3.507	3.507	2.396	2.215	2.215	2.214	1.855	1.135	0.789	0.811	0.811	0.811	
1.122	1.122	1.158	1.229	1.291	1.299	1.468	2.978	3.495	3.496	4.014	4.117	4.202	4.328	4.277	3.955	3.793	3.600	3.508	2.893	1.886	1.131	0.811	0.811	0.811	0.811	0.811	0.811	
1.122	1.122	1.122	1.122	1.132	1.529	3.318	3.482	3.485	3.819	4.026	4.059	4.303	4.334	4.325	4.292	4.292	3.779	3.621	3.579	0.965	0.811	0.811	0.811	0.811	0.811	0.811	0.811	
1.122	1.122	1.122	1.122	1.122	1.204	3.378	3.482	3.630	4.060	4.018	4.097	4.909	4.739	4.520	4.356	4.293	4.014	3.717	3.017	0.811	0.811	0.811	0.811	0.811	0.809	0.788	0.762	
1.167	1.135	1.122	1.122	1.122	1.444	3.259	3.753	4.354	4.355	4.195	4.696	5.001	5.001	4.804	4.769	4.535	4.322	4.322	3.635	2.532	1.590	0.861	0.801	0.776	0.751	0.747	0.747	
1.215	1.214	1.196	1.163	1.693	3.309	3.485	3.883	4.401	4.398	5.020	5.237	5.147	5.152	4.869	4.772	4.821	4.364	4.346	3.535	3.415	3.415	1.986	0.747	0.747	0.747	0.747	0.747	
1.215	1.215	1.215	1.215	1.872	3.485	3.486	4.716	5.136	5.201	5.592	5.267	5.262	5.289	5.256	5.196	5.319	5.158	4.898	4.454	3.446	2.790	0.784	0.747	0.747	0.747	0.747	0.747	
1.215	1.215	1.215	1.215	1.594	3.779	4.405	5.271	5.257	5.670	5.845	5.810	5.544	5.430	5.676	5.758	5.337	5.206	4.943	4.943	4.317	2.271	0.747	0.747	0.747	0.747	0.747	0.747	
1.215	1.215	1.215	1.591	3.848	4.224	5.557	5.710	6.137	6.711	6.368	6.826	5.908	5.771	5.889	5.905	6.025	6.019	6.040	6.194	4.450	4.150	1.849	0.747	0.747	0.747	0.747	0.747	
1.215	1.215	1.591	3.848	4.224	4.224	5.593	5.773	6.567	6.857	6.896	6.919	6.244	5.348	4.772	5.569	6.084	6.094	6.448	6.448	4.566	4.192	4.088	1.616	0.747	0.747	0.747	0.747	
0.000	0.000	0.000	0.000	0.000	0.000	0.000	0.000	0.000	0.000	0.000	0.000	2.811	4.086	4.078	2.241	0.000	0.000	0.000	0.000	0.000	0.000	0.000	0.000	0.000	0.000	0.000	0.000	
0.000	0.000	0.000	0.000	0.000	0.000	0.000	0.000	0.000	0.000	0.000	0.000	0.959	3.932	4.062	1.019	0.000	0.000	0.000	0.000	0.000	0.000	0.000	0.000	0.000	0.000	0.000	0.000	
0.000	0.000	0.000	0.000	0.000	0.000	0.000	0.000	0.000	0.000	0.000	0.000	0.811	3.242	3.264	0.836	0.000	0.000	0.000	0.000	0.000	0.000	0.000	0.000	0.000	0.000	0.000	0.000	
0.000	0.000	0.000	0.000	0.000	0.000	0.000	0.000	0.000	0.000	0.000	0.000	0.811	3.242	3.242	0.811	0.000	0.000	0.000	0.000	0.000	0.000	0.000	0.000	0.000	0.000	0.000	0.000	
0.000	0.000	0.000	0.000	0.000	0.000	0.000	0.000	0.000	0.000	0.000	0.000	0.811	3.242	3.242	0.811	0.000	0.000	0.000	0.000	0.000	0.000	0.000	0.000	0.000	0.000	0.000	0.000	
