0.049	0.049	0.049	0.049	0.049	0.049	0.049	0.049	0.049	0.049	0.049	0.049	0.049	0.047	0.045	0.045	0.045	0.045	0.045	0.045	0.045	0.045	0.045	0.045	0.045	0.045	0.045	0.045	
0.049	0.049	0.049	0.049	0.049	0.049	0.049	0.049	0.049	0.049	0.049	0.049	0.049	0.047	0.045	0.045	0.045	0.045	0.045	0.045	0.045	0.045	0.045	0.045	0.045	0.045	0.045	0.045	
0.049	0.049	0.049	0.049	0.049	0.049	0.049	0.049	0.049	0.049	0.049	0.049	0.049	0.047	0.045	0.045	0.045	0.045	0.045	0.045	0.045	0.045	0.045	0.045	0.045	0.045	0.045	0.045	
0.049	0.049	0.049	0.049	0.049	0.049	0.049	0.049	0.049	0.049	0.049	0.049	0.049	0.047	0.045	0.045	0.045	0.045	0.045	0.045	0.045	0.045	0.045	0.045	0.045	0.045	0.045	0.045	
0.049	0.049	0.049	0.049	0.049	0.049	0.049	0.049	0.049	0.049	0.049	0.049	0.049	0.047	0.045	0.045	0.045	0.045	0.045	0.045	0.045	0.045	0.045	0.045	0.045	0.045	0.045	0.045	
0.049	0.049	0.049	0.049	0.049	0.049	0.049	0.049	0.049	0.049	0.049	0.049	0.049	0.047	0.045	0.045	0.045	0.045	0.045	0.045	0.045	0.045	0.045	0.045	0.045	0.045	0.045	0.045	
0.049	0.049	0.049	0.049	0.049	0.049	0.049	0.049	0.049	0.049	0.049	0.049	0.049	0.048	0.045	0.045	0.045	0.045	0.045	0.045	0.045	0.045	0.045	0.045	0.045	0.045	0.045	0.045	
0.049	0.049	0.049	0.049	0.049	0.049	0.049	0.049	0.049	0.049	0.049	0.049	0.049	0.048	0.045	0.045	0.045	0.045	0.045	0.045	0.045	0.045	0.045	0.045	0.045	0.045	0.045	0.045	
0.049	0.049	0.049	0.049	0.049	0.049	0.049	0.049	0.049	0.049	0.049	0.049	0.049	0.048	0.045	0.045	0.045	0.045	0.045	0.045	0.045	0.045	0.045	0.045	0.045	0.045	0.045	0.045	
0.049	0.049	0.049	0.049	0.049	0.049	0.049	0.049	0.049	0.049	0.049	0.049	0.049	0.048	0.045	0.045	0.045	0.045	0.045	0.045	0.045	0.045	0.045	0.045	0.045	0.045	0.045	0.045	
0.049	0.049	0.049	0.049	0.049	0.049	0.049	0.049	0.049	0.049	0.049	0.049	0.049	0.048	0.045	0.045	0.045	0.045	0.045	0.045	0.045	0.045	0.045	0.045	0.045	0.045	0.045	0.045	
0.049	0.049	0.049	0.049	0.049	0.049	0.049	0.049	0.049	0.049	0.049	0.049	0.049	0.048	0.045	0.045	0.045	0.045	0.045	0.045	0.045	0.045	0.045	0.045	0.045	0.045	0.045	0.045	
0.049	0.049	0.049	0.049	0.049	0.049	0.049	0.049	0.049	0.049	0.049	0.049	0.049	0.048	0.045	0.045	0.045	0.045	0.045	0.045	0.045	0.045	0.045	0.045	0.045	0.045	0.045	0.045	
0.049	0.049	0.049	0.049	0.049	0.049	0.049	0.049	0.049	0.049	0.049	0.049	0.049	0.048	0.045	0.045	0.045	0.045	0.045	0.045	0.045	0.045	0.045	0.045	0.045	0.045	0.045	0.045	
0.049	0.049	0.049	0.049	0.049	0.049	0.049	0.049	0.049	0.049	0.049	0.049	0.049	0.048	0.045	0.045	0.045	0.045	0.045	0.045	0.045	0.045	0.045	0.045	0.045	0.045	0.045	0.045	
0.049	0.049	0.049	0.049	0.049	0.049	0.049	0.049	0.049	0.049	0.049	0.049	0.049	0.048	0.045	0.045	0.045	0.045	0.045	0.045	0.045	0.045	0.045	0.045	0.045	0.045	0.045	0.045	
0.049	0.049	0.049	0.049	0.049	0.049	0.049	0.049	0.049	0.049	0.049	0.049	0.049	0.048	0.045	0.045	0.045	0.045	0.045	0.045	0.045	0.045	0.045	0.045	0.045	0.045	0.045	0.045	
0.049	0.049	0.049	0.049	0.049	0.049	0.049	0.049	0.049	0.049	0.049	0.049	0.049	0.048	0.045	0.045	0.045	0.045	0.045	0.045	0.045	0.045	0.045	0.045	0.045	0.045	0.045	0.045	
0.049	0.049	0.049	0.049	0.049	0.049	0.049	0.049	0.049	0.049	0.049	0.049	0.049	0.048	0.045	0.045	0.045	0.045	0.045	0.045	0.045	0.045	0.045	0.045	0.045	0.045	0.045	0.045	
0.049	0.049	0.049	0.049	0.049	0.049	0.049	0.049	0.049	0.049	0.049	0.049	0.049	0.049	0.045	0.045	0.045	0.045	0.045	0.045	0.045	0.045	0.045	0.045	0.045	0.045	0.045	0.045	
0.049	0.049	0.049	0.049	0.049	0.049	0.049	0.049	0.049	0.049	0.049	0.049	0.049	0.049	0.045	0.045	0.045	0.045	0.045	0.045	0.045	0.045	0.045	0.045	0.045	0.045	0.045	0.045	
0.049	0.049	0.049	0.049	0.049	0.049	0.049	0.049	0.049	0.049	0.049	0.049	0.049	0.049	0.045	0.045	0.045	0.045	0.045	0.045	0.045	0.045	0.045	0.045	0.045	0.045	0.045	0.045	
0.049	0.049	0.049	0.049	0.049	0.049	0.049	0.049	0.049	0.049	0.049	0.049	0.049	0.049	0.045	0.045	0.045	0.045	0.045	0.045	0.045	0.045	0.045	0.045	0.045	0.045	0.045	0.045	
0.049	0.049	0.049	0.049	0.049	0.049	0.049	0.049	0.049	0.049	0.049	0.049	0.049	0.049	0.045	0.045	0.045	0.045	0.045	0.045	0.045	0.045	0.045	0.045	0.045	0.045	0.045	0.045	
0.049	0.049	0.049	0.049	0.049	0.049	0.049	0.049	0.049	0.049	0.049	0.049	0.049	0.049	0.045	0.045	0.045	0.045	0.045	0.045	0.045	0.045	0.045	0.045	0.045	0.045	0.045	0.045	
0.072	0.049	0.049	0.049	0.049	0.049	0.049	0.049	0.049	0.049	0.049	0.049	0.049	0.049	0.045	0.045	0.045	0.045	0.045	0.045	0.045	0.045	0.045	0.045	0.045	0.045	0.045	0.045	
0.180	0.049	0.049	0.049	0.049	0.049	0.049	0.049	0.049	0.049	0.049	0.049	0.049	0.049	0.045	0.045	0.045	0.045	0.045	0.045	0.045	0.045	0.045	0.045	0.045	0.045	0.045	0.045	
0.280	0.066	0.049	0.049	0.049	0.049	0.049	0.049	0.049	0.049	0.049	0.049	0.049	0.049	0.045	0.045	0.045	0.045	0.045	0.045	0.045	0.045	0.045	0.045	0.045	0.045	0.045	0.045	
0.293	0.170	0.049	0.049	0.049	0.049	0.049	0.049	0.049	0.049	0.049	0.049	0.049	0.049	0.064	0.045	0.045	0.045	0.045	0.045	0.045	0.045	0.045	0.045	0.045	0.045	0.045	0.045	
0.293	0.275	0.061	0.049	0.049	0.049	0.049	0.049	0.049	0.049	0.049	0.049	0.049	0.106	0.183	0.045	0.045	0.045	0.045	0.045	0.045	0.045	0.045	0.045	0.045	0.045	0.045	0.045	
0.293	0.293	0.159	0.049	0.049	0.049	0.049	0.049	0.049	0.049	0.049	0.049	0.049	0.225	0.274	0.045	0.045	0.045	0.045	0.045	0.045	0.045	0.045	0.045	0.045	0.045	0.045	0.045	
0.293	0.293	0.268	0.056	0.049	0.049	0.049	0.049	0.049	0.049	0.049	0.049	0.049	0.344	0.365	0.045	0.045	0.045	0.045	0.045	0.045	0.045	0.045	0.045	0.045	0.045	0.045	0.045	
0.293	0.293	0.293	0.148	0.049	0.049	0.049	0.049	0.049	0.049	0.049	0.049	0.049	0.463	0.456	0.045	0.045	0.045	0.045	0.045	0.045	0.045	0.045	0.045	0.045	0.045	0.045	0.129	
0.293	0.293	0.293	0.261	0.053	0.049	0.049	0.049	0.049	0.049	0.049	0.049	0.049	0.583	0.546	0.045	0.045	0.045	0.045	0.045	0.045	0.045	0.045	0.045	0.045	0.045	0.068	0.426	
0.293	0.293	0.293	0.293	0.138	0.049	0.049	0.049	0.049	0.049	0.049	0.049	0.049	0.702	0.637	0.045	0.045	0.045	0.045	0.045	0.045	0.045	0.045	0.045	0.045	0.045	0.334	0.493	
0.293	0.293	0.293	0.293	0.253	0.051	0.049	0.049	0.049	0.049	0.049	0.049	0.052	0.818	0.728	0.045	0.045	0.045	0.045	0.045	0.045	0.045	0.045	0.045	0.045	0.220	0.493	0.493	
0.293	0.293	0.293	0.293	0.293	0.127	0.049	0.049	0.049	0.049	0.049	0.049	0.135	0.854	0.818	0.046	0.045	0.045	0.045	0.045	0.045	0.045	0.045	0.045	0.123	0.476	0.493	0.493	
0.293	0.293	0.293	0.293	0.293	0.243	0.049	0.049	0.049	0.049	0.049	0.049	0.255	0.854	0.854	0.101	0.045	0.045	0.045	0.045	0.045	0.045	0.045	0.064	0.420	0.493	0.493	0.493	
0.293	0.293	0.293	0.293	0.293	0.293	0.117	0.049	0.049	0.049	0.049	0.049	0.374	0.854	0.854	0.191	0.045	0.045	0.045	0.045	0.045	0.045	0.045	0.325	0.493	0.493	0.493	0.493	
0.293	0.293	0.293	0.293	0.293	0.293	0.233	0.049	0.049	0.049	0.049	0.049	0.493	0.854	0.854	0.420	0.045	0.045	0.045	0.045	0.045	0.045	0.211	0.493	0.493	0.493	0.493	0.493	
0.293	0.293	0.293	0.293	0.293	0.293	0.293	0.106	0.049	0.049	0.049	0.049	0.613	0.854	0.854	1.742	0.045	0.045	0.045	0.045	0.045	0.117	0.473	0.493	0.493	0.493	0.493	0.517	
0.327	0.293	0.293	0.293	0.293	0.293	0.293	0.223	0.049	0.049	0.049	0.049	0.732	0.854	1.052	2.762	0.385	0.045	0.045	0.045	0.062	0.414	0.493	0.493	0.493	0.493	0.568	0.914	
1.067	0.538	0.293	0.293	0.293	0.293	0.293	0.292	0.096	0.049	0.049	0.062	0.838	0.854	1.456	2.793	1.508	0.045	0.045	0.045	0.316	0.493	0.493	0.493	0.493	0.647	0.969	1.000	
1.187	1.185	0.867	0.369	0.293	0.293	0.293	0.293	0.745	0.443	0.049	0.169	0.854	0.854	1.860	2.793	2.576	0.132	0.045	0.203	0.492	0.493	0.493	0.497	0.750	0.996	1.000	1.000	
1.187	1.187	1.187	1.122	0.634	0.296	0.293	0.293	2.592	4.310	2.885	4.010	3.076	1.675	2.736	2.793	2.943	3.899	3.817	1.394	0.493	0.493	0.526	0.852	1.000	1.000	1.000	1.000	
1.285	1.200	1.187	1.187	1.187	0.961	0.428	0.436	3.844	4.442	4.532	4.739	4.744	4.902	4.865	4.869	4.948	4.394	4.393	2.810	0.561	0.583	0.929	1.000	1.000	1.000	1.004	1.142	
1.348	1.339	1.258	1.190	1.187	1.187	1.175	4.387	4.772	4.685	5.098	4.957	4.795	4.911	4.944	5.155	5.244	5.312	4.717	4.714	4.306	1.057	1.000	1.000	1.001	1.124	1.324	1.389	
1.348	1.348	1.348	1.323	1.232	1.187	1.782	4.834	4.820	5.083	5.264	5.276	4.889	4.685	4.757	5.120	5.855	6.057	5.486	4.723	4.742	1.767	1.000	1.106	1.309	1.389	1.389	1.389	
1.348	1.348	1.348	1.348	1.348	1.896	4.987	5.195	5.470	6.157	5.738	5.866	5.301	4.592	4.649	5.045	5.294	6.013	6.071	5.426	5.127	4.970	1.853	1.389	1.389	1.389	1.389	1.389	
1.348	1.348	1.348	1.348	1.348	2.353	5.259	5.259	5.937	6.218	6.112	5.963	5.754	3.907	3.749	5.041	5.045	5.844	6.091	5.823	5.179	5.179	2.268	1.389	1.389	1.389	1.389	1.389	
0.000	0.000	0.000	0.000	0.000	0.000	0.000	0.000	0.000	0.000	0.000	0.000	1.951	1.892	1.892	1.736	0.000	0.000	0.000	0.000	0.000	0.000	0.000	0.000	0.000	0.000	0.000	0.000	
0.000	0.000	0.000	0.000	0.000	0.000	0.000	0.000	0.000	0.000	0.000	0.000	0.473	1.892	1.892	0.473	0.000	0.000	0.000	0.000	0.000	0.000	0.000	0.000	0.000	0.000	0.000	0.000	
0.000	0.000	0.000	0.000	0.000	0.000	0.000	0.000	0.000	0.000	0.000	0.000	0.473	1.892	1.892	0.473	0.000	0.000	0.000	0.000	0.000	0.000	0.000	0.000	0.000	0.000	0.000	0.000	
0.000	0.000	0.000	0.000	0.000	0.000	0.000	0.000	0.000	0.000	0.000	0.000	0.473	1.892	1.892	0.473	0.000	0.000	0.000	0.000	0.000	0.000	0.000	0.000	0.000	0.000	0.000	0.000	
0.000	0.000	0.000	0.000	0.000	0.000	0.000	0.000	0.000	0.000	0.000	0.000	0.473	1.892	1.892	0.473	0.000	0.000	0.000	0.000	0.000	0.000	0.000	0.000	0.000	0.000	0.000	0.000	
