0.075	0.075	0.075	0.075	0.075	0.075	0.075	0.064	0.061	0.061	0.061	0.061	0.061	0.061	0.061	0.061	0.061	0.061	0.061	0.061	0.061	0.061	0.072	0.088	0.088	0.088	0.088	0.088	
0.075	0.075	0.075	0.075	0.075	0.075	0.075	0.066	0.061	0.061	0.061	0.061	0.061	0.061	0.061	0.061	0.061	0.061	0.061	0.061	0.061	0.061	0.076	0.088	0.088	0.088	0.088	0.088	
0.075	0.075	0.075	0.075	0.075	0.075	0.075	0.067	0.061	0.061	0.061	0.061	0.061	0.061	0.061	0.061	0.061	0.061	0.061	0.061	0.061	0.061	0.080	0.088	0.088	0.088	0.088	0.088	
0.075	0.075	0.075	0.075	0.075	0.075	0.075	0.069	0.061	0.061	0.061	0.061	0.061	0.061	0.061	0.061	0.061	0.061	0.061	0.061	0.061	0.061	0.085	0.088	0.088	0.088	0.088	0.088	
0.075	0.075	0.075	0.075	0.075	0.075	0.075	0.071	0.061	0.061	0.061	0.061	0.061	0.061	0.061	0.061	0.061	0.061	0.061	0.061	0.061	0.063	0.088	0.088	0.088	0.088	0.088	0.088	
0.075	0.075	0.075	0.075	0.075	0.075	0.075	0.073	0.061	0.061	0.061	0.061	0.061	0.061	0.061	0.061	0.061	0.061	0.061	0.061	0.061	0.067	0.088	0.088	0.088	0.088	0.088	0.088	
0.075	0.075	0.075	0.075	0.075	0.075	0.075	0.074	0.061	0.061	0.061	0.061	0.061	0.061	0.061	0.061	0.061	0.061	0.061	0.061	0.061	0.071	0.088	0.088	0.088	0.088	0.088	0.088	
0.075	0.075	0.075	0.075	0.075	0.075	0.075	0.075	0.062	0.061	0.061	0.061	0.061	0.061	0.061	0.061	0.061	0.061	0.061	0.061	0.061	0.075	0.088	0.088	0.088	0.088	0.088	0.088	
0.075	0.075	0.075	0.075	0.075	0.075	0.075	0.075	0.064	0.061	0.061	0.061	0.061	0.061	0.061	0.061	0.061	0.061	0.061	0.061	0.061	0.080	0.088	0.088	0.088	0.088	0.088	0.088	
0.075	0.075	0.075	0.075	0.075	0.075	0.075	0.075	0.066	0.061	0.061	0.061	0.061	0.061	0.061	0.061	0.061	0.061	0.061	0.061	0.061	0.084	0.088	0.088	0.088	0.088	0.088	0.088	
0.075	0.075	0.075	0.075	0.075	0.075	0.075	0.075	0.067	0.061	0.061	0.061	0.061	0.061	0.061	0.061	0.061	0.061	0.061	0.061	0.062	0.087	0.088	0.088	0.088	0.088	0.088	0.088	
0.075	0.075	0.075	0.075	0.075	0.075	0.075	0.075	0.069	0.061	0.061	0.061	0.061	0.061	0.061	0.061	0.061	0.061	0.061	0.061	0.066	0.088	0.088	0.088	0.088	0.088	0.088	0.088	
0.075	0.075	0.075	0.075	0.075	0.075	0.075	0.075	0.071	0.061	0.061	0.061	0.061	0.061	0.061	0.061	0.061	0.061	0.061	0.061	0.070	0.088	0.088	0.088	0.088	0.088	0.088	0.088	
0.075	0.075	0.075	0.075	0.075	0.075	0.075	0.075	0.073	0.061	0.061	0.061	0.061	0.061	0.061	0.061	0.061	0.061	0.061	0.061	0.075	0.088	0.088	0.088	0.088	0.088	0.088	0.088	
0.075	0.075	0.075	0.075	0.075	0.075	0.075	0.075	0.074	0.061	0.061	0.061	0.061	0.061	0.061	0.061	0.061	0.061	0.061	0.061	0.079	0.088	0.088	0.088	0.088	0.088	0.088	0.088	
0.075	0.075	0.075	0.075	0.075	0.075	0.075	0.075	0.075	0.062	0.061	0.061	0.061	0.061	0.061	0.061	0.061	0.061	0.061	0.061	0.083	0.088	0.088	0.088	0.088	0.088	0.088	0.088	
0.075	0.075	0.075	0.075	0.075	0.075	0.075	0.075	0.075	0.064	0.061	0.061	0.061	0.061	0.061	0.061	0.061	0.061	0.061	0.062	0.087	0.088	0.088	0.088	0.088	0.088	0.088	0.088	
0.075	0.075	0.075	0.075	0.075	0.075	0.075	0.075	0.075	0.066	0.061	0.061	0.061	0.061	0.061	0.061	0.061	0.061	0.061	0.065	0.088	0.088	0.088	0.088	0.088	0.088	0.088	0.088	
0.075	0.075	0.075	0.075	0.075	0.075	0.075	0.075	0.075	0.067	0.061	0.061	0.061	0.061	0.061	0.061	0.061	0.061	0.061	0.070	0.088	0.088	0.088	0.088	0.088	0.088	0.088	0.088	
0.075	0.075	0.075	0.075	0.075	0.075	0.075	0.075	0.075	0.069	0.061	0.061	0.061	0.061	0.061	0.061	0.061	0.061	0.061	0.074	0.088	0.088	0.088	0.088	0.088	0.088	0.088	0.088	
0.075	0.075	0.075	0.075	0.075	0.075	0.075	0.075	0.075	0.071	0.061	0.061	0.061	0.061	0.061	0.061	0.061	0.061	0.061	0.078	0.088	0.088	0.088	0.088	0.088	0.088	0.088	0.090	
0.075	0.075	0.075	0.075	0.075	0.075	0.075	0.075	0.075	0.073	0.061	0.061	0.061	0.061	0.061	0.061	0.061	0.061	0.061	0.082	0.088	0.088	0.088	0.088	0.088	0.088	0.088	0.141	
0.094	0.075	0.075	0.075	0.075	0.075	0.075	0.075	0.075	0.074	0.061	0.061	0.061	0.061	0.061	0.061	0.061	0.061	0.061	0.087	0.088	0.088	0.088	0.088	0.088	0.088	0.088	0.213	
0.172	0.075	0.075	0.075	0.075	0.075	0.075	0.075	0.075	0.075	0.062	0.061	0.061	0.061	0.061	0.061	0.061	0.061	0.064	0.088	0.088	0.088	0.088	0.088	0.088	0.088	0.108	0.264	
0.247	0.083	0.075	0.075	0.075	0.075	0.075	0.075	0.075	0.075	0.064	0.061	0.061	0.061	0.061	0.061	0.061	0.061	0.069	0.088	0.088	0.088	0.088	0.088	0.088	0.088	0.177	0.266	
0.261	0.152	0.075	0.075	0.075	0.075	0.075	0.075	0.075	0.075	0.066	0.061	0.061	0.061	0.061	0.061	0.061	0.061	0.073	0.088	0.088	0.088	0.088	0.088	0.088	0.090	0.246	0.266	
0.261	0.234	0.077	0.075	0.075	0.075	0.075	0.075	0.075	0.075	0.067	0.061	0.061	0.061	0.061	0.061	0.061	0.061	0.077	0.088	0.088	0.088	0.088	0.088	0.088	0.141	0.266	0.266	
0.261	0.261	0.132	0.075	0.075	0.075	0.075	0.075	0.075	0.075	0.069	0.061	0.061	0.061	0.061	0.061	0.061	0.061	0.082	0.088	0.088	0.088	0.088	0.088	0.088	0.213	0.266	0.266	
0.261	0.261	0.215	0.075	0.075	0.075	0.075	0.075	0.075	0.075	0.071	0.061	0.061	0.061	0.061	0.061	0.061	0.061	0.086	0.088	0.088	0.088	0.088	0.088	0.108	0.264	0.266	0.266	
0.261	0.261	0.261	0.112	0.075	0.075	0.075	0.075	0.075	0.075	0.073	0.061	0.061	0.061	0.061	0.061	0.061	0.064	0.088	0.088	0.088	0.088	0.088	0.088	0.177	0.266	0.266	0.266	
0.261	0.261	0.261	0.195	0.075	0.075	0.075	0.075	0.075	0.075	0.074	0.061	0.061	0.061	0.061	0.061	0.061	0.068	0.088	0.088	0.088	0.088	0.088	0.090	0.246	0.266	0.266	0.266	
0.261	0.261	0.261	0.257	0.096	0.075	0.075	0.075	0.075	0.075	0.075	0.062	0.061	0.061	0.061	0.061	0.061	0.072	0.088	0.088	0.088	0.088	0.088	0.141	0.266	0.266	0.266	0.266	
0.261	0.261	0.261	0.261	0.175	0.075	0.075	0.075	0.075	0.075	0.075	0.064	0.061	0.061	0.061	0.061	0.061	0.077	0.088	0.088	0.088	0.088	0.088	0.213	0.266	0.266	0.266	0.266	
0.261	0.261	0.261	0.261	0.249	0.084	0.075	0.075	0.075	0.075	0.075	0.066	0.061	0.061	0.061	0.061	0.061	0.081	0.088	0.088	0.088	0.088	0.108	0.264	0.266	0.266	0.266	0.266	
0.261	0.261	0.261	0.261	0.261	0.155	0.075	0.075	0.075	0.075	0.075	0.067	0.061	0.061	0.061	0.061	0.061	0.085	0.088	0.088	0.088	0.088	0.177	0.266	0.266	0.266	0.266	0.266	
0.261	0.261	0.261	0.261	0.261	0.236	0.077	0.075	0.075	0.075	0.075	0.069	0.061	0.061	0.061	0.061	0.063	0.088	0.088	0.088	0.088	0.090	0.246	0.266	0.266	0.266	0.266	0.266	
0.261	0.261	0.261	0.261	0.261	0.261	0.135	0.075	0.075	0.075	0.075	0.071	0.061	0.061	0.061	0.061	0.067	0.088	0.088	0.088	0.088	0.141	0.266	0.266	0.266	0.266	0.266	0.273	
0.261	0.261	0.261	0.261	0.261	0.261	0.218	0.075	0.075	0.075	0.075	0.073	0.061	0.061	0.061	0.061	0.071	0.088	0.088	0.088	0.088	0.213	0.266	0.266	0.266	0.266	0.266	0.472	
0.330	0.261	0.261	0.261	0.261	0.261	0.261	0.116	0.075	0.075	0.075	0.074	0.061	0.061	0.061	0.061	0.076	0.088	0.088	0.088	0.108	0.264	0.266	0.266	0.266	0.266	0.391	0.629	
0.674	0.330	0.261	0.261	0.261	0.261	0.261	0.198	0.075	0.075	0.075	0.075	0.062	0.061	0.061	0.061	0.080	0.088	0.088	0.088	0.177	0.266	0.266	0.266	0.266	0.326	0.612	0.629	
0.720	0.674	0.330	0.261	0.261	0.261	0.261	0.258	0.098	0.075	0.075	0.075	0.064	0.061	0.061	0.061	0.084	0.088	0.088	0.090	0.246	0.266	0.266	0.266	0.284	0.572	0.629	0.629	
0.720	0.720	0.674	0.330	0.261	0.261	0.261	0.261	0.179	0.075	0.075	0.075	0.066	0.061	0.061	0.062	0.088	0.088	0.088	0.141	0.266	0.266	0.266	0.267	0.508	0.629	0.629	0.629	
0.720	0.720	0.720	0.674	0.330	0.261	0.261	0.261	0.251	0.086	0.075	0.075	0.067	0.061	0.061	0.066	0.088	0.088	0.088	0.213	0.266	0.266	0.266	0.427	0.629	0.629	0.629	0.629	
0.720	0.720	0.720	0.720	0.674	0.330	0.261	0.261	0.261	0.159	0.075	0.075	0.069	0.061	0.061	1.117	0.088	0.088	0.108	0.264	0.266	0.266	0.352	0.623	0.629	0.629	0.629	0.629	
0.730	0.720	0.720	0.720	0.720	0.674	0.330	0.261	0.261	0.468	1.444	0.785	2.277	2.084	2.920	4.607	1.895	0.088	0.177	0.266	0.266	0.300	0.593	0.629	0.629	0.629	0.629	0.629	
1.083	0.865	0.722	0.720	0.720	0.720	0.674	0.330	0.272	2.489	4.748	4.733	4.412	4.412	4.553	4.607	4.460	3.487	2.378	0.438	0.288	0.540	0.629	0.629	0.629	0.629	0.659	0.957	
1.139	1.139	1.054	0.829	0.720	0.720	0.720	1.535	4.457	4.836	4.749	4.837	4.499	4.491	5.066	5.334	4.844	4.462	4.554	4.879	4.563	0.646	0.629	0.629	0.653	0.942	1.277	1.342	
1.139	1.139	1.139	1.139	1.020	0.796	0.720	2.875	4.864	4.865	5.251	5.593	5.708	6.261	6.031	5.726	5.445	4.508	4.764	4.879	4.892	1.744	0.648	0.928	1.268	1.342	1.342	1.342	
1.139	1.139	1.139	1.139	1.139	1.135	2.959	5.198	5.105	5.696	5.942	5.622	5.579	6.253	5.783	5.548	6.380	6.278	6.111	5.634	5.165	5.180	2.152	1.342	1.342	1.342	1.342	1.342	
1.139	1.139	1.139	1.139	1.139	1.139	3.502	5.198	5.245	6.023	6.023	5.162	3.260	3.379	2.823	3.770	6.460	6.355	6.119	5.989	5.210	5.210	2.434	1.342	1.342	1.342	1.342	1.342	
0.000	0.000	0.000	0.000	0.000	0.000	0.000	0.000	0.000	0.000	0.000	0.000	1.666	3.097	2.705	1.442	0.000	0.000	0.000	0.000	0.000	0.000	0.000	0.000	0.000	0.000	0.000	0.000	
0.000	0.000	0.000	0.000	0.000	0.000	0.000	0.000	0.000	0.000	0.000	0.000	0.784	3.085	2.705	0.676	0.000	0.000	0.000	0.000	0.000	0.000	0.000	0.000	0.000	0.000	0.000	0.000	
0.000	0.000	0.000	0.000	0.000	0.000	0.000	0.000	0.000	0.000	0.000	0.000	0.784	3.073	2.705	0.676	0.000	0.000	0.000	0.000	0.000	0.000	0.000	0.000	0.000	0.000	0.000	0.000	
0.000	0.000	0.000	0.000	0.000	0.000	0.000	0.000	0.000	0.000	0.000	0.000	0.784	3.060	2.705	0.676	0.000	0.000	0.000	0.000	0.000	0.000	0.000	0.000	0.000	0.000	0.000	0.000	
0.000	0.000	0.000	0.000	0.000	0.000	0.000	0.000	0.000	0.000	0.000	0.000	0.784	3.048	2.705	0.676	0.000	0.000	0.000	0.000	0.000	0.000	0.000	0.000	0.000	0.000	0.000	0.000	
