0.052	0.052	0.052	0.052	0.052	0.052	0.052	0.052	0.052	0.052	0.052	0.052	0.052	0.052	0.052	0.052	0.052	0.063	0.086	0.086	0.086	0.086	0.086	0.086	0.086	0.086	0.086	0.096	
0.052	0.052	0.052	0.052	0.052	0.052	0.052	0.052	0.052	0.052	0.052	0.052	0.052	0.052	0.052	0.052	0.052	0.066	0.086	0.086	0.086	0.086	0.086	0.086	0.086	0.086	0.086	0.105	
0.052	0.052	0.052	0.052	0.052	0.052	0.052	0.052	0.052	0.052	0.052	0.052	0.052	0.052	0.052	0.052	0.052	0.069	0.086	0.086	0.086	0.086	0.086	0.086	0.086	0.086	0.086	0.114	
0.052	0.052	0.052	0.052	0.052	0.052	0.052	0.052	0.052	0.052	0.052	0.052	0.052	0.052	0.052	0.052	0.052	0.072	0.086	0.086	0.086	0.086	0.086	0.086	0.086	0.086	0.087	0.122	
0.052	0.052	0.052	0.052	0.052	0.052	0.052	0.052	0.052	0.052	0.052	0.052	0.052	0.052	0.052	0.052	0.052	0.076	0.086	0.086	0.086	0.086	0.086	0.086	0.086	0.086	0.095	0.123	
0.052	0.052	0.052	0.052	0.052	0.052	0.052	0.052	0.052	0.052	0.052	0.052	0.052	0.052	0.052	0.052	0.052	0.079	0.086	0.086	0.086	0.086	0.086	0.086	0.086	0.086	0.104	0.123	
0.052	0.052	0.052	0.052	0.052	0.052	0.052	0.052	0.052	0.052	0.052	0.052	0.052	0.052	0.052	0.052	0.052	0.082	0.086	0.086	0.086	0.086	0.086	0.086	0.086	0.086	0.113	0.123	
0.065	0.052	0.052	0.052	0.052	0.052	0.052	0.052	0.052	0.052	0.052	0.052	0.052	0.052	0.052	0.052	0.052	0.085	0.086	0.086	0.086	0.086	0.086	0.086	0.086	0.087	0.121	0.123	
0.096	0.052	0.052	0.052	0.052	0.052	0.052	0.052	0.052	0.052	0.052	0.052	0.052	0.052	0.052	0.052	0.054	0.086	0.086	0.086	0.086	0.086	0.086	0.086	0.086	0.094	0.123	0.123	
0.127	0.052	0.052	0.052	0.052	0.052	0.052	0.052	0.052	0.052	0.052	0.052	0.052	0.052	0.052	0.052	0.057	0.086	0.086	0.086	0.086	0.086	0.086	0.086	0.086	0.103	0.123	0.123	
0.153	0.057	0.052	0.052	0.052	0.052	0.052	0.052	0.052	0.052	0.052	0.052	0.052	0.052	0.052	0.052	0.060	0.086	0.086	0.086	0.086	0.086	0.086	0.086	0.086	0.112	0.123	0.123	
0.155	0.086	0.052	0.052	0.052	0.052	0.052	0.052	0.052	0.052	0.052	0.052	0.052	0.052	0.052	0.052	0.063	0.086	0.086	0.086	0.086	0.086	0.086	0.086	0.086	0.121	0.123	0.123	
0.155	0.117	0.052	0.052	0.052	0.052	0.052	0.052	0.052	0.052	0.052	0.052	0.052	0.052	0.052	0.052	0.066	0.086	0.086	0.086	0.086	0.086	0.086	0.086	0.093	0.123	0.123	0.123	
0.155	0.147	0.053	0.052	0.052	0.052	0.052	0.052	0.052	0.052	0.052	0.052	0.052	0.052	0.052	0.052	0.069	0.086	0.086	0.086	0.086	0.086	0.086	0.086	0.102	0.123	0.123	0.123	
0.155	0.155	0.076	0.052	0.052	0.052	0.052	0.052	0.052	0.052	0.052	0.052	0.052	0.052	0.052	0.052	0.072	0.086	0.086	0.086	0.086	0.086	0.086	0.086	0.111	0.123	0.123	0.123	
0.155	0.155	0.107	0.052	0.052	0.052	0.052	0.052	0.052	0.052	0.052	0.052	0.052	0.052	0.052	0.052	0.075	0.086	0.086	0.086	0.086	0.086	0.086	0.086	0.120	0.123	0.123	0.123	
0.155	0.155	0.138	0.052	0.052	0.052	0.052	0.052	0.052	0.052	0.052	0.052	0.052	0.052	0.052	0.052	0.078	0.086	0.086	0.086	0.086	0.086	0.086	0.093	0.123	0.123	0.123	0.123	
0.155	0.155	0.155	0.066	0.052	0.052	0.052	0.052	0.052	0.052	0.052	0.052	0.052	0.052	0.052	0.052	0.081	0.086	0.086	0.086	0.086	0.086	0.086	0.102	0.123	0.123	0.123	0.123	
0.155	0.155	0.155	0.097	0.052	0.052	0.052	0.052	0.052	0.052	0.052	0.052	0.052	0.052	0.052	0.052	0.084	0.086	0.086	0.086	0.086	0.086	0.086	0.111	0.123	0.123	0.123	0.123	
0.155	0.155	0.155	0.128	0.052	0.052	0.052	0.052	0.052	0.052	0.052	0.052	0.052	0.052	0.052	0.053	0.086	0.086	0.086	0.086	0.086	0.086	0.086	0.119	0.123	0.123	0.123	0.123	
0.155	0.155	0.155	0.153	0.058	0.052	0.052	0.052	0.052	0.052	0.052	0.052	0.052	0.052	0.052	0.056	0.086	0.086	0.086	0.086	0.086	0.086	0.092	0.123	0.123	0.123	0.123	0.123	
0.155	0.155	0.155	0.155	0.087	0.052	0.052	0.052	0.052	0.052	0.052	0.052	0.052	0.052	0.052	0.059	0.086	0.086	0.086	0.086	0.086	0.086	0.101	0.123	0.123	0.123	0.123	0.123	
0.155	0.155	0.155	0.155	0.118	0.052	0.052	0.052	0.052	0.052	0.052	0.052	0.052	0.052	0.052	0.062	0.086	0.086	0.086	0.086	0.086	0.086	0.110	0.123	0.123	0.123	0.123	0.123	
0.155	0.155	0.155	0.155	0.148	0.053	0.052	0.052	0.052	0.052	0.052	0.052	0.052	0.052	0.052	0.065	0.086	0.086	0.086	0.086	0.086	0.086	0.119	0.123	0.123	0.123	0.123	0.123	
0.155	0.155	0.155	0.155	0.155	0.077	0.052	0.052	0.052	0.052	0.052	0.052	0.052	0.052	0.052	0.068	0.086	0.086	0.086	0.086	0.086	0.091	0.123	0.123	0.123	0.123	0.123	0.123	
0.155	0.155	0.155	0.155	0.155	0.108	0.052	0.052	0.052	0.052	0.052	0.052	0.052	0.052	0.052	0.071	0.086	0.086	0.086	0.086	0.086	0.100	0.123	0.123	0.123	0.123	0.123	0.123	
0.155	0.155	0.155	0.155	0.155	0.139	0.052	0.052	0.052	0.052	0.052	0.052	0.052	0.052	0.052	0.074	0.086	0.086	0.086	0.086	0.086	0.109	0.123	0.123	0.123	0.123	0.123	0.123	
0.155	0.155	0.155	0.155	0.155	0.155	0.067	0.052	0.052	0.052	0.052	0.052	0.052	0.052	0.052	0.077	0.086	0.086	0.086	0.086	0.086	0.118	0.123	0.123	0.123	0.123	0.123	0.123	
0.155	0.155	0.155	0.155	0.155	0.155	0.098	0.052	0.052	0.052	0.052	0.052	0.052	0.052	0.052	0.080	0.086	0.086	0.086	0.086	0.090	0.123	0.123	0.123	0.123	0.123	0.123	0.123	
0.155	0.155	0.155	0.155	0.155	0.155	0.130	0.052	0.052	0.052	0.052	0.052	0.052	0.052	0.052	0.083	0.086	0.086	0.086	0.086	0.099	0.123	0.123	0.123	0.123	0.123	0.123	0.123	
0.155	0.155	0.155	0.155	0.155	0.155	0.153	0.059	0.052	0.052	0.052	0.052	0.052	0.052	0.053	0.086	0.086	0.086	0.086	0.086	0.108	0.123	0.123	0.123	0.123	0.123	0.123	0.123	
0.155	0.155	0.155	0.155	0.155	0.155	0.155	0.088	0.052	0.052	0.052	0.052	0.052	0.052	0.055	0.086	0.086	0.086	0.086	0.086	0.117	0.123	0.123	0.123	0.123	0.123	0.123	0.123	
0.175	0.155	0.155	0.155	0.155	0.155	0.155	0.120	0.052	0.052	0.052	0.052	0.052	0.052	0.058	0.086	0.086	0.086	0.086	0.089	0.123	0.123	0.123	0.123	0.123	0.123	0.123	0.123	
0.382	0.155	0.155	0.155	0.155	0.155	0.155	0.149	0.054	0.052	0.052	0.052	0.052	0.052	0.062	0.086	0.086	0.086	0.086	0.098	0.123	0.123	0.123	0.123	0.123	0.123	0.123	0.131	
0.548	0.242	0.155	0.155	0.155	0.155	0.155	0.155	0.079	0.052	0.052	0.052	0.052	0.052	0.065	0.086	0.086	0.086	0.086	0.107	0.123	0.123	0.123	0.123	0.123	0.123	0.123	0.361	
0.552	0.483	0.164	0.155	0.155	0.155	0.155	0.155	0.110	0.052	0.052	0.052	0.052	0.052	0.068	0.086	0.086	0.086	0.086	0.116	0.123	0.123	0.123	0.123	0.123	0.123	0.229	0.584	
0.552	0.552	0.348	0.155	0.155	0.155	0.155	0.155	0.141	0.052	0.052	0.052	0.052	0.052	0.071	0.086	0.086	0.086	0.089	0.123	0.123	0.123	0.123	0.123	0.123	0.147	0.528	0.590	
0.552	0.552	0.540	0.216	0.155	0.155	0.155	0.155	0.155	0.069	0.052	0.052	0.052	0.052	0.074	0.086	0.086	0.086	0.097	0.123	0.123	0.123	0.123	0.123	0.123	0.413	0.590	0.590	
0.552	0.552	0.552	0.455	0.157	0.155	0.155	0.155	0.155	0.100	0.052	0.052	0.052	0.052	0.077	0.086	0.086	0.086	0.106	0.123	0.123	0.123	0.123	0.123	0.275	0.590	0.590	0.590	
0.552	0.552	0.552	0.552	0.314	0.155	0.155	0.155	0.155	0.131	0.052	0.052	0.052	0.052	0.080	0.086	0.086	0.086	0.115	0.123	0.123	0.123	0.123	0.171	0.555	0.590	0.590	0.590	
0.552	0.552	0.552	0.552	0.527	0.195	0.155	0.155	0.155	0.154	0.060	0.052	0.052	0.052	0.083	0.086	0.086	0.152	0.122	0.123	0.123	0.123	0.125	0.463	0.590	0.590	0.590	0.590	
0.552	0.552	0.552	0.552	0.552	0.423	0.155	0.155	0.155	0.160	2.405	0.285	0.052	0.052	0.086	0.086	0.185	2.681	0.355	0.123	0.123	0.123	0.327	0.590	0.590	0.590	0.590	0.590	
0.770	0.552	0.552	0.552	0.552	0.552	0.280	0.155	0.155	0.715	3.792	3.195	0.885	2.350	1.625	0.143	2.563	3.706	1.246	0.123	0.123	0.203	0.575	0.590	0.590	0.590	0.590	0.590	
1.456	1.060	0.584	0.552	0.552	0.552	0.510	0.914	0.335	1.645	3.792	3.792	4.080	4.301	4.301	3.654	3.707	3.706	2.177	0.163	0.481	0.504	0.590	0.590	0.590	0.590	0.743	1.266	
1.463	1.463	1.324	0.753	0.552	0.552	0.962	4.465	4.450	4.847	4.789	4.399	4.665	4.387	4.513	5.075	4.608	4.583	4.732	4.465	4.498	0.872	0.590	0.590	0.685	1.180	1.565	1.582	
1.463	1.463	1.463	1.452	1.040	0.712	2.634	4.475	4.475	5.074	5.208	5.048	4.887	4.881	5.227	5.088	5.179	5.358	5.244	4.535	4.535	2.113	0.641	1.094	1.537	1.582	1.582	1.582	
1.807	1.502	1.463	1.463	1.463	3.562	4.689	4.739	5.364	5.545	5.700	5.768	5.049	5.602	6.232	5.800	5.705	5.501	5.618	5.162	4.761	4.819	2.325	1.582	1.582	1.582	1.659	1.865	
2.208	2.157	1.839	1.518	1.565	4.223	4.689	5.013	5.685	5.698	6.098	6.098	6.197	6.224	6.241	6.103	5.978	5.907	5.812	5.711	4.838	4.837	3.139	1.582	1.644	1.847	1.978	1.980	
2.208	2.208	2.208	2.173	4.278	5.253	5.281	6.163	6.099	6.647	6.687	5.987	6.093	6.220	5.477	5.223	6.158	6.655	6.162	6.152	5.803	5.139	5.221	3.027	1.975	1.980	1.980	1.980	
2.208	2.208	2.208	2.208	4.674	5.263	5.622	6.268	6.352	6.942	6.892	5.945	5.946	5.632	4.679	4.678	6.162	6.839	6.601	6.234	6.191	5.244	5.244	3.554	1.980	1.980	1.980	1.980	
0.000	0.000	0.000	0.000	0.000	0.000	0.000	0.000	0.000	0.000	0.000	0.000	2.831	3.496	4.195	2.485	0.000	0.000	0.000	0.000	0.000	0.000	0.000	0.000	0.000	0.000	0.000	0.000	
0.000	0.000	0.000	0.000	0.000	0.000	0.000	0.000	0.000	0.000	0.000	0.000	0.576	2.303	2.311	0.650	0.000	0.000	0.000	0.000	0.000	0.000	0.000	0.000	0.000	0.000	0.000	0.000	
0.000	0.000	0.000	0.000	0.000	0.000	0.000	0.000	0.000	0.000	0.000	0.000	0.576	2.303	2.303	0.576	0.000	0.000	0.000	0.000	0.000	0.000	0.000	0.000	0.000	0.000	0.000	0.000	
0.000	0.000	0.000	0.000	0.000	0.000	0.000	0.000	0.000	0.000	0.000	0.000	0.576	2.303	2.303	0.576	0.000	0.000	0.000	0.000	0.000	0.000	0.000	0.000	0.000	0.000	0.000	0.000	
0.000	0.000	0.000	0.000	0.000	0.000	0.000	0.000	0.000	0.000	0.000	0.000	0.576	2.303	2.303	0.576	0.000	0.000	0.000	0.000	0.000	0.000	0.000	0.000	0.000	0.000	0.000	0.000	
