0.034	0.034	0.034	0.034	0.034	0.034	0.034	0.034	0.034	0.034	0.034	0.034	0.034	0.034	0.034	0.034	0.034	0.034	0.034	0.034	0.034	0.034	0.034	0.034	0.034	0.034	0.056	0.095	
0.034	0.034	0.034	0.034	0.034	0.034	0.034	0.034	0.034	0.034	0.034	0.034	0.034	0.034	0.034	0.034	0.034	0.034	0.034	0.034	0.034	0.034	0.034	0.034	0.034	0.034	0.074	0.095	
0.034	0.034	0.034	0.034	0.034	0.034	0.034	0.034	0.034	0.034	0.034	0.034	0.034	0.034	0.034	0.034	0.034	0.034	0.034	0.034	0.034	0.034	0.034	0.034	0.034	0.035	0.091	0.095	
0.034	0.034	0.034	0.034	0.034	0.034	0.034	0.034	0.034	0.034	0.034	0.034	0.034	0.034	0.034	0.034	0.034	0.034	0.034	0.034	0.034	0.034	0.034	0.034	0.034	0.049	0.095	0.095	
0.034	0.034	0.034	0.034	0.034	0.034	0.034	0.034	0.034	0.034	0.034	0.034	0.034	0.034	0.034	0.034	0.034	0.034	0.034	0.034	0.034	0.034	0.034	0.034	0.034	0.068	0.095	0.095	
0.034	0.034	0.034	0.034	0.034	0.034	0.034	0.034	0.034	0.034	0.034	0.034	0.034	0.034	0.034	0.034	0.034	0.034	0.034	0.034	0.034	0.034	0.034	0.034	0.034	0.086	0.095	0.095	
0.034	0.034	0.034	0.034	0.034	0.034	0.034	0.034	0.034	0.034	0.034	0.034	0.034	0.034	0.034	0.034	0.034	0.034	0.034	0.034	0.034	0.034	0.034	0.034	0.043	0.095	0.095	0.095	
0.034	0.034	0.034	0.034	0.034	0.034	0.034	0.034	0.034	0.034	0.034	0.034	0.034	0.034	0.034	0.034	0.034	0.034	0.034	0.034	0.034	0.034	0.034	0.034	0.061	0.095	0.095	0.095	
0.034	0.034	0.034	0.034	0.034	0.034	0.034	0.034	0.034	0.034	0.034	0.034	0.034	0.034	0.034	0.034	0.034	0.034	0.034	0.034	0.034	0.034	0.034	0.034	0.079	0.095	0.095	0.095	
0.034	0.034	0.034	0.034	0.034	0.034	0.034	0.034	0.034	0.034	0.034	0.034	0.034	0.034	0.034	0.034	0.034	0.034	0.034	0.034	0.034	0.034	0.034	0.038	0.094	0.095	0.095	0.095	
0.034	0.034	0.034	0.034	0.034	0.034	0.034	0.034	0.034	0.034	0.034	0.034	0.034	0.034	0.034	0.034	0.034	0.034	0.034	0.034	0.034	0.034	0.034	0.055	0.095	0.095	0.095	0.095	
0.034	0.034	0.034	0.034	0.034	0.034	0.034	0.034	0.034	0.034	0.034	0.034	0.034	0.034	0.034	0.034	0.034	0.034	0.034	0.034	0.034	0.034	0.034	0.073	0.095	0.095	0.095	0.095	
0.034	0.034	0.034	0.034	0.034	0.034	0.034	0.034	0.034	0.034	0.034	0.034	0.034	0.034	0.034	0.034	0.034	0.034	0.034	0.034	0.034	0.034	0.035	0.090	0.095	0.095	0.095	0.095	
0.034	0.034	0.034	0.034	0.034	0.034	0.034	0.034	0.034	0.034	0.034	0.034	0.034	0.034	0.034	0.034	0.034	0.034	0.034	0.034	0.034	0.034	0.049	0.095	0.095	0.095	0.095	0.095	
0.034	0.034	0.034	0.034	0.034	0.034	0.034	0.034	0.034	0.034	0.034	0.034	0.034	0.034	0.034	0.034	0.034	0.034	0.034	0.034	0.034	0.034	0.067	0.095	0.095	0.095	0.095	0.095	
0.034	0.034	0.034	0.034	0.034	0.034	0.034	0.034	0.034	0.034	0.034	0.034	0.034	0.034	0.034	0.034	0.034	0.034	0.034	0.034	0.034	0.034	0.085	0.095	0.095	0.095	0.095	0.095	
0.034	0.034	0.034	0.034	0.034	0.034	0.034	0.034	0.034	0.034	0.034	0.034	0.034	0.034	0.034	0.034	0.034	0.034	0.034	0.034	0.034	0.043	0.095	0.095	0.095	0.095	0.095	0.095	
0.034	0.034	0.034	0.034	0.034	0.034	0.034	0.034	0.034	0.034	0.034	0.034	0.034	0.034	0.034	0.034	0.034	0.034	0.034	0.034	0.034	0.061	0.095	0.095	0.095	0.095	0.095	0.095	
0.034	0.034	0.034	0.034	0.034	0.034	0.034	0.034	0.034	0.034	0.034	0.034	0.034	0.034	0.034	0.034	0.034	0.034	0.034	0.034	0.034	0.079	0.095	0.095	0.095	0.095	0.095	0.095	
0.034	0.034	0.034	0.034	0.034	0.034	0.034	0.034	0.034	0.034	0.034	0.034	0.034	0.034	0.034	0.034	0.034	0.034	0.034	0.034	0.038	0.093	0.095	0.095	0.095	0.095	0.095	0.095	
0.034	0.034	0.034	0.034	0.034	0.034	0.034	0.034	0.034	0.034	0.034	0.034	0.034	0.034	0.034	0.034	0.034	0.034	0.034	0.034	0.055	0.095	0.095	0.095	0.095	0.095	0.095	0.095	
0.034	0.034	0.034	0.034	0.034	0.034	0.034	0.034	0.034	0.034	0.034	0.034	0.034	0.034	0.034	0.034	0.034	0.034	0.034	0.034	0.073	0.095	0.095	0.095	0.095	0.095	0.095	0.095	
0.130	0.034	0.034	0.034	0.034	0.034	0.034	0.034	0.034	0.034	0.034	0.034	0.034	0.034	0.034	0.034	0.034	0.034	0.034	0.035	0.090	0.095	0.095	0.095	0.095	0.095	0.095	0.095	
0.316	0.038	0.034	0.034	0.034	0.034	0.034	0.034	0.034	0.034	0.034	0.034	0.034	0.034	0.034	0.034	0.034	0.034	0.034	0.048	0.095	0.095	0.095	0.095	0.095	0.095	0.095	0.095	
0.378	0.166	0.034	0.034	0.034	0.034	0.034	0.034	0.034	0.034	0.034	0.034	0.034	0.034	0.034	0.034	0.034	0.034	0.034	0.067	0.095	0.095	0.095	0.095	0.095	0.095	0.095	0.095	
0.378	0.342	0.048	0.034	0.034	0.034	0.034	0.034	0.034	0.034	0.034	0.034	0.034	0.034	0.034	0.034	0.034	0.034	0.034	0.085	0.095	0.095	0.095	0.095	0.095	0.095	0.095	0.095	
0.378	0.378	0.203	0.034	0.034	0.034	0.034	0.034	0.034	0.034	0.034	0.034	0.034	0.034	0.034	0.034	0.034	0.034	0.042	0.095	0.095	0.095	0.095	0.095	0.095	0.095	0.095	0.095	
0.378	0.378	0.361	0.066	0.034	0.034	0.034	0.034	0.034	0.034	0.034	0.034	0.034	0.034	0.034	0.034	0.034	0.034	0.060	0.095	0.095	0.095	0.095	0.095	0.095	0.095	0.095	0.095	
0.378	0.378	0.378	0.240	0.034	0.034	0.034	0.034	0.034	0.034	0.034	0.034	0.034	0.034	0.034	0.034	0.034	0.034	0.078	0.095	0.095	0.095	0.095	0.095	0.095	0.095	0.095	0.095	
0.378	0.378	0.378	0.373	0.091	0.034	0.034	0.034	0.034	0.034	0.034	0.034	0.034	0.034	0.034	0.034	0.034	0.037	0.093	0.095	0.095	0.095	0.095	0.095	0.095	0.095	0.095	0.095	
0.403	0.378	0.378	0.378	0.276	0.034	0.034	0.034	0.034	0.034	0.034	0.034	0.034	0.034	0.034	0.034	0.034	0.054	0.095	0.095	0.095	0.095	0.095	0.095	0.095	0.095	0.095	0.095	
0.501	0.378	0.378	0.378	0.378	0.123	0.034	0.034	0.034	0.034	0.034	0.034	0.034	0.034	0.034	0.034	0.034	0.072	0.095	0.095	0.095	0.095	0.095	0.095	0.095	0.095	0.095	0.165	
0.567	0.414	0.378	0.378	0.378	0.310	0.036	0.034	0.034	0.034	0.034	0.034	0.034	0.034	0.034	0.034	0.035	0.090	0.095	0.095	0.095	0.095	0.095	0.095	0.095	0.095	0.106	0.378	
0.569	0.516	0.378	0.378	0.378	0.378	0.159	0.034	0.034	0.034	0.034	0.034	0.034	0.034	0.034	0.034	0.048	0.095	0.095	0.095	0.095	0.095	0.095	0.095	0.095	0.095	0.281	0.432	
0.569	0.569	0.428	0.378	0.378	0.378	0.338	0.048	0.034	0.034	0.034	0.034	0.034	0.034	0.034	0.034	0.066	0.095	0.095	0.095	0.095	0.095	0.095	0.095	0.095	0.176	0.429	0.432	
0.569	0.569	0.530	0.379	0.378	0.378	0.378	0.933	0.059	0.034	0.034	0.034	0.034	0.034	0.034	0.034	0.084	0.095	0.095	0.095	0.095	0.095	0.095	0.095	0.110	0.387	0.432	0.432	
0.569	0.569	0.569	0.442	0.378	0.378	0.378	1.169	1.358	0.040	0.034	0.034	0.034	0.034	0.034	0.080	0.095	0.095	0.095	0.095	0.095	0.095	0.095	0.095	0.294	0.432	0.432	0.432	
0.569	0.569	0.569	0.541	0.382	0.378	0.378	0.681	2.222	1.204	0.034	0.034	0.034	0.034	0.097	1.613	0.133	0.095	0.095	0.095	0.095	0.095	0.095	0.187	0.431	0.432	0.432	0.432	
0.569	0.569	0.569	0.569	0.457	0.378	0.378	0.382	2.035	2.222	1.044	0.034	0.034	0.040	1.450	2.248	0.603	0.095	0.095	0.095	0.095	0.095	0.116	0.395	0.432	0.432	0.432	0.432	
0.569	0.569	0.569	0.569	0.551	0.387	0.378	0.378	1.551	2.222	2.215	1.457	1.806	2.175	2.248	2.248	1.193	0.095	0.095	0.095	0.095	0.095	0.307	0.432	0.432	0.432	0.432	0.432	
0.569	0.569	0.569	0.569	0.569	0.472	0.378	0.378	1.064	2.222	2.230	3.375	3.588	3.269	2.248	2.248	1.840	0.175	0.095	0.095	0.152	0.632	0.432	0.432	0.432	0.432	0.432	0.432	
0.569	0.569	0.569	0.569	0.569	0.559	0.398	0.611	2.301	3.989	3.918	3.630	3.588	3.700	2.367	2.266	3.219	3.918	2.997	1.877	2.505	1.895	0.432	0.432	0.432	0.432	0.432	0.432	
0.948	0.617	0.569	0.569	0.569	0.591	3.569	4.132	4.194	4.266	4.293	4.509	4.551	4.867	4.687	4.866	4.540	4.098	3.982	2.835	2.773	1.895	0.432	0.432	0.432	0.432	0.432	0.432	
1.434	1.388	1.091	2.099	2.645	3.191	4.081	4.132	4.249	4.497	4.956	5.186	4.964	4.867	4.927	4.977	4.897	4.271	3.399	2.773	2.778	3.131	0.644	0.432	0.432	0.432	0.432	0.432	
1.434	1.434	1.434	2.557	3.678	3.678	4.331	4.534	4.917	5.014	5.149	5.186	5.415	5.458	5.486	5.406	4.908	4.782	4.375	3.647	3.662	4.269	3.209	0.499	0.432	0.432	0.432	0.432	
1.434	1.434	1.434	1.473	3.212	3.971	4.975	4.986	5.011	5.014	5.685	5.873	5.704	5.671	5.660	5.657	5.025	4.782	5.163	5.353	4.794	4.269	4.006	2.148	1.789	1.738	1.688	1.606	
1.434	1.434	1.434	1.434	2.286	4.641	4.886	5.006	5.242	5.265	5.880	5.913	5.679	5.466	5.524	5.575	5.366	5.436	5.500	5.346	5.171	4.660	2.413	2.197	2.197	2.192	2.038	1.848	
2.147	2.061	1.975	1.964	4.187	4.692	4.686	4.935	5.298	5.304	6.062	6.128	5.514	5.257	5.367	5.512	5.560	5.708	5.708	5.344	5.160	5.156	2.623	2.197	2.105	1.890	1.824	1.824	
2.515	2.515	2.515	2.729	4.972	4.900	4.849	5.892	5.878	6.364	6.431	6.116	5.383	5.211	5.275	5.403	6.409	6.494	5.996	5.913	5.371	5.239	5.109	2.657	1.824	1.824	1.824	1.824	
2.515	2.515	2.515	2.780	4.972	4.972	5.570	6.107	6.159	6.744	6.744	5.819	5.062	5.066	5.196	5.196	6.595	6.816	6.207	5.976	5.749	5.264	5.264	2.942	1.824	1.824	1.824	1.824	
0.000	0.000	0.000	0.000	0.000	0.000	0.000	0.000	0.000	0.000	0.000	0.000	2.689	5.066	5.196	2.760	0.000	0.000	0.000	0.000	0.000	0.000	0.000	0.000	0.000	0.000	0.000	0.000	
0.000	0.000	0.000	0.000	0.000	0.000	0.000	0.000	0.000	0.000	0.000	0.000	0.900	3.073	3.162	0.936	0.000	0.000	0.000	0.000	0.000	0.000	0.000	0.000	0.000	0.000	0.000	0.000	
0.000	0.000	0.000	0.000	0.000	0.000	0.000	0.000	0.000	0.000	0.000	0.000	0.663	2.654	2.654	0.663	0.000	0.000	0.000	0.000	0.000	0.000	0.000	0.000	0.000	0.000	0.000	0.000	
0.000	0.000	0.000	0.000	0.000	0.000	0.000	0.000	0.000	0.000	0.000	0.000	0.663	2.654	2.654	0.663	0.000	0.000	0.000	0.000	0.000	0.000	0.000	0.000	0.000	0.000	0.000	0.000	
0.000	0.000	0.000	0.000	0.000	0.000	0.000	0.000	0.000	0.000	0.000	0.000	0.663	2.654	2.654	0.663	0.000	0.000	0.000	0.000	0.000	0.000	0.000	0.000	0.000	0.000	0.000	0.000	
