0.044	0.044	0.044	0.044	0.044	0.044	0.044	0.044	0.044	0.044	0.044	0.044	0.044	0.044	0.044	0.044	0.044	0.044	0.044	0.044	0.044	0.044	0.044	0.065	0.092	0.092	0.092	0.092	
0.044	0.044	0.044	0.044	0.044	0.044	0.044	0.044	0.044	0.044	0.044	0.044	0.044	0.044	0.044	0.044	0.044	0.044	0.044	0.044	0.044	0.044	0.044	0.075	0.092	0.092	0.092	0.092	
0.044	0.044	0.044	0.044	0.044	0.044	0.044	0.044	0.044	0.044	0.044	0.044	0.044	0.044	0.044	0.044	0.044	0.044	0.044	0.044	0.044	0.044	0.044	0.085	0.092	0.092	0.092	0.092	
0.044	0.044	0.044	0.044	0.044	0.044	0.044	0.044	0.044	0.044	0.044	0.044	0.044	0.044	0.044	0.044	0.044	0.044	0.044	0.044	0.044	0.044	0.048	0.092	0.092	0.092	0.092	0.092	
0.044	0.044	0.044	0.044	0.044	0.044	0.044	0.044	0.044	0.044	0.044	0.044	0.044	0.044	0.044	0.044	0.044	0.044	0.044	0.044	0.044	0.044	0.058	0.092	0.092	0.092	0.092	0.092	
0.044	0.044	0.044	0.044	0.044	0.044	0.044	0.044	0.044	0.044	0.044	0.044	0.044	0.044	0.044	0.044	0.044	0.044	0.044	0.044	0.044	0.044	0.068	0.092	0.092	0.092	0.092	0.092	
0.044	0.044	0.044	0.044	0.044	0.044	0.044	0.044	0.044	0.044	0.044	0.044	0.044	0.044	0.044	0.044	0.044	0.044	0.044	0.044	0.044	0.044	0.079	0.092	0.092	0.092	0.092	0.092	
0.044	0.044	0.044	0.044	0.044	0.044	0.044	0.044	0.044	0.044	0.044	0.044	0.044	0.044	0.044	0.044	0.044	0.044	0.044	0.044	0.044	0.044	0.089	0.092	0.092	0.092	0.092	0.092	
0.044	0.044	0.044	0.044	0.044	0.044	0.044	0.044	0.044	0.044	0.044	0.044	0.044	0.044	0.044	0.044	0.044	0.044	0.044	0.044	0.044	0.051	0.092	0.092	0.092	0.092	0.092	0.092	
0.050	0.044	0.044	0.044	0.044	0.044	0.044	0.044	0.044	0.044	0.044	0.044	0.044	0.044	0.044	0.044	0.044	0.044	0.044	0.044	0.044	0.061	0.092	0.092	0.092	0.092	0.092	0.092	
0.107	0.044	0.044	0.044	0.044	0.044	0.044	0.044	0.044	0.044	0.044	0.044	0.044	0.044	0.044	0.044	0.044	0.044	0.044	0.044	0.044	0.072	0.092	0.092	0.092	0.092	0.092	0.092	
0.178	0.045	0.044	0.044	0.044	0.044	0.044	0.044	0.044	0.044	0.044	0.044	0.044	0.044	0.044	0.044	0.044	0.044	0.044	0.044	0.044	0.082	0.092	0.092	0.092	0.092	0.092	0.092	
0.203	0.091	0.044	0.044	0.044	0.044	0.044	0.044	0.044	0.044	0.044	0.044	0.044	0.044	0.044	0.044	0.044	0.044	0.044	0.044	0.046	0.091	0.092	0.092	0.092	0.092	0.092	0.092	
0.203	0.162	0.044	0.044	0.044	0.044	0.044	0.044	0.044	0.044	0.044	0.044	0.044	0.044	0.044	0.044	0.044	0.044	0.044	0.044	0.055	0.092	0.092	0.092	0.092	0.092	0.092	0.092	
0.203	0.203	0.075	0.044	0.044	0.044	0.044	0.044	0.044	0.044	0.044	0.044	0.044	0.044	0.044	0.044	0.044	0.044	0.044	0.044	0.065	0.092	0.092	0.092	0.092	0.092	0.092	0.092	
0.203	0.203	0.146	0.044	0.044	0.044	0.044	0.044	0.044	0.044	0.044	0.044	0.044	0.044	0.044	0.044	0.044	0.044	0.044	0.044	0.075	0.092	0.092	0.092	0.092	0.092	0.092	0.092	
0.203	0.203	0.200	0.061	0.044	0.044	0.044	0.044	0.044	0.044	0.044	0.044	0.044	0.044	0.044	0.044	0.044	0.044	0.044	0.044	0.085	0.092	0.092	0.092	0.092	0.092	0.092	0.092	
0.203	0.203	0.203	0.129	0.044	0.044	0.044	0.044	0.044	0.044	0.044	0.044	0.044	0.044	0.044	0.044	0.044	0.044	0.044	0.048	0.092	0.092	0.092	0.092	0.092	0.092	0.092	0.092	
0.203	0.203	0.203	0.193	0.052	0.044	0.044	0.044	0.044	0.044	0.044	0.044	0.044	0.044	0.044	0.044	0.044	0.044	0.044	0.058	0.092	0.092	0.092	0.092	0.092	0.092	0.092	0.092	
0.203	0.203	0.203	0.203	0.113	0.044	0.044	0.044	0.044	0.044	0.044	0.044	0.044	0.044	0.044	0.044	0.044	0.044	0.044	0.068	0.092	0.092	0.092	0.092	0.092	0.092	0.092	0.092	
0.203	0.203	0.203	0.203	0.182	0.046	0.044	0.044	0.044	0.044	0.044	0.044	0.044	0.044	0.044	0.044	0.044	0.044	0.044	0.079	0.092	0.092	0.092	0.092	0.092	0.092	0.092	0.092	
0.203	0.203	0.203	0.203	0.203	0.096	0.044	0.044	0.044	0.044	0.044	0.044	0.044	0.044	0.044	0.044	0.044	0.044	0.044	0.089	0.092	0.092	0.092	0.092	0.092	0.092	0.092	0.092	
0.206	0.203	0.203	0.203	0.203	0.168	0.044	0.044	0.044	0.044	0.044	0.044	0.044	0.044	0.044	0.044	0.044	0.044	0.051	0.092	0.092	0.092	0.092	0.092	0.092	0.092	0.092	0.092	
0.241	0.203	0.203	0.203	0.203	0.203	0.080	0.044	0.044	0.044	0.044	0.044	0.044	0.044	0.044	0.044	0.044	0.044	0.061	0.092	0.092	0.092	0.092	0.092	0.092	0.092	0.092	0.092	
0.278	0.208	0.203	0.203	0.203	0.203	0.151	0.044	0.044	0.044	0.044	0.044	0.044	0.044	0.044	0.044	0.044	0.044	0.072	0.092	0.092	0.092	0.092	0.092	0.092	0.092	0.092	0.092	
0.283	0.245	0.203	0.203	0.203	0.203	0.201	0.065	0.044	0.044	0.044	0.044	0.044	0.044	0.044	0.044	0.044	0.044	0.082	0.092	0.092	0.092	0.092	0.092	0.092	0.092	0.092	0.092	
0.283	0.280	0.211	0.203	0.203	0.203	0.203	0.135	0.044	0.044	0.044	0.044	0.044	0.044	0.044	0.044	0.044	0.046	0.091	0.092	0.092	0.092	0.092	0.092	0.092	0.092	0.092	0.173	
0.283	0.283	0.250	0.203	0.203	0.203	0.203	0.196	0.055	0.044	0.044	0.044	0.044	0.044	0.044	0.044	0.044	0.055	0.092	0.092	0.092	0.092	0.092	0.092	0.092	0.092	0.118	0.299	
0.283	0.283	0.281	0.214	0.203	0.203	0.203	0.203	0.118	0.044	0.044	0.044	0.044	0.044	0.044	0.044	0.044	0.065	0.092	0.092	0.092	0.092	0.092	0.092	0.092	0.093	0.255	0.312	
0.283	0.283	0.283	0.254	0.203	0.203	0.203	0.203	0.186	0.048	0.044	0.044	0.044	0.044	0.044	0.044	0.044	0.075	0.092	0.092	0.092	0.092	0.092	0.092	0.092	0.189	0.312	0.312	
0.283	0.283	0.283	0.282	0.217	0.203	0.203	0.203	0.203	0.102	0.044	0.044	0.044	0.044	0.044	0.044	0.044	0.085	0.092	0.092	0.092	0.092	0.092	0.092	0.128	0.305	0.312	0.312	
0.283	0.283	0.283	0.283	0.259	0.203	0.203	0.203	0.203	0.173	0.044	0.044	0.044	0.044	0.044	0.044	0.048	0.092	0.092	0.092	0.092	0.092	0.092	0.097	0.268	0.312	0.312	0.312	
0.283	0.283	0.283	0.283	0.283	0.221	0.203	0.203	0.203	0.203	0.085	0.044	0.044	0.044	0.044	0.044	0.058	0.092	0.092	0.092	0.092	0.092	0.092	0.205	0.312	0.312	0.312	0.312	
0.283	0.283	0.283	0.283	0.283	0.263	0.203	0.203	0.203	0.203	0.157	0.044	0.044	0.044	0.044	0.044	0.068	0.092	0.092	0.092	0.092	0.092	0.140	0.309	0.312	0.312	0.312	0.312	
0.283	0.283	0.283	0.283	0.283	0.283	0.225	0.203	0.203	0.203	0.202	0.070	0.044	0.044	0.044	0.044	0.079	0.092	0.092	0.092	0.092	0.101	0.280	0.312	0.312	0.312	0.312	0.312	
0.283	0.283	0.283	0.283	0.283	0.283	0.267	0.204	0.203	0.203	0.203	0.140	0.044	0.044	0.044	0.044	0.089	0.092	0.092	0.092	0.092	0.221	0.312	0.312	0.312	0.312	0.312	0.312	
0.283	0.283	0.283	0.283	0.283	0.283	0.283	0.230	0.203	0.203	0.203	0.198	0.058	0.044	0.044	0.051	0.092	0.092	0.092	0.092	0.154	0.311	0.312	0.312	0.312	0.312	0.312	0.312	
0.283	0.283	0.283	0.283	0.283	0.283	0.283	0.271	0.204	0.203	0.203	0.203	0.124	0.044	0.180	0.970	0.092	0.092	0.092	0.108	0.289	0.312	0.312	0.312	0.312	0.312	0.312	0.312	
0.283	0.283	0.283	0.283	0.283	0.283	0.283	0.283	1.862	0.502	0.203	0.203	0.568	2.003	3.328	3.550	1.120	0.672	1.025	0.502	0.312	0.312	0.312	0.312	0.312	0.312	0.312	0.312	
0.283	0.283	0.283	0.283	0.283	0.283	0.283	0.283	2.882	2.853	1.594	2.671	3.899	3.706	3.567	3.567	3.559	3.555	3.555	1.152	0.312	0.312	0.312	0.312	0.312	0.312	0.312	0.312	
1.174	0.840	0.505	0.288	0.283	0.283	0.283	0.338	3.027	3.034	3.324	3.978	3.978	4.338	4.319	4.012	3.635	3.555	3.554	1.647	0.321	0.312	0.312	0.312	0.312	0.312	0.312	0.312	
1.359	1.485	1.486	1.370	1.040	0.706	0.381	0.604	3.100	3.035	3.578	4.237	4.151	4.589	4.616	4.440	4.053	3.928	3.464	3.216	2.727	1.474	0.423	0.374	0.486	0.598	0.711	0.823	
1.169	1.256	1.450	1.486	1.486	1.486	1.477	2.596	3.763	3.730	4.349	4.536	4.547	4.859	4.813	4.347	4.054	4.054	3.504	3.216	3.216	2.904	1.270	0.874	0.874	0.874	0.874	0.874	
1.169	1.169	1.187	1.365	1.486	1.486	1.510	3.170	3.763	3.763	4.574	4.768	4.715	4.988	4.988	5.025	4.798	4.336	3.960	3.690	2.724	1.040	0.874	0.874	0.874	0.874	0.874	0.874	
1.169	1.169	1.169	1.169	1.261	1.742	3.602	4.351	4.190	4.633	5.350	5.357	5.838	5.814	5.309	5.149	5.146	4.682	3.981	3.981	1.977	0.874	0.874	0.874	0.874	0.874	0.874	0.923	
1.169	1.169	1.169	1.169	1.169	2.641	4.375	4.355	4.996	5.535	5.457	5.365	6.062	6.222	5.760	5.467	5.264	5.303	4.537	4.184	2.292	1.274	0.944	0.874	0.877	0.955	1.063	1.122	
1.679	1.356	1.170	1.169	1.262	4.315	4.790	5.006	5.723	5.576	5.903	5.657	5.506	5.790	5.557	5.577	5.457	5.333	5.019	4.799	4.006	3.651	3.627	3.066	1.212	1.122	1.122	1.122	
2.041	2.041	1.903	1.581	3.289	4.856	4.845	5.640	5.941	6.130	6.466	6.139	5.473	5.300	5.492	6.170	6.144	5.498	4.808	4.799	4.099	3.651	3.476	1.550	1.122	1.122	1.122	1.122	
2.041	2.041	2.041	2.041	5.068	5.264	5.609	6.356	6.212	6.690	6.603	6.015	5.556	4.687	4.584	6.065	6.248	6.279	6.411	6.180	5.551	5.334	2.822	1.122	1.122	1.122	1.122	1.122	
2.041	2.041	2.041	2.041	5.205	5.314	5.986	6.422	6.564	6.851	6.851	5.635	5.564	4.738	4.435	5.275	6.272	6.278	6.648	6.648	5.644	5.583	3.088	1.122	1.122	1.122	1.122	1.122	
0.000	0.000	0.000	0.000	0.000	0.000	0.000	0.000	0.000	0.000	0.000	0.000	2.799	3.666	3.410	2.252	0.000	0.000	0.000	0.000	0.000	0.000	0.000	0.000	0.000	0.000	0.000	0.000	
0.000	0.000	0.000	0.000	0.000	0.000	0.000	0.000	0.000	0.000	0.000	0.000	0.563	2.252	2.252	0.563	0.000	0.000	0.000	0.000	0.000	0.000	0.000	0.000	0.000	0.000	0.000	0.000	
0.000	0.000	0.000	0.000	0.000	0.000	0.000	0.000	0.000	0.000	0.000	0.000	0.563	2.252	2.252	0.563	0.000	0.000	0.000	0.000	0.000	0.000	0.000	0.000	0.000	0.000	0.000	0.000	
0.000	0.000	0.000	0.000	0.000	0.000	0.000	0.000	0.000	0.000	0.000	0.000	0.563	2.252	2.252	0.563	0.000	0.000	0.000	0.000	0.000	0.000	0.000	0.000	0.000	0.000	0.000	0.000	
0.000	0.000	0.000	0.000	0.000	0.000	0.000	0.000	0.000	0.000	0.000	0.000	0.563	2.252	2.252	0.563	0.000	0.000	0.000	0.000	0.000	0.000	0.000	0.000	0.000	0.000	0.000	0.000	
