0.089	0.089	0.089	0.089	0.089	0.087	0.050	0.050	0.050	0.050	0.050	0.050	0.050	0.050	0.050	0.050	0.050	0.050	0.050	0.050	0.050	0.050	0.050	0.050	0.050	0.050	0.063	0.115	
0.089	0.089	0.089	0.089	0.089	0.089	0.054	0.050	0.050	0.050	0.050	0.050	0.050	0.050	0.050	0.050	0.050	0.050	0.050	0.050	0.050	0.050	0.050	0.050	0.050	0.050	0.081	0.115	
0.089	0.089	0.089	0.089	0.089	0.089	0.060	0.050	0.050	0.050	0.050	0.050	0.050	0.050	0.050	0.050	0.050	0.050	0.050	0.050	0.050	0.050	0.050	0.050	0.050	0.050	0.099	0.115	
0.089	0.089	0.089	0.089	0.089	0.089	0.066	0.050	0.050	0.050	0.050	0.050	0.050	0.050	0.050	0.050	0.050	0.050	0.050	0.050	0.050	0.050	0.050	0.050	0.050	0.054	0.113	0.115	
0.089	0.089	0.089	0.089	0.089	0.089	0.073	0.050	0.050	0.050	0.050	0.050	0.050	0.050	0.050	0.050	0.050	0.050	0.050	0.050	0.050	0.050	0.050	0.050	0.050	0.071	0.115	0.115	
0.089	0.089	0.089	0.089	0.089	0.089	0.079	0.050	0.050	0.050	0.050	0.050	0.050	0.050	0.050	0.050	0.050	0.050	0.050	0.050	0.050	0.050	0.050	0.050	0.050	0.089	0.115	0.115	
0.089	0.089	0.089	0.089	0.089	0.089	0.085	0.050	0.050	0.050	0.050	0.050	0.050	0.050	0.050	0.050	0.050	0.050	0.050	0.050	0.050	0.050	0.050	0.050	0.050	0.107	0.115	0.115	
0.089	0.089	0.089	0.089	0.089	0.089	0.089	0.052	0.050	0.050	0.050	0.050	0.050	0.050	0.050	0.050	0.050	0.050	0.050	0.050	0.050	0.050	0.050	0.050	0.060	0.115	0.115	0.115	
0.089	0.089	0.089	0.089	0.089	0.089	0.089	0.058	0.050	0.050	0.050	0.050	0.050	0.050	0.050	0.050	0.050	0.050	0.050	0.050	0.050	0.050	0.050	0.050	0.078	0.115	0.115	0.115	
0.089	0.089	0.089	0.089	0.089	0.089	0.089	0.064	0.050	0.050	0.050	0.050	0.050	0.050	0.050	0.050	0.050	0.050	0.050	0.050	0.050	0.050	0.050	0.050	0.096	0.115	0.115	0.115	
0.089	0.089	0.089	0.089	0.089	0.089	0.089	0.071	0.050	0.050	0.050	0.050	0.050	0.050	0.050	0.050	0.050	0.050	0.050	0.050	0.050	0.050	0.050	0.052	0.112	0.115	0.115	0.115	
0.089	0.089	0.089	0.089	0.089	0.089	0.089	0.077	0.050	0.050	0.050	0.050	0.050	0.050	0.050	0.050	0.050	0.050	0.050	0.050	0.050	0.050	0.050	0.068	0.115	0.115	0.115	0.115	
0.089	0.089	0.089	0.089	0.089	0.089	0.089	0.083	0.050	0.050	0.050	0.050	0.050	0.050	0.050	0.050	0.050	0.050	0.050	0.050	0.050	0.050	0.050	0.086	0.115	0.115	0.115	0.115	
0.089	0.089	0.089	0.089	0.089	0.089	0.089	0.088	0.051	0.050	0.050	0.050	0.050	0.050	0.050	0.050	0.050	0.050	0.050	0.050	0.050	0.050	0.050	0.104	0.115	0.115	0.115	0.115	
0.089	0.089	0.089	0.089	0.089	0.089	0.089	0.089	0.056	0.050	0.050	0.050	0.050	0.050	0.050	0.050	0.050	0.050	0.050	0.050	0.050	0.050	0.057	0.115	0.115	0.115	0.115	0.115	
0.089	0.089	0.089	0.089	0.089	0.089	0.089	0.089	0.062	0.050	0.050	0.050	0.050	0.050	0.050	0.050	0.050	0.050	0.050	0.050	0.050	0.050	0.075	0.115	0.115	0.115	0.115	0.115	
0.089	0.089	0.089	0.089	0.089	0.089	0.089	0.089	0.069	0.050	0.050	0.050	0.050	0.050	0.050	0.050	0.050	0.050	0.050	0.050	0.050	0.050	0.093	0.115	0.115	0.115	0.115	0.115	
0.089	0.089	0.089	0.089	0.089	0.089	0.089	0.089	0.075	0.050	0.050	0.050	0.050	0.050	0.050	0.050	0.050	0.050	0.050	0.050	0.050	0.051	0.110	0.115	0.115	0.115	0.115	0.115	
0.089	0.089	0.089	0.089	0.089	0.089	0.089	0.089	0.081	0.050	0.050	0.050	0.050	0.050	0.050	0.050	0.050	0.050	0.050	0.050	0.050	0.065	0.115	0.115	0.115	0.115	0.115	0.115	
0.099	0.089	0.089	0.089	0.089	0.089	0.089	0.089	0.087	0.050	0.050	0.050	0.050	0.050	0.050	0.050	0.050	0.050	0.050	0.050	0.050	0.083	0.115	0.115	0.115	0.115	0.115	0.115	
0.160	0.089	0.089	0.089	0.089	0.089	0.089	0.089	0.089	0.054	0.050	0.050	0.050	0.050	0.050	0.050	0.050	0.050	0.050	0.050	0.050	0.101	0.115	0.115	0.115	0.115	0.115	0.115	
0.227	0.089	0.089	0.089	0.089	0.089	0.089	0.089	0.089	0.060	0.050	0.050	0.050	0.050	0.050	0.050	0.050	0.050	0.050	0.050	0.055	0.114	0.115	0.115	0.115	0.115	0.115	0.115	
0.254	0.131	0.089	0.089	0.089	0.089	0.089	0.089	0.089	0.066	0.050	0.050	0.050	0.050	0.050	0.050	0.050	0.050	0.050	0.050	0.072	0.115	0.115	0.115	0.115	0.115	0.115	0.115	
0.254	0.199	0.089	0.089	0.089	0.089	0.089	0.089	0.089	0.073	0.050	0.050	0.050	0.050	0.050	0.050	0.050	0.050	0.050	0.050	0.090	0.115	0.115	0.115	0.115	0.115	0.115	0.115	
0.254	0.251	0.105	0.089	0.089	0.089	0.089	0.089	0.089	0.079	0.050	0.050	0.050	0.050	0.050	0.050	0.050	0.050	0.050	0.050	0.108	0.115	0.115	0.115	0.115	0.115	0.115	0.115	
0.254	0.254	0.170	0.089	0.089	0.089	0.089	0.089	0.089	0.085	0.050	0.050	0.050	0.050	0.050	0.050	0.050	0.050	0.050	0.062	0.115	0.115	0.115	0.115	0.115	0.115	0.115	0.138	
0.254	0.254	0.235	0.091	0.089	0.089	0.089	0.089	0.089	0.089	0.052	0.050	0.050	0.050	0.050	0.050	0.050	0.050	0.050	0.080	0.115	0.115	0.115	0.115	0.115	0.115	0.115	0.237	
0.254	0.254	0.254	0.140	0.089	0.089	0.089	0.089	0.089	0.089	0.058	0.050	0.050	0.050	0.050	0.050	0.050	0.050	0.050	0.098	0.115	0.115	0.115	0.115	0.115	0.115	0.125	0.333	
0.254	0.254	0.254	0.208	0.089	0.089	0.089	0.089	0.089	0.089	0.064	0.050	0.050	0.050	0.050	0.050	0.050	0.050	0.053	0.113	0.115	0.115	0.115	0.115	0.115	0.115	0.214	0.350	
0.254	0.254	0.254	0.253	0.112	0.089	0.089	0.089	0.089	0.089	0.071	0.050	0.050	0.050	0.050	0.050	0.050	0.050	0.070	0.115	0.115	0.115	0.115	0.115	0.115	0.117	0.317	0.350	
0.254	0.254	0.254	0.254	0.179	0.089	0.089	0.089	0.089	0.089	0.077	0.050	0.050	0.050	0.050	0.050	0.050	0.050	0.088	0.115	0.115	0.115	0.115	0.115	0.115	0.267	0.350	0.350	
0.254	0.254	0.254	0.254	0.242	0.094	0.089	0.089	0.089	0.089	0.083	0.050	0.050	0.050	0.050	0.050	0.050	0.050	0.106	0.115	0.115	0.115	0.115	0.115	0.181	0.511	0.350	0.350	
0.254	0.254	0.254	0.254	0.254	0.150	0.089	0.089	0.089	0.089	0.088	0.051	0.050	0.050	0.050	0.050	0.050	0.059	0.115	0.115	0.115	0.115	0.115	0.115	0.618	0.386	0.350	0.350	
0.254	0.254	0.254	0.254	0.254	0.218	0.089	0.089	0.089	0.089	0.089	0.056	0.050	0.050	0.050	0.050	0.050	0.077	0.115	0.115	0.115	0.115	0.115	0.324	0.758	0.350	0.350	0.350	
0.254	0.254	0.254	0.254	0.254	0.254	0.121	0.089	0.089	0.089	0.089	0.062	0.050	0.050	0.050	0.050	0.050	0.095	0.115	0.115	0.115	0.115	0.137	0.815	0.557	0.350	0.350	0.350	
0.254	0.254	0.254	0.254	0.254	0.254	0.189	0.089	0.089	0.089	0.089	0.069	0.050	0.050	0.050	0.050	0.052	0.112	0.115	0.115	0.115	0.115	0.524	0.920	0.377	0.350	0.350	0.350	
0.254	0.254	0.254	0.254	0.254	0.254	0.247	0.099	0.089	0.089	0.089	0.075	0.050	0.050	0.050	0.050	0.067	0.115	0.115	0.115	0.115	0.236	0.918	0.744	0.350	0.350	0.350	0.350	
0.477	0.254	0.254	0.254	0.254	0.254	0.254	0.160	0.089	0.089	0.089	0.081	0.050	0.050	0.050	0.050	0.085	0.115	0.115	0.115	0.116	0.725	0.943	0.541	0.350	0.350	0.350	0.350	
1.130	0.510	0.254	0.254	0.254	0.254	0.254	0.227	0.089	0.089	0.089	0.087	0.050	0.050	0.050	0.050	0.103	0.115	0.115	0.115	0.413	0.943	0.912	0.369	0.350	0.350	0.350	0.350	
1.168	1.142	0.545	0.254	0.254	0.254	0.254	0.254	0.131	0.089	0.089	0.089	0.054	0.050	0.050	0.057	0.114	0.115	0.115	0.172	0.872	0.943	0.728	0.350	0.350	0.350	0.350	0.350	
1.182	1.165	1.151	0.582	0.254	0.254	0.254	0.254	0.199	0.089	0.089	0.089	0.060	0.050	0.050	0.074	0.115	0.115	0.115	0.616	0.943	0.943	0.525	0.350	0.350	0.350	0.350	0.350	
1.186	1.175	1.165	1.158	0.622	0.254	0.254	0.254	0.251	0.537	0.089	0.089	0.776	0.088	1.496	2.099	0.115	0.115	0.308	0.939	0.943	0.902	0.363	0.350	0.350	0.350	0.350	0.350	
1.186	1.186	1.169	1.165	1.162	0.664	0.254	0.254	0.748	4.405	3.236	2.925	4.278	4.106	4.530	4.452	1.071	0.160	0.801	0.943	0.943	0.712	0.350	0.350	0.350	0.350	0.350	0.404	
1.186	1.186	1.183	1.165	1.165	1.165	0.708	0.667	2.720	4.465	4.465	4.316	4.278	4.362	4.541	4.567	4.744	4.438	1.180	0.943	1.759	1.798	0.350	0.350	0.350	0.350	0.684	1.465	
1.186	1.186	1.186	1.176	1.165	1.165	1.412	4.496	4.513	4.718	5.117	5.111	5.149	5.423	5.675	5.290	4.753	4.825	4.661	3.532	4.414	3.663	0.350	0.350	0.425	1.126	1.632	1.637	
1.186	1.186	1.186	1.186	1.988	1.914	2.530	4.528	4.514	5.190	5.514	5.688	5.952	5.867	5.689	5.651	5.153	5.140	5.220	4.892	4.432	4.444	2.014	0.858	1.497	1.637	1.637	1.637	
1.387	1.186	1.186	1.191	4.333	4.687	5.171	5.415	5.342	5.936	5.736	5.948	6.000	5.987	5.855	5.694	5.745	6.128	5.582	5.596	5.239	4.583	4.601	2.563	1.637	1.637	1.637	1.745	
3.228	2.477	1.536	2.320	4.726	4.689	5.309	5.500	5.777	6.046	6.064	6.100	6.087	6.024	6.013	5.692	6.113	6.582	6.326	5.709	5.687	4.629	4.604	3.351	1.639	1.904	2.357	2.702	
3.287	3.287	3.473	5.187	5.158	5.794	6.195	6.345	6.882	6.559	6.731	6.190	5.736	5.796	5.541	5.624	7.301	6.964	7.014	6.511	6.255	6.039	5.153	5.273	3.428	2.723	2.723	2.723	
3.287	3.287	3.556	5.187	5.187	6.024	6.234	6.744	6.981	6.887	6.841	6.158	5.581	5.545	5.374	5.690	7.363	7.302	7.119	6.971	6.379	6.360	5.273	5.273	3.698	2.723	2.723	2.723	
0.000	0.000	0.000	0.000	0.000	0.000	0.000	0.000	0.000	0.000	0.000	0.000	2.752	3.572	3.576	2.644	0.000	0.000	0.000	0.000	0.000	0.000	0.000	0.000	0.000	0.000	0.000	0.000	
0.000	0.000	0.000	0.000	0.000	0.000	0.000	0.000	0.000	0.000	0.000	0.000	0.553	2.212	2.212	0.553	0.000	0.000	0.000	0.000	0.000	0.000	0.000	0.000	0.000	0.000	0.000	0.000	
0.000	0.000	0.000	0.000	0.000	0.000	0.000	0.000	0.000	0.000	0.000	0.000	0.553	2.212	2.212	0.553	0.000	0.000	0.000	0.000	0.000	0.000	0.000	0.000	0.000	0.000	0.000	0.000	
0.000	0.000	0.000	0.000	0.000	0.000	0.000	0.000	0.000	0.000	0.000	0.000	0.553	2.212	2.212	0.553	0.000	0.000	0.000	0.000	0.000	0.000	0.000	0.000	0.000	0.000	0.000	0.000	
0.000	0.000	0.000	0.000	0.000	0.000	0.000	0.000	0.000	0.000	0.000	0.000	0.553	2.212	2.212	0.553	0.000	0.000	0.000	0.000	0.000	0.000	0.000	0.000	0.000	0.000	0.000	0.000	
