0.037	0.037	0.037	0.037	0.037	0.037	0.037	0.037	0.037	0.037	0.037	0.037	0.037	0.037	0.037	0.037	0.037	0.037	0.037	0.042	0.056	0.056	0.056	0.056	0.056	0.056	0.056	0.056	
0.037	0.037	0.037	0.037	0.037	0.037	0.037	0.037	0.037	0.037	0.037	0.037	0.037	0.037	0.037	0.037	0.037	0.037	0.037	0.044	0.056	0.056	0.056	0.056	0.056	0.056	0.056	0.056	
0.037	0.037	0.037	0.037	0.037	0.037	0.037	0.037	0.037	0.037	0.037	0.037	0.037	0.037	0.037	0.037	0.037	0.037	0.037	0.046	0.056	0.056	0.056	0.056	0.056	0.056	0.056	0.056	
0.037	0.037	0.037	0.037	0.037	0.037	0.037	0.037	0.037	0.037	0.037	0.037	0.037	0.037	0.037	0.037	0.037	0.037	0.037	0.048	0.056	0.056	0.056	0.056	0.056	0.056	0.056	0.056	
0.037	0.037	0.037	0.037	0.037	0.037	0.037	0.037	0.037	0.037	0.037	0.037	0.037	0.037	0.037	0.037	0.037	0.037	0.037	0.051	0.056	0.056	0.056	0.056	0.056	0.056	0.056	0.056	
0.037	0.037	0.037	0.037	0.037	0.037	0.037	0.037	0.037	0.037	0.037	0.037	0.037	0.037	0.037	0.037	0.037	0.037	0.037	0.053	0.056	0.056	0.056	0.056	0.056	0.056	0.056	0.056	
0.037	0.037	0.037	0.037	0.037	0.037	0.037	0.037	0.037	0.037	0.037	0.037	0.037	0.037	0.037	0.037	0.037	0.037	0.037	0.055	0.056	0.056	0.056	0.056	0.056	0.056	0.056	0.056	
0.037	0.037	0.037	0.037	0.037	0.037	0.037	0.037	0.037	0.037	0.037	0.037	0.037	0.037	0.037	0.037	0.037	0.037	0.038	0.056	0.056	0.056	0.056	0.056	0.056	0.056	0.056	0.056	
0.037	0.037	0.037	0.037	0.037	0.037	0.037	0.037	0.037	0.037	0.037	0.037	0.037	0.037	0.037	0.037	0.037	0.037	0.040	0.056	0.056	0.056	0.056	0.056	0.056	0.056	0.056	0.056	
0.037	0.037	0.037	0.037	0.037	0.037	0.037	0.037	0.037	0.037	0.037	0.037	0.037	0.037	0.037	0.037	0.037	0.037	0.042	0.056	0.056	0.056	0.056	0.056	0.056	0.056	0.056	0.056	
0.037	0.037	0.037	0.037	0.037	0.037	0.037	0.037	0.037	0.037	0.037	0.037	0.037	0.037	0.037	0.037	0.037	0.037	0.044	0.056	0.056	0.056	0.056	0.056	0.056	0.056	0.056	0.056	
0.037	0.037	0.037	0.037	0.037	0.037	0.037	0.037	0.037	0.037	0.037	0.037	0.037	0.037	0.037	0.037	0.037	0.037	0.046	0.056	0.056	0.056	0.056	0.056	0.056	0.056	0.056	0.056	
0.037	0.037	0.037	0.037	0.037	0.037	0.037	0.037	0.037	0.037	0.037	0.037	0.037	0.037	0.037	0.037	0.037	0.037	0.049	0.056	0.056	0.056	0.056	0.056	0.056	0.056	0.056	0.056	
0.037	0.037	0.037	0.037	0.037	0.037	0.037	0.037	0.037	0.037	0.037	0.037	0.037	0.037	0.037	0.037	0.037	0.037	0.051	0.056	0.056	0.056	0.056	0.056	0.056	0.056	0.056	0.056	
0.037	0.037	0.037	0.037	0.037	0.037	0.037	0.037	0.037	0.037	0.037	0.037	0.037	0.037	0.037	0.037	0.037	0.037	0.053	0.056	0.056	0.056	0.056	0.056	0.056	0.056	0.056	0.056	
0.037	0.037	0.037	0.037	0.037	0.037	0.037	0.037	0.037	0.037	0.037	0.037	0.037	0.037	0.037	0.037	0.037	0.037	0.055	0.056	0.056	0.056	0.056	0.056	0.056	0.056	0.056	0.056	
0.037	0.037	0.037	0.037	0.037	0.037	0.037	0.037	0.037	0.037	0.037	0.037	0.037	0.037	0.037	0.037	0.037	0.038	0.056	0.056	0.056	0.056	0.056	0.056	0.056	0.056	0.056	0.056	
0.037	0.037	0.037	0.037	0.037	0.037	0.037	0.037	0.037	0.037	0.037	0.037	0.037	0.037	0.037	0.037	0.037	0.040	0.056	0.056	0.056	0.056	0.056	0.056	0.056	0.056	0.056	0.056	
0.037	0.037	0.037	0.037	0.037	0.037	0.037	0.037	0.037	0.037	0.037	0.037	0.037	0.037	0.037	0.037	0.037	0.042	0.056	0.056	0.056	0.056	0.056	0.056	0.056	0.056	0.056	0.056	
0.037	0.037	0.037	0.037	0.037	0.037	0.037	0.037	0.037	0.037	0.037	0.037	0.037	0.037	0.037	0.037	0.037	0.044	0.056	0.056	0.056	0.056	0.056	0.056	0.056	0.056	0.056	0.056	
0.037	0.037	0.037	0.037	0.037	0.037	0.037	0.037	0.037	0.037	0.037	0.037	0.037	0.037	0.037	0.037	0.037	0.047	0.056	0.056	0.056	0.056	0.056	0.056	0.056	0.056	0.056	0.056	
0.037	0.037	0.037	0.037	0.037	0.037	0.037	0.037	0.037	0.037	0.037	0.037	0.037	0.037	0.037	0.037	0.037	0.049	0.056	0.056	0.056	0.056	0.056	0.056	0.056	0.056	0.056	0.056	
0.037	0.037	0.037	0.037	0.037	0.037	0.037	0.037	0.037	0.037	0.037	0.037	0.037	0.037	0.037	0.037	0.037	0.051	0.056	0.056	0.056	0.056	0.056	0.056	0.056	0.056	0.056	0.056	
0.037	0.037	0.037	0.037	0.037	0.037	0.037	0.037	0.037	0.037	0.037	0.037	0.037	0.037	0.037	0.037	0.037	0.053	0.056	0.056	0.056	0.056	0.056	0.056	0.056	0.056	0.056	0.056	
0.037	0.037	0.037	0.037	0.037	0.037	0.037	0.037	0.037	0.037	0.037	0.037	0.037	0.037	0.037	0.037	0.037	0.055	0.056	0.056	0.056	0.056	0.056	0.056	0.056	0.056	0.056	0.056	
0.037	0.037	0.037	0.037	0.037	0.037	0.037	0.037	0.037	0.037	0.037	0.037	0.037	0.037	0.037	0.037	0.038	0.056	0.056	0.056	0.056	0.056	0.056	0.056	0.056	0.056	0.056	0.056	
0.047	0.037	0.037	0.037	0.037	0.037	0.037	0.037	0.037	0.037	0.037	0.037	0.037	0.037	0.037	0.037	0.040	0.056	0.056	0.056	0.056	0.056	0.056	0.056	0.056	0.056	0.056	0.056	
0.142	0.037	0.037	0.037	0.037	0.037	0.037	0.037	0.037	0.037	0.037	0.037	0.037	0.037	0.037	0.037	0.042	0.056	0.056	0.056	0.056	0.056	0.056	0.056	0.056	0.056	0.056	0.056	
0.236	0.055	0.037	0.037	0.037	0.037	0.037	0.037	0.037	0.037	0.037	0.037	0.037	0.037	0.037	0.037	0.045	0.056	0.056	0.056	0.056	0.056	0.056	0.056	0.056	0.056	0.056	0.056	
0.247	0.157	0.037	0.037	0.037	0.037	0.037	0.037	0.037	0.037	0.037	0.037	0.037	0.037	0.037	0.037	0.047	0.056	0.056	0.056	0.056	0.056	0.056	0.056	0.056	0.056	0.056	0.056	
0.247	0.242	0.064	0.037	0.037	0.037	0.037	0.037	0.037	0.037	0.037	0.037	0.037	0.037	0.037	0.037	0.049	0.056	0.056	0.056	0.056	0.056	0.056	0.056	0.056	0.056	0.056	0.056	
0.247	0.247	0.172	0.037	0.037	0.037	0.037	0.037	0.037	0.037	0.037	0.037	0.037	0.037	0.037	0.037	0.151	0.056	0.056	0.056	0.056	0.056	0.056	0.056	0.056	0.056	0.056	0.056	
0.247	0.247	0.245	0.076	0.037	0.037	0.037	0.037	0.037	0.037	0.037	0.037	0.037	0.037	0.037	0.061	0.327	0.056	0.056	0.056	0.056	0.056	0.056	0.056	0.056	0.056	0.056	0.056	
0.247	0.247	0.247	0.187	0.037	0.037	0.037	0.037	0.037	0.037	0.037	0.037	0.037	0.037	0.037	0.250	0.338	0.056	0.056	0.056	0.056	0.056	0.056	0.056	0.056	0.056	0.056	0.056	
0.247	0.247	0.247	0.247	0.090	0.037	0.037	0.037	0.037	0.037	0.037	0.037	0.037	0.037	0.037	0.470	0.319	0.056	0.056	0.056	0.056	0.056	0.056	0.056	0.056	0.056	0.056	0.056	
0.247	0.247	0.247	0.247	0.202	0.037	0.037	0.037	0.037	0.037	0.037	0.037	0.037	0.037	0.037	0.689	0.300	0.056	0.056	0.056	0.056	0.056	0.056	0.056	0.056	0.056	0.056	0.056	
0.247	0.247	0.247	0.247	0.247	0.105	0.037	0.037	0.037	0.037	0.037	0.037	0.037	0.037	0.037	0.909	0.281	0.056	0.056	0.056	0.056	0.056	0.056	0.056	0.056	0.056	0.056	0.056	
0.247	0.247	0.247	0.247	0.247	0.214	0.040	0.037	0.037	0.037	0.037	0.037	0.037	0.037	0.084	1.081	0.261	0.056	0.056	0.056	0.056	0.056	0.056	0.056	0.056	0.056	0.057	0.407	
0.247	0.247	0.247	0.247	0.247	0.247	0.120	0.037	0.037	0.037	0.037	0.037	0.037	0.037	0.290	1.094	0.242	0.056	0.056	0.056	0.056	0.056	0.056	0.056	0.056	0.058	0.424	0.722	
0.247	0.247	0.247	0.247	0.247	0.247	0.225	0.045	0.037	0.037	0.037	0.037	0.037	0.037	0.510	1.094	0.223	0.056	0.056	0.056	0.056	0.056	0.056	0.056	0.059	0.441	0.722	0.722	
0.247	0.247	0.247	0.247	0.247	0.247	0.247	0.135	0.037	0.037	0.037	0.037	0.037	0.037	0.729	1.094	0.204	0.056	0.056	0.056	0.056	0.056	0.056	0.061	0.458	0.722	0.722	0.714	
0.247	0.247	0.247	0.247	0.247	0.247	0.247	0.233	0.051	0.037	0.037	0.037	0.037	0.037	0.949	1.094	0.184	0.056	0.056	0.056	0.056	0.056	0.064	0.474	0.722	0.722	0.711	0.591	
0.247	0.247	0.247	0.247	0.247	0.247	0.247	0.247	0.151	0.037	0.037	0.037	0.037	0.114	1.091	1.094	0.165	0.056	0.056	0.056	0.056	0.067	0.489	0.722	0.722	0.707	0.584	0.553	
0.520	0.282	0.247	0.247	0.247	0.247	0.247	0.247	0.240	0.060	0.037	0.037	0.037	0.330	1.094	1.094	0.146	0.056	0.056	0.056	0.070	0.504	0.722	0.722	0.703	0.578	0.553	0.553	
0.683	0.651	0.418	0.249	0.247	0.247	0.247	0.247	0.247	0.166	0.037	0.037	0.037	0.550	1.094	1.094	0.127	0.056	0.056	0.074	0.519	0.722	0.722	0.697	0.573	0.553	0.553	0.553	
0.683	0.683	0.683	0.582	0.324	0.247	0.247	0.247	0.247	0.244	1.345	0.224	0.037	0.769	1.094	1.094	0.108	0.056	0.079	0.533	0.722	0.722	0.692	0.569	0.553	0.553	0.553	0.553	
0.683	0.683	0.683	0.683	0.675	0.483	0.266	0.247	0.247	0.373	4.199	4.051	2.828	3.173	2.069	2.540	2.231	0.276	0.546	0.722	0.722	0.686	0.565	0.553	0.553	0.553	0.553	0.553	
0.683	0.683	0.683	0.683	0.683	0.683	0.631	0.380	0.247	1.568	4.272	4.254	4.392	4.405	4.400	4.232	4.232	3.247	0.738	0.722	0.679	0.561	0.553	0.553	0.553	0.553	0.553	0.553	
0.683	0.683	0.683	0.683	0.683	0.683	0.683	0.683	2.445	5.000	4.861	4.996	5.246	4.536	4.403	4.232	4.347	4.769	3.406	0.812	0.558	0.553	0.553	0.553	0.553	0.553	0.553	0.553	
0.683	0.683	0.683	0.683	0.683	0.683	0.683	0.683	2.986	5.012	5.012	5.305	5.313	4.335	3.331	3.604	4.755	4.800	4.800	1.661	0.553	0.553	0.553	0.553	0.553	0.553	0.553	0.553	
0.000	0.000	0.000	0.000	0.000	0.000	0.000	0.000	0.000	0.000	0.000	0.000	2.515	3.221	3.168	1.683	0.000	0.000	0.000	0.000	0.000	0.000	0.000	0.000	0.000	0.000	0.000	0.000	
0.000	0.000	0.000	0.000	0.000	0.000	0.000	0.000	0.000	0.000	0.000	0.000	0.792	3.168	3.168	0.792	0.000	0.000	0.000	0.000	0.000	0.000	0.000	0.000	0.000	0.000	0.000	0.000	
0.000	0.000	0.000	0.000	0.000	0.000	0.000	0.000	0.000	0.000	0.000	0.000	0.906	3.587	3.528	0.873	0.000	0.000	0.000	0.000	0.000	0.000	0.000	0.000	0.000	0.000	0.000	0.000	
0.000	0.000	0.000	0.000	0.000	0.000	0.000	0.000	0.000	0.000	0.000	0.000	0.939	3.756	3.756	0.939	0.000	0.000	0.000	0.000	0.000	0.000	0.000	0.000	0.000	0.000	0.000	0.000	
0.000	0.000	0.000	0.000	0.000	0.000	0.000	0.000	0.000	0.000	0.000	0.000	0.939	3.756	3.756	0.939	0.000	0.000	0.000	0.000	0.000	0.000	0.000	0.000	0.000	0.000	0.000	0.000	
