0.048	0.048	0.048	0.048	0.048	0.048	0.048	0.048	0.048	0.048	0.048	0.048	0.048	0.048	0.048	0.048	0.048	0.048	0.048	0.098	0.105	0.105	0.105	0.105	0.105	0.105	0.106	0.110	
0.048	0.048	0.048	0.048	0.048	0.048	0.048	0.048	0.048	0.048	0.048	0.048	0.048	0.048	0.048	0.048	0.048	0.048	0.049	0.104	0.105	0.105	0.105	0.105	0.105	0.105	0.108	0.110	
0.048	0.048	0.048	0.048	0.048	0.048	0.048	0.048	0.048	0.048	0.048	0.048	0.048	0.048	0.048	0.048	0.048	0.048	0.055	0.105	0.105	0.105	0.105	0.105	0.105	0.105	0.109	0.110	
0.048	0.048	0.048	0.048	0.048	0.048	0.048	0.048	0.048	0.048	0.048	0.048	0.048	0.048	0.048	0.048	0.048	0.048	0.062	0.105	0.105	0.105	0.105	0.105	0.105	0.105	0.110	0.110	
0.048	0.048	0.048	0.048	0.048	0.048	0.048	0.048	0.048	0.048	0.048	0.048	0.048	0.048	0.048	0.048	0.048	0.048	0.069	0.105	0.105	0.105	0.105	0.105	0.105	0.106	0.110	0.110	
0.048	0.048	0.048	0.048	0.048	0.048	0.048	0.048	0.048	0.048	0.048	0.048	0.048	0.048	0.048	0.048	0.048	0.048	0.076	0.105	0.105	0.105	0.105	0.105	0.105	0.107	0.110	0.110	
0.048	0.048	0.048	0.048	0.048	0.048	0.048	0.048	0.048	0.048	0.048	0.048	0.048	0.048	0.048	0.048	0.048	0.048	0.083	0.105	0.105	0.105	0.105	0.105	0.105	0.108	0.110	0.110	
0.048	0.048	0.048	0.048	0.048	0.048	0.048	0.048	0.048	0.048	0.048	0.048	0.048	0.048	0.048	0.048	0.048	0.048	0.090	0.105	0.105	0.105	0.105	0.105	0.105	0.109	0.110	0.110	
0.049	0.048	0.048	0.048	0.048	0.048	0.048	0.048	0.048	0.048	0.048	0.048	0.048	0.048	0.048	0.048	0.048	0.048	0.098	0.105	0.105	0.105	0.105	0.105	0.105	0.110	0.110	0.110	
0.076	0.048	0.048	0.048	0.048	0.048	0.048	0.048	0.048	0.048	0.048	0.048	0.048	0.048	0.048	0.048	0.048	0.049	0.104	0.105	0.105	0.105	0.105	0.105	0.106	0.110	0.110	0.110	
0.113	0.048	0.048	0.048	0.048	0.048	0.048	0.048	0.048	0.048	0.048	0.048	0.048	0.048	0.048	0.048	0.048	0.055	0.105	0.105	0.105	0.105	0.105	0.105	0.107	0.110	0.110	0.110	
0.150	0.048	0.048	0.048	0.048	0.048	0.048	0.048	0.048	0.048	0.048	0.048	0.048	0.048	0.048	0.048	0.048	0.062	0.105	0.105	0.105	0.105	0.105	0.105	0.109	0.110	0.110	0.110	
0.164	0.071	0.048	0.048	0.048	0.048	0.048	0.048	0.048	0.048	0.048	0.048	0.048	0.048	0.048	0.048	0.048	0.069	0.105	0.105	0.105	0.105	0.105	0.105	0.110	0.110	0.110	0.110	
0.164	0.107	0.048	0.048	0.048	0.048	0.048	0.048	0.048	0.048	0.048	0.048	0.048	0.048	0.048	0.048	0.048	0.076	0.105	0.105	0.105	0.105	0.105	0.106	0.110	0.110	0.110	0.110	
0.164	0.144	0.048	0.048	0.048	0.048	0.048	0.048	0.048	0.048	0.048	0.048	0.048	0.048	0.048	0.048	0.048	0.083	0.105	0.105	0.105	0.105	0.105	0.107	0.110	0.110	0.110	0.110	
0.164	0.164	0.065	0.048	0.048	0.048	0.048	0.048	0.048	0.048	0.048	0.048	0.048	0.048	0.048	0.048	0.048	0.090	0.105	0.105	0.105	0.105	0.105	0.108	0.110	0.110	0.110	0.110	
0.164	0.164	0.102	0.048	0.048	0.048	0.048	0.048	0.048	0.048	0.048	0.048	0.048	0.048	0.048	0.048	0.048	0.098	0.105	0.105	0.105	0.105	0.105	0.109	0.110	0.110	0.110	0.110	
0.164	0.164	0.139	0.048	0.048	0.048	0.048	0.048	0.048	0.048	0.048	0.048	0.048	0.048	0.048	0.048	0.049	0.104	0.105	0.105	0.105	0.105	0.105	0.110	0.110	0.110	0.110	0.110	
0.164	0.164	0.163	0.060	0.048	0.048	0.048	0.048	0.048	0.048	0.048	0.048	0.048	0.048	0.048	0.048	0.055	0.105	0.105	0.105	0.105	0.105	0.106	0.110	0.110	0.110	0.110	0.110	
0.164	0.164	0.164	0.096	0.048	0.048	0.048	0.048	0.048	0.048	0.048	0.048	0.048	0.048	0.048	0.048	0.062	0.105	0.105	0.105	0.105	0.105	0.107	0.110	0.110	0.110	0.110	0.110	
0.164	0.164	0.164	0.133	0.048	0.048	0.048	0.048	0.048	0.048	0.048	0.048	0.048	0.048	0.048	0.048	0.069	0.105	0.105	0.105	0.105	0.105	0.108	0.110	0.110	0.110	0.110	0.110	
0.164	0.164	0.164	0.162	0.056	0.048	0.048	0.048	0.048	0.048	0.048	0.048	0.048	0.048	0.048	0.048	0.076	0.105	0.105	0.105	0.105	0.105	0.109	0.110	0.110	0.110	0.110	0.110	
0.164	0.164	0.164	0.164	0.091	0.048	0.048	0.048	0.048	0.048	0.048	0.048	0.048	0.048	0.048	0.048	0.083	0.105	0.105	0.105	0.105	0.106	0.110	0.110	0.110	0.110	0.110	0.110	
0.164	0.164	0.164	0.164	0.127	0.048	0.048	0.048	0.048	0.048	0.048	0.048	0.048	0.048	0.048	0.048	0.090	0.105	0.105	0.105	0.105	0.107	0.110	0.110	0.110	0.110	0.110	0.110	
0.164	0.164	0.164	0.164	0.159	0.053	0.048	0.048	0.048	0.048	0.048	0.048	0.048	0.048	0.048	0.048	0.098	0.105	0.105	0.105	0.105	0.108	0.110	0.110	0.110	0.110	0.110	0.110	
0.164	0.164	0.164	0.164	0.164	0.085	0.048	0.048	0.048	0.048	0.048	0.048	0.048	0.048	0.048	0.049	0.104	0.105	0.105	0.105	0.105	0.109	0.110	0.110	0.110	0.110	0.110	0.110	
0.164	0.164	0.164	0.164	0.164	0.122	0.048	0.048	0.048	0.048	0.048	0.048	0.048	0.048	0.048	0.055	0.105	0.105	0.105	0.105	0.105	0.110	0.110	0.110	0.110	0.110	0.110	0.110	
0.164	0.164	0.164	0.164	0.164	0.156	0.050	0.048	0.048	0.048	0.048	0.048	0.048	0.048	0.048	0.062	0.105	0.105	0.105	0.105	0.106	0.110	0.110	0.110	0.110	0.110	0.110	0.110	
0.164	0.164	0.164	0.164	0.164	0.164	0.079	0.048	0.048	0.048	0.048	0.048	0.048	0.048	0.048	0.069	0.105	0.105	0.105	0.105	0.107	0.110	0.110	0.110	0.110	0.110	0.110	0.110	
0.164	0.164	0.164	0.164	0.164	0.164	0.116	0.048	0.048	0.048	0.048	0.048	0.048	0.048	0.048	0.076	0.105	0.105	0.105	0.105	0.108	0.110	0.110	0.110	0.110	0.110	0.110	0.110	
0.164	0.164	0.164	0.164	0.164	0.164	0.152	0.049	0.048	0.048	0.048	0.048	0.048	0.048	0.048	0.083	0.105	0.105	0.105	0.105	0.109	0.110	0.110	0.110	0.110	0.110	0.110	0.110	
0.164	0.164	0.164	0.164	0.164	0.164	0.164	0.074	0.048	0.048	0.048	0.048	0.048	0.048	0.048	0.090	0.105	0.105	0.105	0.105	0.110	0.110	0.110	0.110	0.110	0.110	0.110	0.110	
0.192	0.164	0.164	0.164	0.164	0.164	0.164	0.110	0.048	0.048	0.048	0.048	0.048	0.048	0.048	0.098	0.105	0.105	0.105	0.106	0.110	0.110	0.110	0.110	0.110	0.110	0.110	0.110	
0.402	0.164	0.164	0.164	0.164	0.164	0.164	0.147	0.048	0.048	0.048	0.048	0.048	0.048	0.049	0.104	0.105	0.105	0.105	0.108	0.110	0.110	0.110	0.110	0.110	0.110	0.110	0.110	
0.546	0.265	0.164	0.164	0.164	0.164	0.164	0.164	0.068	0.048	0.048	0.048	0.048	0.048	0.055	0.105	0.105	0.105	0.105	0.109	0.110	0.110	0.110	0.110	0.110	0.110	0.110	0.189	
0.547	0.494	0.178	0.164	0.164	0.164	0.164	0.164	0.105	0.048	0.048	0.048	0.048	0.048	0.062	0.105	0.105	0.105	0.105	0.110	0.110	0.110	0.110	0.110	0.110	0.110	0.128	0.528	
0.547	0.547	0.369	0.164	0.164	0.164	0.164	0.164	0.141	0.048	0.048	0.048	0.048	0.048	0.069	0.105	0.105	0.105	0.106	0.110	0.110	0.110	0.110	0.110	0.110	0.110	0.419	0.619	
0.547	0.547	0.541	0.237	0.164	0.164	0.164	0.164	0.164	0.062	0.048	0.048	0.048	0.048	0.076	0.105	0.105	0.105	0.107	0.110	0.110	0.110	0.110	0.110	0.110	0.291	0.619	0.619	
0.547	0.547	0.547	0.470	0.169	0.164	0.164	0.164	0.164	0.099	0.048	0.048	0.048	0.048	0.083	0.105	0.105	0.105	0.108	0.110	0.110	0.110	0.110	0.110	0.189	0.594	0.619	0.619	
0.547	0.547	0.547	0.547	0.336	0.164	0.164	0.164	0.164	0.136	0.048	0.048	0.048	0.048	0.090	0.105	0.105	0.105	0.109	0.110	0.110	0.110	0.110	0.128	0.528	0.619	0.619	0.619	
0.547	0.547	0.547	0.547	0.531	0.214	0.164	0.164	0.164	0.163	0.058	0.048	0.048	0.048	0.098	0.105	0.105	0.125	0.110	0.110	0.110	0.110	0.110	0.419	0.619	0.619	0.619	0.619	
0.547	0.547	0.547	0.547	0.547	0.441	0.164	0.164	0.164	0.164	2.224	0.308	0.048	0.049	0.104	0.105	0.167	2.498	0.293	0.110	0.110	0.110	0.291	0.619	0.619	0.619	0.619	0.619	
0.789	0.547	0.547	0.547	0.547	0.547	0.303	0.164	0.164	0.548	3.818	3.310	1.130	2.502	1.505	0.135	2.419	3.696	1.259	0.110	0.110	0.189	0.594	0.619	0.619	0.619	0.619	0.619	
1.446	1.080	0.590	0.547	0.547	0.547	0.517	1.105	0.435	1.485	3.822	3.822	4.134	4.373	4.365	3.510	3.696	3.696	2.314	0.247	0.447	0.528	0.619	0.619	0.619	0.619	0.787	1.294	
1.449	1.449	1.331	0.772	0.547	0.547	0.915	4.518	4.521	4.809	4.751	4.365	4.646	4.440	4.620	5.072	4.541	4.504	4.684	4.484	4.378	0.772	0.619	0.619	0.727	1.211	1.561	1.571	
1.449	1.449	1.449	1.443	1.060	0.724	2.615	4.534	4.532	5.015	5.118	5.032	4.933	4.917	5.192	5.073	5.191	5.358	5.191	4.484	4.485	1.950	0.680	1.128	1.538	1.571	1.571	1.571	
1.804	1.495	1.449	1.449	1.449	3.459	4.711	4.764	5.375	5.488	5.648	5.780	5.024	5.500	6.235	5.821	5.580	5.454	5.627	5.143	4.782	4.852	2.261	1.571	1.571	1.571	1.653	1.850	
2.181	2.139	1.836	1.513	1.532	4.108	4.711	4.999	5.641	5.644	6.104	6.102	6.216	6.266	6.246	6.017	5.788	5.811	5.842	5.742	4.876	4.875	3.045	1.571	1.638	1.833	1.949	1.949	
2.181	2.181	2.181	2.153	4.204	5.257	5.309	6.154	6.075	6.668	6.719	6.040	6.156	6.270	5.457	5.231	6.013	6.454	6.129	6.203	5.844	5.205	5.268	2.886	1.946	1.949	1.949	1.949	
2.181	2.181	2.181	2.181	4.591	5.262	5.615	6.251	6.342	6.983	6.910	6.016	6.020	5.321	4.213	4.213	6.217	6.626	6.494	6.290	6.223	5.311	5.311	3.402	1.949	1.949	1.949	1.949	
0.000	0.000	0.000	0.000	0.000	0.000	0.000	0.000	0.000	0.000	0.000	0.000	3.088	4.271	4.213	2.238	0.000	0.000	0.000	0.000	0.000	0.000	0.000	0.000	0.000	0.000	0.000	0.000	
0.000	0.000	0.000	0.000	0.000	0.000	0.000	0.000	0.000	0.000	0.000	0.000	0.635	2.543	2.913	0.828	0.000	0.000	0.000	0.000	0.000	0.000	0.000	0.000	0.000	0.000	0.000	0.000	
0.000	0.000	0.000	0.000	0.000	0.000	0.000	0.000	0.000	0.000	0.000	0.000	0.635	2.541	2.541	0.635	0.000	0.000	0.000	0.000	0.000	0.000	0.000	0.000	0.000	0.000	0.000	0.000	
0.000	0.000	0.000	0.000	0.000	0.000	0.000	0.000	0.000	0.000	0.000	0.000	0.635	2.541	2.541	0.635	0.000	0.000	0.000	0.000	0.000	0.000	0.000	0.000	0.000	0.000	0.000	0.000	
0.000	0.000	0.000	0.000	0.000	0.000	0.000	0.000	0.000	0.000	0.000	0.000	0.635	2.541	2.541	0.635	0.000	0.000	0.000	0.000	0.000	0.000	0.000	0.000	0.000	0.000	0.000	0.000	
