0.054	0.054	0.054	0.054	0.054	0.054	0.054	0.054	0.054	0.054	0.054	0.057	0.121	0.121	0.121	0.121	0.121	0.121	0.141	0.165	0.165	0.165	0.137	0.087	0.087	0.087	0.087	0.087	
0.054	0.054	0.054	0.054	0.054	0.054	0.054	0.054	0.054	0.054	0.054	0.059	0.121	0.121	0.121	0.121	0.121	0.121	0.146	0.165	0.165	0.165	0.126	0.087	0.087	0.087	0.087	0.087	
0.054	0.054	0.054	0.054	0.054	0.054	0.054	0.054	0.054	0.054	0.054	0.060	0.121	0.121	0.121	0.121	0.121	0.121	0.151	0.165	0.165	0.165	0.115	0.087	0.087	0.087	0.087	0.087	
0.054	0.054	0.054	0.054	0.054	0.054	0.054	0.054	0.054	0.054	0.054	0.061	0.121	0.121	0.121	0.121	0.121	0.121	0.156	0.165	0.165	0.165	0.104	0.087	0.087	0.087	0.087	0.087	
0.054	0.054	0.054	0.054	0.054	0.054	0.054	0.054	0.054	0.054	0.054	0.062	0.121	0.121	0.121	0.121	0.121	0.121	0.160	0.165	0.165	0.165	0.093	0.087	0.087	0.087	0.087	0.087	
0.054	0.054	0.054	0.054	0.054	0.054	0.054	0.054	0.054	0.054	0.054	0.063	0.121	0.121	0.121	0.121	0.121	0.121	0.165	0.165	0.165	0.161	0.087	0.087	0.087	0.087	0.087	0.087	
0.054	0.054	0.054	0.054	0.054	0.054	0.054	0.054	0.054	0.054	0.054	0.065	0.121	0.121	0.121	0.121	0.121	0.125	0.165	0.165	0.165	0.150	0.087	0.087	0.087	0.087	0.087	0.087	
0.054	0.054	0.054	0.054	0.054	0.054	0.054	0.054	0.054	0.054	0.054	0.066	0.121	0.121	0.121	0.121	0.121	0.130	0.165	0.165	0.165	0.139	0.087	0.087	0.087	0.087	0.087	0.087	
0.054	0.054	0.054	0.054	0.054	0.054	0.054	0.054	0.054	0.054	0.054	0.067	0.121	0.121	0.121	0.121	0.121	0.135	0.165	0.165	0.165	0.128	0.087	0.087	0.087	0.087	0.087	0.087	
0.054	0.054	0.054	0.054	0.054	0.054	0.054	0.054	0.054	0.054	0.054	0.068	0.121	0.121	0.121	0.121	0.121	0.140	0.165	0.165	0.165	0.117	0.087	0.087	0.087	0.087	0.087	0.087	
0.054	0.054	0.054	0.054	0.054	0.054	0.054	0.054	0.054	0.054	0.054	0.070	0.121	0.121	0.121	0.121	0.121	0.145	0.165	0.165	0.165	0.106	0.087	0.087	0.087	0.087	0.087	0.087	
0.054	0.054	0.054	0.054	0.054	0.054	0.054	0.054	0.054	0.054	0.054	0.071	0.121	0.121	0.121	0.121	0.121	0.149	0.165	0.165	0.165	0.095	0.087	0.087	0.087	0.087	0.087	0.087	
0.054	0.054	0.054	0.054	0.054	0.054	0.054	0.054	0.054	0.054	0.054	0.072	0.121	0.121	0.121	0.121	0.121	0.154	0.165	0.165	0.162	0.087	0.087	0.087	0.087	0.087	0.087	0.087	
0.054	0.054	0.054	0.054	0.054	0.054	0.054	0.054	0.054	0.054	0.054	0.073	0.121	0.121	0.121	0.121	0.121	0.159	0.165	0.165	0.152	0.087	0.087	0.087	0.087	0.087	0.087	0.087	
0.054	0.054	0.054	0.054	0.054	0.054	0.054	0.054	0.054	0.054	0.054	0.074	0.121	0.121	0.121	0.121	0.121	0.164	0.165	0.165	0.141	0.087	0.087	0.087	0.087	0.087	0.087	0.087	
0.054	0.054	0.054	0.054	0.054	0.054	0.054	0.054	0.054	0.054	0.054	0.076	0.121	0.121	0.121	0.121	0.124	0.165	0.165	0.165	0.130	0.087	0.087	0.087	0.087	0.087	0.087	0.087	
0.054	0.054	0.054	0.054	0.054	0.054	0.054	0.054	0.054	0.054	0.054	0.077	0.121	0.121	0.121	0.121	0.129	0.165	0.165	0.165	0.119	0.087	0.087	0.087	0.087	0.087	0.087	0.087	
0.054	0.054	0.054	0.054	0.054	0.054	0.054	0.054	0.054	0.054	0.054	0.078	0.121	0.121	0.121	0.121	0.133	0.165	0.165	0.165	0.108	0.087	0.087	0.087	0.087	0.087	0.087	0.087	
0.054	0.054	0.054	0.054	0.054	0.054	0.054	0.054	0.054	0.054	0.054	0.079	0.121	0.121	0.121	0.121	0.138	0.165	0.165	0.165	0.096	0.087	0.087	0.087	0.087	0.087	0.087	0.087	
0.054	0.054	0.054	0.054	0.054	0.054	0.054	0.054	0.054	0.054	0.054	0.080	0.121	0.121	0.121	0.121	0.143	0.165	0.165	0.163	0.088	0.087	0.087	0.087	0.087	0.087	0.087	0.087	
0.054	0.054	0.054	0.054	0.054	0.054	0.054	0.054	0.054	0.054	0.054	0.082	0.121	0.121	0.121	0.121	0.148	0.165	0.165	0.153	0.087	0.087	0.087	0.087	0.087	0.087	0.087	0.087	
0.054	0.054	0.054	0.054	0.054	0.054	0.054	0.054	0.054	0.054	0.054	0.083	0.121	0.121	0.121	0.121	0.152	0.165	0.165	0.142	0.087	0.087	0.087	0.087	0.087	0.087	0.087	0.087	
0.054	0.054	0.054	0.054	0.054	0.054	0.054	0.054	0.054	0.054	0.054	0.084	0.121	0.121	0.121	0.121	0.157	0.165	0.165	0.131	0.087	0.087	0.087	0.087	0.087	0.087	0.087	0.087	
0.054	0.054	0.054	0.054	0.054	0.054	0.054	0.054	0.054	0.054	0.054	0.085	0.121	0.121	0.121	0.121	0.162	0.165	0.165	0.120	0.087	0.087	0.087	0.087	0.087	0.087	0.087	0.087	
0.054	0.054	0.054	0.054	0.054	0.054	0.054	0.054	0.054	0.054	0.054	0.087	0.121	0.121	0.121	0.122	0.165	0.165	0.165	0.109	0.087	0.087	0.087	0.087	0.087	0.087	0.087	0.087	
0.054	0.054	0.054	0.054	0.054	0.054	0.054	0.054	0.054	0.054	0.054	0.088	0.121	0.121	0.121	0.127	0.165	0.165	0.165	0.098	0.087	0.087	0.087	0.087	0.087	0.087	0.087	0.133	
0.054	0.054	0.054	0.054	0.054	0.054	0.054	0.054	0.054	0.054	0.054	0.089	0.121	0.121	0.121	0.132	0.165	0.165	0.164	0.088	0.087	0.087	0.087	0.087	0.087	0.087	0.087	0.242	
0.054	0.054	0.054	0.054	0.054	0.054	0.054	0.054	0.054	0.054	0.054	0.090	0.121	0.121	0.121	0.137	0.165	0.165	0.155	0.087	0.087	0.087	0.087	0.087	0.087	0.087	0.117	0.320	
0.054	0.054	0.054	0.054	0.054	0.054	0.054	0.054	0.054	0.054	0.054	0.091	0.121	0.121	0.121	0.141	0.165	0.165	0.144	0.087	0.087	0.087	0.087	0.087	0.087	0.087	0.223	0.324	
0.054	0.054	0.054	0.054	0.054	0.054	0.054	0.054	0.054	0.054	0.054	0.093	0.121	0.121	0.121	0.146	0.165	0.165	0.133	0.087	0.087	0.087	0.087	0.087	0.087	0.105	0.314	0.324	
0.054	0.054	0.054	0.054	0.054	0.054	0.054	0.054	0.054	0.054	0.054	0.094	0.121	0.121	0.121	0.151	0.165	0.165	0.122	0.087	0.087	0.087	0.087	0.087	0.087	0.204	0.324	0.324	
0.054	0.054	0.054	0.054	0.054	0.054	0.054	0.054	0.054	0.054	0.054	0.095	0.121	0.121	0.121	0.156	0.165	0.165	0.111	0.087	0.087	0.087	0.087	0.087	0.095	0.304	0.324	0.324	
0.054	0.054	0.054	0.054	0.054	0.054	0.054	0.054	0.054	0.054	0.054	0.096	0.121	0.121	0.121	0.160	0.165	0.165	0.100	0.087	0.087	0.087	0.087	0.087	0.185	0.324	0.324	0.324	
0.192	0.054	0.054	0.054	0.054	0.054	0.054	0.054	0.054	0.054	0.054	0.097	0.121	0.121	0.121	0.165	0.165	0.165	0.089	0.087	0.087	0.087	0.087	0.089	0.291	0.324	0.324	0.324	
0.535	0.123	0.054	0.054	0.054	0.054	0.054	0.054	0.054	0.054	0.054	0.099	0.121	0.121	0.125	0.165	0.165	0.156	0.087	0.087	0.087	0.087	0.087	0.166	0.324	0.324	0.324	0.324	
0.573	0.481	0.078	0.054	0.054	0.054	0.054	0.054	0.054	0.054	0.054	0.100	0.121	0.121	0.130	0.165	0.165	0.145	0.087	0.087	0.087	0.087	0.087	0.275	0.324	0.324	0.324	0.324	
0.573	0.573	0.404	0.056	0.054	0.054	0.054	0.054	0.054	0.054	0.054	0.101	0.121	0.121	0.135	0.165	0.165	0.134	0.087	0.087	0.087	0.087	0.147	0.324	0.324	0.324	0.324	0.324	
0.573	0.573	0.573	0.308	0.054	0.054	0.054	0.054	0.054	0.054	0.054	0.102	0.121	0.121	0.140	0.165	0.165	0.123	0.087	0.087	0.087	0.087	0.256	0.324	0.324	0.324	0.324	0.324	
0.573	0.573	0.573	0.570	0.212	0.054	0.054	0.054	0.054	0.054	0.054	0.104	0.121	0.121	0.145	0.165	0.165	0.112	0.087	0.087	0.087	0.129	0.323	0.324	0.324	0.324	0.324	0.324	
0.595	0.573	0.573	0.573	0.545	0.138	0.054	0.054	0.054	0.054	0.054	0.105	0.121	0.121	0.149	0.165	0.165	0.101	0.087	0.087	0.087	0.237	0.324	0.324	0.324	0.324	0.324	0.543	
0.809	0.605	0.573	0.573	0.573	0.497	0.087	0.054	0.054	0.054	0.054	0.106	0.121	0.121	0.154	0.165	0.165	0.090	0.087	0.087	0.114	0.319	0.324	0.324	0.324	0.324	0.531	0.816	
0.854	0.820	0.616	0.573	0.573	0.573	0.426	0.060	0.054	0.054	0.054	0.107	0.121	0.121	0.159	0.165	0.158	0.087	0.087	0.087	0.218	0.324	0.324	0.324	0.324	0.519	0.815	0.817	
0.854	0.854	0.830	0.628	0.573	0.573	0.573	0.332	0.054	0.054	0.054	0.108	0.121	0.121	0.164	0.165	0.147	0.087	0.087	0.102	0.312	0.324	0.324	0.324	0.508	0.813	0.817	0.817	
0.854	0.854	0.854	0.838	0.642	0.573	0.573	0.572	0.235	0.054	0.054	0.157	0.121	0.253	0.172	0.165	0.136	0.087	0.087	0.199	0.324	0.324	0.324	0.496	0.811	0.817	0.817	0.817	
0.854	0.854	0.854	0.854	0.844	0.658	0.573	0.573	0.553	1.222	3.214	3.303	1.982	4.249	3.016	0.615	0.668	0.087	0.094	0.301	0.324	0.324	0.486	0.809	0.817	0.817	0.817	0.817	
1.073	0.874	0.854	0.854	0.854	0.849	0.675	0.573	1.247	3.634	4.106	4.106	4.771	4.787	4.752	4.458	4.389	4.263	4.210	0.717	0.324	0.475	0.807	0.817	0.817	0.817	0.844	1.076	
1.320	1.276	1.052	0.866	0.854	0.854	0.852	3.407	4.595	4.667	4.964	5.136	5.880	5.433	4.697	4.449	4.477	4.640	4.678	4.599	2.844	0.804	0.817	0.817	0.831	1.042	1.289	1.331	
1.320	1.320	1.320	1.263	1.031	0.860	1.098	4.348	4.595	5.218	6.041	5.996	5.888	5.708	5.346	4.854	4.791	4.839	5.035	5.163	5.041	1.240	0.822	1.008	1.268	1.331	1.331	1.331	
1.320	1.320	1.320	1.320	1.320	1.286	4.666	5.146	5.330	6.057	6.061	5.713	5.478	5.414	5.385	5.366	5.356	5.472	5.459	5.224	5.180	4.914	1.620	1.331	1.331	1.331	1.331	1.331	
1.320	1.320	1.320	1.320	1.320	1.443	5.162	5.162	5.689	6.108	6.091	5.406	5.406	5.010	4.681	5.325	5.356	5.475	5.495	5.339	5.183	5.183	1.936	1.331	1.331	1.331	1.331	1.331	
0.000	0.000	0.000	0.000	0.000	0.000	0.000	0.000	0.000	0.000	0.000	0.000	2.619	3.608	3.501	2.188	0.000	0.000	0.000	0.000	0.000	0.000	0.000	0.000	0.000	0.000	0.000	0.000	
0.000	0.000	0.000	0.000	0.000	0.000	0.000	0.000	0.000	0.000	0.000	0.000	0.875	3.501	3.501	0.875	0.000	0.000	0.000	0.000	0.000	0.000	0.000	0.000	0.000	0.000	0.000	0.000	
0.000	0.000	0.000	0.000	0.000	0.000	0.000	0.000	0.000	0.000	0.000	0.000	0.959	3.798	3.734	0.923	0.000	0.000	0.000	0.000	0.000	0.000	0.000	0.000	0.000	0.000	0.000	0.000	
0.000	0.000	0.000	0.000	0.000	0.000	0.000	0.000	0.000	0.000	0.000	0.000	1.062	4.248	4.248	1.062	0.000	0.000	0.000	0.000	0.000	0.000	0.000	0.000	0.000	0.000	0.000	0.000	
0.000	0.000	0.000	0.000	0.000	0.000	0.000	0.000	0.000	0.000	0.000	0.000	1.062	4.248	4.248	1.062	0.000	0.000	0.000	0.000	0.000	0.000	0.000	0.000	0.000	0.000	0.000	0.000	
