0.101	0.101	0.101	0.101	0.101	0.101	0.101	0.084	0.043	0.043	0.043	0.043	0.043	0.043	0.043	0.043	0.043	0.043	0.043	0.043	0.043	0.043	0.043	0.043	0.043	0.043	0.043	0.043	
0.103	0.101	0.101	0.101	0.101	0.101	0.101	0.092	0.043	0.043	0.043	0.043	0.043	0.043	0.043	0.043	0.043	0.043	0.043	0.043	0.043	0.043	0.043	0.043	0.043	0.043	0.043	0.043	
0.108	0.101	0.101	0.101	0.101	0.101	0.101	0.100	0.044	0.043	0.043	0.043	0.043	0.043	0.043	0.043	0.043	0.043	0.043	0.043	0.043	0.043	0.043	0.043	0.043	0.043	0.043	0.043	
0.113	0.101	0.101	0.101	0.101	0.101	0.101	0.101	0.050	0.043	0.043	0.043	0.043	0.043	0.043	0.043	0.043	0.043	0.043	0.043	0.043	0.043	0.043	0.043	0.043	0.043	0.043	0.043	
0.118	0.101	0.101	0.101	0.101	0.101	0.101	0.101	0.059	0.043	0.043	0.043	0.043	0.043	0.043	0.043	0.043	0.043	0.043	0.043	0.043	0.043	0.043	0.043	0.043	0.043	0.043	0.043	
0.122	0.103	0.101	0.101	0.101	0.101	0.101	0.101	0.067	0.043	0.043	0.043	0.043	0.043	0.043	0.043	0.043	0.043	0.043	0.043	0.043	0.043	0.043	0.043	0.043	0.043	0.043	0.043	
0.122	0.108	0.101	0.101	0.101	0.101	0.101	0.101	0.075	0.043	0.043	0.043	0.043	0.043	0.043	0.043	0.043	0.043	0.043	0.043	0.043	0.043	0.043	0.043	0.043	0.043	0.043	0.043	
0.122	0.113	0.101	0.101	0.101	0.101	0.101	0.101	0.083	0.043	0.043	0.043	0.043	0.043	0.043	0.043	0.043	0.043	0.043	0.043	0.043	0.043	0.043	0.043	0.043	0.043	0.043	0.043	
0.122	0.118	0.101	0.101	0.101	0.101	0.101	0.101	0.091	0.043	0.043	0.043	0.043	0.043	0.043	0.043	0.043	0.043	0.043	0.043	0.043	0.043	0.043	0.043	0.043	0.043	0.043	0.043	
0.122	0.122	0.103	0.101	0.101	0.101	0.101	0.101	0.099	0.044	0.043	0.043	0.043	0.043	0.043	0.043	0.043	0.043	0.043	0.043	0.043	0.043	0.043	0.043	0.043	0.043	0.043	0.044	
0.122	0.122	0.108	0.101	0.101	0.101	0.101	0.101	0.101	0.050	0.043	0.043	0.043	0.043	0.043	0.043	0.043	0.043	0.043	0.043	0.043	0.043	0.043	0.043	0.043	0.043	0.043	0.068	
0.122	0.122	0.113	0.101	0.101	0.101	0.101	0.101	0.101	0.058	0.043	0.043	0.043	0.043	0.043	0.043	0.043	0.043	0.043	0.043	0.043	0.043	0.043	0.043	0.043	0.043	0.043	0.101	
0.122	0.122	0.118	0.101	0.101	0.101	0.101	0.101	0.101	0.066	0.043	0.043	0.043	0.043	0.043	0.043	0.043	0.043	0.043	0.043	0.043	0.043	0.043	0.043	0.043	0.043	0.044	0.134	
0.122	0.122	0.122	0.103	0.101	0.101	0.101	0.101	0.101	0.074	0.043	0.043	0.043	0.043	0.043	0.043	0.043	0.043	0.043	0.043	0.043	0.043	0.043	0.043	0.043	0.043	0.063	0.147	
0.122	0.122	0.122	0.108	0.101	0.101	0.101	0.101	0.101	0.082	0.043	0.043	0.043	0.043	0.043	0.043	0.043	0.043	0.043	0.043	0.043	0.043	0.043	0.043	0.043	0.043	0.096	0.147	
0.122	0.122	0.122	0.113	0.101	0.101	0.101	0.101	0.101	0.090	0.043	0.043	0.043	0.043	0.043	0.043	0.043	0.043	0.043	0.043	0.043	0.043	0.043	0.043	0.043	0.043	0.129	0.147	
0.122	0.122	0.122	0.118	0.101	0.101	0.101	0.101	0.101	0.098	0.043	0.043	0.043	0.043	0.043	0.043	0.043	0.043	0.043	0.043	0.043	0.043	0.043	0.043	0.043	0.058	0.147	0.147	
0.122	0.122	0.122	0.122	0.103	0.101	0.101	0.101	0.101	0.101	0.049	0.043	0.043	0.043	0.043	0.043	0.043	0.043	0.043	0.043	0.043	0.043	0.043	0.043	0.043	0.091	0.147	0.147	
0.122	0.122	0.122	0.122	0.108	0.101	0.101	0.101	0.101	0.101	0.057	0.043	0.043	0.043	0.043	0.043	0.043	0.043	0.043	0.043	0.043	0.043	0.043	0.043	0.043	0.124	0.147	0.147	
0.122	0.122	0.122	0.122	0.113	0.101	0.101	0.101	0.101	0.101	0.065	0.043	0.043	0.043	0.043	0.043	0.043	0.043	0.043	0.043	0.043	0.043	0.043	0.043	0.054	0.147	0.147	0.147	
0.122	0.122	0.122	0.122	0.118	0.101	0.101	0.101	0.101	0.101	0.073	0.043	0.043	0.043	0.043	0.043	0.043	0.043	0.043	0.043	0.043	0.043	0.043	0.043	0.087	0.147	0.147	0.147	
0.122	0.122	0.122	0.122	0.122	0.103	0.101	0.101	0.101	0.101	0.081	0.043	0.043	0.043	0.043	0.043	0.043	0.043	0.043	0.043	0.043	0.043	0.043	0.043	0.120	0.147	0.147	0.147	
0.122	0.122	0.122	0.122	0.122	0.108	0.101	0.101	0.101	0.101	0.089	0.043	0.043	0.043	0.043	0.043	0.043	0.043	0.043	0.043	0.043	0.043	0.043	0.051	0.145	0.147	0.147	0.147	
0.122	0.122	0.122	0.122	0.122	0.113	0.101	0.101	0.101	0.101	0.097	0.043	0.043	0.043	0.043	0.043	0.043	0.043	0.043	0.043	0.043	0.043	0.043	0.082	0.147	0.147	0.147	0.147	
0.122	0.122	0.122	0.122	0.122	0.118	0.101	0.101	0.101	0.101	0.101	0.048	0.043	0.043	0.043	0.043	0.043	0.043	0.043	0.043	0.043	0.043	0.043	0.115	0.147	0.147	0.147	0.147	
0.122	0.122	0.122	0.122	0.122	0.122	0.103	0.101	0.101	0.101	0.101	0.056	0.043	0.043	0.043	0.043	0.043	0.043	0.043	0.043	0.043	0.043	0.048	0.143	0.147	0.147	0.147	0.147	
0.122	0.122	0.122	0.122	0.122	0.122	0.108	0.101	0.101	0.101	0.101	0.064	0.043	0.043	0.043	0.043	0.043	0.043	0.043	0.043	0.043	0.043	0.077	0.147	0.147	0.147	0.147	0.147	
0.122	0.122	0.122	0.122	0.122	0.122	0.113	0.101	0.101	0.101	0.101	0.072	0.043	0.043	0.043	0.043	0.043	0.043	0.043	0.043	0.043	0.043	0.110	0.147	0.147	0.147	0.147	0.147	
0.122	0.122	0.122	0.122	0.122	0.122	0.118	0.101	0.101	0.101	0.101	0.080	0.043	0.043	0.043	0.043	0.043	0.043	0.043	0.043	0.043	0.046	0.141	0.147	0.147	0.147	0.147	0.147	
0.122	0.122	0.122	0.122	0.122	0.122	0.122	0.103	0.101	0.101	0.101	0.088	0.043	0.043	0.043	0.043	0.043	0.043	0.043	0.043	0.043	0.073	0.147	0.147	0.147	0.147	0.147	0.147	
0.122	0.122	0.122	0.122	0.122	0.122	0.122	0.108	0.101	0.101	0.101	0.097	0.043	0.043	0.043	0.043	0.043	0.043	0.043	0.043	0.043	0.106	0.147	0.147	0.147	0.147	0.147	0.147	
0.122	0.122	0.122	0.122	0.122	0.122	0.122	0.113	0.101	0.101	0.101	0.101	0.047	0.043	0.043	0.043	0.043	0.043	0.043	0.043	0.044	0.138	0.147	0.147	0.147	0.147	0.147	0.147	
0.122	0.122	0.122	0.122	0.122	0.122	0.122	0.118	0.101	0.101	0.101	0.101	0.055	0.043	0.043	0.043	0.043	0.043	0.043	0.043	0.068	0.147	0.147	0.147	0.147	0.147	0.147	0.147	
0.122	0.122	0.122	0.122	0.122	0.122	0.122	0.122	0.103	0.101	0.101	0.101	0.063	0.043	0.043	0.043	0.043	0.043	0.043	0.043	0.101	0.147	0.147	0.147	0.147	0.147	0.147	0.147	
0.122	0.122	0.122	0.122	0.122	0.122	0.122	0.122	0.108	0.101	0.101	0.101	0.071	0.043	0.043	0.043	0.043	0.043	0.043	0.044	0.134	0.147	0.147	0.147	0.147	0.147	0.147	0.147	
0.249	0.122	0.122	0.122	0.122	0.122	0.122	0.122	0.113	0.101	0.101	0.101	0.079	0.043	0.043	0.043	0.043	0.043	0.043	0.063	0.147	0.147	0.147	0.147	0.147	0.147	0.147	0.147	
0.459	0.180	0.122	0.122	0.122	0.122	0.122	0.122	0.118	0.101	0.101	0.101	0.088	0.043	0.043	0.043	0.043	0.043	0.043	0.096	0.147	0.147	0.147	0.147	0.147	0.147	0.147	0.147	
0.475	0.417	0.138	0.122	0.122	0.122	0.122	0.122	0.122	0.103	0.101	0.101	0.096	0.043	0.043	0.043	0.043	0.043	0.043	0.129	0.147	0.147	0.147	0.147	0.147	0.147	0.147	0.355	
0.475	0.475	0.348	0.122	0.122	0.122	0.122	0.122	0.122	0.108	0.101	0.101	0.101	0.046	0.043	0.043	0.043	0.043	0.058	0.147	0.147	0.147	0.147	0.147	0.147	0.147	0.326	0.583	
0.475	0.475	0.475	0.263	0.122	0.122	0.122	0.122	0.122	0.113	0.101	0.101	0.101	0.054	0.043	0.043	0.043	0.043	0.091	0.147	0.147	0.147	0.147	0.147	0.147	0.300	0.581	0.584	
0.475	0.475	0.475	0.464	0.190	0.122	0.122	0.122	0.122	0.118	0.101	0.101	0.101	0.062	0.043	0.043	0.043	0.043	0.124	0.147	0.147	0.147	0.147	0.147	0.276	0.576	0.584	0.584	
0.475	0.475	0.475	0.475	0.426	0.143	0.122	0.122	0.122	0.122	0.103	0.101	0.101	0.070	0.043	0.043	0.043	0.054	0.147	0.147	0.147	0.147	0.147	0.254	0.569	0.584	0.584	0.584	
0.475	0.475	0.475	0.475	0.475	0.361	0.123	0.122	0.122	0.122	0.108	0.101	0.101	0.079	0.043	0.043	0.043	0.087	0.147	0.147	0.147	0.147	0.234	0.559	0.584	0.584	0.584	0.584	
0.475	0.475	0.475	0.475	0.475	0.475	0.277	0.122	0.122	0.122	0.113	0.101	0.101	0.087	0.043	0.043	0.043	0.120	0.147	0.147	0.147	0.216	0.548	0.584	0.584	0.584	0.584	0.584	
0.475	0.475	0.475	0.475	0.475	0.475	0.467	0.200	0.122	0.122	0.118	0.101	0.101	1.771	1.666	0.256	1.845	0.554	0.147	0.147	0.200	0.535	0.584	0.584	0.584	0.584	0.588	0.731	
0.883	0.622	0.475	0.475	0.475	0.475	0.475	0.434	0.149	0.122	1.648	3.383	2.701	4.514	4.550	4.445	4.552	2.933	0.232	0.186	0.520	0.584	0.584	0.584	0.584	0.681	0.893	0.965	
1.057	1.057	0.942	0.681	0.486	0.475	0.475	0.475	3.461	4.726	4.724	4.655	4.713	4.683	4.561	4.626	4.552	4.638	4.649	2.630	0.584	0.584	0.584	0.640	0.847	0.965	0.965	0.965	
1.057	1.057	1.057	1.057	0.991	0.741	0.510	0.798	4.689	4.961	4.916	4.705	5.412	5.685	5.355	5.305	5.063	4.763	4.718	3.889	0.736	0.610	0.797	0.956	0.965	0.965	0.965	0.965	
1.057	1.057	1.057	1.057	1.057	1.057	1.026	4.514	5.192	5.154	5.472	5.513	5.597	5.675	5.330	5.320	5.664	5.774	5.117	5.162	4.473	0.937	0.965	0.965	0.965	0.965	0.965	0.965	
1.057	1.057	1.057	1.057	1.057	1.057	1.057	4.793	5.208	5.322	5.513	5.471	5.032	4.778	2.213	3.443	5.913	5.923	5.500	5.179	4.999	0.965	0.965	0.965	0.965	0.965	0.965	0.965	
0.000	0.000	0.000	0.000	0.000	0.000	0.000	0.000	0.000	0.000	0.000	0.000	2.670	4.137	2.098	1.115	0.000	0.000	0.000	0.000	0.000	0.000	0.000	0.000	0.000	0.000	0.000	0.000	
0.000	0.000	0.000	0.000	0.000	0.000	0.000	0.000	0.000	0.000	0.000	0.000	1.257	3.496	2.098	0.525	0.000	0.000	0.000	0.000	0.000	0.000	0.000	0.000	0.000	0.000	0.000	0.000	
0.000	0.000	0.000	0.000	0.000	0.000	0.000	0.000	0.000	0.000	0.000	0.000	1.257	2.856	2.098	0.525	0.000	0.000	0.000	0.000	0.000	0.000	0.000	0.000	0.000	0.000	0.000	0.000	
0.000	0.000	0.000	0.000	0.000	0.000	0.000	0.000	0.000	0.000	0.000	0.000	1.224	2.247	2.098	0.525	0.000	0.000	0.000	0.000	0.000	0.000	0.000	0.000	0.000	0.000	0.000	0.000	
0.000	0.000	0.000	0.000	0.000	0.000	0.000	0.000	0.000	0.000	0.000	0.000	0.743	2.098	2.098	0.525	0.000	0.000	0.000	0.000	0.000	0.000	0.000	0.000	0.000	0.000	0.000	0.000	
