0.090	0.090	0.090	0.121	0.200	0.137	0.040	0.040	0.040	0.040	0.040	0.040	0.040	0.040	0.040	0.040	0.040	0.040	0.040	0.040	0.040	0.040	0.040	0.040	0.040	0.040	0.040	0.040	
0.090	0.090	0.090	0.104	0.200	0.170	0.040	0.040	0.040	0.040	0.040	0.040	0.040	0.040	0.040	0.040	0.040	0.040	0.040	0.040	0.040	0.040	0.040	0.040	0.040	0.040	0.040	0.040	
0.090	0.090	0.090	0.091	0.196	0.197	0.047	0.040	0.040	0.040	0.040	0.040	0.040	0.040	0.040	0.040	0.040	0.040	0.040	0.040	0.040	0.040	0.040	0.040	0.040	0.040	0.040	0.040	
0.090	0.090	0.090	0.090	0.179	0.200	0.078	0.040	0.040	0.040	0.040	0.040	0.040	0.040	0.040	0.040	0.040	0.040	0.040	0.040	0.040	0.040	0.040	0.040	0.040	0.040	0.040	0.040	
0.090	0.090	0.090	0.090	0.162	0.200	0.112	0.040	0.040	0.040	0.040	0.040	0.040	0.040	0.040	0.040	0.040	0.040	0.040	0.040	0.040	0.040	0.040	0.040	0.040	0.040	0.040	0.040	
0.090	0.090	0.090	0.090	0.145	0.200	0.145	0.040	0.040	0.040	0.040	0.040	0.040	0.040	0.040	0.040	0.040	0.040	0.040	0.040	0.040	0.040	0.040	0.040	0.040	0.040	0.040	0.040	
0.090	0.090	0.090	0.090	0.128	0.200	0.179	0.040	0.040	0.040	0.040	0.040	0.040	0.040	0.040	0.040	0.040	0.040	0.040	0.040	0.040	0.040	0.040	0.040	0.040	0.040	0.040	0.040	
0.090	0.090	0.090	0.090	0.110	0.200	0.200	0.053	0.040	0.040	0.040	0.040	0.040	0.040	0.040	0.040	0.040	0.040	0.040	0.040	0.040	0.040	0.040	0.040	0.040	0.040	0.040	0.040	
0.090	0.090	0.090	0.090	0.094	0.199	0.200	0.086	0.040	0.040	0.040	0.040	0.040	0.040	0.040	0.040	0.040	0.040	0.040	0.040	0.040	0.040	0.040	0.040	0.040	0.040	0.040	0.040	
0.090	0.090	0.090	0.090	0.090	0.186	0.200	0.120	0.040	0.040	0.040	0.040	0.040	0.040	0.040	0.040	0.040	0.040	0.040	0.040	0.040	0.040	0.040	0.040	0.040	0.040	0.040	0.040	
0.090	0.090	0.090	0.090	0.090	0.169	0.200	0.154	0.040	0.040	0.040	0.040	0.040	0.040	0.040	0.040	0.040	0.040	0.040	0.040	0.040	0.040	0.040	0.040	0.040	0.040	0.040	0.040	
0.090	0.090	0.090	0.090	0.090	0.151	0.200	0.187	0.041	0.040	0.040	0.040	0.040	0.040	0.040	0.040	0.040	0.040	0.040	0.040	0.040	0.040	0.040	0.040	0.040	0.040	0.040	0.040	
0.090	0.090	0.090	0.090	0.090	0.134	0.200	0.200	0.061	0.040	0.040	0.040	0.040	0.040	0.040	0.040	0.040	0.040	0.040	0.040	0.040	0.040	0.040	0.040	0.040	0.040	0.040	0.040	
0.090	0.090	0.090	0.090	0.090	0.117	0.200	0.200	0.095	0.040	0.040	0.040	0.040	0.040	0.040	0.040	0.040	0.040	0.040	0.040	0.040	0.040	0.040	0.040	0.040	0.040	0.040	0.040	
0.090	0.090	0.090	0.090	0.090	0.100	0.200	0.200	0.128	0.040	0.040	0.040	0.040	0.040	0.040	0.040	0.040	0.040	0.040	0.040	0.040	0.040	0.040	0.040	0.040	0.040	0.040	0.044	
0.090	0.090	0.090	0.090	0.090	0.090	0.192	0.200	0.162	0.040	0.040	0.040	0.040	0.040	0.040	0.040	0.040	0.040	0.040	0.040	0.040	0.040	0.040	0.040	0.040	0.040	0.040	0.095	
0.090	0.090	0.090	0.090	0.090	0.090	0.175	0.200	0.193	0.043	0.040	0.040	0.040	0.040	0.040	0.040	0.040	0.040	0.040	0.040	0.040	0.040	0.040	0.040	0.040	0.040	0.040	0.162	
0.090	0.090	0.090	0.090	0.090	0.090	0.158	0.200	0.200	0.070	0.040	0.040	0.040	0.040	0.040	0.040	0.040	0.040	0.040	0.040	0.040	0.040	0.040	0.040	0.040	0.040	0.056	0.213	
0.090	0.090	0.090	0.090	0.090	0.090	0.140	0.200	0.200	0.103	0.040	0.040	0.040	0.040	0.040	0.040	0.040	0.040	0.040	0.040	0.040	0.040	0.040	0.040	0.040	0.040	0.119	0.217	
0.090	0.090	0.090	0.090	0.090	0.090	0.123	0.200	0.200	0.137	0.040	0.040	0.040	0.040	0.040	0.040	0.040	0.040	0.040	0.040	0.040	0.040	0.040	0.040	0.040	0.040	0.185	0.217	
0.090	0.090	0.090	0.090	0.090	0.090	0.106	0.200	0.200	0.170	0.040	0.040	0.040	0.040	0.040	0.040	0.040	0.040	0.040	0.040	0.040	0.040	0.040	0.040	0.040	0.076	0.217	0.217	
0.090	0.090	0.090	0.090	0.090	0.090	0.092	0.197	0.200	0.197	0.047	0.040	0.040	0.040	0.040	0.040	0.040	0.040	0.040	0.040	0.040	0.040	0.040	0.040	0.040	0.142	0.217	0.217	
0.090	0.090	0.090	0.090	0.090	0.090	0.090	0.181	0.200	0.200	0.078	0.040	0.040	0.040	0.040	0.040	0.040	0.040	0.040	0.040	0.040	0.040	0.040	0.040	0.045	0.204	0.217	0.217	
0.090	0.090	0.090	0.090	0.090	0.090	0.090	0.164	0.200	0.200	0.112	0.040	0.040	0.040	0.040	0.040	0.040	0.040	0.040	0.040	0.040	0.040	0.040	0.040	0.099	0.217	0.217	0.217	
0.090	0.090	0.090	0.090	0.090	0.090	0.090	0.147	0.200	0.200	0.145	0.040	0.040	0.040	0.040	0.040	0.040	0.040	0.040	0.040	0.040	0.040	0.040	0.040	0.166	0.217	0.217	0.217	
0.090	0.090	0.090	0.090	0.090	0.090	0.090	0.130	0.200	0.200	0.179	0.040	0.040	0.040	0.040	0.040	0.040	0.040	0.040	0.040	0.040	0.040	0.040	0.059	0.215	0.217	0.217	0.217	
0.090	0.090	0.090	0.090	0.090	0.090	0.090	0.112	0.200	0.200	0.200	0.053	0.040	0.040	0.040	0.040	0.040	0.040	0.040	0.040	0.040	0.040	0.040	0.123	0.217	0.217	0.217	0.217	
0.090	0.090	0.090	0.090	0.090	0.090	0.090	0.096	0.200	0.200	0.200	0.086	0.040	0.040	0.040	0.040	0.040	0.040	0.040	0.040	0.040	0.040	0.041	0.190	0.217	0.217	0.217	0.217	
0.090	0.090	0.090	0.090	0.090	0.090	0.090	0.090	0.188	0.200	0.200	0.120	0.040	0.040	0.040	0.040	0.040	0.040	0.040	0.040	0.040	0.040	0.080	0.217	0.217	0.217	0.217	0.217	
0.090	0.090	0.090	0.090	0.090	0.090	0.090	0.090	0.171	0.200	0.200	0.154	0.040	0.040	0.040	0.040	0.040	0.040	0.040	0.040	0.040	0.040	0.147	0.217	0.217	0.217	0.217	0.217	
0.090	0.090	0.090	0.090	0.090	0.090	0.090	0.090	0.153	0.200	0.200	0.187	0.041	0.040	0.040	0.040	0.040	0.040	0.040	0.040	0.040	0.047	0.207	0.217	0.217	0.217	0.217	0.217	
0.090	0.090	0.090	0.090	0.090	0.090	0.090	0.090	0.136	0.200	0.200	0.200	0.061	0.040	0.040	0.040	0.040	0.040	0.040	0.040	0.040	0.104	0.217	0.217	0.217	0.217	0.217	0.268	
0.090	0.090	0.090	0.090	0.090	0.090	0.090	0.090	0.119	0.200	0.200	0.200	0.095	0.040	0.040	0.040	0.040	0.040	0.040	0.040	0.040	0.170	0.217	0.217	0.217	0.217	0.217	0.420	
0.090	0.090	0.090	0.090	0.090	0.090	0.090	0.090	0.102	0.200	0.200	0.200	0.128	0.040	0.040	0.040	0.040	0.040	0.040	0.040	0.062	0.216	0.217	0.217	0.217	0.217	0.289	0.502	
0.090	0.090	0.090	0.090	0.090	0.090	0.090	0.090	0.090	0.194	0.200	0.200	0.162	0.040	0.040	0.040	0.040	0.040	0.040	0.040	0.127	0.217	0.217	0.217	0.217	0.218	0.441	0.502	
0.094	0.090	0.090	0.090	0.090	0.090	0.090	0.090	0.090	0.177	0.200	0.200	0.193	0.043	0.040	0.040	0.040	0.040	0.040	0.041	0.193	0.217	0.217	0.217	0.217	0.311	0.502	0.502	
0.461	0.090	0.090	0.090	0.090	0.090	0.090	0.090	0.090	0.160	0.200	0.200	0.200	0.070	0.040	0.040	0.040	0.040	0.040	0.084	0.217	0.217	0.217	0.217	0.222	0.460	0.502	0.502	
0.796	0.357	0.090	0.090	0.090	0.090	0.090	0.090	0.090	0.342	0.200	0.200	0.200	0.103	0.040	0.040	0.040	0.040	0.040	0.151	0.217	0.217	0.217	0.217	0.334	0.502	0.502	0.502	
0.797	0.781	0.267	0.090	0.090	0.090	0.090	0.090	0.090	1.295	0.278	0.200	0.200	0.137	0.040	0.040	0.040	0.040	0.049	0.209	0.217	0.217	0.217	0.230	0.475	0.502	0.502	0.502	
0.797	0.797	0.747	0.195	0.090	0.090	0.090	0.090	0.090	1.669	1.031	0.200	0.200	0.170	0.040	0.040	0.040	0.040	0.108	0.217	0.217	0.217	0.217	0.356	0.502	0.502	0.502	0.502	
0.797	0.797	0.797	0.695	0.142	0.090	0.090	0.090	0.090	1.887	1.939	0.200	0.200	0.197	0.047	0.040	0.040	0.040	0.175	0.217	0.217	0.217	0.240	0.486	0.502	0.502	0.502	0.502	
0.797	0.797	0.797	0.797	0.624	0.108	0.090	0.090	0.090	2.106	2.362	0.685	0.200	0.200	0.078	0.040	0.172	2.330	0.791	0.217	0.217	0.217	0.379	0.502	0.502	0.502	0.502	0.502	
1.146	0.803	0.797	0.797	0.797	0.535	0.091	0.090	0.101	2.312	2.362	1.640	0.227	0.857	3.509	2.224	3.208	3.898	1.588	0.217	0.217	0.255	0.495	0.502	0.502	0.502	0.502	0.502	
1.478	1.279	0.841	0.797	0.797	0.797	0.515	0.814	1.336	2.404	2.362	3.803	4.599	4.405	4.541	4.511	3.901	3.898	2.545	0.226	1.041	1.054	0.502	0.502	0.502	0.502	0.512	0.915	
1.478	1.478	1.381	0.914	0.797	0.797	1.855	4.416	4.416	4.773	4.797	4.810	4.784	4.885	4.778	5.035	5.031	4.640	5.105	4.390	4.557	2.992	0.502	0.502	0.517	0.941	1.537	1.739	
1.478	1.478	1.478	1.446	1.024	1.272	3.215	4.416	4.417	4.904	4.938	5.192	5.343	5.908	6.036	5.614	5.584	5.231	5.140	4.803	4.557	4.243	0.987	0.966	1.557	1.739	1.739	1.739	
1.807	1.483	1.478	1.478	1.722	4.663	4.673	5.103	5.529	5.612	5.866	5.939	5.911	6.002	6.033	5.769	5.857	5.859	5.433	5.515	4.897	4.802	4.124	1.739	1.739	1.739	1.764	1.996	
2.539	2.344	1.830	1.486	2.478	4.698	4.679	5.452	5.632	6.060	6.390	6.181	5.676	5.656	5.973	5.985	6.146	6.146	5.724	5.645	5.199	4.811	4.617	1.882	1.759	1.984	2.239	2.287	
2.539	2.539	2.539	2.981	5.224	5.214	5.923	6.233	6.518	7.018	6.914	7.098	5.111	5.135	5.922	6.023	6.087	6.595	6.657	6.066	6.187	5.386	5.285	4.669	2.232	2.287	2.287	2.287	
2.539	2.539	2.539	3.311	5.275	5.275	6.187	6.289	6.961	7.147	7.350	7.407	5.643	4.921	4.943	6.069	6.069	6.811	6.886	6.384	6.259	5.744	5.310	5.105	2.287	2.287	2.287	2.287	
0.000	0.000	0.000	0.000	0.000	0.000	0.000	0.000	0.000	0.000	0.000	0.000	2.184	2.139	2.025	2.345	0.000	0.000	0.000	0.000	0.000	0.000	0.000	0.000	0.000	0.000	0.000	0.000	
0.000	0.000	0.000	0.000	0.000	0.000	0.000	0.000	0.000	0.000	0.000	0.000	0.494	1.975	1.975	0.494	0.000	0.000	0.000	0.000	0.000	0.000	0.000	0.000	0.000	0.000	0.000	0.000	
0.000	0.000	0.000	0.000	0.000	0.000	0.000	0.000	0.000	0.000	0.000	0.000	0.494	1.975	1.975	0.494	0.000	0.000	0.000	0.000	0.000	0.000	0.000	0.000	0.000	0.000	0.000	0.000	
0.000	0.000	0.000	0.000	0.000	0.000	0.000	0.000	0.000	0.000	0.000	0.000	0.494	1.975	1.975	0.494	0.000	0.000	0.000	0.000	0.000	0.000	0.000	0.000	0.000	0.000	0.000	0.000	
0.000	0.000	0.000	0.000	0.000	0.000	0.000	0.000	0.000	0.000	0.000	0.000	0.494	1.975	1.975	0.494	0.000	0.000	0.000	0.000	0.000	0.000	0.000	0.000	0.000	0.000	0.000	0.000	
