0.071	0.071	0.071	0.071	0.071	0.071	0.069	0.068	0.068	0.068	0.068	0.068	0.068	0.068	0.068	0.068	0.068	0.068	0.068	0.063	0.063	0.063	0.063	0.063	0.063	0.063	0.063	0.063	
0.071	0.071	0.071	0.071	0.071	0.071	0.069	0.068	0.068	0.068	0.068	0.068	0.068	0.068	0.068	0.068	0.068	0.068	0.068	0.063	0.063	0.063	0.063	0.063	0.063	0.063	0.063	0.063	
0.071	0.071	0.071	0.071	0.071	0.071	0.070	0.068	0.068	0.068	0.068	0.068	0.068	0.068	0.068	0.068	0.068	0.068	0.068	0.063	0.063	0.063	0.063	0.063	0.063	0.063	0.063	0.063	
0.071	0.071	0.071	0.071	0.071	0.071	0.070	0.068	0.068	0.068	0.068	0.068	0.068	0.068	0.068	0.068	0.068	0.068	0.067	0.063	0.063	0.063	0.063	0.063	0.063	0.063	0.063	0.063	
0.071	0.071	0.071	0.071	0.071	0.071	0.070	0.068	0.068	0.068	0.068	0.068	0.068	0.068	0.068	0.068	0.068	0.068	0.067	0.063	0.063	0.063	0.063	0.063	0.063	0.063	0.063	0.063	
0.071	0.071	0.071	0.071	0.071	0.071	0.071	0.068	0.068	0.068	0.068	0.068	0.068	0.068	0.068	0.068	0.068	0.068	0.067	0.063	0.063	0.063	0.063	0.063	0.063	0.063	0.063	0.063	
0.071	0.071	0.071	0.071	0.071	0.071	0.071	0.068	0.068	0.068	0.068	0.068	0.068	0.068	0.068	0.068	0.068	0.068	0.066	0.063	0.063	0.063	0.063	0.063	0.063	0.063	0.063	0.063	
0.071	0.071	0.071	0.071	0.071	0.071	0.071	0.069	0.068	0.068	0.068	0.068	0.068	0.068	0.068	0.068	0.068	0.068	0.066	0.063	0.063	0.063	0.063	0.063	0.063	0.063	0.063	0.063	
0.071	0.071	0.071	0.071	0.071	0.071	0.071	0.069	0.068	0.068	0.068	0.068	0.068	0.068	0.068	0.068	0.068	0.068	0.066	0.063	0.063	0.063	0.063	0.063	0.063	0.063	0.063	0.063	
0.071	0.071	0.071	0.071	0.071	0.071	0.071	0.069	0.068	0.068	0.068	0.068	0.068	0.068	0.068	0.068	0.068	0.068	0.066	0.063	0.063	0.063	0.063	0.063	0.063	0.063	0.063	0.063	
0.071	0.071	0.071	0.071	0.071	0.071	0.071	0.070	0.068	0.068	0.068	0.068	0.068	0.068	0.068	0.068	0.068	0.068	0.065	0.063	0.063	0.063	0.063	0.063	0.063	0.063	0.063	0.063	
0.071	0.071	0.071	0.071	0.071	0.071	0.071	0.070	0.068	0.068	0.068	0.068	0.068	0.068	0.068	0.068	0.068	0.068	0.065	0.063	0.063	0.063	0.063	0.063	0.063	0.063	0.063	0.063	
0.071	0.071	0.071	0.071	0.071	0.071	0.071	0.071	0.068	0.068	0.068	0.068	0.068	0.068	0.068	0.068	0.068	0.068	0.065	0.063	0.063	0.063	0.063	0.063	0.063	0.063	0.063	0.063	
0.071	0.071	0.071	0.071	0.071	0.071	0.071	0.071	0.068	0.068	0.068	0.068	0.068	0.068	0.068	0.068	0.068	0.068	0.064	0.063	0.063	0.063	0.063	0.063	0.063	0.063	0.063	0.063	
0.071	0.071	0.071	0.071	0.071	0.071	0.071	0.071	0.068	0.068	0.068	0.068	0.068	0.068	0.068	0.068	0.068	0.068	0.064	0.063	0.063	0.063	0.063	0.063	0.063	0.063	0.063	0.063	
0.071	0.071	0.071	0.071	0.071	0.071	0.071	0.071	0.069	0.068	0.068	0.068	0.068	0.068	0.068	0.068	0.068	0.068	0.064	0.063	0.063	0.063	0.063	0.063	0.063	0.063	0.063	0.063	
0.071	0.071	0.071	0.071	0.071	0.071	0.071	0.071	0.069	0.068	0.068	0.068	0.068	0.068	0.068	0.068	0.068	0.068	0.063	0.063	0.063	0.063	0.063	0.063	0.063	0.063	0.063	0.063	
0.071	0.071	0.071	0.071	0.071	0.071	0.071	0.071	0.070	0.068	0.068	0.068	0.068	0.068	0.068	0.068	0.068	0.068	0.063	0.063	0.063	0.063	0.063	0.063	0.063	0.063	0.063	0.063	
0.071	0.071	0.071	0.071	0.071	0.071	0.071	0.071	0.070	0.068	0.068	0.068	0.068	0.068	0.068	0.068	0.068	0.068	0.063	0.063	0.063	0.063	0.063	0.063	0.063	0.063	0.063	0.063	
0.071	0.071	0.071	0.071	0.071	0.071	0.071	0.071	0.070	0.068	0.068	0.068	0.068	0.068	0.068	0.068	0.068	0.068	0.063	0.063	0.063	0.063	0.063	0.063	0.063	0.063	0.063	0.063	
0.071	0.071	0.071	0.071	0.071	0.071	0.071	0.071	0.071	0.068	0.068	0.068	0.068	0.068	0.068	0.068	0.068	0.067	0.063	0.063	0.063	0.063	0.063	0.063	0.063	0.063	0.063	0.063	
0.071	0.071	0.071	0.071	0.071	0.071	0.071	0.071	0.071	0.068	0.068	0.068	0.068	0.068	0.068	0.068	0.068	0.067	0.063	0.063	0.063	0.063	0.063	0.063	0.063	0.063	0.063	0.063	
0.071	0.071	0.071	0.071	0.071	0.071	0.071	0.071	0.071	0.069	0.068	0.068	0.068	0.068	0.068	0.068	0.068	0.067	0.063	0.063	0.063	0.063	0.063	0.063	0.063	0.063	0.063	0.063	
0.071	0.071	0.071	0.071	0.071	0.071	0.071	0.071	0.071	0.069	0.068	0.068	0.068	0.068	0.068	0.068	0.068	0.066	0.063	0.063	0.063	0.063	0.063	0.063	0.063	0.063	0.063	0.063	
0.071	0.071	0.071	0.071	0.071	0.071	0.071	0.071	0.071	0.069	0.068	0.068	0.068	0.068	0.068	0.068	0.068	0.066	0.063	0.063	0.063	0.063	0.063	0.063	0.063	0.063	0.063	0.063	
0.071	0.071	0.071	0.071	0.071	0.071	0.071	0.071	0.071	0.070	0.068	0.068	0.068	0.068	0.068	0.068	0.068	0.066	0.063	0.063	0.063	0.063	0.063	0.063	0.063	0.063	0.063	0.063	
0.071	0.071	0.071	0.071	0.071	0.071	0.071	0.071	0.071	0.070	0.068	0.068	0.068	0.068	0.068	0.068	0.068	0.065	0.063	0.063	0.063	0.063	0.063	0.063	0.063	0.063	0.063	0.063	
0.071	0.071	0.071	0.071	0.071	0.071	0.071	0.071	0.071	0.071	0.068	0.068	0.068	0.068	0.068	0.068	0.068	0.065	0.063	0.063	0.063	0.063	0.063	0.063	0.063	0.063	0.063	0.063	
0.071	0.071	0.071	0.071	0.071	0.071	0.071	0.071	0.071	0.071	0.068	0.068	0.068	0.068	0.068	0.068	0.068	0.065	0.063	0.063	0.063	0.063	0.063	0.063	0.063	0.063	0.063	0.063	
0.071	0.071	0.071	0.071	0.071	0.071	0.071	0.071	0.071	0.071	0.068	0.068	0.068	0.068	0.068	0.068	0.068	0.065	0.063	0.063	0.063	0.063	0.063	0.063	0.063	0.063	0.063	0.063	
0.071	0.071	0.071	0.071	0.071	0.071	0.071	0.071	0.071	0.071	0.069	0.068	0.068	0.068	0.068	0.068	0.068	0.064	0.063	0.063	0.063	0.063	0.063	0.063	0.063	0.063	0.063	0.063	
0.071	0.071	0.071	0.071	0.071	0.071	0.071	0.071	0.071	0.071	0.069	0.068	0.068	0.068	0.068	0.068	0.068	0.064	0.063	0.063	0.063	0.063	0.063	0.063	0.063	0.063	0.063	0.063	
0.071	0.071	0.071	0.071	0.071	0.071	0.071	0.071	0.071	0.071	0.070	0.068	0.068	0.068	0.068	0.068	0.068	0.064	0.063	0.063	0.063	0.063	0.063	0.063	0.063	0.063	0.063	0.063	
0.071	0.071	0.071	0.071	0.071	0.071	0.071	0.071	0.071	0.071	0.070	0.068	0.068	0.068	0.068	0.068	0.068	0.063	0.063	0.063	0.063	0.063	0.063	0.063	0.063	0.063	0.063	0.121	
0.071	0.071	0.071	0.071	0.071	0.071	0.071	0.071	0.071	0.071	0.070	0.068	0.068	0.068	0.068	0.068	0.068	0.063	0.063	0.063	0.063	0.063	0.063	0.063	0.063	0.063	0.092	0.444	
0.135	0.071	0.071	0.071	0.071	0.071	0.071	0.071	0.071	0.071	0.071	0.068	0.068	0.068	0.068	0.068	0.068	0.063	0.063	0.063	0.063	0.063	0.063	0.063	0.063	0.073	0.400	0.519	
0.604	0.124	0.071	0.071	0.071	0.071	0.071	0.071	0.071	0.071	0.071	0.068	0.068	0.068	0.068	0.068	0.067	0.063	0.063	0.063	0.063	0.063	0.063	0.063	0.064	0.346	0.519	0.519	
0.708	0.589	0.114	0.071	0.071	0.071	0.071	0.071	0.071	0.071	0.071	0.069	0.068	0.068	0.068	0.068	0.067	0.063	0.063	0.063	0.063	0.063	0.063	0.063	0.284	0.519	0.519	0.519	
0.708	0.708	0.573	0.106	0.071	0.071	0.071	0.071	0.071	0.071	0.109	1.094	0.068	0.068	0.068	0.068	0.312	0.063	0.063	0.063	0.063	0.063	0.063	0.223	0.517	0.519	0.519	0.519	
0.708	0.708	0.708	0.556	0.098	0.071	0.071	0.071	0.071	0.071	0.660	2.770	0.387	0.068	0.068	0.139	2.646	0.383	0.063	0.063	0.063	0.063	0.171	0.506	0.519	0.519	0.519	0.519	
0.708	0.708	0.708	0.708	0.538	0.091	0.071	0.071	0.071	0.071	1.374	2.926	2.071	0.070	0.068	1.605	3.257	1.676	0.063	0.063	0.063	0.129	0.484	0.519	0.519	0.519	0.519	0.519	
0.708	0.708	0.708	0.708	0.708	0.917	0.726	0.071	0.071	0.342	2.460	2.926	2.926	2.143	2.166	3.177	3.257	3.012	1.368	0.671	0.146	0.453	0.519	0.519	0.519	0.519	0.519	0.519	
1.143	0.710	0.708	0.708	0.708	1.061	3.019	2.384	2.411	4.293	4.315	3.086	3.291	4.509	4.554	3.845	3.384	3.639	3.859	3.859	2.374	0.519	0.519	0.519	0.519	0.519	0.519	0.519	
1.579	1.245	0.724	0.708	0.708	0.723	2.886	3.019	3.594	4.532	4.537	4.904	4.949	4.621	4.566	4.796	4.923	4.399	3.859	3.964	3.873	0.773	0.519	0.519	0.519	0.519	0.519	0.585	
1.579	1.579	1.335	0.752	0.708	0.708	2.429	3.019	3.726	5.134	5.063	4.959	4.959	5.356	5.532	5.114	4.923	5.026	4.922	4.459	4.425	3.129	0.959	1.161	1.362	1.564	1.766	1.787	
1.579	1.579	1.579	1.410	0.813	1.480	3.240	4.127	4.919	5.332	5.415	5.754	5.579	5.581	5.534	5.617	5.497	5.295	5.291	4.788	4.426	3.192	1.905	1.905	1.905	1.903	1.746	1.597	
1.708	1.579	1.579	1.579	3.153	4.728	4.766	4.842	4.905	5.792	5.882	5.882	5.938	6.168	6.025	5.822	5.822	5.788	5.609	4.850	4.743	3.162	1.905	1.905	1.913	1.702	1.596	1.596	
2.930	2.421	1.793	1.648	3.986	4.728	4.835	4.917	5.378	6.136	6.138	6.574	6.701	6.198	6.110	5.958	5.977	6.214	6.214	4.897	4.746	4.476	3.388	3.699	3.036	1.596	1.596	1.596	
2.972	2.972	2.962	4.252	5.290	5.299	5.995	6.197	6.828	6.661	7.369	7.150	6.901	6.446	6.014	6.022	6.795	6.597	6.566	6.463	5.770	5.995	4.076	3.989	2.321	1.596	1.596	1.596	
2.972	2.972	2.972	4.555	5.291	5.528	6.080	6.257	6.840	7.103	7.770	7.529	6.418	6.288	4.777	5.892	7.021	6.997	6.768	6.768	6.162	6.130	4.803	3.886	1.679	1.596	1.596	1.596	
0.000	0.000	0.000	0.000	0.000	0.000	0.000	0.000	0.000	0.000	0.000	0.000	3.380	5.419	4.115	2.282	0.000	0.000	0.000	0.000	0.000	0.000	0.000	0.000	0.000	0.000	0.000	0.000	
0.000	0.000	0.000	0.000	0.000	0.000	0.000	0.000	0.000	0.000	0.000	0.000	1.542	4.382	4.115	1.029	0.000	0.000	0.000	0.000	0.000	0.000	0.000	0.000	0.000	0.000	0.000	0.000	
0.000	0.000	0.000	0.000	0.000	0.000	0.000	0.000	0.000	0.000	0.000	0.000	1.013	3.965	3.996	1.004	0.000	0.000	0.000	0.000	0.000	0.000	0.000	0.000	0.000	0.000	0.000	0.000	
0.000	0.000	0.000	0.000	0.000	0.000	0.000	0.000	0.000	0.000	0.000	0.000	0.970	3.882	3.882	0.970	0.000	0.000	0.000	0.000	0.000	0.000	0.000	0.000	0.000	0.000	0.000	0.000	
0.000	0.000	0.000	0.000	0.000	0.000	0.000	0.000	0.000	0.000	0.000	0.000	0.970	3.882	3.882	0.970	0.000	0.000	0.000	0.000	0.000	0.000	0.000	0.000	0.000	0.000	0.000	0.000	
