0.034	0.034	0.034	0.034	0.034	0.034	0.034	0.034	0.034	0.034	0.034	0.034	0.034	0.034	0.034	0.034	0.034	0.034	0.034	0.034	0.034	0.034	0.034	0.034	0.034	0.034	0.034	0.092	
0.034	0.034	0.034	0.034	0.034	0.034	0.034	0.034	0.034	0.034	0.034	0.034	0.034	0.034	0.034	0.034	0.034	0.034	0.034	0.034	0.034	0.034	0.034	0.034	0.034	0.034	0.049	0.098	
0.034	0.034	0.034	0.034	0.034	0.034	0.034	0.034	0.034	0.034	0.034	0.034	0.034	0.034	0.034	0.034	0.034	0.034	0.034	0.034	0.034	0.034	0.034	0.034	0.034	0.034	0.069	0.098	
0.034	0.034	0.034	0.034	0.034	0.034	0.034	0.034	0.034	0.034	0.034	0.034	0.034	0.034	0.034	0.034	0.034	0.034	0.034	0.034	0.034	0.034	0.034	0.034	0.034	0.034	0.089	0.098	
0.034	0.034	0.034	0.034	0.034	0.034	0.034	0.034	0.034	0.034	0.034	0.034	0.034	0.034	0.034	0.034	0.034	0.034	0.034	0.034	0.034	0.034	0.034	0.034	0.034	0.046	0.098	0.098	
0.034	0.034	0.034	0.034	0.034	0.034	0.034	0.034	0.034	0.034	0.034	0.034	0.034	0.034	0.034	0.034	0.034	0.034	0.034	0.034	0.034	0.034	0.034	0.034	0.034	0.066	0.098	0.098	
0.034	0.034	0.034	0.034	0.034	0.034	0.034	0.034	0.034	0.034	0.034	0.034	0.034	0.034	0.034	0.034	0.034	0.034	0.034	0.034	0.034	0.034	0.034	0.034	0.034	0.086	0.098	0.098	
0.034	0.034	0.034	0.034	0.034	0.034	0.034	0.034	0.034	0.034	0.034	0.034	0.034	0.034	0.034	0.034	0.034	0.034	0.034	0.034	0.034	0.034	0.034	0.034	0.042	0.098	0.098	0.098	
0.034	0.034	0.034	0.034	0.034	0.034	0.034	0.034	0.034	0.034	0.034	0.034	0.034	0.034	0.034	0.034	0.034	0.034	0.034	0.034	0.034	0.034	0.034	0.034	0.063	0.098	0.098	0.098	
0.034	0.034	0.034	0.034	0.034	0.034	0.034	0.034	0.034	0.034	0.034	0.034	0.034	0.034	0.034	0.034	0.034	0.034	0.034	0.034	0.034	0.034	0.034	0.034	0.083	0.098	0.098	0.098	
0.034	0.034	0.034	0.034	0.034	0.034	0.034	0.034	0.034	0.034	0.034	0.034	0.034	0.034	0.034	0.034	0.034	0.034	0.034	0.034	0.034	0.034	0.034	0.039	0.097	0.098	0.098	0.098	
0.034	0.034	0.034	0.034	0.034	0.034	0.034	0.034	0.034	0.034	0.034	0.034	0.034	0.034	0.034	0.034	0.034	0.034	0.034	0.034	0.034	0.034	0.034	0.059	0.098	0.098	0.098	0.098	
0.034	0.034	0.034	0.034	0.034	0.034	0.034	0.034	0.034	0.034	0.034	0.034	0.034	0.034	0.034	0.034	0.034	0.034	0.034	0.034	0.034	0.034	0.034	0.079	0.098	0.098	0.098	0.098	
0.034	0.034	0.034	0.034	0.034	0.034	0.034	0.034	0.034	0.034	0.034	0.034	0.034	0.034	0.034	0.034	0.034	0.034	0.034	0.034	0.034	0.034	0.037	0.096	0.098	0.098	0.098	0.098	
0.034	0.034	0.034	0.034	0.034	0.034	0.034	0.034	0.034	0.034	0.034	0.034	0.034	0.034	0.034	0.034	0.034	0.034	0.034	0.034	0.034	0.034	0.056	0.098	0.098	0.098	0.098	0.098	
0.034	0.034	0.034	0.034	0.034	0.034	0.034	0.034	0.034	0.034	0.034	0.034	0.034	0.034	0.034	0.034	0.034	0.034	0.034	0.034	0.034	0.034	0.076	0.098	0.098	0.098	0.098	0.098	
0.034	0.034	0.034	0.034	0.034	0.034	0.034	0.034	0.034	0.034	0.034	0.034	0.034	0.034	0.034	0.034	0.034	0.034	0.034	0.034	0.034	0.035	0.094	0.098	0.098	0.098	0.098	0.098	
0.034	0.034	0.034	0.034	0.034	0.034	0.034	0.034	0.034	0.034	0.034	0.034	0.034	0.034	0.034	0.034	0.034	0.034	0.034	0.034	0.034	0.052	0.098	0.098	0.098	0.098	0.098	0.098	
0.034	0.034	0.034	0.034	0.034	0.034	0.034	0.034	0.034	0.034	0.034	0.034	0.034	0.034	0.034	0.034	0.034	0.034	0.034	0.034	0.034	0.072	0.098	0.098	0.098	0.098	0.098	0.098	
0.034	0.034	0.034	0.034	0.034	0.034	0.034	0.034	0.034	0.034	0.034	0.034	0.034	0.034	0.034	0.034	0.034	0.034	0.034	0.034	0.034	0.092	0.098	0.098	0.098	0.098	0.098	0.098	
0.034	0.034	0.034	0.034	0.034	0.034	0.034	0.034	0.034	0.034	0.034	0.034	0.034	0.034	0.034	0.034	0.034	0.034	0.034	0.034	0.049	0.098	0.098	0.098	0.098	0.098	0.098	0.098	
0.034	0.034	0.034	0.034	0.034	0.034	0.034	0.034	0.034	0.034	0.034	0.034	0.034	0.034	0.034	0.034	0.034	0.034	0.034	0.034	0.069	0.098	0.098	0.098	0.098	0.098	0.098	0.098	
0.034	0.034	0.034	0.034	0.034	0.034	0.034	0.034	0.034	0.034	0.034	0.034	0.034	0.034	0.034	0.034	0.034	0.034	0.034	0.034	0.089	0.098	0.098	0.098	0.098	0.098	0.098	0.098	
0.119	0.034	0.034	0.034	0.034	0.034	0.034	0.034	0.034	0.034	0.034	0.034	0.034	0.034	0.034	0.034	0.034	0.034	0.034	0.045	0.098	0.098	0.098	0.098	0.098	0.098	0.098	0.098	
0.341	0.037	0.034	0.034	0.034	0.034	0.034	0.034	0.034	0.034	0.034	0.034	0.034	0.034	0.034	0.034	0.034	0.034	0.034	0.065	0.098	0.098	0.098	0.098	0.098	0.098	0.098	0.098	
0.417	0.189	0.034	0.034	0.034	0.034	0.034	0.034	0.034	0.034	0.034	0.034	0.034	0.034	0.034	0.034	0.034	0.034	0.034	0.086	0.098	0.098	0.098	0.098	0.098	0.098	0.098	0.098	
0.417	0.389	0.062	0.034	0.034	0.034	0.034	0.034	0.034	0.034	0.034	0.034	0.034	0.034	0.034	0.034	0.034	0.034	0.042	0.097	0.098	0.098	0.098	0.098	0.098	0.098	0.098	0.098	
0.417	0.417	0.261	0.034	0.034	0.034	0.034	0.034	0.034	0.034	0.034	0.034	0.034	0.034	0.034	0.034	0.034	0.034	0.062	0.098	0.098	0.098	0.098	0.098	0.098	0.098	0.098	0.098	
0.417	0.417	0.413	0.109	0.034	0.034	0.034	0.034	0.034	0.034	0.034	0.034	0.034	0.034	0.034	0.034	0.034	0.034	0.082	0.098	0.098	0.098	0.098	0.098	0.098	0.098	0.098	0.098	
0.417	0.417	0.417	0.331	0.035	0.034	0.034	0.034	0.034	0.034	0.034	0.034	0.034	0.034	0.034	0.034	0.034	0.039	0.097	0.098	0.098	0.098	0.098	0.098	0.098	0.098	0.098	0.098	
0.456	0.417	0.417	0.417	0.176	0.034	0.034	0.034	0.034	0.034	0.034	0.034	0.034	0.034	0.034	0.034	0.034	0.059	0.098	0.098	0.098	0.098	0.098	0.098	0.098	0.098	0.098	0.104	
0.537	0.418	0.417	0.417	0.382	0.056	0.034	0.034	0.034	0.034	0.034	0.034	0.034	0.034	0.034	0.034	0.034	0.079	0.098	0.098	0.098	0.098	0.098	0.098	0.098	0.098	0.098	0.259	
0.572	0.465	0.417	0.417	0.417	0.248	0.034	0.034	0.034	0.034	0.034	0.034	0.034	0.034	0.034	0.034	0.037	0.096	0.098	0.098	0.098	0.098	0.098	0.098	0.098	0.098	0.157	0.414	
0.572	0.545	0.419	0.417	0.417	0.411	0.099	0.034	0.034	0.034	0.034	0.034	0.034	0.034	0.034	0.034	0.055	0.098	0.098	0.098	0.098	0.098	0.098	0.098	0.098	0.104	0.359	0.421	
0.572	0.572	0.473	0.417	0.417	0.417	0.319	0.034	0.034	0.034	0.034	0.034	0.034	0.034	0.034	0.034	0.075	0.098	0.098	0.098	0.098	0.098	0.098	0.098	0.098	0.256	0.421	0.421	
0.572	0.572	0.551	0.421	0.417	0.417	0.417	0.281	0.034	0.034	0.034	0.034	0.034	0.034	0.034	0.035	0.094	0.098	0.098	0.098	0.098	0.098	0.098	0.098	0.155	0.413	0.421	0.421	
0.572	0.572	0.572	0.482	0.417	0.417	0.417	1.124	0.920	0.034	0.034	0.034	0.034	0.034	0.034	0.278	0.098	0.098	0.098	0.098	0.098	0.098	0.098	0.103	0.356	0.421	0.421	0.421	
0.572	0.572	0.572	0.557	0.424	0.417	0.417	0.662	2.461	1.085	0.034	0.034	0.034	0.034	0.385	1.933	0.129	0.098	0.098	0.098	0.098	0.098	0.098	0.253	0.421	0.421	0.421	0.421	
0.572	0.572	0.572	0.572	0.491	0.417	0.417	0.417	2.216	2.474	1.262	0.036	0.034	0.216	1.914	2.198	0.574	0.098	0.098	0.098	0.098	0.098	0.152	0.412	0.421	0.421	0.421	0.421	
0.572	0.572	0.572	0.572	0.562	0.428	0.417	0.417	1.711	2.476	2.476	2.128	2.669	2.899	2.198	2.198	1.151	0.098	0.098	0.098	0.098	0.102	0.354	0.421	0.421	0.421	0.421	0.421	
0.572	0.572	0.572	0.572	0.572	0.499	0.417	0.417	1.206	2.476	2.504	3.400	3.489	3.167	2.198	2.198	1.951	0.652	0.099	0.098	0.190	0.514	0.421	0.421	0.421	0.421	0.421	0.421	
0.572	0.572	0.572	0.572	0.572	0.566	0.866	1.281	2.819	4.173	4.157	3.574	3.518	3.796	2.437	2.522	3.519	4.061	3.603	2.311	2.658	1.513	0.421	0.421	0.421	0.421	0.421	0.421	
1.139	0.740	0.572	0.572	0.572	0.904	3.826	3.993	4.066	4.173	4.232	4.560	4.626	4.754	4.772	4.837	4.489	4.061	3.844	2.862	2.835	1.643	0.421	0.421	0.421	0.421	0.421	0.421	
1.507	1.505	1.276	2.493	3.324	3.752	3.955	3.993	4.186	4.508	5.035	5.168	4.857	4.754	4.803	4.837	4.792	4.296	3.195	2.835	2.876	3.465	0.880	0.421	0.421	0.421	0.421	0.421	
1.507	1.507	1.507	2.296	3.759	3.760	4.346	4.468	4.848	4.885	5.137	5.194	5.490	5.519	5.484	5.377	4.825	4.672	4.234	3.666	3.696	4.052	3.519	0.734	0.421	0.421	0.421	0.421	
1.507	1.507	1.507	1.508	3.081	4.207	4.779	4.785	4.875	4.888	5.676	5.803	5.631	5.597	5.559	5.552	4.939	4.672	5.111	5.374	4.805	4.052	3.750	2.247	1.919	1.896	1.873	1.837	
1.507	1.507	1.507	1.507	2.403	4.684	4.734	4.860	5.247	5.274	5.851	5.826	5.537	5.282	5.411	5.605	5.438	5.400	5.510	5.364	5.155	4.693	2.219	2.066	2.066	2.063	1.968	1.846	
2.046	2.046	2.046	2.046	3.746	4.657	4.642	4.897	5.303	5.359	6.244	6.257	5.418	5.131	5.315	5.629	5.640	5.683	5.683	5.323	5.071	5.073	2.658	2.066	2.001	1.867	1.825	1.825	
2.090	2.090	2.090	2.107	4.944	5.145	4.834	5.938	5.970	6.495	6.519	6.093	5.296	5.167	5.278	5.437	6.359	6.538	6.056	5.980	5.402	5.267	5.193	2.614	1.825	1.825	1.825	1.825	
2.090	2.090	2.090	2.833	5.319	5.319	5.775	6.201	6.268	6.830	6.830	5.694	5.228	5.234	5.315	5.315	6.436	6.849	6.335	6.026	5.837	5.338	5.338	3.013	1.825	1.825	1.825	1.825	
0.000	0.000	0.000	0.000	0.000	0.000	0.000	0.000	0.000	0.000	0.000	0.000	2.604	3.531	3.847	2.728	0.000	0.000	0.000	0.000	0.000	0.000	0.000	0.000	0.000	0.000	0.000	0.000	
0.000	0.000	0.000	0.000	0.000	0.000	0.000	0.000	0.000	0.000	0.000	0.000	0.561	2.245	2.245	0.561	0.000	0.000	0.000	0.000	0.000	0.000	0.000	0.000	0.000	0.000	0.000	0.000	
0.000	0.000	0.000	0.000	0.000	0.000	0.000	0.000	0.000	0.000	0.000	0.000	0.561	2.245	2.245	0.561	0.000	0.000	0.000	0.000	0.000	0.000	0.000	0.000	0.000	0.000	0.000	0.000	
0.000	0.000	0.000	0.000	0.000	0.000	0.000	0.000	0.000	0.000	0.000	0.000	0.561	2.245	2.245	0.561	0.000	0.000	0.000	0.000	0.000	0.000	0.000	0.000	0.000	0.000	0.000	0.000	
0.000	0.000	0.000	0.000	0.000	0.000	0.000	0.000	0.000	0.000	0.000	0.000	0.561	2.245	2.245	0.561	0.000	0.000	0.000	0.000	0.000	0.000	0.000	0.000	0.000	0.000	0.000	0.000	
