0.056	0.056	0.056	0.056	0.056	0.056	0.056	0.053	0.033	0.033	0.033	0.033	0.033	0.033	0.033	0.033	0.033	0.033	0.033	0.033	0.033	0.033	0.033	0.033	0.033	0.033	0.033	0.033	
0.056	0.056	0.056	0.056	0.056	0.056	0.056	0.056	0.033	0.033	0.033	0.033	0.033	0.033	0.033	0.033	0.033	0.033	0.033	0.033	0.033	0.033	0.033	0.033	0.033	0.033	0.033	0.033	
0.056	0.056	0.056	0.056	0.056	0.056	0.056	0.056	0.036	0.033	0.033	0.033	0.033	0.033	0.033	0.033	0.033	0.033	0.033	0.033	0.033	0.033	0.033	0.033	0.033	0.033	0.033	0.033	
0.056	0.056	0.056	0.056	0.056	0.056	0.056	0.056	0.039	0.033	0.033	0.033	0.033	0.033	0.033	0.033	0.033	0.033	0.033	0.033	0.033	0.033	0.033	0.033	0.033	0.033	0.033	0.033	
0.056	0.056	0.056	0.056	0.056	0.056	0.056	0.056	0.042	0.033	0.033	0.033	0.033	0.033	0.033	0.033	0.033	0.033	0.033	0.033	0.033	0.033	0.033	0.033	0.033	0.033	0.033	0.033	
0.056	0.056	0.056	0.056	0.056	0.056	0.056	0.056	0.045	0.033	0.033	0.033	0.033	0.033	0.033	0.033	0.033	0.033	0.033	0.033	0.033	0.033	0.033	0.033	0.033	0.033	0.033	0.033	
0.056	0.056	0.056	0.056	0.056	0.056	0.056	0.056	0.048	0.033	0.033	0.033	0.033	0.033	0.033	0.033	0.033	0.033	0.033	0.033	0.033	0.033	0.033	0.033	0.033	0.033	0.033	0.033	
0.056	0.056	0.056	0.056	0.056	0.056	0.056	0.056	0.051	0.033	0.033	0.033	0.033	0.033	0.033	0.033	0.033	0.033	0.033	0.033	0.033	0.033	0.033	0.033	0.033	0.033	0.033	0.033	
0.056	0.056	0.056	0.056	0.056	0.056	0.056	0.056	0.054	0.033	0.033	0.033	0.033	0.033	0.033	0.033	0.033	0.033	0.033	0.033	0.033	0.033	0.033	0.033	0.033	0.033	0.033	0.033	
0.056	0.056	0.056	0.056	0.056	0.056	0.056	0.056	0.056	0.034	0.033	0.033	0.033	0.033	0.033	0.033	0.033	0.033	0.033	0.033	0.033	0.033	0.033	0.033	0.033	0.033	0.033	0.033	
0.056	0.056	0.056	0.056	0.056	0.056	0.056	0.056	0.056	0.037	0.033	0.033	0.033	0.033	0.033	0.033	0.033	0.033	0.033	0.033	0.033	0.033	0.033	0.033	0.033	0.033	0.033	0.033	
0.056	0.056	0.056	0.056	0.056	0.056	0.056	0.056	0.056	0.040	0.033	0.033	0.033	0.033	0.033	0.033	0.033	0.033	0.033	0.033	0.033	0.033	0.033	0.033	0.033	0.033	0.033	0.033	
0.056	0.056	0.056	0.056	0.056	0.056	0.056	0.056	0.056	0.043	0.033	0.033	0.033	0.033	0.033	0.033	0.033	0.033	0.033	0.033	0.033	0.033	0.033	0.033	0.033	0.033	0.033	0.033	
0.056	0.056	0.056	0.056	0.056	0.056	0.056	0.056	0.056	0.046	0.033	0.033	0.033	0.033	0.033	0.033	0.033	0.033	0.033	0.033	0.033	0.033	0.033	0.033	0.033	0.033	0.033	0.033	
0.056	0.056	0.056	0.056	0.056	0.056	0.056	0.056	0.056	0.049	0.033	0.033	0.033	0.033	0.033	0.033	0.033	0.033	0.033	0.033	0.033	0.033	0.033	0.033	0.033	0.033	0.033	0.033	
0.056	0.056	0.056	0.056	0.056	0.056	0.056	0.056	0.056	0.052	0.033	0.033	0.033	0.033	0.033	0.033	0.033	0.033	0.033	0.033	0.033	0.033	0.033	0.033	0.033	0.033	0.033	0.033	
0.056	0.056	0.056	0.056	0.056	0.056	0.056	0.056	0.056	0.055	0.033	0.033	0.033	0.033	0.033	0.033	0.033	0.033	0.033	0.033	0.033	0.033	0.033	0.033	0.033	0.033	0.033	0.033	
0.056	0.056	0.056	0.056	0.056	0.056	0.056	0.056	0.056	0.056	0.034	0.033	0.033	0.033	0.033	0.033	0.033	0.033	0.033	0.033	0.033	0.033	0.033	0.033	0.033	0.033	0.033	0.033	
0.056	0.056	0.056	0.056	0.056	0.056	0.056	0.056	0.056	0.056	0.037	0.033	0.033	0.033	0.033	0.033	0.033	0.033	0.033	0.033	0.033	0.033	0.033	0.033	0.033	0.033	0.033	0.033	
0.056	0.056	0.056	0.056	0.056	0.056	0.056	0.056	0.056	0.056	0.040	0.033	0.033	0.033	0.033	0.033	0.033	0.033	0.033	0.033	0.033	0.033	0.033	0.033	0.033	0.033	0.033	0.033	
0.056	0.056	0.056	0.056	0.056	0.056	0.056	0.056	0.056	0.056	0.043	0.033	0.033	0.033	0.033	0.033	0.033	0.033	0.033	0.033	0.033	0.033	0.033	0.033	0.033	0.033	0.033	0.033	
0.056	0.056	0.056	0.056	0.056	0.056	0.056	0.056	0.056	0.056	0.046	0.033	0.033	0.033	0.033	0.033	0.033	0.033	0.033	0.033	0.033	0.033	0.033	0.033	0.033	0.033	0.033	0.033	
0.056	0.056	0.056	0.056	0.056	0.056	0.056	0.056	0.056	0.056	0.049	0.033	0.033	0.033	0.033	0.033	0.033	0.033	0.033	0.033	0.033	0.033	0.033	0.033	0.033	0.033	0.033	0.033	
0.056	0.056	0.056	0.056	0.056	0.056	0.056	0.056	0.056	0.056	0.052	0.033	0.033	0.033	0.033	0.033	0.033	0.033	0.033	0.033	0.033	0.033	0.033	0.033	0.033	0.033	0.033	0.033	
0.056	0.056	0.056	0.056	0.056	0.056	0.056	0.056	0.056	0.056	0.055	0.033	0.033	0.033	0.033	0.033	0.033	0.033	0.033	0.033	0.033	0.033	0.033	0.033	0.033	0.033	0.033	0.033	
0.056	0.056	0.056	0.056	0.056	0.056	0.056	0.056	0.056	0.056	0.056	0.035	0.033	0.033	0.033	0.033	0.033	0.033	0.033	0.033	0.033	0.033	0.033	0.033	0.033	0.033	0.033	0.033	
0.056	0.056	0.056	0.056	0.056	0.056	0.056	0.056	0.056	0.056	0.056	0.038	0.033	0.033	0.033	0.033	0.033	0.033	0.033	0.033	0.033	0.033	0.033	0.033	0.033	0.033	0.033	0.033	
0.056	0.056	0.056	0.056	0.056	0.056	0.056	0.056	0.056	0.056	0.056	0.041	0.033	0.033	0.033	0.033	0.033	0.033	0.033	0.033	0.033	0.033	0.033	0.033	0.033	0.033	0.033	0.033	
0.056	0.056	0.056	0.056	0.056	0.056	0.056	0.056	0.056	0.056	0.056	0.044	0.033	0.033	0.033	0.033	0.033	0.033	0.033	0.033	0.033	0.033	0.033	0.033	0.033	0.033	0.033	0.033	
0.056	0.056	0.056	0.056	0.056	0.056	0.056	0.056	0.056	0.056	0.056	0.047	0.033	0.033	0.033	0.033	0.033	0.033	0.033	0.033	0.033	0.033	0.033	0.033	0.033	0.033	0.033	0.033	
0.056	0.056	0.056	0.056	0.056	0.056	0.056	0.056	0.056	0.056	0.056	0.050	0.033	0.033	0.033	0.033	0.033	0.033	0.033	0.033	0.033	0.033	0.033	0.033	0.033	0.033	0.033	0.033	
0.056	0.056	0.056	0.056	0.056	0.056	0.056	0.056	0.056	0.056	0.056	0.053	0.033	0.033	0.033	0.033	0.033	0.033	0.033	0.033	0.033	0.033	0.033	0.033	0.033	0.033	0.033	0.033	
0.056	0.056	0.056	0.056	0.056	0.056	0.056	0.056	0.056	0.056	0.056	0.056	0.033	0.033	0.033	0.033	0.033	0.033	0.033	0.033	0.033	0.033	0.033	0.033	0.033	0.033	0.033	0.033	
0.094	0.056	0.056	0.056	0.056	0.056	0.056	0.056	0.056	0.056	0.056	0.056	0.036	0.033	0.033	0.033	0.033	0.033	0.033	0.033	0.033	0.033	0.033	0.033	0.033	0.033	0.033	0.033	
0.225	0.061	0.056	0.056	0.056	0.056	0.056	0.056	0.056	0.056	0.056	0.056	0.039	0.033	0.033	0.033	0.033	0.033	0.033	0.033	0.033	0.033	0.033	0.033	0.033	0.033	0.033	0.033	
0.261	0.165	0.056	0.056	0.056	0.056	0.056	0.056	0.056	0.056	0.056	0.056	0.042	0.033	0.033	0.033	0.033	0.033	0.033	0.033	0.033	0.033	0.033	0.033	0.033	0.033	0.033	0.033	
0.261	0.259	0.102	0.056	0.056	0.056	0.056	0.056	0.056	0.056	0.056	0.056	0.045	0.033	0.033	0.033	0.033	0.033	0.033	0.033	0.033	0.033	0.033	0.033	0.033	0.033	0.033	0.033	
0.261	0.261	0.232	0.064	0.056	0.056	0.056	0.056	0.056	0.056	0.056	0.056	0.048	0.033	0.033	0.033	0.033	0.033	0.033	0.033	0.033	0.033	0.033	0.033	0.033	0.033	0.033	0.033	
0.261	0.261	0.261	0.175	0.056	0.056	0.056	0.056	0.056	0.056	0.056	0.056	0.051	0.033	0.033	0.033	0.033	0.033	0.033	0.033	0.033	0.033	0.033	0.033	0.033	0.033	0.033	0.074	
0.261	0.261	0.261	0.260	0.111	0.056	0.056	0.056	0.056	0.056	0.056	0.056	0.054	0.033	0.033	0.033	0.033	0.033	0.033	0.033	0.033	0.033	0.033	0.033	0.033	0.033	0.092	0.316	
0.261	0.261	0.261	0.261	0.238	0.068	0.056	0.056	0.056	0.056	0.056	0.056	0.056	0.123	0.033	0.033	0.033	0.033	0.033	0.033	0.033	0.033	0.033	0.033	0.033	0.114	0.329	0.346	
0.261	0.261	0.261	0.261	0.261	0.185	0.056	0.056	0.056	0.056	0.056	0.056	0.123	0.630	0.033	0.033	0.033	0.033	0.033	0.033	0.033	0.033	0.033	0.033	0.140	0.338	0.346	0.346	
0.261	0.261	0.261	0.261	0.261	0.261	0.120	0.056	0.056	0.056	0.056	0.056	0.240	1.158	0.033	0.033	0.033	0.033	0.033	0.033	0.033	0.033	0.033	0.169	0.344	0.346	0.346	0.346	
0.261	0.261	0.261	0.261	0.261	0.261	0.243	0.073	0.056	0.056	0.056	0.056	0.356	1.675	0.043	0.033	0.033	0.033	0.033	0.033	0.033	0.034	0.200	0.346	0.346	0.346	0.346	0.346	
0.261	0.261	0.261	0.261	0.261	0.261	0.261	0.195	0.056	0.056	0.056	0.056	0.473	1.846	0.399	0.033	0.033	0.033	0.033	0.033	0.039	0.230	0.346	0.346	0.346	0.346	0.346	0.346	
0.261	0.261	0.261	0.261	0.261	0.261	0.261	0.261	0.130	0.056	0.056	0.056	0.590	1.846	0.927	0.033	0.033	0.033	0.033	0.047	0.257	0.346	0.346	0.346	0.346	0.346	0.346	0.346	
0.261	0.261	0.261	0.261	0.261	0.261	0.261	0.261	0.248	0.078	0.056	0.056	0.707	1.846	1.454	0.033	0.033	0.033	0.058	0.280	0.346	0.346	0.346	0.346	0.346	0.346	0.346	0.346	
0.261	0.261	0.261	0.261	0.261	0.261	0.261	0.261	0.261	0.204	0.057	0.056	0.823	1.846	1.830	0.221	0.033	0.074	0.300	0.346	0.346	0.346	0.346	0.346	0.346	0.346	0.346	0.346	
0.261	0.261	0.261	0.261	0.261	0.261	0.261	0.261	0.261	0.261	0.140	0.056	0.940	1.846	2.594	3.388	1.370	0.316	0.346	0.346	0.346	0.346	0.346	0.346	0.346	0.346	0.346	0.346	
0.261	0.261	0.261	0.261	0.261	0.261	0.261	0.261	0.261	0.261	0.252	0.084	1.057	2.539	3.768	3.787	3.013	0.346	0.346	0.346	0.346	0.346	0.346	0.346	0.346	0.346	0.346	0.346	
0.000	0.000	0.000	0.000	0.000	0.000	0.000	0.000	0.000	0.000	0.000	0.000	1.011	2.862	3.580	2.012	0.000	0.000	0.000	0.000	0.000	0.000	0.000	0.000	0.000	0.000	0.000	0.000	
0.000	0.000	0.000	0.000	0.000	0.000	0.000	0.000	0.000	0.000	0.000	0.000	0.567	2.268	2.287	0.631	0.000	0.000	0.000	0.000	0.000	0.000	0.000	0.000	0.000	0.000	0.000	0.000	
0.000	0.000	0.000	0.000	0.000	0.000	0.000	0.000	0.000	0.000	0.000	0.000	0.567	2.268	2.268	0.567	0.000	0.000	0.000	0.000	0.000	0.000	0.000	0.000	0.000	0.000	0.000	0.000	
0.000	0.000	0.000	0.000	0.000	0.000	0.000	0.000	0.000	0.000	0.000	0.000	0.567	2.268	2.268	0.567	0.000	0.000	0.000	0.000	0.000	0.000	0.000	0.000	0.000	0.000	0.000	0.000	
0.000	0.000	0.000	0.000	0.000	0.000	0.000	0.000	0.000	0.000	0.000	0.000	0.567	2.268	2.268	0.567	0.000	0.000	0.000	0.000	0.000	0.000	0.000	0.000	0.000	0.000	0.000	0.000	
