0.093	0.074	0.039	0.039	0.039	0.039	0.039	0.039	0.039	0.039	0.039	0.039	0.039	0.039	0.039	0.039	0.039	0.039	0.039	0.039	0.039	0.039	0.039	0.039	0.039	0.055	0.088	0.088	
0.093	0.085	0.039	0.039	0.039	0.039	0.039	0.039	0.039	0.039	0.039	0.039	0.039	0.039	0.039	0.039	0.039	0.039	0.039	0.039	0.039	0.039	0.039	0.039	0.039	0.066	0.088	0.088	
0.093	0.093	0.043	0.039	0.039	0.039	0.039	0.039	0.039	0.039	0.039	0.039	0.039	0.039	0.039	0.039	0.039	0.039	0.039	0.039	0.039	0.039	0.039	0.039	0.039	0.077	0.088	0.088	
0.093	0.093	0.055	0.039	0.039	0.039	0.039	0.039	0.039	0.039	0.039	0.039	0.039	0.039	0.039	0.039	0.039	0.039	0.039	0.039	0.039	0.039	0.039	0.039	0.040	0.087	0.088	0.088	
0.093	0.093	0.066	0.039	0.039	0.039	0.039	0.039	0.039	0.039	0.039	0.039	0.039	0.039	0.039	0.039	0.039	0.039	0.039	0.039	0.039	0.039	0.039	0.039	0.049	0.088	0.088	0.088	
0.093	0.093	0.078	0.039	0.039	0.039	0.039	0.039	0.039	0.039	0.039	0.039	0.039	0.039	0.039	0.039	0.039	0.039	0.039	0.039	0.039	0.039	0.039	0.039	0.060	0.088	0.088	0.088	
0.093	0.093	0.089	0.039	0.039	0.039	0.039	0.039	0.039	0.039	0.039	0.039	0.039	0.039	0.039	0.039	0.039	0.039	0.039	0.039	0.039	0.039	0.039	0.039	0.071	0.088	0.088	0.088	
0.093	0.093	0.093	0.047	0.039	0.039	0.039	0.039	0.039	0.039	0.039	0.039	0.039	0.039	0.039	0.039	0.039	0.039	0.039	0.039	0.039	0.039	0.039	0.039	0.082	0.088	0.088	0.088	
0.093	0.093	0.093	0.059	0.039	0.039	0.039	0.039	0.039	0.039	0.039	0.039	0.039	0.039	0.039	0.039	0.039	0.039	0.039	0.039	0.039	0.039	0.039	0.044	0.088	0.088	0.088	0.088	
0.093	0.093	0.093	0.071	0.039	0.039	0.039	0.039	0.039	0.039	0.039	0.039	0.039	0.039	0.039	0.039	0.039	0.039	0.039	0.039	0.039	0.039	0.039	0.055	0.088	0.088	0.088	0.088	
0.093	0.093	0.093	0.082	0.039	0.039	0.039	0.039	0.039	0.039	0.039	0.039	0.039	0.039	0.039	0.039	0.039	0.039	0.039	0.039	0.039	0.039	0.039	0.066	0.088	0.088	0.088	0.088	
0.093	0.093	0.093	0.092	0.041	0.039	0.039	0.039	0.039	0.039	0.039	0.039	0.039	0.039	0.039	0.039	0.039	0.039	0.039	0.039	0.039	0.039	0.039	0.077	0.088	0.088	0.088	0.088	
0.093	0.093	0.093	0.093	0.052	0.039	0.039	0.039	0.039	0.039	0.039	0.039	0.039	0.039	0.039	0.039	0.039	0.039	0.039	0.039	0.039	0.039	0.040	0.087	0.088	0.088	0.088	0.088	
0.093	0.093	0.093	0.093	0.063	0.039	0.039	0.039	0.039	0.039	0.039	0.039	0.039	0.039	0.039	0.039	0.039	0.039	0.039	0.039	0.039	0.039	0.050	0.088	0.088	0.088	0.088	0.088	
0.093	0.093	0.093	0.093	0.075	0.039	0.039	0.039	0.039	0.039	0.039	0.039	0.039	0.039	0.039	0.039	0.039	0.039	0.039	0.039	0.039	0.039	0.061	0.088	0.088	0.088	0.088	0.088	
0.093	0.093	0.093	0.093	0.086	0.039	0.039	0.039	0.039	0.039	0.039	0.039	0.039	0.039	0.039	0.039	0.039	0.039	0.039	0.039	0.039	0.039	0.072	0.088	0.088	0.088	0.088	0.088	
0.093	0.093	0.093	0.093	0.093	0.044	0.039	0.039	0.039	0.039	0.039	0.039	0.039	0.039	0.039	0.039	0.039	0.039	0.039	0.039	0.039	0.039	0.083	0.088	0.088	0.088	0.088	0.088	
0.093	0.093	0.093	0.093	0.093	0.056	0.039	0.039	0.039	0.039	0.039	0.039	0.039	0.039	0.039	0.039	0.039	0.039	0.039	0.039	0.039	0.045	0.088	0.088	0.088	0.088	0.088	0.088	
0.093	0.093	0.093	0.093	0.093	0.067	0.039	0.039	0.039	0.039	0.039	0.039	0.039	0.039	0.039	0.039	0.039	0.039	0.039	0.039	0.039	0.056	0.088	0.088	0.088	0.088	0.088	0.088	
0.093	0.093	0.093	0.093	0.093	0.079	0.039	0.039	0.039	0.039	0.039	0.039	0.039	0.039	0.039	0.039	0.039	0.039	0.039	0.039	0.039	0.067	0.088	0.088	0.088	0.088	0.088	0.088	
0.093	0.093	0.093	0.093	0.093	0.090	0.040	0.039	0.039	0.039	0.039	0.039	0.039	0.039	0.039	0.039	0.039	0.039	0.039	0.039	0.039	0.078	0.088	0.088	0.088	0.088	0.088	0.088	
0.093	0.093	0.093	0.093	0.093	0.093	0.048	0.039	0.039	0.039	0.039	0.039	0.039	0.039	0.039	0.039	0.039	0.039	0.039	0.039	0.041	0.087	0.088	0.088	0.088	0.088	0.088	0.088	
0.093	0.093	0.093	0.093	0.093	0.093	0.060	0.039	0.039	0.039	0.039	0.039	0.039	0.039	0.039	0.039	0.039	0.039	0.039	0.039	0.050	0.088	0.088	0.088	0.088	0.088	0.088	0.088	
0.093	0.093	0.093	0.093	0.093	0.093	0.072	0.039	0.039	0.039	0.039	0.039	0.039	0.039	0.039	0.039	0.039	0.039	0.039	0.039	0.061	0.088	0.088	0.088	0.088	0.088	0.088	0.088	
0.093	0.093	0.093	0.093	0.093	0.093	0.083	0.039	0.039	0.039	0.039	0.039	0.039	0.039	0.039	0.039	0.039	0.039	0.039	0.039	0.072	0.088	0.088	0.088	0.088	0.088	0.088	0.088	
0.093	0.093	0.093	0.093	0.093	0.093	0.092	0.042	0.039	0.039	0.039	0.039	0.039	0.039	0.039	0.039	0.039	0.039	0.039	0.039	0.083	0.088	0.088	0.088	0.088	0.088	0.088	0.088	
0.093	0.093	0.093	0.093	0.093	0.093	0.093	0.053	0.039	0.039	0.039	0.039	0.039	0.039	0.039	0.039	0.039	0.039	0.039	0.045	0.088	0.088	0.088	0.088	0.088	0.088	0.088	0.088	
0.093	0.093	0.093	0.093	0.093	0.093	0.093	0.064	0.039	0.039	0.039	0.039	0.039	0.039	0.039	0.039	0.039	0.039	0.039	0.056	0.088	0.088	0.088	0.088	0.088	0.088	0.088	0.088	
0.093	0.093	0.093	0.093	0.093	0.093	0.093	0.076	0.039	0.039	0.039	0.039	0.039	0.039	0.039	0.039	0.039	0.039	0.039	0.067	0.088	0.088	0.088	0.088	0.088	0.088	0.088	0.088	
0.093	0.093	0.093	0.093	0.093	0.093	0.093	0.088	0.039	0.039	0.039	0.039	0.039	0.039	0.039	0.039	0.039	0.039	0.039	0.078	0.088	0.088	0.088	0.088	0.088	0.088	0.088	0.088	
0.093	0.093	0.093	0.093	0.093	0.093	0.093	0.093	0.045	0.039	0.039	0.039	0.039	0.039	0.039	0.039	0.039	0.039	0.041	0.087	0.088	0.088	0.088	0.088	0.088	0.088	0.088	0.088	
0.093	0.093	0.093	0.093	0.093	0.093	0.093	0.093	0.057	0.039	0.039	0.039	0.039	0.039	0.039	0.039	0.039	0.039	0.051	0.088	0.088	0.088	0.088	0.088	0.088	0.088	0.088	0.088	
0.093	0.093	0.093	0.093	0.093	0.093	0.093	0.093	0.069	0.039	0.039	0.039	0.039	0.039	0.039	0.039	0.039	0.039	0.062	0.088	0.088	0.088	0.088	0.088	0.088	0.088	0.088	0.088	
0.093	0.093	0.093	0.093	0.093	0.093	0.093	0.093	0.080	0.039	0.039	0.039	0.039	0.039	0.039	0.039	0.039	0.039	0.073	0.088	0.088	0.088	0.088	0.088	0.088	0.088	0.088	0.089	
0.093	0.093	0.093	0.093	0.093	0.093	0.093	0.093	0.091	0.040	0.039	0.039	0.039	0.039	0.039	0.039	0.039	0.039	0.084	0.088	0.088	0.088	0.088	0.088	0.088	0.088	0.088	0.224	
0.093	0.093	0.093	0.093	0.093	0.093	0.093	0.093	0.093	0.049	0.039	0.039	0.039	0.039	0.039	0.039	0.039	0.046	0.088	0.088	0.088	0.088	0.088	0.088	0.088	0.088	0.138	0.423	
0.093	0.093	0.093	0.093	0.093	0.093	0.093	0.093	0.093	0.061	0.039	0.039	0.039	0.039	0.039	0.039	0.039	0.057	0.088	0.088	0.088	0.088	0.088	0.088	0.088	0.094	0.364	0.440	
0.093	0.093	0.093	0.093	0.093	0.093	0.093	0.093	0.093	0.073	0.039	0.039	0.039	0.039	0.039	0.039	0.039	0.068	0.088	0.088	0.088	0.088	0.088	0.088	0.088	0.267	0.440	0.440	
0.093	0.093	0.093	0.093	0.093	0.093	0.093	0.093	0.093	0.084	0.039	0.039	0.039	0.039	0.039	0.039	0.039	0.079	0.088	0.088	0.088	0.088	0.088	0.088	0.168	0.435	0.440	0.440	
0.183	0.093	0.093	0.093	0.093	0.093	0.093	0.093	0.093	0.093	0.042	0.039	0.039	0.039	0.039	0.039	0.041	0.088	0.088	0.088	0.088	0.088	0.088	0.107	0.394	0.440	0.440	0.440	
0.751	0.267	0.093	0.093	0.093	0.093	0.093	0.093	0.093	0.093	0.054	0.039	0.039	0.039	0.039	0.039	0.051	0.088	0.088	0.088	0.088	0.088	0.088	0.309	0.440	0.440	0.440	0.440	
0.810	0.794	0.378	0.093	0.093	0.093	0.093	0.093	0.093	0.093	0.669	0.039	0.039	0.039	0.039	0.039	0.062	0.088	0.088	0.088	0.088	0.088	0.206	0.440	0.440	0.440	0.440	0.440	
0.810	0.810	0.810	0.506	0.105	0.093	0.093	0.093	0.093	0.093	2.191	0.676	0.039	0.039	0.039	0.138	0.863	0.088	0.088	0.088	0.088	0.127	0.416	0.440	0.440	0.440	0.440	0.440	
0.810	0.810	0.810	0.810	0.622	0.144	0.093	0.093	0.093	0.099	2.672	2.363	0.102	0.039	0.039	2.068	2.245	0.088	0.088	0.088	0.091	0.349	0.440	0.440	0.440	0.440	0.440	0.440	
0.870	0.810	0.810	0.810	0.810	0.710	0.211	0.093	0.093	0.398	2.838	2.838	1.694	0.744	1.497	3.348	3.064	0.101	0.088	0.088	0.248	0.440	0.440	0.440	0.440	0.440	0.440	0.484	
1.048	0.967	0.837	0.810	0.810	0.810	0.770	0.305	0.194	1.690	2.846	2.838	4.106	4.741	4.042	3.348	3.348	0.715	0.744	1.104	0.431	0.440	0.440	0.440	0.440	0.478	0.743	1.002	
1.048	1.048	1.038	0.924	0.817	0.810	0.810	0.804	4.064	4.473	4.053	4.197	4.783	4.741	4.707	4.111	4.570	4.621	4.461	3.989	0.440	0.440	0.440	0.472	0.731	0.997	1.034	1.034	
1.048	1.048	1.048	1.048	1.015	0.881	0.810	1.393	4.518	4.473	4.774	5.042	5.018	5.279	5.499	5.119	4.982	4.785	4.461	4.497	1.157	0.467	0.719	0.990	1.034	1.034	1.034	1.034	
1.048	1.048	1.048	1.048	1.048	1.048	1.879	4.961	5.069	5.442	5.931	5.221	4.489	5.114	5.473	4.850	5.266	5.701	5.219	5.050	4.988	1.447	1.034	1.034	1.034	1.034	1.034	1.034	
1.048	1.048	1.048	1.048	1.048	1.048	2.406	5.136	5.136	5.897	6.050	5.140	3.437	3.431	2.539	2.313	5.351	5.772	5.556	5.094	5.094	1.673	1.034	1.034	1.034	1.034	1.034	1.034	
0.000	0.000	0.000	0.000	0.000	0.000	0.000	0.000	0.000	0.000	0.000	0.000	1.826	3.223	2.308	1.226	0.000	0.000	0.000	0.000	0.000	0.000	0.000	0.000	0.000	0.000	0.000	0.000	
0.000	0.000	0.000	0.000	0.000	0.000	0.000	0.000	0.000	0.000	0.000	0.000	0.859	3.101	2.308	0.577	0.000	0.000	0.000	0.000	0.000	0.000	0.000	0.000	0.000	0.000	0.000	0.000	
0.000	0.000	0.000	0.000	0.000	0.000	0.000	0.000	0.000	0.000	0.000	0.000	0.859	2.979	2.308	0.577	0.000	0.000	0.000	0.000	0.000	0.000	0.000	0.000	0.000	0.000	0.000	0.000	
0.000	0.000	0.000	0.000	0.000	0.000	0.000	0.000	0.000	0.000	0.000	0.000	0.859	2.857	2.308	0.577	0.000	0.000	0.000	0.000	0.000	0.000	0.000	0.000	0.000	0.000	0.000	0.000	
0.000	0.000	0.000	0.000	0.000	0.000	0.000	0.000	0.000	0.000	0.000	0.000	0.859	2.735	2.308	0.577	0.000	0.000	0.000	0.000	0.000	0.000	0.000	0.000	0.000	0.000	0.000	0.000	
