0.042	0.042	0.042	0.042	0.042	0.042	0.042	0.042	0.042	0.042	0.042	0.042	0.042	0.042	0.042	0.042	0.042	0.042	0.042	0.053	0.067	0.067	0.067	0.067	0.067	0.067	0.067	0.067	
0.042	0.042	0.042	0.042	0.042	0.042	0.042	0.042	0.042	0.042	0.042	0.042	0.042	0.042	0.042	0.042	0.042	0.042	0.042	0.055	0.067	0.067	0.067	0.067	0.067	0.067	0.067	0.067	
0.042	0.042	0.042	0.042	0.042	0.042	0.042	0.042	0.042	0.042	0.042	0.042	0.042	0.042	0.042	0.042	0.042	0.042	0.042	0.058	0.067	0.067	0.067	0.067	0.067	0.067	0.067	0.067	
0.042	0.042	0.042	0.042	0.042	0.042	0.042	0.042	0.042	0.042	0.042	0.042	0.042	0.042	0.042	0.042	0.042	0.042	0.042	0.061	0.067	0.067	0.067	0.067	0.067	0.067	0.067	0.067	
0.042	0.042	0.042	0.042	0.042	0.042	0.042	0.042	0.042	0.042	0.042	0.042	0.042	0.042	0.042	0.042	0.042	0.042	0.042	0.063	0.067	0.067	0.067	0.067	0.067	0.067	0.067	0.067	
0.042	0.042	0.042	0.042	0.042	0.042	0.042	0.042	0.042	0.042	0.042	0.042	0.042	0.042	0.042	0.042	0.042	0.042	0.042	0.066	0.067	0.067	0.067	0.067	0.067	0.067	0.067	0.067	
0.042	0.042	0.042	0.042	0.042	0.042	0.042	0.042	0.042	0.042	0.042	0.042	0.042	0.042	0.042	0.042	0.042	0.042	0.044	0.067	0.067	0.067	0.067	0.067	0.067	0.067	0.067	0.067	
0.042	0.042	0.042	0.042	0.042	0.042	0.042	0.042	0.042	0.042	0.042	0.042	0.042	0.042	0.042	0.042	0.042	0.042	0.046	0.067	0.067	0.067	0.067	0.067	0.067	0.067	0.067	0.067	
0.042	0.042	0.042	0.042	0.042	0.042	0.042	0.042	0.042	0.042	0.042	0.042	0.042	0.042	0.042	0.042	0.042	0.042	0.049	0.067	0.067	0.067	0.067	0.067	0.067	0.067	0.067	0.067	
0.042	0.042	0.042	0.042	0.042	0.042	0.042	0.042	0.042	0.042	0.042	0.042	0.042	0.042	0.042	0.042	0.042	0.042	0.052	0.067	0.067	0.067	0.067	0.067	0.067	0.067	0.067	0.067	
0.043	0.042	0.042	0.042	0.042	0.042	0.042	0.042	0.042	0.042	0.042	0.042	0.042	0.042	0.042	0.042	0.042	0.042	0.055	0.067	0.067	0.067	0.067	0.067	0.067	0.067	0.067	0.067	
0.063	0.042	0.042	0.042	0.042	0.042	0.042	0.042	0.042	0.042	0.042	0.042	0.042	0.042	0.042	0.042	0.042	0.042	0.057	0.067	0.067	0.067	0.067	0.067	0.067	0.067	0.067	0.067	
0.090	0.042	0.042	0.042	0.042	0.042	0.042	0.042	0.042	0.042	0.042	0.042	0.042	0.042	0.042	0.042	0.042	0.042	0.060	0.067	0.067	0.067	0.067	0.067	0.067	0.067	0.067	0.067	
0.117	0.042	0.042	0.042	0.042	0.042	0.042	0.042	0.042	0.042	0.042	0.042	0.042	0.042	0.042	0.042	0.042	0.042	0.063	0.067	0.067	0.067	0.067	0.067	0.067	0.067	0.067	0.067	
0.128	0.059	0.042	0.042	0.042	0.042	0.042	0.042	0.042	0.042	0.042	0.042	0.042	0.042	0.042	0.042	0.042	0.042	0.065	0.067	0.067	0.067	0.067	0.067	0.067	0.067	0.067	0.067	
0.128	0.086	0.042	0.042	0.042	0.042	0.042	0.042	0.042	0.042	0.042	0.042	0.042	0.042	0.042	0.042	0.042	0.043	0.067	0.067	0.067	0.067	0.067	0.067	0.067	0.067	0.067	0.067	
0.128	0.113	0.042	0.042	0.042	0.042	0.042	0.042	0.042	0.042	0.042	0.042	0.042	0.042	0.042	0.042	0.042	0.046	0.067	0.067	0.067	0.067	0.067	0.067	0.067	0.067	0.067	0.067	
0.128	0.128	0.055	0.042	0.042	0.042	0.042	0.042	0.042	0.042	0.042	0.042	0.042	0.042	0.042	0.042	0.042	0.048	0.067	0.067	0.067	0.067	0.067	0.067	0.067	0.067	0.067	0.067	
0.128	0.128	0.082	0.042	0.042	0.042	0.042	0.042	0.042	0.042	0.042	0.042	0.042	0.042	0.042	0.042	0.042	0.051	0.067	0.067	0.067	0.067	0.067	0.067	0.067	0.067	0.067	0.067	
0.128	0.128	0.109	0.042	0.042	0.042	0.042	0.042	0.042	0.042	0.042	0.042	0.042	0.042	0.042	0.042	0.042	0.054	0.067	0.067	0.067	0.067	0.067	0.067	0.067	0.067	0.067	0.067	
0.128	0.128	0.127	0.051	0.042	0.042	0.042	0.042	0.042	0.042	0.042	0.042	0.042	0.042	0.042	0.042	0.042	0.056	0.067	0.067	0.067	0.067	0.067	0.067	0.067	0.067	0.067	0.067	
0.128	0.128	0.128	0.078	0.042	0.042	0.042	0.042	0.042	0.042	0.042	0.042	0.042	0.042	0.042	0.042	0.042	0.059	0.067	0.067	0.067	0.067	0.067	0.067	0.067	0.067	0.067	0.081	
0.128	0.128	0.128	0.105	0.042	0.042	0.042	0.042	0.042	0.042	0.042	0.042	0.042	0.042	0.042	0.042	0.042	0.062	0.067	0.067	0.067	0.067	0.067	0.067	0.067	0.067	0.067	0.136	
0.128	0.128	0.128	0.126	0.048	0.042	0.042	0.042	0.042	0.042	0.042	0.042	0.042	0.042	0.042	0.042	0.042	0.064	0.067	0.067	0.067	0.067	0.067	0.067	0.067	0.067	0.070	0.192	
0.128	0.128	0.128	0.128	0.074	0.042	0.042	0.042	0.042	0.042	0.042	0.042	0.042	0.042	0.042	0.042	0.042	0.067	0.067	0.067	0.067	0.067	0.067	0.067	0.067	0.067	0.115	0.205	
0.128	0.128	0.128	0.128	0.101	0.042	0.042	0.042	0.042	0.042	0.042	0.042	0.042	0.042	0.042	0.042	0.045	0.067	0.067	0.067	0.067	0.067	0.067	0.067	0.067	0.067	0.173	0.205	
0.128	0.128	0.128	0.128	0.125	0.046	0.042	0.042	0.042	0.042	0.042	0.042	0.042	0.042	0.042	0.042	0.047	0.067	0.067	0.067	0.067	0.067	0.067	0.067	0.067	0.094	0.205	0.205	
0.128	0.128	0.128	0.128	0.128	0.070	0.042	0.042	0.042	0.042	0.042	0.042	0.042	0.042	0.042	0.042	0.050	0.067	0.067	0.067	0.067	0.067	0.067	0.067	0.067	0.152	0.205	0.205	
0.128	0.128	0.128	0.128	0.128	0.097	0.042	0.042	0.042	0.042	0.042	0.042	0.042	0.042	0.042	0.042	0.053	0.067	0.067	0.067	0.067	0.067	0.067	0.067	0.078	0.200	0.205	0.205	
0.128	0.128	0.128	0.128	0.128	0.122	0.044	0.042	0.042	0.042	0.042	0.042	0.042	0.042	0.042	0.042	0.055	0.067	0.067	0.067	0.067	0.067	0.067	0.067	0.131	0.205	0.205	0.205	
0.128	0.128	0.128	0.128	0.128	0.128	0.066	0.042	0.042	0.042	0.042	0.042	0.042	0.042	0.042	0.042	0.058	0.067	0.067	0.067	0.067	0.067	0.067	0.069	0.188	0.205	0.205	0.205	
0.128	0.128	0.128	0.128	0.128	0.128	0.093	0.042	0.042	0.042	0.042	0.042	0.042	0.042	0.042	0.042	0.061	0.067	0.067	0.067	0.067	0.067	0.067	0.110	0.205	0.205	0.205	0.205	
0.128	0.128	0.128	0.128	0.128	0.128	0.120	0.043	0.042	0.042	0.042	0.042	0.042	0.042	0.042	0.042	0.063	0.067	0.067	0.067	0.067	0.067	0.067	0.168	0.205	0.205	0.205	0.205	
0.128	0.128	0.128	0.128	0.128	0.128	0.128	0.062	0.042	0.042	0.042	0.042	0.042	0.042	0.042	0.042	0.066	0.067	0.067	0.067	0.067	0.067	0.089	0.204	0.205	0.205	0.205	0.205	
0.128	0.128	0.128	0.128	0.128	0.128	0.128	0.089	0.042	0.042	0.042	0.042	0.042	0.042	0.042	0.044	0.067	0.067	0.067	0.067	0.067	0.067	0.147	0.205	0.205	0.205	0.205	0.205	
0.128	0.128	0.128	0.128	0.128	0.128	0.128	0.116	0.042	0.042	0.042	0.042	0.042	0.042	0.042	0.046	0.067	0.067	0.067	0.067	0.067	0.075	0.198	0.205	0.205	0.205	0.205	0.205	
0.128	0.128	0.128	0.128	0.128	0.128	0.128	0.128	0.058	0.042	0.042	0.042	0.042	0.042	0.042	0.049	0.067	0.067	0.067	0.067	0.067	0.126	0.205	0.205	0.205	0.205	0.205	0.205	
0.128	0.128	0.128	0.128	0.128	0.128	0.128	0.128	0.085	0.042	0.042	0.042	0.042	0.042	0.042	0.052	0.067	0.067	0.067	0.067	0.068	0.183	0.205	0.205	0.205	0.205	0.205	0.205	
0.128	0.128	0.128	0.128	0.128	0.128	0.128	0.128	0.112	0.042	0.042	0.042	0.042	0.042	0.042	0.055	0.067	0.067	0.067	0.067	0.105	0.205	0.205	0.205	0.205	0.205	0.205	0.205	
0.128	0.128	0.128	0.128	0.128	0.128	0.128	0.128	0.128	0.054	0.042	0.042	0.042	0.042	0.042	0.057	0.067	0.067	0.067	0.067	0.163	0.205	0.205	0.205	0.205	0.205	0.205	0.205	
0.128	0.128	0.128	0.128	0.128	0.128	0.128	0.128	0.128	0.081	0.042	0.042	0.042	0.042	0.042	0.060	0.067	0.067	0.067	0.085	0.204	0.205	0.205	0.205	0.205	0.205	0.205	0.205	
0.128	0.128	0.128	0.128	0.128	0.128	0.128	0.128	0.128	0.108	0.042	0.042	0.042	0.042	0.042	0.063	0.067	0.067	0.067	0.142	0.205	0.205	0.205	0.205	0.205	0.205	0.205	0.324	
0.151	0.128	0.128	0.128	0.128	0.128	0.128	0.128	0.128	0.127	0.050	0.042	0.042	0.042	0.042	0.065	0.067	0.067	0.072	0.195	0.205	0.205	0.205	0.205	0.205	0.209	0.390	0.547	
0.566	0.285	0.128	0.128	0.128	0.128	0.128	0.128	0.128	0.128	0.077	0.042	0.042	0.042	0.043	0.067	0.067	0.067	0.120	0.205	0.205	0.205	0.205	0.205	0.229	0.453	0.548	0.548	
0.623	0.623	0.474	0.189	0.128	0.128	0.128	0.128	0.128	0.128	0.132	0.042	0.042	0.042	0.046	0.067	0.067	0.067	0.179	0.205	0.205	0.205	0.205	0.265	0.501	0.548	0.548	0.548	
0.623	0.623	0.623	0.602	0.358	0.138	0.128	0.128	0.128	0.128	1.167	2.115	0.067	0.042	0.048	0.067	0.067	0.099	0.205	0.205	0.205	0.205	0.317	0.532	0.548	0.548	0.548	0.548	
0.623	0.623	0.623	0.623	0.623	0.538	0.245	0.128	0.128	0.128	1.962	3.879	2.595	1.143	2.118	0.241	0.067	0.158	0.205	0.205	0.208	0.383	0.547	0.548	0.548	0.548	0.548	0.548	
0.623	0.623	0.623	0.623	0.623	0.623	0.620	0.432	0.165	0.322	3.135	3.879	3.930	4.598	4.608	3.809	3.371	1.896	0.385	0.226	0.447	0.548	0.548	0.548	0.548	0.548	0.548	0.548	
0.623	0.623	0.623	0.623	0.623	0.623	0.623	0.623	0.633	4.558	4.959	4.305	4.147	4.527	4.595	3.913	3.872	5.086	5.153	1.726	0.548	0.548	0.548	0.548	0.548	0.548	0.548	0.548	
0.623	0.623	0.623	0.623	0.623	0.623	0.623	0.623	0.763	4.996	4.996	4.649	4.219	4.230	4.303	3.872	4.059	5.355	5.357	2.146	0.548	0.548	0.548	0.548	0.548	0.548	0.548	0.548	
0.000	0.000	0.000	0.000	0.000	0.000	0.000	0.000	0.000	0.000	0.000	0.000	2.241	4.157	3.480	1.870	0.000	0.000	0.000	0.000	0.000	0.000	0.000	0.000	0.000	0.000	0.000	0.000	
0.000	0.000	0.000	0.000	0.000	0.000	0.000	0.000	0.000	0.000	0.000	0.000	0.751	2.558	2.406	0.602	0.000	0.000	0.000	0.000	0.000	0.000	0.000	0.000	0.000	0.000	0.000	0.000	
0.000	0.000	0.000	0.000	0.000	0.000	0.000	0.000	0.000	0.000	0.000	0.000	0.602	2.406	2.406	0.602	0.000	0.000	0.000	0.000	0.000	0.000	0.000	0.000	0.000	0.000	0.000	0.000	
0.000	0.000	0.000	0.000	0.000	0.000	0.000	0.000	0.000	0.000	0.000	0.000	0.602	2.406	2.406	0.602	0.000	0.000	0.000	0.000	0.000	0.000	0.000	0.000	0.000	0.000	0.000	0.000	
0.000	0.000	0.000	0.000	0.000	0.000	0.000	0.000	0.000	0.000	0.000	0.000	0.602	2.406	2.406	0.602	0.000	0.000	0.000	0.000	0.000	0.000	0.000	0.000	0.000	0.000	0.000	0.000	
