0.075	0.075	0.075	0.075	0.075	0.075	0.075	0.086	0.086	0.086	0.086	0.086	0.086	0.086	0.086	0.086	0.072	0.054	0.054	0.054	0.054	0.054	0.054	0.054	0.054	0.054	0.054	0.054	
0.075	0.075	0.075	0.075	0.075	0.075	0.075	0.085	0.086	0.086	0.086	0.086	0.086	0.086	0.086	0.086	0.071	0.054	0.054	0.054	0.054	0.054	0.054	0.054	0.054	0.054	0.054	0.054	
0.075	0.075	0.075	0.075	0.075	0.075	0.075	0.084	0.086	0.086	0.086	0.086	0.086	0.086	0.086	0.086	0.070	0.054	0.054	0.054	0.054	0.054	0.054	0.054	0.054	0.054	0.054	0.054	
0.075	0.075	0.075	0.075	0.075	0.075	0.075	0.084	0.086	0.086	0.086	0.086	0.086	0.086	0.086	0.086	0.069	0.054	0.054	0.054	0.054	0.054	0.054	0.054	0.054	0.054	0.054	0.054	
0.075	0.075	0.075	0.075	0.075	0.075	0.075	0.083	0.086	0.086	0.086	0.086	0.086	0.086	0.086	0.086	0.068	0.054	0.054	0.054	0.054	0.054	0.054	0.054	0.054	0.054	0.054	0.054	
0.075	0.075	0.075	0.075	0.075	0.075	0.075	0.082	0.086	0.086	0.086	0.086	0.086	0.086	0.086	0.086	0.067	0.054	0.054	0.054	0.054	0.054	0.054	0.054	0.054	0.054	0.054	0.054	
0.075	0.075	0.075	0.075	0.075	0.075	0.075	0.081	0.086	0.086	0.086	0.086	0.086	0.086	0.086	0.086	0.066	0.054	0.054	0.054	0.054	0.054	0.054	0.054	0.054	0.054	0.054	0.054	
0.075	0.075	0.075	0.075	0.075	0.075	0.075	0.080	0.086	0.086	0.086	0.086	0.086	0.086	0.086	0.086	0.065	0.054	0.054	0.054	0.054	0.054	0.054	0.054	0.054	0.054	0.054	0.054	
0.075	0.075	0.075	0.075	0.075	0.075	0.075	0.079	0.086	0.086	0.086	0.086	0.086	0.086	0.086	0.086	0.064	0.054	0.054	0.054	0.054	0.054	0.054	0.054	0.054	0.054	0.054	0.054	
0.075	0.075	0.075	0.075	0.075	0.075	0.075	0.078	0.086	0.086	0.086	0.086	0.086	0.086	0.086	0.086	0.063	0.054	0.054	0.054	0.054	0.054	0.054	0.054	0.054	0.054	0.054	0.054	
0.075	0.075	0.075	0.075	0.075	0.075	0.075	0.077	0.086	0.086	0.086	0.086	0.086	0.086	0.086	0.086	0.062	0.054	0.054	0.054	0.054	0.054	0.054	0.054	0.054	0.054	0.054	0.054	
0.075	0.075	0.075	0.075	0.075	0.075	0.075	0.076	0.086	0.086	0.086	0.086	0.086	0.086	0.086	0.086	0.061	0.054	0.054	0.054	0.054	0.054	0.054	0.054	0.054	0.054	0.054	0.054	
0.075	0.075	0.075	0.075	0.075	0.075	0.075	0.075	0.086	0.086	0.086	0.086	0.086	0.086	0.086	0.086	0.060	0.054	0.054	0.054	0.054	0.054	0.054	0.054	0.054	0.054	0.054	0.054	
0.075	0.075	0.075	0.075	0.075	0.075	0.075	0.075	0.085	0.086	0.086	0.086	0.086	0.086	0.086	0.086	0.059	0.054	0.054	0.054	0.054	0.054	0.054	0.054	0.054	0.054	0.054	0.054	
0.075	0.075	0.075	0.075	0.075	0.075	0.075	0.075	0.084	0.086	0.086	0.086	0.086	0.086	0.086	0.086	0.058	0.054	0.054	0.054	0.054	0.054	0.054	0.054	0.054	0.054	0.054	0.054	
0.075	0.075	0.075	0.075	0.075	0.075	0.075	0.075	0.083	0.086	0.086	0.086	0.086	0.086	0.086	0.086	0.057	0.054	0.054	0.054	0.054	0.054	0.054	0.054	0.054	0.054	0.054	0.054	
0.075	0.075	0.075	0.075	0.075	0.075	0.075	0.075	0.082	0.086	0.086	0.086	0.086	0.086	0.086	0.086	0.056	0.054	0.054	0.054	0.054	0.054	0.054	0.054	0.054	0.054	0.054	0.054	
0.075	0.075	0.075	0.075	0.075	0.075	0.075	0.075	0.081	0.086	0.086	0.086	0.086	0.086	0.086	0.086	0.055	0.054	0.054	0.054	0.054	0.054	0.054	0.054	0.054	0.054	0.054	0.054	
0.075	0.075	0.075	0.075	0.075	0.075	0.075	0.075	0.080	0.086	0.086	0.086	0.086	0.086	0.086	0.086	0.054	0.054	0.054	0.054	0.054	0.054	0.054	0.054	0.054	0.054	0.054	0.054	
0.075	0.075	0.075	0.075	0.075	0.075	0.075	0.075	0.079	0.086	0.086	0.086	0.086	0.086	0.086	0.085	0.054	0.054	0.054	0.054	0.054	0.054	0.054	0.054	0.054	0.054	0.054	0.054	
0.075	0.075	0.075	0.075	0.075	0.075	0.075	0.075	0.078	0.086	0.086	0.086	0.086	0.086	0.086	0.084	0.054	0.054	0.054	0.054	0.054	0.054	0.054	0.054	0.054	0.054	0.054	0.054	
0.075	0.075	0.075	0.075	0.075	0.075	0.075	0.075	0.078	0.086	0.086	0.086	0.086	0.086	0.086	0.083	0.054	0.054	0.054	0.054	0.054	0.054	0.054	0.054	0.054	0.054	0.054	0.054	
0.075	0.075	0.075	0.075	0.075	0.075	0.075	0.075	0.077	0.086	0.086	0.086	0.086	0.086	0.086	0.082	0.054	0.054	0.054	0.054	0.054	0.054	0.054	0.054	0.054	0.054	0.054	0.054	
0.075	0.075	0.075	0.075	0.075	0.075	0.075	0.075	0.076	0.086	0.086	0.086	0.086	0.086	0.086	0.081	0.054	0.054	0.054	0.054	0.054	0.054	0.054	0.054	0.054	0.054	0.054	0.054	
0.075	0.075	0.075	0.075	0.075	0.075	0.075	0.075	0.075	0.086	0.086	0.086	0.086	0.086	0.086	0.144	0.054	0.054	0.054	0.054	0.054	0.054	0.054	0.054	0.054	0.054	0.054	0.054	
0.075	0.075	0.075	0.075	0.075	0.075	0.075	0.075	0.075	0.085	0.086	0.086	0.086	0.086	0.086	0.257	0.054	0.054	0.054	0.054	0.054	0.054	0.054	0.054	0.054	0.054	0.054	0.054	
0.075	0.075	0.075	0.075	0.075	0.075	0.075	0.075	0.075	0.084	0.086	0.086	0.086	0.086	0.086	0.370	0.054	0.054	0.054	0.054	0.054	0.054	0.054	0.054	0.054	0.054	0.054	0.054	
0.075	0.075	0.075	0.075	0.075	0.075	0.075	0.075	0.075	0.083	0.086	0.086	0.086	0.086	0.086	0.483	0.054	0.054	0.054	0.054	0.054	0.054	0.054	0.054	0.054	0.054	0.054	0.054	
0.075	0.075	0.075	0.075	0.075	0.075	0.075	0.075	0.075	0.082	0.086	0.086	0.086	0.086	0.086	0.583	0.067	0.054	0.054	0.054	0.054	0.054	0.054	0.054	0.054	0.054	0.054	0.054	
0.075	0.075	0.075	0.075	0.075	0.075	0.075	0.075	0.075	0.081	0.086	0.086	0.086	0.086	0.086	0.668	0.095	0.054	0.054	0.054	0.054	0.054	0.054	0.054	0.054	0.054	0.054	0.054	
0.177	0.075	0.075	0.075	0.075	0.075	0.075	0.075	0.075	0.080	0.086	0.086	0.086	0.086	0.102	0.737	0.123	0.054	0.054	0.054	0.054	0.054	0.054	0.054	0.054	0.054	0.054	0.061	
0.364	0.080	0.075	0.075	0.075	0.075	0.075	0.075	0.075	0.079	0.086	0.086	0.086	0.086	0.181	0.743	0.151	0.054	0.054	0.054	0.054	0.054	0.054	0.054	0.054	0.054	0.054	0.242	
0.420	0.216	0.075	0.075	0.075	0.075	0.075	0.075	0.075	0.078	0.086	0.086	0.086	0.086	0.266	0.743	0.179	0.054	0.054	0.054	0.054	0.054	0.054	0.054	0.054	0.054	0.109	0.447	
0.420	0.390	0.094	0.075	0.075	0.075	0.075	0.075	0.075	0.077	0.086	0.086	0.086	0.086	0.352	0.743	0.207	0.054	0.054	0.054	0.054	0.054	0.054	0.054	0.054	0.055	0.353	0.463	
0.420	0.420	0.256	0.075	0.075	0.075	0.075	0.075	0.075	0.076	0.086	0.086	0.086	0.086	0.437	0.743	0.235	0.054	0.054	0.054	0.054	0.054	0.054	0.054	0.054	0.205	0.463	0.463	
0.420	0.420	0.408	0.115	0.075	0.075	0.075	0.075	0.075	0.075	0.086	0.086	0.086	0.086	0.522	0.743	0.263	0.054	0.054	0.054	0.054	0.054	0.054	0.054	0.088	0.432	0.463	0.463	
0.420	0.420	0.420	0.296	0.075	0.075	0.075	0.075	0.075	0.075	0.085	0.086	0.086	0.086	0.607	0.743	0.291	0.054	0.054	0.054	0.054	0.054	0.054	0.054	0.316	0.463	0.463	0.463	
0.420	0.420	0.420	0.418	0.145	0.075	0.075	0.075	0.075	0.075	0.084	0.086	0.086	0.086	0.692	0.743	0.319	0.054	0.054	0.054	0.054	0.054	0.054	0.168	0.463	0.463	0.463	0.463	
0.420	0.420	0.420	0.420	0.335	0.075	0.075	0.075	0.075	0.075	0.083	0.086	0.086	0.121	0.743	0.743	0.347	0.054	0.054	0.054	0.054	0.054	0.071	0.411	0.463	0.463	0.463	0.463	
0.420	0.420	0.420	0.420	0.420	0.183	0.075	0.075	0.075	0.075	0.082	0.086	0.086	0.206	0.743	0.743	0.375	0.054	0.054	0.054	0.054	0.054	0.279	0.463	0.463	0.463	0.463	0.463	
0.420	0.420	0.420	0.420	0.420	0.368	0.082	0.075	0.075	0.075	0.081	0.086	0.086	0.291	0.743	0.743	0.403	0.054	0.054	0.054	0.054	0.136	0.458	0.463	0.463	0.463	0.463	0.559	
0.420	0.420	0.420	0.420	0.420	0.420	0.222	0.075	0.075	0.075	0.081	0.086	0.086	0.376	0.743	0.743	0.431	0.054	0.054	0.054	0.061	0.384	0.463	0.463	0.463	0.463	0.602	0.967	
0.476	0.420	0.420	0.420	0.420	0.420	0.393	0.096	0.075	0.075	0.080	0.086	0.086	0.461	0.743	0.743	0.936	0.054	0.054	0.054	0.242	0.463	0.463	0.463	0.463	0.652	0.986	0.999	
1.303	0.841	0.445	0.420	0.420	0.420	0.420	0.558	0.248	0.153	2.098	0.898	1.194	1.798	0.743	1.540	4.300	1.767	0.054	0.111	0.447	0.463	0.463	0.464	0.710	0.996	0.999	0.999	
1.377	1.377	1.254	0.761	0.426	0.420	0.420	2.824	4.488	4.114	4.745	4.761	4.829	4.804	3.678	4.310	4.470	4.412	3.978	3.569	0.463	0.463	0.469	0.771	0.999	0.999	0.999	0.999	
1.377	1.377	1.377	1.377	1.193	0.681	0.677	4.279	4.628	4.671	4.745	4.903	4.849	4.945	5.404	5.250	4.653	4.514	4.468	4.468	1.946	0.766	0.827	0.999	0.999	0.999	0.999	1.003	
1.645	1.466	1.377	1.377	1.377	1.377	4.238	4.883	4.896	5.464	5.562	5.977	5.688	5.126	5.390	5.348	5.284	5.401	5.273	4.757	4.668	3.980	0.999	0.999	0.999	1.017	1.269	1.589	
1.781	1.781	1.690	1.510	1.382	1.573	4.848	4.920	5.279	5.657	5.748	5.992	5.539	5.065	5.140	5.299	5.284	5.908	6.145	5.393	4.668	4.584	1.378	1.042	1.328	1.633	1.704	1.704	
1.781	1.781	1.781	1.781	1.729	4.570	5.310	5.284	5.951	5.875	5.513	5.490	5.250	5.079	5.359	5.437	6.377	6.477	6.200	6.203	5.425	5.186	4.866	1.667	1.704	1.704	1.704	1.704	
1.781	1.781	1.781	1.781	1.781	4.988	5.344	5.611	6.042	6.042	5.463	5.416	5.043	4.271	5.344	5.452	6.614	6.614	6.315	6.240	5.783	5.207	5.145	1.704	1.704	1.704	1.704	1.704	
0.000	0.000	0.000	0.000	0.000	0.000	0.000	0.000	0.000	0.000	0.000	0.000	2.073	3.669	3.956	2.729	0.000	0.000	0.000	0.000	0.000	0.000	0.000	0.000	0.000	0.000	0.000	0.000	
0.000	0.000	0.000	0.000	0.000	0.000	0.000	0.000	0.000	0.000	0.000	0.000	0.917	3.669	3.669	0.917	0.000	0.000	0.000	0.000	0.000	0.000	0.000	0.000	0.000	0.000	0.000	0.000	
0.000	0.000	0.000	0.000	0.000	0.000	0.000	0.000	0.000	0.000	0.000	0.000	0.939	3.773	3.796	0.953	0.000	0.000	0.000	0.000	0.000	0.000	0.000	0.000	0.000	0.000	0.000	0.000	
0.000	0.000	0.000	0.000	0.000	0.000	0.000	0.000	0.000	0.000	0.000	0.000	0.966	3.866	3.866	0.966	0.000	0.000	0.000	0.000	0.000	0.000	0.000	0.000	0.000	0.000	0.000	0.000	
0.000	0.000	0.000	0.000	0.000	0.000	0.000	0.000	0.000	0.000	0.000	0.000	0.966	3.866	3.866	0.966	0.000	0.000	0.000	0.000	0.000	0.000	0.000	0.000	0.000	0.000	0.000	0.000	
