0.034	0.034	0.034	0.034	0.034	0.034	0.034	0.034	0.034	0.034	0.034	0.034	0.034	0.034	0.034	0.034	0.034	0.034	0.034	0.034	0.034	0.034	0.034	0.034	0.034	0.034	0.034	0.079	
0.034	0.034	0.034	0.034	0.034	0.034	0.034	0.034	0.034	0.034	0.034	0.034	0.034	0.034	0.034	0.034	0.034	0.034	0.034	0.034	0.034	0.034	0.034	0.034	0.034	0.034	0.035	0.098	
0.034	0.034	0.034	0.034	0.034	0.034	0.034	0.034	0.034	0.034	0.034	0.034	0.034	0.034	0.034	0.034	0.034	0.034	0.034	0.034	0.034	0.034	0.034	0.034	0.034	0.034	0.052	0.102	
0.034	0.034	0.034	0.034	0.034	0.034	0.034	0.034	0.034	0.034	0.034	0.034	0.034	0.034	0.034	0.034	0.034	0.034	0.034	0.034	0.034	0.034	0.034	0.034	0.034	0.034	0.072	0.102	
0.034	0.034	0.034	0.034	0.034	0.034	0.034	0.034	0.034	0.034	0.034	0.034	0.034	0.034	0.034	0.034	0.034	0.034	0.034	0.034	0.034	0.034	0.034	0.034	0.034	0.034	0.092	0.102	
0.034	0.034	0.034	0.034	0.034	0.034	0.034	0.034	0.034	0.034	0.034	0.034	0.034	0.034	0.034	0.034	0.034	0.034	0.034	0.034	0.034	0.034	0.034	0.034	0.034	0.044	0.102	0.102	
0.034	0.034	0.034	0.034	0.034	0.034	0.034	0.034	0.034	0.034	0.034	0.034	0.034	0.034	0.034	0.034	0.034	0.034	0.034	0.034	0.034	0.034	0.034	0.034	0.034	0.064	0.102	0.102	
0.034	0.034	0.034	0.034	0.034	0.034	0.034	0.034	0.034	0.034	0.034	0.034	0.034	0.034	0.034	0.034	0.034	0.034	0.034	0.034	0.034	0.034	0.034	0.034	0.034	0.085	0.102	0.102	
0.034	0.034	0.034	0.034	0.034	0.034	0.034	0.034	0.034	0.034	0.034	0.034	0.034	0.034	0.034	0.034	0.034	0.034	0.034	0.034	0.034	0.034	0.034	0.034	0.038	0.101	0.102	0.102	
0.034	0.034	0.034	0.034	0.034	0.034	0.034	0.034	0.034	0.034	0.034	0.034	0.034	0.034	0.034	0.034	0.034	0.034	0.034	0.034	0.034	0.034	0.034	0.034	0.057	0.102	0.102	0.102	
0.034	0.034	0.034	0.034	0.034	0.034	0.034	0.034	0.034	0.034	0.034	0.034	0.034	0.034	0.034	0.034	0.034	0.034	0.034	0.034	0.034	0.034	0.034	0.034	0.077	0.102	0.102	0.102	
0.034	0.034	0.034	0.034	0.034	0.034	0.034	0.034	0.034	0.034	0.034	0.034	0.034	0.034	0.034	0.034	0.034	0.034	0.034	0.034	0.034	0.034	0.034	0.034	0.097	0.102	0.102	0.102	
0.034	0.034	0.034	0.034	0.034	0.034	0.034	0.034	0.034	0.034	0.034	0.034	0.034	0.034	0.034	0.034	0.034	0.034	0.034	0.034	0.034	0.034	0.034	0.049	0.102	0.102	0.102	0.102	
0.034	0.034	0.034	0.034	0.034	0.034	0.034	0.034	0.034	0.034	0.034	0.034	0.034	0.034	0.034	0.034	0.034	0.034	0.034	0.034	0.034	0.034	0.034	0.070	0.102	0.102	0.102	0.102	
0.034	0.034	0.034	0.034	0.034	0.034	0.034	0.034	0.034	0.034	0.034	0.034	0.034	0.034	0.034	0.034	0.034	0.034	0.034	0.034	0.034	0.034	0.034	0.090	0.102	0.102	0.102	0.102	
0.034	0.034	0.034	0.034	0.034	0.034	0.034	0.034	0.034	0.034	0.034	0.034	0.034	0.034	0.034	0.034	0.034	0.034	0.034	0.034	0.034	0.034	0.042	0.102	0.102	0.102	0.102	0.102	
0.034	0.034	0.034	0.034	0.034	0.034	0.034	0.034	0.034	0.034	0.034	0.034	0.034	0.034	0.034	0.034	0.034	0.034	0.034	0.034	0.034	0.034	0.062	0.102	0.102	0.102	0.102	0.102	
0.034	0.034	0.034	0.034	0.034	0.034	0.034	0.034	0.034	0.034	0.034	0.034	0.034	0.034	0.034	0.034	0.034	0.034	0.034	0.034	0.034	0.034	0.082	0.102	0.102	0.102	0.102	0.102	
0.037	0.034	0.034	0.034	0.034	0.034	0.034	0.034	0.034	0.034	0.034	0.034	0.034	0.034	0.034	0.034	0.034	0.034	0.034	0.034	0.034	0.036	0.100	0.102	0.102	0.102	0.102	0.102	
0.128	0.034	0.034	0.034	0.034	0.034	0.034	0.034	0.034	0.034	0.034	0.034	0.034	0.034	0.034	0.034	0.034	0.034	0.034	0.034	0.034	0.055	0.102	0.102	0.102	0.102	0.102	0.102	
0.260	0.034	0.034	0.034	0.034	0.034	0.034	0.034	0.034	0.034	0.034	0.034	0.034	0.034	0.034	0.034	0.034	0.034	0.034	0.034	0.034	0.075	0.102	0.102	0.102	0.102	0.102	0.102	
0.315	0.112	0.034	0.034	0.034	0.034	0.034	0.034	0.034	0.034	0.034	0.034	0.034	0.034	0.034	0.034	0.034	0.034	0.034	0.034	0.034	0.095	0.102	0.102	0.102	0.102	0.102	0.102	
0.315	0.244	0.034	0.034	0.034	0.034	0.034	0.034	0.034	0.034	0.034	0.034	0.034	0.034	0.034	0.034	0.034	0.034	0.034	0.034	0.047	0.102	0.102	0.102	0.102	0.102	0.102	0.102	
0.315	0.315	0.096	0.034	0.034	0.034	0.034	0.034	0.034	0.034	0.034	0.034	0.034	0.034	0.034	0.034	0.034	0.034	0.034	0.034	0.067	0.102	0.102	0.102	0.102	0.102	0.102	0.102	
0.315	0.315	0.228	0.034	0.034	0.034	0.034	0.034	0.034	0.034	0.034	0.034	0.034	0.034	0.034	0.034	0.034	0.034	0.034	0.034	0.088	0.102	0.102	0.102	0.102	0.102	0.102	0.102	
0.315	0.315	0.313	0.081	0.034	0.034	0.034	0.034	0.034	0.034	0.034	0.034	0.034	0.034	0.034	0.034	0.034	0.034	0.034	0.040	0.101	0.102	0.102	0.102	0.102	0.102	0.102	0.102	
0.315	0.315	0.315	0.233	0.034	0.034	0.034	0.034	0.034	0.034	0.034	0.034	0.034	0.034	0.034	0.034	0.034	0.034	0.034	0.060	0.102	0.102	0.102	0.102	0.102	0.102	0.102	0.102	
0.315	0.315	0.315	0.342	0.218	0.034	0.034	0.034	0.034	0.034	0.034	0.034	0.034	0.034	0.034	0.034	0.034	0.034	0.034	0.080	0.102	0.102	0.102	0.102	0.102	0.102	0.102	0.102	
0.315	0.315	0.315	0.315	0.556	0.042	0.034	0.034	0.034	0.034	0.034	0.034	0.034	0.034	0.034	0.034	0.034	0.034	0.035	0.098	0.102	0.102	0.102	0.102	0.102	0.102	0.102	0.102	
0.315	0.315	0.315	0.315	0.508	0.409	0.034	0.034	0.034	0.034	0.034	0.034	0.034	0.034	0.034	0.034	0.034	0.034	0.052	0.102	0.102	0.102	0.102	0.102	0.102	0.102	0.102	0.102	
0.342	0.315	0.315	0.315	0.326	0.848	0.096	0.034	0.034	0.034	0.034	0.034	0.034	0.034	0.034	0.034	0.034	0.034	0.072	0.102	0.102	0.102	0.102	0.102	0.102	0.102	0.102	0.102	
0.443	0.315	0.315	0.315	0.315	0.697	0.577	0.034	0.034	0.034	0.034	0.034	0.034	0.034	0.034	0.034	0.034	0.034	0.093	0.102	0.102	0.102	0.102	0.102	0.102	0.102	0.102	0.102	
0.517	0.347	0.315	0.315	0.315	0.457	0.969	0.200	0.034	0.034	0.034	0.034	0.034	0.034	0.034	0.034	0.034	0.045	0.102	0.102	0.102	0.102	0.102	0.102	0.102	0.102	0.102	0.107	
0.519	0.451	0.315	0.315	0.315	0.316	0.885	0.743	0.035	0.034	0.034	0.034	0.034	0.034	0.034	0.034	0.034	0.065	0.102	0.102	0.102	0.102	0.102	0.102	0.102	0.102	0.102	0.299	
0.519	0.518	0.353	0.315	0.315	0.315	0.647	0.983	0.353	0.034	0.034	0.034	0.034	0.034	0.034	0.034	0.034	0.085	0.102	0.102	0.102	0.102	0.102	0.102	0.102	0.102	0.189	0.495	
0.519	0.519	0.458	0.315	0.315	0.315	0.408	0.982	0.873	0.072	0.034	0.034	0.034	0.034	0.034	0.034	0.038	0.101	0.102	0.102	0.102	0.102	0.102	0.102	0.102	0.122	0.446	0.502	
0.519	0.519	0.519	0.360	0.315	0.315	0.315	0.836	0.983	0.521	0.034	0.034	0.034	0.034	0.034	0.034	0.057	0.102	0.102	0.102	0.102	0.102	0.102	0.102	0.102	0.351	0.502	0.502	
0.519	0.519	0.519	0.466	0.315	0.315	0.315	0.596	0.983	0.953	0.160	0.034	0.034	0.034	0.034	0.053	0.455	0.102	0.102	0.102	0.102	0.102	0.102	0.102	0.235	0.501	0.502	0.502	
0.519	0.519	0.519	0.519	0.367	0.315	0.315	0.369	0.971	0.983	0.689	0.034	0.034	0.034	0.034	1.284	1.363	0.102	0.102	0.102	0.102	0.102	0.102	0.202	0.474	0.502	0.502	0.502	
0.519	0.519	0.519	0.519	0.473	0.315	0.315	0.315	0.785	0.983	0.983	0.298	0.034	0.034	0.945	2.330	1.747	0.102	0.102	0.102	0.102	0.102	0.607	1.158	0.502	0.502	0.502	0.502	
0.519	0.519	0.519	0.519	0.519	0.375	0.315	0.315	0.546	0.983	0.983	1.812	2.600	2.227	2.288	2.331	2.130	0.102	0.102	0.102	0.108	0.997	2.002	0.807	0.502	0.502	0.502	0.502	
0.519	0.519	0.519	0.519	0.519	0.480	0.316	0.315	0.465	2.124	1.724	3.529	3.938	3.856	2.333	2.331	2.387	1.443	0.330	0.204	1.406	2.027	1.821	0.504	0.502	0.502	0.502	0.502	
0.519	0.519	0.519	0.519	0.519	0.519	1.208	1.548	2.732	4.411	4.411	4.148	4.011	4.610	3.970	3.598	4.027	4.183	4.103	2.465	2.027	2.027	1.315	0.502	0.502	0.502	0.502	0.502	
0.932	0.565	0.519	0.519	0.519	0.629	4.032	4.431	4.425	4.411	4.589	5.302	5.144	5.054	5.099	5.251	5.137	4.191	4.183	2.554	2.027	2.027	0.807	0.502	0.502	0.502	0.502	0.502	
1.773	1.711	1.821	3.040	3.376	3.650	4.284	4.431	4.867	5.293	5.288	5.337	5.357	5.255	5.273	5.324	5.386	5.262	4.765	4.394	3.021	3.630	1.383	0.502	0.502	0.502	0.502	0.502	
1.773	1.773	1.773	2.534	3.660	3.673	4.913	5.235	5.368	5.419	5.657	5.804	5.830	5.895	5.844	5.831	5.685	5.661	5.102	4.915	4.783	4.666	4.134	1.055	0.744	0.542	0.502	0.658	
2.074	1.773	1.773	1.773	2.484	4.072	5.268	5.289	5.499	5.587	6.060	6.131	5.970	5.913	5.861	5.860	5.782	5.736	5.426	5.067	5.113	4.699	3.979	3.168	3.168	3.061	2.035	1.811	
2.848	2.513	1.913	1.773	2.553	5.011	5.049	5.263	5.721	5.722	6.014	6.296	6.290	6.262	6.238	6.237	6.094	5.821	5.821	5.498	5.469	5.127	3.236	3.168	2.964	2.015	1.811	1.811	
2.848	2.848	2.812	3.484	5.098	5.082	5.044	5.912	6.117	6.515	6.988	6.415	6.275	6.239	5.963	6.228	6.973	6.745	6.308	6.214	5.457	5.086	4.600	2.934	1.901	1.811	1.811	1.811	
2.848	2.848	2.848	4.156	5.124	5.122	5.564	6.273	6.273	7.190	7.257	6.295	3.761	3.412	2.857	3.737	7.432	7.432	6.560	6.560	5.668	5.046	5.046	2.782	1.811	1.811	1.811	1.811	
0.000	0.000	0.000	0.000	0.000	0.000	0.000	0.000	0.000	0.000	0.000	0.000	1.704	3.179	2.773	1.473	0.000	0.000	0.000	0.000	0.000	0.000	0.000	0.000	0.000	0.000	0.000	0.000	
0.000	0.000	0.000	0.000	0.000	0.000	0.000	0.000	0.000	0.000	0.000	0.000	0.802	3.166	2.773	0.693	0.000	0.000	0.000	0.000	0.000	0.000	0.000	0.000	0.000	0.000	0.000	0.000	
0.000	0.000	0.000	0.000	0.000	0.000	0.000	0.000	0.000	0.000	0.000	0.000	0.802	3.154	2.773	0.693	0.000	0.000	0.000	0.000	0.000	0.000	0.000	0.000	0.000	0.000	0.000	0.000	
0.000	0.000	0.000	0.000	0.000	0.000	0.000	0.000	0.000	0.000	0.000	0.000	0.802	3.141	2.773	0.693	0.000	0.000	0.000	0.000	0.000	0.000	0.000	0.000	0.000	0.000	0.000	0.000	
0.000	0.000	0.000	0.000	0.000	0.000	0.000	0.000	0.000	0.000	0.000	0.000	0.802	3.128	2.773	0.693	0.000	0.000	0.000	0.000	0.000	0.000	0.000	0.000	0.000	0.000	0.000	0.000	
