0.082	0.082	0.082	0.082	0.069	0.039	0.039	0.039	0.039	0.039	0.039	0.039	0.039	0.039	0.039	0.039	0.039	0.039	0.039	0.039	0.039	0.039	0.039	0.039	0.039	0.039	0.039	0.039	
0.082	0.082	0.082	0.082	0.076	0.039	0.039	0.039	0.039	0.039	0.039	0.039	0.039	0.039	0.039	0.039	0.039	0.039	0.039	0.039	0.039	0.039	0.039	0.039	0.039	0.039	0.039	0.039	
0.082	0.082	0.082	0.082	0.081	0.041	0.039	0.039	0.039	0.039	0.039	0.039	0.039	0.039	0.039	0.039	0.039	0.039	0.039	0.039	0.039	0.039	0.039	0.039	0.039	0.039	0.039	0.039	
0.082	0.082	0.082	0.082	0.082	0.048	0.039	0.039	0.039	0.039	0.039	0.039	0.039	0.039	0.039	0.039	0.039	0.039	0.039	0.039	0.039	0.039	0.039	0.039	0.039	0.039	0.039	0.039	
0.082	0.082	0.082	0.082	0.082	0.055	0.039	0.039	0.039	0.039	0.039	0.039	0.039	0.039	0.039	0.039	0.039	0.039	0.039	0.039	0.039	0.039	0.039	0.039	0.039	0.039	0.039	0.039	
0.082	0.082	0.082	0.082	0.082	0.062	0.039	0.039	0.039	0.039	0.039	0.039	0.039	0.039	0.039	0.039	0.039	0.039	0.039	0.039	0.039	0.039	0.039	0.039	0.039	0.039	0.039	0.039	
0.082	0.082	0.082	0.082	0.082	0.069	0.039	0.039	0.039	0.039	0.039	0.039	0.039	0.039	0.039	0.039	0.039	0.039	0.039	0.039	0.039	0.039	0.039	0.039	0.039	0.039	0.039	0.039	
0.082	0.082	0.082	0.082	0.082	0.076	0.039	0.039	0.039	0.039	0.039	0.039	0.039	0.039	0.039	0.039	0.039	0.039	0.039	0.039	0.039	0.039	0.039	0.039	0.039	0.039	0.039	0.039	
0.082	0.082	0.082	0.082	0.082	0.081	0.041	0.039	0.039	0.039	0.039	0.039	0.039	0.039	0.039	0.039	0.039	0.039	0.039	0.039	0.039	0.039	0.039	0.039	0.039	0.039	0.039	0.039	
0.082	0.082	0.082	0.082	0.082	0.082	0.052	0.039	0.039	0.039	0.039	0.039	0.039	0.039	0.039	0.039	0.039	0.039	0.039	0.039	0.039	0.039	0.039	0.039	0.039	0.039	0.039	0.039	
0.082	0.082	0.082	0.082	0.082	0.082	0.092	0.039	0.039	0.039	0.039	0.039	0.039	0.039	0.039	0.039	0.039	0.039	0.039	0.039	0.039	0.039	0.039	0.039	0.039	0.039	0.039	0.039	
0.082	0.082	0.082	0.082	0.082	0.082	0.140	0.039	0.039	0.039	0.039	0.039	0.039	0.039	0.039	0.039	0.039	0.039	0.039	0.039	0.039	0.039	0.039	0.039	0.039	0.039	0.039	0.039	
0.082	0.082	0.082	0.082	0.082	0.082	0.184	0.042	0.039	0.039	0.039	0.039	0.039	0.039	0.039	0.039	0.039	0.039	0.039	0.039	0.039	0.039	0.039	0.039	0.039	0.039	0.039	0.040	
0.082	0.082	0.082	0.082	0.082	0.082	0.171	0.102	0.039	0.039	0.039	0.039	0.039	0.039	0.039	0.039	0.039	0.039	0.039	0.039	0.039	0.039	0.039	0.039	0.039	0.039	0.039	0.077	
0.082	0.082	0.082	0.082	0.082	0.082	0.136	0.184	0.039	0.039	0.039	0.039	0.039	0.039	0.039	0.039	0.039	0.039	0.039	0.039	0.039	0.039	0.039	0.039	0.039	0.039	0.039	0.133	
0.082	0.082	0.082	0.082	0.082	0.082	0.100	0.267	0.039	0.039	0.039	0.039	0.039	0.039	0.039	0.039	0.039	0.039	0.039	0.039	0.039	0.039	0.039	0.039	0.039	0.039	0.043	0.185	
0.082	0.082	0.082	0.082	0.082	0.082	0.082	0.331	0.040	0.039	0.039	0.039	0.039	0.039	0.039	0.039	0.039	0.039	0.039	0.039	0.039	0.039	0.039	0.039	0.039	0.039	0.088	0.196	
0.082	0.082	0.082	0.082	0.082	0.082	0.082	0.323	0.096	0.039	0.039	0.039	0.039	0.039	0.039	0.039	0.039	0.039	0.039	0.039	0.039	0.039	0.039	0.039	0.039	0.039	0.144	0.196	
0.082	0.082	0.082	0.082	0.082	0.082	0.082	0.287	0.179	0.039	0.039	0.039	0.039	0.039	0.039	0.039	0.039	0.039	0.039	0.039	0.039	0.039	0.039	0.039	0.039	0.048	0.191	0.196	
0.082	0.082	0.082	0.082	0.082	0.082	0.082	0.252	0.261	0.039	0.039	0.039	0.039	0.039	0.039	0.039	0.039	0.039	0.039	0.039	0.039	0.039	0.039	0.039	0.039	0.099	0.196	0.196	
0.082	0.082	0.082	0.082	0.082	0.082	0.082	0.216	0.344	0.039	0.039	0.039	0.039	0.039	0.039	0.039	0.039	0.039	0.039	0.039	0.039	0.039	0.039	0.039	0.039	0.155	0.196	0.196	
0.082	0.082	0.082	0.082	0.082	0.082	0.082	0.180	0.376	0.090	0.039	0.039	0.039	0.039	0.039	0.039	0.039	0.039	0.039	0.039	0.039	0.039	0.039	0.039	0.056	0.195	0.196	0.196	
0.082	0.082	0.082	0.082	0.082	0.082	0.082	0.144	0.376	0.173	0.039	0.039	0.039	0.039	0.039	0.039	0.039	0.039	0.039	0.039	0.039	0.039	0.039	0.039	0.110	0.196	0.196	0.196	
0.082	0.082	0.082	0.082	0.082	0.082	0.082	0.109	0.376	0.255	0.039	0.039	0.039	0.039	0.039	0.039	0.039	0.039	0.039	0.039	0.039	0.039	0.039	0.039	0.167	0.196	0.196	0.196	
0.082	0.082	0.082	0.082	0.082	0.082	0.082	0.083	0.367	0.338	0.039	0.039	0.039	0.039	0.039	0.039	0.039	0.039	0.039	0.039	0.039	0.039	0.039	0.065	0.196	0.196	0.196	0.196	
0.082	0.082	0.082	0.082	0.082	0.082	0.082	0.082	0.332	0.376	0.084	0.039	0.039	0.039	0.039	0.039	0.039	0.039	0.039	0.039	0.039	0.039	0.039	0.122	0.196	0.196	0.196	0.196	
0.082	0.082	0.082	0.082	0.082	0.082	0.082	0.082	0.296	0.376	0.167	0.039	0.039	0.039	0.039	0.039	0.039	0.039	0.039	0.039	0.039	0.039	0.040	0.177	0.196	0.196	0.196	0.196	
0.082	0.082	0.082	0.082	0.082	0.082	0.082	0.082	0.261	0.376	0.250	0.039	0.039	0.039	0.039	0.039	0.039	0.039	0.039	0.039	0.039	0.039	0.077	0.196	0.196	0.196	0.196	0.196	
0.082	0.082	0.082	0.082	0.082	0.082	0.082	0.082	0.225	0.376	0.332	0.039	0.039	0.039	0.039	0.039	0.039	0.039	0.039	0.039	0.039	0.039	0.133	0.196	0.196	0.196	0.196	0.196	
0.082	0.082	0.082	0.082	0.082	0.082	0.082	0.082	0.189	0.376	0.376	0.078	0.039	0.039	0.039	0.039	0.039	0.039	0.039	0.039	0.039	0.043	0.185	0.196	0.196	0.196	0.196	0.196	
0.082	0.082	0.082	0.082	0.082	0.082	0.082	0.082	0.153	0.376	0.376	0.161	0.039	0.039	0.039	0.039	0.039	0.039	0.039	0.039	0.039	0.088	0.196	0.196	0.196	0.196	0.196	0.196	
0.082	0.082	0.082	0.082	0.082	0.082	0.082	0.082	0.118	0.376	0.376	0.244	0.039	0.039	0.039	0.039	0.039	0.039	0.039	0.039	0.039	0.144	0.196	0.196	0.196	0.196	0.196	0.209	
0.082	0.082	0.082	0.082	0.082	0.082	0.082	0.082	0.086	0.372	0.376	0.327	0.039	0.039	0.039	0.039	0.039	0.039	0.039	0.039	0.048	0.191	0.196	0.196	0.196	0.196	0.196	0.353	
0.082	0.082	0.082	0.082	0.082	0.082	0.082	0.082	0.082	0.341	0.376	0.376	0.072	0.039	0.039	0.039	0.039	0.039	0.039	0.039	0.099	0.196	0.196	0.196	0.196	0.196	0.230	0.497	
0.082	0.082	0.082	0.082	0.082	0.082	0.082	0.082	0.082	0.305	0.376	0.376	0.155	0.039	0.039	0.039	0.039	0.039	0.039	0.039	0.155	0.196	0.196	0.196	0.196	0.196	0.394	0.511	
0.082	0.082	0.082	0.082	0.082	0.082	0.082	0.082	0.082	0.269	0.376	0.376	0.238	0.039	0.039	0.039	0.039	0.039	0.039	0.056	0.195	0.196	0.196	0.196	0.196	0.259	0.509	0.511	
0.306	0.082	0.082	0.082	0.082	0.082	0.082	0.082	0.082	0.234	0.376	0.376	0.321	0.039	0.039	0.039	0.039	0.039	0.039	0.110	0.196	0.196	0.196	0.196	0.197	0.434	0.511	0.511	
0.794	0.244	0.082	0.082	0.082	0.082	0.082	0.082	0.082	0.198	0.376	0.376	0.375	0.067	0.039	0.039	0.039	0.039	0.039	0.167	0.196	0.196	0.196	0.196	0.297	0.511	0.511	0.511	
0.823	0.765	0.193	0.082	0.082	0.082	0.082	0.082	0.082	0.200	0.376	0.376	0.376	0.149	0.039	0.039	0.039	0.039	0.065	0.196	0.196	0.196	0.196	0.204	0.467	0.511	0.511	0.511	
0.823	0.823	0.726	0.151	0.082	0.082	0.082	0.082	0.082	1.059	0.658	0.376	0.376	0.232	0.039	0.039	0.039	0.039	0.122	0.196	0.196	0.196	0.196	0.338	0.511	0.511	0.511	0.511	
0.823	0.823	0.823	0.677	0.119	0.082	0.082	0.082	0.082	1.638	1.753	0.376	0.376	0.315	0.039	0.039	0.039	0.114	0.193	0.196	0.196	0.196	0.221	0.491	0.511	0.511	0.511	0.511	
0.824	0.823	0.823	0.823	0.619	0.097	0.082	0.082	0.082	2.165	2.716	0.559	0.376	0.374	0.063	0.039	0.327	2.835	0.699	0.196	0.196	0.196	0.378	0.511	0.511	0.511	0.511	0.511	
1.210	0.840	0.823	0.823	0.823	0.551	0.085	0.082	0.098	2.676	2.825	1.597	0.376	1.084	3.270	1.906	3.275	3.770	1.400	0.196	0.196	0.247	0.506	0.511	0.511	0.511	0.511	0.511	
1.445	1.306	0.883	0.823	0.823	0.823	0.536	0.873	1.546	2.839	2.825	3.570	3.730	4.219	4.549	4.459	3.770	3.770	2.212	0.202	0.966	0.875	0.511	0.511	0.511	0.511	0.520	0.906	
1.445	1.445	1.377	0.950	0.823	0.823	1.686	4.385	4.385	4.609	4.694	4.853	4.848	4.864	4.701	5.125	5.058	4.610	5.034	4.215	4.531	2.606	0.511	0.511	0.532	0.957	1.527	1.721	
1.445	1.445	1.445	1.423	1.042	1.277	3.068	4.385	4.385	5.077	5.161	5.053	5.007	5.883	6.046	5.631	5.616	5.157	5.090	4.722	4.531	3.946	0.722	1.007	1.566	1.721	1.721	1.721	
1.736	1.446	1.445	1.445	1.689	4.622	4.629	5.077	5.488	5.706	6.021	5.722	5.545	5.945	6.063	5.799	5.827	5.642	5.447	5.507	4.815	4.862	3.559	1.721	1.721	1.721	1.759	1.973	
2.529	2.311	1.805	1.456	2.420	4.656	4.630	5.403	5.604	6.185	6.632	6.091	5.543	5.819	6.086	6.053	5.985	5.975	5.743	5.743	5.098	4.876	4.251	1.779	1.754	1.963	2.160	2.182	
2.529	2.529	2.529	2.856	5.173	5.184	5.771	6.206	6.351	6.947	6.836	6.925	5.544	4.774	6.045	5.853	5.821	6.697	6.599	6.143	6.180	5.311	5.306	4.271	2.156	2.182	2.182	2.182	
2.529	2.529	2.529	3.159	5.240	5.240	6.091	6.262	6.761	7.029	7.014	7.004	4.817	3.599	4.481	5.713	5.744	6.941	6.941	6.382	6.337	5.655	5.317	4.713	2.182	2.182	2.182	2.182	
0.000	0.000	0.000	0.000	0.000	0.000	0.000	0.000	0.000	0.000	0.000	0.000	1.993	3.599	3.946	3.035	0.000	0.000	0.000	0.000	0.000	0.000	0.000	0.000	0.000	0.000	0.000	0.000	
0.000	0.000	0.000	0.000	0.000	0.000	0.000	0.000	0.000	0.000	0.000	0.000	0.878	3.454	3.399	1.133	0.000	0.000	0.000	0.000	0.000	0.000	0.000	0.000	0.000	0.000	0.000	0.000	
0.000	0.000	0.000	0.000	0.000	0.000	0.000	0.000	0.000	0.000	0.000	0.000	0.753	3.013	3.013	0.753	0.000	0.000	0.000	0.000	0.000	0.000	0.000	0.000	0.000	0.000	0.000	0.000	
0.000	0.000	0.000	0.000	0.000	0.000	0.000	0.000	0.000	0.000	0.000	0.000	0.753	3.013	3.013	0.753	0.000	0.000	0.000	0.000	0.000	0.000	0.000	0.000	0.000	0.000	0.000	0.000	
0.000	0.000	0.000	0.000	0.000	0.000	0.000	0.000	0.000	0.000	0.000	0.000	0.753	3.013	3.013	0.753	0.000	0.000	0.000	0.000	0.000	0.000	0.000	0.000	0.000	0.000	0.000	0.000	
