0.057	0.047	0.047	0.047	0.047	0.047	0.047	0.047	0.047	0.047	0.047	0.047	0.047	0.047	0.047	0.047	0.047	0.047	0.047	0.047	0.052	0.068	0.068	0.068	0.068	0.068	0.068	0.068	
0.075	0.047	0.047	0.047	0.047	0.047	0.047	0.047	0.047	0.047	0.047	0.047	0.047	0.047	0.047	0.047	0.047	0.047	0.047	0.047	0.054	0.068	0.068	0.068	0.068	0.068	0.068	0.068	
0.093	0.047	0.047	0.047	0.047	0.047	0.047	0.047	0.047	0.047	0.047	0.047	0.047	0.047	0.047	0.047	0.047	0.047	0.047	0.047	0.057	0.068	0.068	0.068	0.068	0.068	0.068	0.068	
0.112	0.047	0.047	0.047	0.047	0.047	0.047	0.047	0.047	0.047	0.047	0.047	0.047	0.047	0.047	0.047	0.047	0.047	0.047	0.047	0.059	0.068	0.068	0.068	0.068	0.068	0.068	0.068	
0.122	0.055	0.047	0.047	0.047	0.047	0.047	0.047	0.047	0.047	0.047	0.047	0.047	0.047	0.047	0.047	0.047	0.047	0.047	0.047	0.062	0.068	0.068	0.068	0.068	0.068	0.068	0.068	
0.122	0.073	0.047	0.047	0.047	0.047	0.047	0.047	0.047	0.047	0.047	0.047	0.047	0.047	0.047	0.047	0.047	0.047	0.047	0.047	0.064	0.068	0.068	0.068	0.068	0.068	0.068	0.068	
0.122	0.091	0.047	0.047	0.047	0.047	0.047	0.047	0.047	0.047	0.047	0.047	0.047	0.047	0.047	0.047	0.047	0.047	0.047	0.047	0.066	0.068	0.068	0.068	0.068	0.068	0.068	0.068	
0.122	0.110	0.047	0.047	0.047	0.047	0.047	0.047	0.047	0.047	0.047	0.047	0.047	0.047	0.047	0.047	0.047	0.047	0.047	0.048	0.068	0.068	0.068	0.068	0.068	0.068	0.068	0.068	
0.122	0.122	0.053	0.047	0.047	0.047	0.047	0.047	0.047	0.047	0.047	0.047	0.047	0.047	0.047	0.047	0.047	0.047	0.047	0.051	0.068	0.068	0.068	0.068	0.068	0.068	0.068	0.068	
0.122	0.122	0.071	0.047	0.047	0.047	0.047	0.047	0.047	0.047	0.047	0.047	0.047	0.047	0.047	0.047	0.047	0.047	0.047	0.053	0.068	0.068	0.068	0.068	0.068	0.068	0.068	0.068	
0.122	0.122	0.089	0.047	0.047	0.047	0.047	0.047	0.047	0.047	0.047	0.047	0.047	0.047	0.047	0.047	0.047	0.047	0.047	0.056	0.068	0.068	0.068	0.068	0.068	0.068	0.068	0.068	
0.122	0.122	0.108	0.047	0.047	0.047	0.047	0.047	0.047	0.047	0.047	0.047	0.047	0.047	0.047	0.047	0.047	0.047	0.047	0.058	0.068	0.068	0.068	0.068	0.068	0.068	0.068	0.068	
0.122	0.122	0.122	0.052	0.047	0.047	0.047	0.047	0.047	0.047	0.047	0.047	0.047	0.047	0.047	0.047	0.047	0.047	0.047	0.060	0.068	0.068	0.068	0.068	0.068	0.068	0.068	0.068	
0.122	0.122	0.122	0.069	0.047	0.047	0.047	0.047	0.047	0.047	0.047	0.047	0.047	0.047	0.047	0.047	0.047	0.047	0.047	0.064	0.068	0.068	0.068	0.068	0.068	0.068	0.068	0.068	
0.122	0.122	0.122	0.088	0.047	0.047	0.047	0.047	0.047	0.047	0.047	0.047	0.047	0.047	0.047	0.047	0.047	0.047	0.048	0.101	0.068	0.068	0.068	0.068	0.068	0.068	0.068	0.068	
0.122	0.122	0.122	0.106	0.047	0.047	0.047	0.047	0.047	0.047	0.047	0.047	0.047	0.047	0.047	0.047	0.047	0.047	0.100	0.103	0.068	0.068	0.068	0.068	0.068	0.068	0.068	0.068	
0.122	0.122	0.122	0.121	0.051	0.047	0.047	0.047	0.047	0.047	0.047	0.047	0.047	0.047	0.047	0.047	0.047	0.047	0.179	0.077	0.068	0.068	0.068	0.068	0.068	0.068	0.068	0.068	
0.122	0.122	0.122	0.122	0.067	0.047	0.047	0.047	0.047	0.047	0.047	0.047	0.047	0.047	0.047	0.047	0.047	0.047	0.242	0.068	0.068	0.068	0.068	0.068	0.068	0.068	0.068	0.068	
0.122	0.122	0.122	0.122	0.086	0.047	0.047	0.047	0.047	0.047	0.047	0.047	0.047	0.047	0.047	0.047	0.047	0.047	0.295	0.068	0.068	0.068	0.068	0.068	0.068	0.068	0.068	0.068	
0.122	0.122	0.122	0.122	0.104	0.047	0.047	0.047	0.047	0.047	0.047	0.047	0.047	0.047	0.047	0.047	0.047	0.048	0.348	0.068	0.068	0.068	0.068	0.068	0.068	0.068	0.068	0.068	
0.122	0.122	0.122	0.122	0.120	0.050	0.047	0.047	0.047	0.047	0.047	0.047	0.047	0.047	0.047	0.047	0.047	0.093	0.356	0.068	0.068	0.068	0.068	0.068	0.068	0.068	0.068	0.068	
0.122	0.122	0.122	0.122	0.122	0.065	0.047	0.047	0.047	0.047	0.047	0.047	0.047	0.047	0.047	0.047	0.047	0.172	0.330	0.068	0.068	0.068	0.068	0.068	0.068	0.068	0.068	0.068	
0.122	0.122	0.122	0.122	0.122	0.084	0.047	0.047	0.047	0.047	0.047	0.047	0.047	0.047	0.047	0.047	0.047	0.252	0.304	0.068	0.068	0.068	0.068	0.068	0.068	0.068	0.068	0.068	
0.122	0.122	0.122	0.122	0.122	0.102	0.047	0.047	0.047	0.047	0.047	0.047	0.047	0.047	0.047	0.047	0.047	0.332	0.278	0.068	0.068	0.068	0.068	0.068	0.068	0.068	0.068	0.068	
0.122	0.122	0.122	0.122	0.122	0.119	0.049	0.047	0.047	0.047	0.047	0.047	0.047	0.047	0.047	0.047	0.047	0.411	0.251	0.068	0.068	0.068	0.068	0.068	0.068	0.068	0.068	0.068	
0.122	0.122	0.122	0.122	0.122	0.122	0.063	0.047	0.047	0.047	0.047	0.047	0.047	0.047	0.047	0.047	0.086	0.453	0.225	0.068	0.068	0.068	0.068	0.068	0.068	0.068	0.068	0.068	
0.122	0.122	0.122	0.122	0.122	0.122	0.082	0.047	0.047	0.047	0.047	0.047	0.047	0.047	0.047	0.047	0.165	0.453	0.199	0.068	0.068	0.068	0.068	0.068	0.068	0.068	0.068	0.068	
0.122	0.122	0.122	0.122	0.122	0.122	0.100	0.047	0.047	0.047	0.047	0.047	0.047	0.047	0.047	0.047	0.245	0.453	0.173	0.068	0.068	0.068	0.068	0.068	0.068	0.068	0.068	0.068	
0.122	0.122	0.122	0.122	0.122	0.122	0.118	0.048	0.047	0.047	0.047	0.047	0.047	0.047	0.047	0.047	0.324	0.453	0.147	0.068	0.068	0.068	0.068	0.068	0.068	0.068	0.068	0.068	
0.122	0.122	0.122	0.122	0.122	0.122	0.122	0.062	0.047	0.047	0.047	0.047	0.047	0.047	0.047	0.047	0.404	0.453	0.120	0.068	0.068	0.068	0.068	0.068	0.068	0.068	0.068	0.068	
0.122	0.122	0.122	0.122	0.122	0.122	0.122	0.080	0.047	0.047	0.047	0.047	0.047	0.047	0.047	0.079	0.452	0.453	0.094	0.068	0.068	0.068	0.068	0.068	0.068	0.068	0.068	0.068	
0.122	0.122	0.122	0.122	0.122	0.122	0.122	0.098	0.047	0.047	0.047	0.047	0.047	0.047	0.047	0.158	0.453	0.449	0.071	0.068	0.068	0.068	0.068	0.068	0.068	0.068	0.068	0.068	
0.122	0.122	0.122	0.122	0.122	0.122	0.122	0.116	0.048	0.047	0.047	0.047	0.047	0.047	0.047	0.238	0.453	0.426	0.068	0.068	0.068	0.068	0.068	0.068	0.068	0.068	0.068	0.068	
0.122	0.122	0.122	0.122	0.122	0.122	0.122	0.122	0.060	0.047	0.047	0.047	0.047	0.047	0.047	0.317	0.453	0.400	0.068	0.068	0.068	0.068	0.068	0.068	0.068	0.068	0.068	0.068	
0.122	0.122	0.122	0.122	0.122	0.122	0.122	0.122	0.078	0.047	0.047	0.047	0.047	0.047	0.047	0.397	0.453	0.374	0.068	0.068	0.068	0.068	0.068	0.068	0.068	0.068	0.068	0.110	
0.124	0.122	0.122	0.122	0.122	0.122	0.122	0.122	0.096	0.047	0.047	0.047	0.047	0.047	0.073	0.451	0.453	0.348	0.068	0.068	0.068	0.068	0.068	0.068	0.068	0.068	0.076	0.497	
0.456	0.122	0.122	0.122	0.122	0.122	0.122	0.122	0.114	0.047	0.047	0.047	0.047	0.047	0.151	0.453	0.453	0.321	0.068	0.068	0.068	0.068	0.068	0.068	0.068	0.068	0.396	0.653	
0.751	0.412	0.122	0.122	0.122	0.122	0.122	0.122	0.122	0.058	0.047	0.047	0.047	0.047	0.230	0.453	0.453	0.295	0.068	0.068	0.068	0.068	0.068	0.068	0.068	0.287	0.652	0.653	
0.751	0.750	0.370	0.122	0.122	0.122	0.122	0.122	0.122	0.076	0.047	0.047	0.047	0.047	0.310	0.453	0.453	0.269	0.068	0.068	0.068	0.068	0.068	0.068	0.194	0.635	0.653	0.653	
0.751	0.751	0.744	0.332	0.122	0.122	0.122	0.122	0.122	0.094	0.047	0.047	0.047	0.047	0.390	0.453	0.453	0.243	0.068	0.068	0.068	0.068	0.068	0.127	0.593	0.653	0.653	0.653	
0.751	0.751	0.751	0.736	0.296	0.122	0.122	0.122	0.122	0.113	0.047	0.047	0.047	0.067	0.449	0.453	0.453	0.217	0.068	0.068	0.068	0.068	0.085	0.525	0.653	0.653	0.653	0.653	
0.781	0.751	0.751	0.751	0.724	0.264	0.122	0.122	0.122	0.122	0.090	0.047	0.047	0.143	0.453	0.453	0.484	1.015	0.068	0.068	0.068	0.068	0.432	0.653	0.653	0.653	0.653	0.712	
1.188	0.845	0.751	0.751	0.751	0.709	0.235	0.122	0.122	0.598	3.468	0.725	0.048	0.433	0.453	0.453	2.085	3.457	0.174	0.068	0.068	0.323	0.653	0.653	0.653	0.653	0.800	1.187	
1.261	1.242	0.946	0.751	0.751	0.751	0.691	0.210	0.122	2.579	4.296	4.117	4.063	4.359	2.074	2.125	3.843	3.915	1.817	0.144	0.222	0.644	0.653	0.653	0.655	0.926	1.233	1.241	
1.261	1.261	1.261	1.064	0.769	0.751	0.751	1.976	4.245	4.481	4.296	4.434	4.647	4.650	5.028	5.051	4.120	3.918	4.297	4.414	2.226	0.653	0.653	0.688	1.057	1.241	1.241	1.241	
1.264	1.261	1.261	1.261	1.165	0.822	0.859	3.435	4.616	4.621	5.163	5.350	5.092	5.251	5.111	5.069	5.182	5.089	4.469	4.430	3.575	1.058	0.760	1.158	1.241	1.241	1.241	1.241	
1.748	1.437	1.261	1.261	1.261	1.433	4.472	4.799	4.901	5.446	5.455	5.369	5.706	5.826	5.866	5.871	5.312	5.306	5.530	5.004	4.673	4.644	1.818	1.241	1.241	1.241	1.402	1.739	
1.861	1.861	1.723	1.410	1.261	2.176	4.824	4.810	5.464	5.828	5.775	5.746	5.891	5.806	5.994	6.019	5.672	5.786	6.041	5.819	4.689	4.694	2.697	1.241	1.402	1.739	1.915	1.915	
1.861	1.861	1.861	1.861	2.343	5.107	5.199	5.709	6.284	6.239	6.882	6.138	5.915	4.707	5.105	6.029	6.243	6.674	6.310	6.333	5.950	5.131	5.204	2.825	1.915	1.915	1.915	1.915	
1.861	1.861	1.861	1.861	2.820	5.259	5.259	6.130	6.338	6.765	7.105	6.793	5.320	4.483	4.799	6.032	6.262	6.721	6.627	6.407	6.356	5.226	5.226	3.264	1.915	1.915	1.915	1.915	
0.000	0.000	0.000	0.000	0.000	0.000	0.000	0.000	0.000	0.000	0.000	0.000	2.349	4.051	3.988	3.005	0.000	0.000	0.000	0.000	0.000	0.000	0.000	0.000	0.000	0.000	0.000	0.000	
0.000	0.000	0.000	0.000	0.000	0.000	0.000	0.000	0.000	0.000	0.000	0.000	0.590	2.360	2.360	0.590	0.000	0.000	0.000	0.000	0.000	0.000	0.000	0.000	0.000	0.000	0.000	0.000	
0.000	0.000	0.000	0.000	0.000	0.000	0.000	0.000	0.000	0.000	0.000	0.000	0.590	2.360	2.360	0.590	0.000	0.000	0.000	0.000	0.000	0.000	0.000	0.000	0.000	0.000	0.000	0.000	
0.000	0.000	0.000	0.000	0.000	0.000	0.000	0.000	0.000	0.000	0.000	0.000	0.590	2.360	2.360	0.590	0.000	0.000	0.000	0.000	0.000	0.000	0.000	0.000	0.000	0.000	0.000	0.000	
0.000	0.000	0.000	0.000	0.000	0.000	0.000	0.000	0.000	0.000	0.000	0.000	0.590	2.360	2.360	0.590	0.000	0.000	0.000	0.000	0.000	0.000	0.000	0.000	0.000	0.000	0.000	0.000	
