0.081	0.081	0.081	0.081	0.081	0.081	0.081	0.065	0.055	0.055	0.055	0.055	0.055	0.055	0.055	0.055	0.055	0.055	0.055	0.055	0.055	0.055	0.055	0.055	0.055	0.061	0.107	0.107	
0.081	0.081	0.081	0.081	0.081	0.081	0.081	0.068	0.055	0.055	0.055	0.055	0.055	0.055	0.055	0.055	0.055	0.055	0.055	0.055	0.055	0.055	0.055	0.055	0.055	0.074	0.107	0.107	
0.081	0.081	0.081	0.081	0.081	0.081	0.081	0.071	0.055	0.055	0.055	0.055	0.055	0.055	0.055	0.055	0.055	0.055	0.055	0.055	0.055	0.055	0.055	0.055	0.055	0.088	0.107	0.107	
0.081	0.081	0.081	0.081	0.081	0.081	0.081	0.074	0.055	0.055	0.055	0.055	0.055	0.055	0.055	0.055	0.055	0.055	0.055	0.055	0.055	0.055	0.055	0.055	0.055	0.101	0.107	0.107	
0.081	0.081	0.081	0.081	0.081	0.081	0.081	0.077	0.055	0.055	0.055	0.055	0.055	0.055	0.055	0.055	0.055	0.055	0.055	0.055	0.055	0.055	0.055	0.055	0.063	0.107	0.107	0.107	
0.081	0.081	0.081	0.081	0.081	0.081	0.081	0.080	0.056	0.055	0.055	0.055	0.055	0.055	0.055	0.055	0.055	0.055	0.055	0.055	0.055	0.055	0.055	0.055	0.076	0.107	0.107	0.107	
0.081	0.081	0.081	0.081	0.081	0.081	0.081	0.081	0.058	0.055	0.055	0.055	0.055	0.055	0.055	0.055	0.055	0.055	0.055	0.055	0.055	0.055	0.055	0.055	0.089	0.107	0.107	0.107	
0.081	0.081	0.081	0.081	0.081	0.081	0.081	0.081	0.061	0.055	0.055	0.055	0.055	0.055	0.055	0.055	0.055	0.055	0.055	0.055	0.055	0.055	0.055	0.056	0.103	0.107	0.107	0.107	
0.081	0.081	0.081	0.081	0.081	0.081	0.081	0.081	0.064	0.055	0.055	0.055	0.055	0.055	0.055	0.055	0.055	0.055	0.055	0.055	0.055	0.055	0.055	0.064	0.107	0.107	0.107	0.107	
0.081	0.081	0.081	0.081	0.081	0.081	0.081	0.081	0.067	0.055	0.055	0.055	0.055	0.055	0.055	0.055	0.055	0.055	0.055	0.055	0.055	0.055	0.055	0.078	0.107	0.107	0.107	0.107	
0.081	0.081	0.081	0.081	0.081	0.081	0.081	0.081	0.071	0.055	0.055	0.055	0.055	0.055	0.055	0.055	0.055	0.055	0.055	0.055	0.055	0.055	0.055	0.091	0.107	0.107	0.107	0.107	
0.081	0.081	0.081	0.081	0.081	0.081	0.081	0.081	0.074	0.055	0.055	0.055	0.055	0.055	0.055	0.055	0.055	0.055	0.055	0.055	0.055	0.055	0.056	0.104	0.107	0.107	0.107	0.107	
0.081	0.081	0.081	0.081	0.081	0.081	0.081	0.081	0.077	0.055	0.055	0.055	0.055	0.055	0.055	0.055	0.055	0.055	0.055	0.055	0.055	0.055	0.066	0.107	0.107	0.107	0.107	0.107	
0.081	0.081	0.081	0.081	0.081	0.081	0.081	0.081	0.080	0.055	0.055	0.055	0.055	0.055	0.055	0.055	0.055	0.055	0.055	0.055	0.055	0.055	0.079	0.107	0.107	0.107	0.107	0.107	
0.081	0.081	0.081	0.081	0.081	0.081	0.081	0.081	0.081	0.057	0.055	0.055	0.055	0.055	0.055	0.055	0.055	0.055	0.055	0.055	0.055	0.055	0.092	0.107	0.107	0.107	0.107	0.107	
0.081	0.081	0.081	0.081	0.081	0.081	0.081	0.081	0.081	0.061	0.055	0.055	0.055	0.055	0.055	0.055	0.055	0.055	0.055	0.055	0.055	0.057	0.105	0.107	0.107	0.107	0.107	0.107	
0.081	0.081	0.081	0.081	0.081	0.081	0.081	0.081	0.081	0.064	0.055	0.055	0.055	0.055	0.055	0.055	0.055	0.055	0.055	0.055	0.055	0.067	0.107	0.107	0.107	0.107	0.107	0.107	
0.081	0.081	0.081	0.081	0.081	0.081	0.081	0.081	0.081	0.067	0.055	0.055	0.055	0.055	0.055	0.055	0.055	0.055	0.055	0.055	0.055	0.081	0.107	0.107	0.107	0.107	0.107	0.107	
0.085	0.081	0.081	0.081	0.081	0.081	0.081	0.081	0.081	0.070	0.055	0.055	0.055	0.055	0.055	0.055	0.055	0.055	0.055	0.055	0.055	0.094	0.107	0.107	0.107	0.107	0.107	0.107	
0.136	0.081	0.081	0.081	0.081	0.081	0.081	0.081	0.081	0.073	0.055	0.055	0.055	0.055	0.055	0.055	0.055	0.055	0.055	0.055	0.057	0.106	0.107	0.107	0.107	0.107	0.107	0.107	
0.201	0.081	0.081	0.081	0.081	0.081	0.081	0.081	0.081	0.076	0.055	0.055	0.055	0.055	0.055	0.055	0.055	0.055	0.055	0.055	0.069	0.107	0.107	0.107	0.107	0.107	0.107	0.107	
0.243	0.104	0.081	0.081	0.081	0.081	0.081	0.081	0.081	0.080	0.055	0.055	0.055	0.055	0.055	0.055	0.055	0.055	0.055	0.055	0.082	0.107	0.107	0.107	0.107	0.107	0.107	0.107	
0.244	0.167	0.081	0.081	0.081	0.081	0.081	0.081	0.081	0.081	0.057	0.055	0.055	0.055	0.055	0.055	0.055	0.055	0.055	0.055	0.096	0.107	0.107	0.107	0.107	0.107	0.107	0.107	
0.244	0.229	0.084	0.081	0.081	0.081	0.081	0.081	0.081	0.081	0.060	0.055	0.055	0.055	0.055	0.055	0.055	0.055	0.055	0.058	0.106	0.107	0.107	0.107	0.107	0.107	0.107	0.107	
0.244	0.244	0.134	0.081	0.081	0.081	0.081	0.081	0.081	0.081	0.063	0.055	0.055	0.055	0.055	0.055	0.055	0.055	0.055	0.071	0.107	0.107	0.107	0.107	0.107	0.107	0.107	0.107	
0.244	0.244	0.198	0.081	0.081	0.081	0.081	0.081	0.081	0.081	0.066	0.055	0.055	0.055	0.055	0.055	0.055	0.055	0.055	0.084	0.107	0.107	0.107	0.107	0.107	0.107	0.107	0.163	
0.244	0.244	0.243	0.102	0.081	0.081	0.081	0.081	0.081	0.081	0.070	0.055	0.055	0.055	0.055	0.055	0.055	0.055	0.055	0.097	0.107	0.107	0.107	0.107	0.107	0.107	0.107	0.271	
0.244	0.244	0.244	0.165	0.081	0.081	0.081	0.081	0.081	0.081	0.073	0.055	0.055	0.055	0.055	0.055	0.055	0.055	0.059	0.107	0.107	0.107	0.107	0.107	0.107	0.107	0.149	0.347	
0.244	0.244	0.244	0.227	0.084	0.081	0.081	0.081	0.081	0.081	0.076	0.055	0.055	0.055	0.055	0.055	0.055	0.055	0.072	0.107	0.107	0.107	0.107	0.107	0.107	0.107	0.367	0.350	
0.244	0.244	0.244	0.244	0.131	0.081	0.081	0.081	0.081	0.081	0.079	0.055	0.055	0.055	0.055	0.055	0.055	0.055	0.085	0.107	0.107	0.107	0.107	0.107	0.107	0.296	0.427	0.350	
0.244	0.244	0.244	0.244	0.196	0.081	0.081	0.081	0.081	0.081	0.081	0.057	0.055	0.055	0.055	0.055	0.055	0.055	0.099	0.107	0.107	0.107	0.107	0.107	0.121	0.608	0.350	0.350	
0.244	0.244	0.244	0.244	0.242	0.100	0.081	0.081	0.081	0.081	0.081	0.060	0.055	0.055	0.055	0.055	0.055	0.060	0.107	0.107	0.107	0.107	0.107	0.107	0.417	0.561	0.350	0.350	
0.244	0.244	0.244	0.244	0.244	0.162	0.081	0.081	0.081	0.081	0.081	0.063	0.055	0.055	0.055	0.055	0.055	0.074	0.107	0.107	0.107	0.107	0.107	0.170	0.759	0.405	0.350	0.350	
0.244	0.244	0.244	0.244	0.244	0.225	0.083	0.081	0.081	0.081	0.081	0.066	0.055	0.055	0.055	0.055	0.055	0.087	0.107	0.107	0.107	0.107	0.107	0.537	0.695	0.350	0.350	0.350	
0.244	0.244	0.244	0.244	0.244	0.244	0.129	0.081	0.081	0.081	0.081	0.069	0.055	0.055	0.055	0.055	0.055	0.100	0.107	0.107	0.107	0.107	0.255	0.796	0.537	0.350	0.350	0.350	
0.244	0.244	0.244	0.244	0.244	0.244	0.194	0.081	0.081	0.081	0.081	0.072	0.055	0.055	0.055	0.055	0.062	0.107	0.107	0.107	0.107	0.112	0.653	0.793	0.386	0.350	0.350	0.350	
0.244	0.244	0.244	0.244	0.244	0.244	0.242	0.098	0.081	0.081	0.081	0.076	0.055	0.055	0.055	0.055	0.075	0.107	0.107	0.107	0.107	0.371	0.801	0.671	0.350	0.350	0.350	0.350	
0.398	0.244	0.244	0.244	0.244	0.244	0.244	0.160	0.081	0.081	0.081	0.079	0.055	0.055	0.055	0.055	0.089	0.107	0.107	0.107	0.148	0.738	0.801	0.512	0.350	0.350	0.350	0.350	
1.127	0.442	0.244	0.244	0.244	0.244	0.244	0.224	0.083	0.081	0.081	0.081	0.056	0.055	0.055	0.056	0.102	0.107	0.107	0.107	0.492	0.801	0.783	0.372	0.350	0.350	0.350	0.350	
1.193	1.153	0.492	0.244	0.244	0.244	0.244	0.244	0.127	0.081	0.081	0.081	0.059	0.055	0.055	0.064	0.107	0.107	0.107	0.219	0.787	0.801	0.647	0.350	0.350	0.350	0.350	0.350	
1.166	1.201	1.174	0.547	0.244	0.244	0.244	0.244	0.191	0.081	0.081	0.081	0.062	0.055	0.055	0.077	0.107	0.107	0.107	0.612	0.801	0.801	0.488	0.350	0.350	0.350	0.350	0.350	
1.160	1.179	1.202	1.189	0.608	0.244	0.244	0.244	0.241	0.374	0.081	0.081	0.291	0.055	1.003	1.472	0.107	0.107	0.326	0.801	0.801	0.770	0.361	0.350	0.350	0.350	0.350	0.350	
1.160	1.160	1.192	1.202	1.198	0.674	0.244	0.244	0.692	4.381	3.053	2.630	4.221	3.633	4.599	4.331	0.604	0.130	0.711	0.801	0.801	0.622	0.350	0.350	0.350	0.350	0.350	0.389	
1.160	1.160	1.166	1.201	1.202	1.202	0.744	0.621	2.741	4.523	4.523	4.346	4.309	4.411	4.604	4.616	4.680	4.174	0.980	0.801	1.740	1.878	0.350	0.350	0.350	0.350	0.656	1.451	
1.160	1.160	1.160	1.178	1.202	1.202	1.333	4.469	4.541	4.699	5.083	4.971	4.986	5.306	5.541	5.149	4.686	4.764	4.641	3.547	4.417	3.642	0.350	0.350	0.417	1.109	1.646	1.655	
1.160	1.160	1.160	1.160	1.983	1.955	2.415	4.561	4.541	5.144	5.506	5.730	6.128	5.950	5.654	5.574	5.001	5.141	5.272	4.943	4.429	4.443	1.900	0.825	1.504	1.655	1.655	1.655	
1.324	1.160	1.160	1.160	4.211	4.643	5.132	5.465	5.349	5.927	5.699	5.913	6.115	6.026	5.772	5.585	5.632	6.185	5.650	5.635	5.271	4.638	4.662	2.515	1.655	1.655	1.655	1.806	
3.159	2.425	1.531	2.145	4.689	4.643	5.277	5.540	5.794	6.074	6.073	6.072	6.058	5.979	5.960	5.602	5.989	6.612	6.382	5.756	5.734	4.689	4.665	3.302	1.658	1.928	2.380	2.681	
3.229	3.229	3.275	5.137	5.121	5.671	6.216	6.301	6.879	6.560	6.762	6.281	5.720	5.722	5.479	5.716	7.106	6.888	6.992	6.483	6.217	6.004	5.175	5.286	3.403	2.689	2.689	2.689	
3.229	3.229	3.355	5.142	5.142	5.911	6.241	6.678	6.991	6.934	6.888	6.313	5.310	5.282	5.130	5.542	7.158	7.138	7.092	6.918	6.322	6.304	5.287	5.287	3.682	2.689	2.689	2.689	
0.000	0.000	0.000	0.000	0.000	0.000	0.000	0.000	0.000	0.000	0.000	0.000	2.821	5.286	5.097	2.746	0.000	0.000	0.000	0.000	0.000	0.000	0.000	0.000	0.000	0.000	0.000	0.000	
0.000	0.000	0.000	0.000	0.000	0.000	0.000	0.000	0.000	0.000	0.000	0.000	0.879	2.907	2.748	0.789	0.000	0.000	0.000	0.000	0.000	0.000	0.000	0.000	0.000	0.000	0.000	0.000	
0.000	0.000	0.000	0.000	0.000	0.000	0.000	0.000	0.000	0.000	0.000	0.000	0.645	2.580	2.580	0.645	0.000	0.000	0.000	0.000	0.000	0.000	0.000	0.000	0.000	0.000	0.000	0.000	
0.000	0.000	0.000	0.000	0.000	0.000	0.000	0.000	0.000	0.000	0.000	0.000	0.645	2.580	2.580	0.645	0.000	0.000	0.000	0.000	0.000	0.000	0.000	0.000	0.000	0.000	0.000	0.000	
0.000	0.000	0.000	0.000	0.000	0.000	0.000	0.000	0.000	0.000	0.000	0.000	0.645	2.580	2.580	0.645	0.000	0.000	0.000	0.000	0.000	0.000	0.000	0.000	0.000	0.000	0.000	0.000	
