0.030	0.030	0.030	0.030	0.030	0.030	0.030	0.030	0.030	0.030	0.030	0.030	0.030	0.030	0.030	0.030	0.030	0.030	0.030	0.030	0.030	0.030	0.030	0.030	0.030	0.059	0.075	0.075	
0.030	0.030	0.030	0.030	0.030	0.030	0.030	0.030	0.030	0.030	0.030	0.030	0.030	0.030	0.030	0.030	0.030	0.030	0.030	0.030	0.030	0.030	0.030	0.030	0.030	0.069	0.075	0.075	
0.030	0.030	0.030	0.030	0.030	0.030	0.030	0.030	0.030	0.030	0.030	0.030	0.030	0.030	0.030	0.030	0.030	0.030	0.030	0.030	0.030	0.030	0.030	0.030	0.033	0.075	0.075	0.075	
0.030	0.030	0.030	0.030	0.030	0.030	0.030	0.030	0.030	0.030	0.030	0.030	0.030	0.030	0.030	0.030	0.030	0.030	0.030	0.030	0.030	0.030	0.030	0.030	0.043	0.075	0.075	0.075	
0.030	0.030	0.030	0.030	0.030	0.030	0.030	0.030	0.030	0.030	0.030	0.030	0.030	0.030	0.030	0.030	0.030	0.030	0.030	0.030	0.030	0.030	0.030	0.030	0.053	0.075	0.075	0.075	
0.030	0.030	0.030	0.030	0.030	0.030	0.030	0.030	0.030	0.030	0.030	0.030	0.030	0.030	0.030	0.030	0.030	0.030	0.030	0.030	0.030	0.030	0.030	0.030	0.063	0.075	0.075	0.075	
0.030	0.030	0.030	0.030	0.030	0.030	0.030	0.030	0.030	0.030	0.030	0.030	0.030	0.030	0.030	0.030	0.030	0.030	0.030	0.030	0.030	0.030	0.030	0.030	0.072	0.075	0.075	0.075	
0.030	0.030	0.030	0.030	0.030	0.030	0.030	0.030	0.030	0.030	0.030	0.030	0.030	0.030	0.030	0.030	0.030	0.030	0.030	0.030	0.030	0.030	0.030	0.037	0.075	0.075	0.075	0.075	
0.030	0.030	0.030	0.030	0.030	0.030	0.030	0.030	0.030	0.030	0.030	0.030	0.030	0.030	0.030	0.030	0.030	0.030	0.030	0.030	0.030	0.030	0.030	0.047	0.075	0.075	0.075	0.075	
0.030	0.030	0.030	0.030	0.030	0.030	0.030	0.030	0.030	0.030	0.030	0.030	0.030	0.030	0.030	0.030	0.030	0.030	0.030	0.030	0.030	0.030	0.030	0.057	0.075	0.075	0.075	0.075	
0.030	0.030	0.030	0.030	0.030	0.030	0.030	0.030	0.030	0.030	0.030	0.030	0.030	0.030	0.030	0.030	0.030	0.030	0.030	0.030	0.030	0.030	0.030	0.067	0.075	0.075	0.075	0.075	
0.030	0.030	0.030	0.030	0.030	0.030	0.030	0.030	0.030	0.030	0.030	0.030	0.030	0.030	0.030	0.030	0.030	0.030	0.030	0.030	0.030	0.030	0.032	0.074	0.075	0.075	0.075	0.075	
0.030	0.030	0.030	0.030	0.030	0.030	0.030	0.030	0.030	0.030	0.030	0.030	0.030	0.030	0.030	0.030	0.030	0.030	0.030	0.030	0.030	0.030	0.041	0.075	0.075	0.075	0.075	0.075	
0.030	0.030	0.030	0.030	0.030	0.030	0.030	0.030	0.030	0.030	0.030	0.030	0.030	0.030	0.030	0.030	0.030	0.030	0.030	0.030	0.030	0.030	0.051	0.075	0.075	0.075	0.075	0.075	
0.030	0.030	0.030	0.030	0.030	0.030	0.030	0.030	0.030	0.030	0.030	0.030	0.030	0.030	0.030	0.030	0.030	0.030	0.030	0.030	0.030	0.030	0.060	0.075	0.075	0.075	0.075	0.075	
0.030	0.030	0.030	0.030	0.030	0.030	0.030	0.030	0.030	0.030	0.030	0.030	0.030	0.030	0.030	0.030	0.030	0.030	0.030	0.030	0.030	0.030	0.070	0.075	0.075	0.075	0.075	0.075	
0.030	0.030	0.030	0.030	0.030	0.030	0.030	0.030	0.030	0.030	0.030	0.030	0.030	0.030	0.030	0.030	0.030	0.030	0.030	0.030	0.030	0.035	0.075	0.075	0.075	0.075	0.075	0.075	
0.030	0.030	0.030	0.030	0.030	0.030	0.030	0.030	0.030	0.030	0.030	0.030	0.030	0.030	0.030	0.030	0.030	0.030	0.030	0.030	0.030	0.044	0.075	0.075	0.075	0.075	0.075	0.075	
0.030	0.030	0.030	0.030	0.030	0.030	0.030	0.030	0.030	0.030	0.030	0.030	0.030	0.030	0.030	0.030	0.030	0.030	0.030	0.030	0.030	0.054	0.075	0.075	0.075	0.075	0.075	0.075	
0.030	0.030	0.030	0.030	0.030	0.030	0.030	0.030	0.030	0.030	0.030	0.030	0.030	0.030	0.030	0.030	0.030	0.030	0.030	0.030	0.030	0.064	0.075	0.075	0.075	0.075	0.075	0.075	
0.030	0.030	0.030	0.030	0.030	0.030	0.030	0.030	0.030	0.030	0.030	0.030	0.030	0.030	0.030	0.030	0.030	0.030	0.030	0.030	0.030	0.073	0.075	0.075	0.075	0.075	0.075	0.075	
0.030	0.030	0.030	0.030	0.030	0.030	0.030	0.030	0.030	0.030	0.030	0.030	0.030	0.030	0.030	0.030	0.030	0.030	0.030	0.030	0.038	0.075	0.075	0.075	0.075	0.075	0.075	0.075	
0.030	0.030	0.030	0.030	0.030	0.030	0.030	0.030	0.030	0.030	0.030	0.030	0.030	0.030	0.030	0.030	0.030	0.030	0.030	0.030	0.048	0.075	0.075	0.075	0.075	0.075	0.075	0.075	
0.030	0.030	0.030	0.030	0.030	0.030	0.030	0.030	0.030	0.030	0.030	0.030	0.030	0.030	0.030	0.030	0.030	0.030	0.030	0.030	0.058	0.075	0.075	0.075	0.075	0.075	0.075	0.075	
0.030	0.030	0.030	0.030	0.030	0.030	0.030	0.030	0.030	0.030	0.030	0.030	0.030	0.030	0.030	0.030	0.030	0.030	0.030	0.030	0.068	0.075	0.075	0.075	0.075	0.075	0.075	0.075	
0.030	0.030	0.030	0.030	0.030	0.030	0.030	0.030	0.030	0.030	0.030	0.030	0.030	0.030	0.030	0.030	0.030	0.030	0.030	0.032	0.075	0.075	0.075	0.075	0.075	0.075	0.075	0.075	
0.030	0.030	0.030	0.030	0.030	0.030	0.030	0.030	0.030	0.030	0.030	0.030	0.030	0.030	0.030	0.030	0.030	0.030	0.030	0.042	0.075	0.075	0.075	0.075	0.075	0.075	0.075	0.075	
0.030	0.030	0.030	0.030	0.030	0.030	0.030	0.030	0.030	0.030	0.030	0.030	0.030	0.030	0.030	0.030	0.030	0.030	0.030	0.052	0.075	0.075	0.075	0.075	0.075	0.075	0.075	0.075	
0.030	0.030	0.030	0.030	0.030	0.030	0.030	0.030	0.030	0.030	0.030	0.030	0.030	0.030	0.030	0.030	0.030	0.030	0.030	0.062	0.075	0.075	0.075	0.075	0.075	0.075	0.075	0.075	
0.033	0.030	0.030	0.030	0.030	0.030	0.030	0.030	0.030	0.030	0.030	0.030	0.030	0.030	0.030	0.030	0.030	0.030	0.030	0.071	0.075	0.075	0.075	0.075	0.075	0.075	0.075	0.075	
0.154	0.030	0.030	0.030	0.030	0.030	0.030	0.030	0.030	0.030	0.030	0.030	0.030	0.030	0.030	0.030	0.030	0.030	0.036	0.075	0.075	0.075	0.075	0.075	0.075	0.075	0.075	0.075	
0.297	0.067	0.030	0.030	0.030	0.030	0.030	0.030	0.030	0.030	0.030	0.030	0.030	0.030	0.030	0.030	0.030	0.030	0.046	0.075	0.075	0.075	0.075	0.075	0.075	0.075	0.075	0.075	
0.308	0.235	0.030	0.030	0.030	0.030	0.030	0.030	0.030	0.030	0.030	0.030	0.030	0.030	0.030	0.030	0.030	0.030	0.055	0.075	0.075	0.075	0.075	0.075	0.075	0.075	0.075	0.075	
0.308	0.308	0.138	0.030	0.030	0.030	0.030	0.030	0.030	0.030	0.030	0.030	0.030	0.030	0.030	0.030	0.030	0.030	0.072	0.075	0.075	0.075	0.075	0.075	0.075	0.075	0.075	0.075	
0.308	0.308	0.290	0.057	0.030	0.030	0.030	0.030	0.030	0.030	0.030	0.030	0.030	0.030	0.030	0.030	0.030	0.123	0.201	0.075	0.075	0.075	0.075	0.075	0.075	0.075	0.075	0.075	
0.308	0.308	0.308	0.220	0.030	0.030	0.030	0.030	0.030	0.030	0.030	0.030	0.030	0.030	0.030	0.030	0.030	0.449	0.193	0.075	0.075	0.075	0.075	0.075	0.075	0.075	0.075	0.075	
0.308	0.308	0.308	0.308	0.121	0.030	0.030	0.030	0.030	0.030	0.030	0.030	0.030	0.030	0.030	0.030	0.030	0.786	0.173	0.075	0.075	0.075	0.075	0.075	0.075	0.075	0.075	0.075	
0.308	0.308	0.308	0.308	0.282	0.049	0.030	0.030	0.030	0.030	0.030	0.030	0.030	0.030	0.030	0.030	0.100	1.052	0.154	0.075	0.075	0.075	0.075	0.075	0.075	0.075	0.075	0.075	
0.308	0.308	0.308	0.308	0.308	0.203	0.030	0.030	0.030	0.030	0.030	0.030	0.030	0.030	0.030	0.030	0.416	1.074	0.135	0.075	0.075	0.075	0.075	0.075	0.075	0.075	0.075	0.075	
0.308	0.308	0.308	0.308	0.308	0.308	0.106	0.030	0.030	0.030	0.030	0.030	0.030	0.030	0.030	0.030	0.866	1.074	0.116	0.075	0.075	0.075	0.075	0.075	0.075	0.075	0.075	0.075	
0.308	0.308	0.308	0.308	0.308	0.308	0.273	0.042	0.030	0.030	0.030	0.030	0.030	0.030	0.030	0.472	1.252	1.074	0.097	0.075	0.075	0.075	0.075	0.075	0.075	0.075	0.075	0.075	
0.308	0.308	0.308	0.308	0.308	0.308	0.308	0.187	0.030	0.030	0.030	0.030	0.030	0.030	0.030	1.439	1.144	1.072	0.079	0.075	0.075	0.075	0.075	0.075	0.075	0.075	0.075	0.075	
0.475	0.322	0.308	0.308	0.308	0.308	0.308	0.306	0.091	0.030	0.030	0.030	0.030	0.030	0.510	1.887	1.075	1.057	0.075	0.075	0.075	0.075	0.075	0.075	0.075	0.075	0.075	0.075	
0.578	0.541	0.369	0.308	0.308	0.308	0.308	0.308	0.262	0.037	0.030	0.030	0.030	0.030	1.477	1.779	1.074	1.038	0.075	0.075	0.075	0.075	0.075	0.075	0.075	0.075	0.075	0.167	
0.578	0.578	0.574	0.444	0.313	0.308	0.308	0.308	0.308	0.171	0.030	0.030	0.030	0.548	1.926	1.670	1.074	1.018	0.075	0.075	0.075	0.075	0.075	0.075	0.075	0.139	0.447	0.686	
0.578	0.578	0.578	0.578	0.519	0.347	0.308	0.308	0.308	0.302	0.078	0.030	0.032	1.513	1.926	1.561	1.074	0.999	0.075	0.075	0.075	0.075	0.075	0.116	0.405	0.673	0.696	0.696	
0.578	0.578	0.578	0.578	0.578	0.565	0.414	0.309	0.308	0.308	0.471	1.786	2.255	1.940	1.926	1.452	1.074	0.980	0.075	0.075	0.075	0.098	0.364	0.654	0.696	0.696	0.696	0.696	
0.578	0.578	0.578	0.578	0.578	0.578	0.578	0.493	0.330	0.315	2.216	4.191	4.191	2.802	2.021	1.780	1.074	1.700	0.393	0.085	0.323	0.631	0.696	0.696	0.696	0.696	0.696	0.696	
0.578	0.578	0.578	0.578	0.578	0.578	0.578	0.578	0.551	3.872	5.035	4.419	4.167	3.825	4.112	4.243	3.970	4.877	4.411	0.713	0.696	0.696	0.696	0.696	0.696	0.696	0.696	0.696	
0.578	0.578	0.578	0.578	0.578	0.578	0.578	0.578	0.578	4.883	5.049	4.866	3.728	3.678	4.092	4.256	4.544	4.886	4.886	0.935	0.696	0.696	0.696	0.696	0.696	0.696	0.696	0.696	
0.000	0.000	0.000	0.000	0.000	0.000	0.000	0.000	0.000	0.000	0.000	0.000	1.954	3.678	3.875	2.261	0.000	0.000	0.000	0.000	0.000	0.000	0.000	0.000	0.000	0.000	0.000	0.000	
0.000	0.000	0.000	0.000	0.000	0.000	0.000	0.000	0.000	0.000	0.000	0.000	0.917	3.609	3.533	0.955	0.000	0.000	0.000	0.000	0.000	0.000	0.000	0.000	0.000	0.000	0.000	0.000	
0.000	0.000	0.000	0.000	0.000	0.000	0.000	0.000	0.000	0.000	0.000	0.000	0.780	3.120	3.120	0.780	0.000	0.000	0.000	0.000	0.000	0.000	0.000	0.000	0.000	0.000	0.000	0.000	
0.000	0.000	0.000	0.000	0.000	0.000	0.000	0.000	0.000	0.000	0.000	0.000	0.780	3.120	3.120	0.780	0.000	0.000	0.000	0.000	0.000	0.000	0.000	0.000	0.000	0.000	0.000	0.000	
0.000	0.000	0.000	0.000	0.000	0.000	0.000	0.000	0.000	0.000	0.000	0.000	0.780	3.120	3.120	0.780	0.000	0.000	0.000	0.000	0.000	0.000	0.000	0.000	0.000	0.000	0.000	0.000	
