0.094	0.094	0.094	0.094	0.062	0.052	0.052	0.052	0.052	0.052	0.052	0.052	0.052	0.052	0.052	0.052	0.052	0.052	0.052	0.052	0.052	0.052	0.052	0.062	0.082	0.082	0.082	0.082	
0.094	0.094	0.094	0.094	0.070	0.052	0.052	0.052	0.052	0.052	0.052	0.052	0.052	0.052	0.052	0.052	0.052	0.052	0.052	0.052	0.052	0.052	0.052	0.068	0.082	0.082	0.082	0.082	
0.094	0.094	0.094	0.094	0.078	0.052	0.052	0.052	0.052	0.052	0.052	0.052	0.052	0.052	0.052	0.052	0.052	0.052	0.052	0.052	0.052	0.052	0.052	0.074	0.082	0.082	0.082	0.082	
0.094	0.094	0.094	0.094	0.086	0.052	0.052	0.052	0.052	0.052	0.052	0.052	0.052	0.052	0.052	0.052	0.052	0.052	0.052	0.052	0.052	0.052	0.052	0.080	0.082	0.082	0.082	0.082	
0.094	0.094	0.094	0.094	0.093	0.053	0.052	0.052	0.052	0.052	0.052	0.052	0.052	0.052	0.052	0.052	0.052	0.052	0.052	0.052	0.052	0.052	0.056	0.082	0.082	0.082	0.082	0.082	
0.094	0.094	0.094	0.094	0.094	0.060	0.052	0.052	0.052	0.052	0.052	0.052	0.052	0.052	0.052	0.052	0.052	0.052	0.052	0.052	0.052	0.052	0.062	0.082	0.082	0.082	0.082	0.082	
0.094	0.094	0.094	0.094	0.094	0.068	0.052	0.052	0.052	0.052	0.052	0.052	0.052	0.052	0.052	0.052	0.052	0.052	0.052	0.052	0.052	0.052	0.068	0.082	0.082	0.082	0.082	0.082	
0.094	0.094	0.094	0.094	0.094	0.076	0.052	0.052	0.052	0.052	0.052	0.052	0.052	0.052	0.052	0.052	0.052	0.052	0.052	0.052	0.052	0.052	0.074	0.082	0.082	0.082	0.082	0.082	
0.094	0.094	0.094	0.094	0.094	0.084	0.052	0.052	0.052	0.052	0.052	0.052	0.052	0.052	0.052	0.052	0.052	0.052	0.052	0.052	0.052	0.052	0.080	0.082	0.082	0.082	0.082	0.082	
0.094	0.094	0.094	0.094	0.094	0.091	0.053	0.052	0.052	0.052	0.052	0.052	0.052	0.052	0.052	0.052	0.052	0.052	0.052	0.052	0.052	0.056	0.082	0.082	0.082	0.082	0.082	0.082	
0.094	0.094	0.094	0.094	0.094	0.094	0.058	0.052	0.052	0.052	0.052	0.052	0.052	0.052	0.052	0.052	0.052	0.052	0.052	0.052	0.052	0.063	0.082	0.082	0.082	0.082	0.082	0.082	
0.094	0.094	0.094	0.094	0.094	0.094	0.066	0.052	0.052	0.052	0.052	0.052	0.052	0.052	0.052	0.052	0.052	0.052	0.052	0.052	0.052	0.069	0.082	0.082	0.082	0.082	0.082	0.082	
0.094	0.094	0.094	0.094	0.094	0.094	0.074	0.052	0.052	0.052	0.052	0.052	0.052	0.052	0.052	0.052	0.052	0.052	0.052	0.052	0.052	0.075	0.082	0.082	0.082	0.082	0.082	0.082	
0.094	0.094	0.094	0.094	0.094	0.094	0.081	0.052	0.052	0.052	0.052	0.052	0.052	0.052	0.052	0.052	0.052	0.052	0.052	0.052	0.053	0.081	0.082	0.082	0.082	0.082	0.082	0.082	
0.094	0.094	0.094	0.094	0.094	0.094	0.089	0.052	0.052	0.052	0.052	0.052	0.052	0.052	0.052	0.052	0.052	0.052	0.052	0.052	0.057	0.082	0.082	0.082	0.082	0.082	0.082	0.082	
0.094	0.094	0.094	0.094	0.094	0.094	0.094	0.056	0.052	0.052	0.052	0.052	0.052	0.052	0.052	0.052	0.052	0.052	0.052	0.052	0.063	0.082	0.082	0.082	0.082	0.082	0.082	0.082	
0.094	0.094	0.094	0.094	0.094	0.094	0.094	0.063	0.052	0.052	0.052	0.052	0.052	0.052	0.052	0.052	0.052	0.052	0.052	0.052	0.069	0.082	0.082	0.082	0.082	0.082	0.082	0.082	
0.094	0.094	0.094	0.094	0.094	0.094	0.094	0.071	0.052	0.052	0.052	0.052	0.052	0.052	0.052	0.052	0.052	0.052	0.052	0.052	0.075	0.082	0.082	0.082	0.082	0.082	0.082	0.082	
0.094	0.094	0.094	0.094	0.094	0.094	0.094	0.079	0.052	0.052	0.052	0.052	0.052	0.052	0.052	0.052	0.052	0.052	0.052	0.053	0.081	0.082	0.082	0.082	0.082	0.082	0.082	0.082	
0.094	0.094	0.094	0.094	0.094	0.094	0.094	0.087	0.052	0.052	0.052	0.052	0.052	0.052	0.052	0.052	0.052	0.052	0.052	0.057	0.082	0.082	0.082	0.082	0.082	0.082	0.082	0.082	
0.094	0.094	0.094	0.094	0.094	0.094	0.094	0.094	0.054	0.052	0.052	0.052	0.052	0.052	0.052	0.052	0.052	0.052	0.052	0.063	0.082	0.082	0.082	0.082	0.082	0.082	0.082	0.082	
0.094	0.094	0.094	0.094	0.094	0.094	0.094	0.094	0.061	0.052	0.052	0.052	0.052	0.052	0.052	0.052	0.052	0.052	0.052	0.069	0.082	0.082	0.082	0.082	0.082	0.082	0.082	0.082	
0.094	0.094	0.094	0.094	0.094	0.094	0.094	0.094	0.069	0.052	0.052	0.052	0.052	0.052	0.052	0.052	0.052	0.052	0.052	0.075	0.082	0.082	0.082	0.082	0.082	0.082	0.082	0.082	
0.094	0.094	0.094	0.094	0.094	0.094	0.094	0.094	0.077	0.052	0.052	0.052	0.052	0.052	0.052	0.052	0.052	0.052	0.053	0.081	0.082	0.082	0.082	0.082	0.082	0.082	0.082	0.082	
0.094	0.094	0.094	0.094	0.094	0.094	0.094	0.094	0.085	0.052	0.052	0.052	0.052	0.052	0.052	0.052	0.052	0.052	0.057	0.082	0.082	0.082	0.082	0.082	0.082	0.082	0.082	0.082	
0.117	0.094	0.094	0.094	0.094	0.094	0.094	0.094	0.092	0.053	0.052	0.052	0.052	0.052	0.052	0.052	0.052	0.052	0.064	0.082	0.082	0.082	0.082	0.082	0.082	0.082	0.082	0.082	
0.258	0.094	0.094	0.094	0.094	0.094	0.094	0.094	0.094	0.059	0.052	0.052	0.052	0.052	0.052	0.052	0.052	0.052	0.070	0.082	0.082	0.082	0.082	0.082	0.082	0.082	0.082	0.082	
0.375	0.136	0.094	0.094	0.094	0.094	0.094	0.094	0.094	0.067	0.052	0.052	0.052	0.052	0.052	0.052	0.052	0.052	0.076	0.082	0.082	0.082	0.082	0.082	0.082	0.082	0.082	0.082	
0.381	0.289	0.094	0.094	0.094	0.094	0.094	0.094	0.094	0.075	0.052	0.052	0.052	0.052	0.052	0.052	0.052	0.053	0.081	0.082	0.082	0.082	0.082	0.082	0.082	0.082	0.082	0.082	
0.381	0.380	0.161	0.094	0.094	0.094	0.094	0.094	0.094	0.083	0.052	0.052	0.052	0.052	0.052	0.052	0.052	0.058	0.082	0.082	0.082	0.082	0.082	0.082	0.082	0.082	0.082	0.122	
0.381	0.381	0.318	0.095	0.094	0.094	0.094	0.094	0.094	0.091	0.052	0.052	0.052	0.052	0.052	0.052	0.052	0.064	0.082	0.082	0.082	0.082	0.082	0.082	0.082	0.082	0.082	0.307	
0.381	0.381	0.381	0.192	0.094	0.094	0.094	0.094	0.094	0.094	0.057	0.052	0.052	0.052	0.052	0.052	0.052	0.070	0.082	0.082	0.082	0.082	0.082	0.082	0.082	0.082	0.156	0.433	
0.381	0.381	0.381	0.343	0.102	0.094	0.094	0.094	0.094	0.094	0.065	0.052	0.052	0.052	0.052	0.052	0.052	0.076	0.082	0.082	0.082	0.082	0.082	0.082	0.082	0.083	0.353	0.435	
0.381	0.381	0.381	0.381	0.222	0.094	0.094	0.094	0.094	0.094	0.073	0.052	0.052	0.052	0.052	0.052	0.053	0.081	0.082	0.082	0.082	0.082	0.082	0.082	0.082	0.201	0.435	0.435	
0.381	0.381	0.381	0.381	0.361	0.114	0.094	0.094	0.094	0.094	0.081	0.052	0.052	0.052	0.052	0.052	0.058	0.082	0.082	0.082	0.082	0.082	0.082	0.082	0.093	0.390	0.435	0.435	
0.381	0.381	0.381	0.381	0.381	0.253	0.094	0.094	0.094	0.094	0.089	0.052	0.052	0.052	0.052	0.052	0.064	0.082	0.082	0.082	0.082	0.082	0.082	0.082	0.390	0.435	0.435	0.435	
0.568	0.381	0.381	0.381	0.381	0.373	0.132	0.094	0.094	0.094	0.094	0.055	0.052	0.052	0.052	0.052	0.070	0.082	0.082	0.082	0.082	0.082	0.082	0.602	0.620	0.435	0.435	0.435	
0.937	0.517	0.381	0.381	0.381	0.381	0.284	0.094	0.094	0.094	0.094	0.063	0.052	0.052	0.052	0.052	0.076	0.082	0.082	0.082	0.082	0.082	0.431	1.212	0.435	0.435	0.435	0.435	
0.955	0.915	0.473	0.381	0.381	0.381	0.380	0.157	0.094	0.094	0.094	0.071	0.052	0.052	0.052	0.053	0.082	0.082	0.082	0.082	0.082	0.294	1.352	0.854	0.435	0.435	0.435	0.435	
0.962	0.955	0.885	0.438	0.381	0.381	0.381	0.314	0.095	0.094	0.094	0.079	0.052	0.052	0.052	0.591	0.082	0.082	0.082	0.082	0.191	1.256	1.409	0.500	0.435	0.435	0.435	0.435	
1.125	0.955	0.955	0.846	0.411	0.381	0.381	0.381	0.186	0.094	0.094	0.087	0.052	0.052	0.590	3.410	0.513	0.082	0.082	0.122	1.125	1.443	1.087	0.435	0.435	0.435	0.435	0.435	
1.272	1.035	0.955	0.955	0.799	0.393	0.381	0.381	0.339	0.100	0.094	0.788	1.975	0.989	3.191	3.699	1.659	0.082	0.087	0.961	1.443	1.443	0.699	0.435	0.435	0.435	0.435	0.435	
1.275	1.238	0.976	0.955	0.955	0.744	0.383	0.381	0.498	3.821	3.585	3.989	4.339	4.279	3.705	3.699	3.508	1.843	0.972	1.443	1.443	1.313	0.441	0.435	0.435	0.435	0.435	0.500	
1.275	1.275	1.166	0.955	0.955	0.955	0.722	1.112	2.381	4.446	4.446	4.397	4.339	4.578	4.998	4.571	4.613	4.618	2.781	1.443	1.546	1.438	0.435	0.435	0.435	0.435	0.762	1.502	
1.275	1.275	1.275	1.073	0.955	0.955	1.811	4.488	4.488	4.986	5.209	5.461	5.525	5.315	5.198	5.166	4.700	4.736	5.055	3.776	4.497	3.848	0.435	0.435	0.500	1.162	1.643	1.647	
1.275	1.275	1.275	1.257	2.331	1.908	3.076	4.507	4.491	5.749	5.862	5.686	5.587	5.864	5.735	5.628	5.688	5.283	5.216	5.046	4.775	4.774	2.029	0.866	1.502	1.647	1.647	1.647	
1.391	1.275	1.275	1.640	4.599	4.599	5.200	5.284	5.477	5.978	5.958	6.116	6.025	6.302	6.303	5.776	5.762	6.018	5.595	5.620	5.327	4.735	4.725	2.643	1.647	1.647	1.647	1.788	
3.557	2.485	1.515	3.058	4.617	4.647	5.314	5.350	5.831	6.027	6.087	6.157	6.524	6.939	6.568	6.529	6.301	6.321	6.152	5.740	5.734	4.758	4.725	3.486	1.648	1.911	2.389	2.725	
3.742	3.742	4.319	5.166	5.198	6.126	6.160	6.757	7.002	7.433	7.719	7.526	7.357	7.263	6.831	6.623	7.389	7.070	6.999	6.570	6.259	6.092	5.200	5.327	3.572	2.738	2.738	2.738	
3.742	3.742	4.358	5.166	5.303	6.257	6.308	7.129	7.242	8.026	7.951	7.805	5.467	4.255	3.316	4.761	7.769	7.664	7.144	7.030	6.385	6.385	5.362	5.327	3.858	2.738	2.738	2.738	
0.000	0.000	0.000	0.000	0.000	0.000	0.000	0.000	0.000	0.000	0.000	0.000	1.843	3.399	2.934	1.567	0.000	0.000	0.000	0.000	0.000	0.000	0.000	0.000	0.000	0.000	0.000	0.000	
0.000	0.000	0.000	0.000	0.000	0.000	0.000	0.000	0.000	0.000	0.000	0.000	0.854	3.384	2.934	0.734	0.000	0.000	0.000	0.000	0.000	0.000	0.000	0.000	0.000	0.000	0.000	0.000	
0.000	0.000	0.000	0.000	0.000	0.000	0.000	0.000	0.000	0.000	0.000	0.000	0.854	3.368	2.934	0.734	0.000	0.000	0.000	0.000	0.000	0.000	0.000	0.000	0.000	0.000	0.000	0.000	
0.000	0.000	0.000	0.000	0.000	0.000	0.000	0.000	0.000	0.000	0.000	0.000	0.854	3.353	2.934	0.734	0.000	0.000	0.000	0.000	0.000	0.000	0.000	0.000	0.000	0.000	0.000	0.000	
0.000	0.000	0.000	0.000	0.000	0.000	0.000	0.000	0.000	0.000	0.000	0.000	0.854	3.337	2.934	0.734	0.000	0.000	0.000	0.000	0.000	0.000	0.000	0.000	0.000	0.000	0.000	0.000	
