0.077	0.077	0.077	0.077	0.077	0.077	0.065	0.064	0.064	0.064	0.064	0.064	0.064	0.064	0.064	0.064	0.064	0.064	0.064	0.064	0.067	0.069	0.069	0.069	0.069	0.069	0.069	0.069	
0.077	0.077	0.077	0.077	0.077	0.077	0.067	0.064	0.064	0.064	0.064	0.064	0.064	0.064	0.064	0.064	0.064	0.064	0.064	0.064	0.067	0.069	0.069	0.069	0.069	0.069	0.069	0.069	
0.077	0.077	0.077	0.077	0.077	0.077	0.069	0.064	0.064	0.064	0.064	0.064	0.064	0.064	0.064	0.064	0.064	0.064	0.064	0.064	0.068	0.069	0.069	0.069	0.069	0.069	0.069	0.069	
0.077	0.077	0.077	0.077	0.077	0.077	0.071	0.064	0.064	0.064	0.064	0.064	0.064	0.064	0.064	0.064	0.064	0.064	0.064	0.064	0.068	0.069	0.069	0.069	0.069	0.069	0.069	0.069	
0.077	0.077	0.077	0.077	0.077	0.077	0.072	0.064	0.064	0.064	0.064	0.064	0.064	0.064	0.064	0.064	0.064	0.064	0.064	0.065	0.069	0.069	0.069	0.069	0.069	0.069	0.069	0.069	
0.077	0.077	0.077	0.077	0.077	0.077	0.074	0.064	0.064	0.064	0.064	0.064	0.064	0.064	0.064	0.064	0.064	0.064	0.064	0.065	0.069	0.069	0.069	0.069	0.069	0.069	0.069	0.069	
0.077	0.077	0.077	0.077	0.077	0.077	0.076	0.064	0.064	0.064	0.064	0.064	0.064	0.064	0.064	0.064	0.064	0.064	0.064	0.065	0.069	0.069	0.069	0.069	0.069	0.069	0.069	0.069	
0.077	0.077	0.077	0.077	0.077	0.077	0.077	0.065	0.064	0.064	0.064	0.064	0.064	0.064	0.064	0.064	0.064	0.064	0.064	0.066	0.069	0.069	0.069	0.069	0.069	0.069	0.069	0.069	
0.077	0.077	0.077	0.077	0.077	0.077	0.077	0.067	0.064	0.064	0.064	0.064	0.064	0.064	0.064	0.064	0.064	0.064	0.064	0.067	0.069	0.069	0.069	0.069	0.069	0.069	0.069	0.069	
0.077	0.077	0.077	0.077	0.077	0.077	0.077	0.069	0.064	0.064	0.064	0.064	0.064	0.064	0.064	0.064	0.064	0.064	0.064	0.067	0.069	0.069	0.069	0.069	0.069	0.069	0.069	0.069	
0.077	0.077	0.077	0.077	0.077	0.077	0.077	0.071	0.064	0.064	0.064	0.064	0.064	0.064	0.064	0.064	0.064	0.064	0.064	0.068	0.069	0.069	0.069	0.069	0.069	0.069	0.069	0.069	
0.077	0.077	0.077	0.077	0.077	0.077	0.077	0.072	0.064	0.064	0.064	0.064	0.064	0.064	0.064	0.064	0.064	0.064	0.064	0.068	0.069	0.069	0.069	0.069	0.069	0.069	0.069	0.069	
0.077	0.077	0.077	0.077	0.077	0.077	0.077	0.074	0.064	0.064	0.064	0.064	0.064	0.064	0.064	0.064	0.064	0.064	0.064	0.069	0.069	0.069	0.069	0.069	0.069	0.069	0.069	0.069	
0.077	0.077	0.077	0.077	0.077	0.077	0.077	0.076	0.064	0.064	0.064	0.064	0.064	0.064	0.064	0.064	0.064	0.064	0.065	0.069	0.069	0.069	0.069	0.069	0.069	0.069	0.069	0.069	
0.077	0.077	0.077	0.077	0.077	0.077	0.077	0.077	0.065	0.064	0.064	0.064	0.064	0.064	0.064	0.064	0.064	0.064	0.065	0.069	0.069	0.069	0.069	0.069	0.069	0.069	0.069	0.069	
0.077	0.077	0.077	0.077	0.077	0.077	0.077	0.077	0.067	0.064	0.064	0.064	0.064	0.064	0.064	0.064	0.064	0.064	0.066	0.069	0.069	0.069	0.069	0.069	0.069	0.069	0.069	0.069	
0.077	0.077	0.077	0.077	0.077	0.077	0.077	0.077	0.069	0.064	0.064	0.064	0.064	0.064	0.064	0.064	0.064	0.064	0.066	0.069	0.069	0.069	0.069	0.069	0.069	0.069	0.069	0.069	
0.077	0.077	0.077	0.077	0.077	0.077	0.077	0.077	0.071	0.064	0.064	0.064	0.064	0.064	0.064	0.064	0.064	0.064	0.067	0.069	0.069	0.069	0.069	0.069	0.069	0.069	0.069	0.069	
0.077	0.077	0.077	0.077	0.077	0.077	0.077	0.077	0.072	0.064	0.064	0.064	0.064	0.064	0.064	0.064	0.064	0.064	0.067	0.069	0.069	0.069	0.069	0.069	0.069	0.069	0.069	0.069	
0.077	0.077	0.077	0.077	0.077	0.077	0.077	0.077	0.074	0.064	0.064	0.064	0.064	0.064	0.064	0.064	0.064	0.064	0.068	0.069	0.069	0.069	0.069	0.069	0.069	0.069	0.069	0.069	
0.077	0.077	0.077	0.077	0.077	0.077	0.077	0.077	0.076	0.064	0.064	0.064	0.064	0.064	0.064	0.064	0.064	0.064	0.068	0.069	0.069	0.069	0.069	0.069	0.069	0.069	0.069	0.069	
0.077	0.077	0.077	0.077	0.077	0.077	0.077	0.077	0.077	0.065	0.064	0.064	0.064	0.064	0.064	0.064	0.064	0.065	0.069	0.069	0.069	0.069	0.069	0.069	0.069	0.069	0.069	0.069	
0.077	0.077	0.077	0.077	0.077	0.077	0.077	0.077	0.077	0.067	0.064	0.064	0.064	0.064	0.064	0.064	0.064	0.065	0.069	0.069	0.069	0.069	0.069	0.069	0.069	0.069	0.069	0.069	
0.077	0.077	0.077	0.077	0.077	0.077	0.077	0.077	0.077	0.069	0.064	0.064	0.064	0.064	0.064	0.064	0.064	0.066	0.069	0.069	0.069	0.069	0.069	0.069	0.069	0.069	0.069	0.069	
0.077	0.077	0.077	0.077	0.077	0.077	0.077	0.077	0.077	0.071	0.064	0.064	0.064	0.064	0.064	0.064	0.064	0.066	0.069	0.069	0.069	0.069	0.069	0.069	0.069	0.069	0.069	0.069	
0.077	0.077	0.077	0.077	0.077	0.077	0.077	0.077	0.077	0.072	0.064	0.064	0.064	0.064	0.064	0.064	0.064	0.067	0.069	0.069	0.069	0.069	0.069	0.069	0.069	0.069	0.069	0.069	
0.077	0.077	0.077	0.077	0.077	0.077	0.077	0.077	0.077	0.074	0.064	0.064	0.064	0.064	0.064	0.064	0.064	0.067	0.069	0.069	0.069	0.069	0.069	0.069	0.069	0.069	0.069	0.076	
0.123	0.077	0.077	0.077	0.077	0.077	0.077	0.077	0.077	0.076	0.064	0.064	0.064	0.064	0.064	0.064	0.064	0.068	0.069	0.069	0.069	0.069	0.069	0.069	0.069	0.069	0.069	0.191	
0.259	0.077	0.077	0.077	0.077	0.077	0.077	0.077	0.077	0.077	0.065	0.064	0.064	0.064	0.064	0.064	0.064	0.068	0.069	0.069	0.069	0.069	0.069	0.069	0.069	0.069	0.085	0.325	
0.327	0.147	0.077	0.077	0.077	0.077	0.077	0.077	0.077	0.077	0.067	0.064	0.064	0.064	0.064	0.064	0.064	0.069	0.069	0.069	0.069	0.069	0.069	0.069	0.069	0.069	0.212	0.347	
0.327	0.283	0.080	0.077	0.077	0.077	0.077	0.077	0.077	0.077	0.069	0.064	0.064	0.064	0.064	0.064	0.065	0.069	0.069	0.069	0.069	0.069	0.069	0.069	0.069	0.096	0.335	0.347	
0.327	0.327	0.174	0.077	0.077	0.077	0.077	0.077	0.077	0.077	0.071	0.064	0.064	0.064	0.064	0.064	0.065	0.069	0.069	0.069	0.069	0.069	0.069	0.069	0.069	0.234	0.347	0.347	
0.327	0.327	0.302	0.088	0.077	0.077	0.077	0.077	0.077	0.077	0.072	0.064	0.064	0.064	0.064	0.064	0.066	0.069	0.069	0.069	0.069	0.069	0.069	0.069	0.110	0.342	0.347	0.347	
0.327	0.327	0.327	0.201	0.077	0.077	0.077	0.077	0.077	0.077	0.074	0.064	0.064	0.064	0.064	0.064	0.066	0.069	0.069	0.069	0.069	0.069	0.069	0.069	0.255	0.347	0.347	0.347	
0.327	0.327	0.327	0.315	0.101	0.077	0.077	0.077	0.077	0.077	0.076	0.064	0.064	0.064	0.064	0.064	0.067	0.069	0.069	0.069	0.069	0.069	0.069	0.128	0.346	0.347	0.347	0.347	
0.327	0.327	0.327	0.327	0.228	0.077	0.077	0.077	0.077	0.077	0.077	0.065	0.064	0.064	0.064	0.064	0.067	0.069	0.069	0.069	0.069	0.069	0.069	0.277	0.347	0.347	0.347	0.347	
0.327	0.327	0.327	0.327	0.324	0.119	0.077	0.077	0.077	0.077	0.077	0.067	0.064	0.064	0.064	0.064	0.068	0.069	0.069	0.069	0.069	0.069	0.148	0.347	0.347	0.347	0.347	0.347	
0.327	0.327	0.327	0.327	0.327	0.255	0.077	0.077	0.077	0.077	0.077	0.069	0.064	0.064	0.064	0.064	0.068	0.069	0.069	0.069	0.069	0.071	0.296	0.347	0.347	0.347	0.347	0.347	
0.327	0.327	0.327	0.327	0.327	0.327	0.143	0.077	0.077	0.077	0.077	0.071	0.064	0.064	0.064	0.065	0.069	0.069	0.069	0.069	0.069	0.170	0.347	0.347	0.347	0.347	0.347	0.415	
0.327	0.327	0.327	0.327	0.327	0.327	0.279	0.079	0.077	0.077	0.077	0.072	0.064	0.064	0.064	0.065	0.069	0.069	0.069	0.069	0.076	0.312	0.347	0.347	0.347	0.347	0.404	0.705	
0.514	0.327	0.327	0.327	0.327	0.327	0.327	0.170	0.077	0.077	0.077	0.074	0.064	0.064	0.064	0.066	0.069	0.069	0.069	0.069	0.191	0.347	0.347	0.347	0.347	0.394	0.696	0.743	
0.926	0.640	0.333	0.327	0.327	0.327	0.327	0.299	0.086	0.077	0.077	0.076	0.064	0.064	0.064	0.066	0.069	0.069	0.069	0.085	0.325	0.347	0.347	0.347	0.385	0.686	0.743	0.743	
0.929	0.929	0.763	0.372	0.327	0.327	0.327	0.327	0.197	0.077	0.077	0.077	0.065	0.064	0.064	0.169	0.069	0.069	0.069	0.212	0.347	0.347	0.347	0.377	0.675	0.743	0.743	0.743	
0.929	0.929	0.929	0.853	0.445	0.327	0.327	0.327	0.314	0.098	0.077	0.077	0.067	0.064	1.347	3.610	0.261	0.069	0.096	0.335	0.347	0.347	0.370	0.663	0.743	0.743	0.743	0.743	
0.943	0.929	0.929	0.929	0.908	0.554	0.327	0.327	0.327	1.888	2.474	2.168	3.823	3.083	4.267	4.328	2.721	1.400	0.846	0.347	0.347	0.364	0.651	0.743	0.743	0.743	0.743	0.748	
1.127	1.016	0.931	0.929	0.929	0.929	0.683	0.342	0.377	4.194	4.754	4.595	4.308	4.308	4.390	4.482	4.439	4.445	3.537	0.565	0.359	0.637	0.743	0.743	0.743	0.743	0.865	1.147	
1.144	1.144	1.103	0.981	0.929	0.929	0.929	1.571	4.385	4.855	4.826	5.072	4.588	4.843	5.380	5.430	4.853	4.445	4.591	4.743	3.078	0.743	0.743	0.743	0.806	1.077	1.242	1.242	
1.144	1.144	1.144	1.144	1.071	0.954	0.929	2.897	4.917	4.917	5.369	5.493	5.614	5.760	5.590	5.425	5.258	4.952	4.858	4.783	4.317	1.059	0.766	1.003	1.226	1.242	1.242	1.242	
1.144	1.144	1.144	1.144	1.144	1.136	2.855	5.183	5.091	5.495	5.810	5.546	5.345	5.630	5.294	5.036	5.245	5.502	6.246	5.477	5.190	4.948	1.456	1.242	1.242	1.242	1.242	1.242	
1.144	1.144	1.144	1.144	1.144	1.144	3.604	5.197	5.197	5.866	5.878	5.430	4.281	4.283	4.385	4.426	5.101	5.970	6.336	5.951	5.215	5.215	1.668	1.242	1.242	1.242	1.242	1.242	
0.000	0.000	0.000	0.000	0.000	0.000	0.000	0.000	0.000	0.000	0.000	0.000	2.274	4.281	4.382	2.330	0.000	0.000	0.000	0.000	0.000	0.000	0.000	0.000	0.000	0.000	0.000	0.000	
0.000	0.000	0.000	0.000	0.000	0.000	0.000	0.000	0.000	0.000	0.000	0.000	1.070	4.281	4.379	1.097	0.000	0.000	0.000	0.000	0.000	0.000	0.000	0.000	0.000	0.000	0.000	0.000	
0.000	0.000	0.000	0.000	0.000	0.000	0.000	0.000	0.000	0.000	0.000	0.000	0.974	3.823	3.829	0.980	0.000	0.000	0.000	0.000	0.000	0.000	0.000	0.000	0.000	0.000	0.000	0.000	
0.000	0.000	0.000	0.000	0.000	0.000	0.000	0.000	0.000	0.000	0.000	0.000	0.916	3.663	3.663	0.916	0.000	0.000	0.000	0.000	0.000	0.000	0.000	0.000	0.000	0.000	0.000	0.000	
0.000	0.000	0.000	0.000	0.000	0.000	0.000	0.000	0.000	0.000	0.000	0.000	0.916	3.663	3.663	0.916	0.000	0.000	0.000	0.000	0.000	0.000	0.000	0.000	0.000	0.000	0.000	0.000	
