0.100	0.090	0.045	0.045	0.045	0.045	0.045	0.045	0.045	0.045	0.045	0.045	0.045	0.045	0.045	0.045	0.045	0.045	0.045	0.045	0.045	0.045	0.045	0.077	0.080	0.080	0.080	0.080	
0.100	0.099	0.047	0.045	0.045	0.045	0.045	0.045	0.045	0.045	0.045	0.045	0.045	0.045	0.045	0.045	0.045	0.045	0.045	0.045	0.045	0.045	0.048	0.080	0.080	0.080	0.080	0.080	
0.100	0.100	0.058	0.045	0.045	0.045	0.045	0.045	0.045	0.045	0.045	0.045	0.045	0.045	0.045	0.045	0.045	0.045	0.045	0.045	0.045	0.045	0.054	0.080	0.080	0.080	0.080	0.080	
0.100	0.100	0.070	0.045	0.045	0.045	0.045	0.045	0.045	0.045	0.045	0.045	0.045	0.045	0.045	0.045	0.045	0.045	0.045	0.045	0.045	0.045	0.060	0.080	0.080	0.080	0.080	0.080	
0.100	0.100	0.082	0.045	0.045	0.045	0.045	0.045	0.045	0.045	0.045	0.045	0.045	0.045	0.045	0.045	0.045	0.045	0.045	0.045	0.045	0.045	0.066	0.080	0.080	0.080	0.080	0.080	
0.100	0.100	0.093	0.045	0.045	0.045	0.045	0.045	0.045	0.045	0.045	0.045	0.045	0.045	0.045	0.045	0.045	0.045	0.045	0.045	0.045	0.045	0.073	0.080	0.080	0.080	0.080	0.080	
0.100	0.100	0.100	0.050	0.045	0.045	0.045	0.045	0.045	0.045	0.045	0.045	0.045	0.045	0.045	0.045	0.045	0.045	0.045	0.045	0.045	0.045	0.078	0.080	0.080	0.080	0.080	0.080	
0.100	0.100	0.100	0.062	0.045	0.045	0.045	0.045	0.045	0.045	0.045	0.045	0.045	0.045	0.045	0.045	0.045	0.045	0.045	0.045	0.045	0.050	0.080	0.080	0.080	0.080	0.080	0.080	
0.100	0.100	0.100	0.073	0.045	0.045	0.045	0.045	0.045	0.045	0.045	0.045	0.045	0.045	0.045	0.045	0.045	0.045	0.045	0.045	0.045	0.056	0.080	0.080	0.080	0.080	0.080	0.080	
0.100	0.100	0.100	0.085	0.045	0.045	0.045	0.045	0.045	0.045	0.045	0.045	0.045	0.045	0.045	0.045	0.045	0.045	0.045	0.045	0.045	0.062	0.080	0.080	0.080	0.080	0.080	0.080	
0.100	0.100	0.100	0.096	0.045	0.045	0.045	0.045	0.045	0.045	0.045	0.045	0.045	0.045	0.045	0.045	0.045	0.045	0.045	0.045	0.045	0.068	0.080	0.080	0.080	0.080	0.080	0.080	
0.100	0.100	0.100	0.100	0.053	0.045	0.045	0.045	0.045	0.045	0.045	0.045	0.045	0.045	0.045	0.045	0.045	0.045	0.045	0.045	0.045	0.074	0.080	0.080	0.080	0.080	0.080	0.080	
0.100	0.100	0.100	0.100	0.065	0.045	0.045	0.045	0.045	0.045	0.045	0.045	0.045	0.045	0.045	0.045	0.045	0.045	0.045	0.045	0.046	0.079	0.080	0.080	0.080	0.080	0.080	0.080	
0.100	0.100	0.100	0.100	0.077	0.045	0.045	0.045	0.045	0.045	0.045	0.045	0.045	0.045	0.045	0.045	0.045	0.045	0.045	0.045	0.052	0.080	0.080	0.080	0.080	0.080	0.080	0.080	
0.100	0.100	0.100	0.100	0.089	0.045	0.045	0.045	0.045	0.045	0.045	0.045	0.045	0.045	0.045	0.045	0.045	0.045	0.045	0.045	0.058	0.080	0.080	0.080	0.080	0.080	0.080	0.080	
0.100	0.100	0.100	0.100	0.099	0.047	0.045	0.045	0.045	0.045	0.045	0.045	0.045	0.045	0.045	0.045	0.045	0.045	0.045	0.045	0.064	0.080	0.080	0.080	0.080	0.080	0.080	0.080	
0.100	0.100	0.100	0.100	0.100	0.057	0.045	0.045	0.045	0.045	0.045	0.045	0.045	0.045	0.045	0.045	0.045	0.045	0.045	0.045	0.070	0.080	0.080	0.080	0.080	0.080	0.080	0.080	
0.100	0.100	0.100	0.100	0.100	0.069	0.045	0.045	0.045	0.045	0.045	0.045	0.045	0.045	0.045	0.045	0.045	0.045	0.045	0.045	0.076	0.080	0.080	0.080	0.080	0.080	0.080	0.080	
0.100	0.100	0.100	0.100	0.100	0.080	0.045	0.045	0.045	0.045	0.045	0.045	0.045	0.045	0.045	0.045	0.045	0.045	0.045	0.048	0.080	0.080	0.080	0.080	0.080	0.080	0.080	0.080	
0.100	0.100	0.100	0.100	0.100	0.092	0.045	0.045	0.045	0.045	0.045	0.045	0.045	0.045	0.045	0.045	0.045	0.045	0.045	0.054	0.080	0.080	0.080	0.080	0.080	0.080	0.080	0.080	
0.100	0.100	0.100	0.100	0.100	0.100	0.049	0.045	0.045	0.045	0.045	0.045	0.045	0.045	0.045	0.045	0.045	0.045	0.045	0.060	0.080	0.080	0.080	0.080	0.080	0.080	0.080	0.080	
0.100	0.100	0.100	0.100	0.100	0.100	0.061	0.045	0.045	0.045	0.045	0.045	0.045	0.045	0.045	0.045	0.045	0.045	0.045	0.066	0.080	0.080	0.080	0.080	0.080	0.080	0.080	0.080	
0.100	0.100	0.100	0.100	0.100	0.100	0.072	0.045	0.045	0.045	0.045	0.045	0.045	0.045	0.045	0.045	0.045	0.045	0.045	0.072	0.080	0.080	0.080	0.080	0.080	0.080	0.080	0.080	
0.100	0.100	0.100	0.100	0.100	0.100	0.084	0.045	0.045	0.045	0.045	0.045	0.045	0.045	0.045	0.045	0.045	0.045	0.045	0.078	0.080	0.080	0.080	0.080	0.080	0.080	0.080	0.080	
0.100	0.100	0.100	0.100	0.100	0.100	0.095	0.045	0.045	0.045	0.045	0.045	0.045	0.045	0.045	0.045	0.045	0.045	0.049	0.080	0.080	0.080	0.080	0.080	0.080	0.080	0.080	0.080	
0.100	0.100	0.100	0.100	0.100	0.100	0.100	0.052	0.045	0.045	0.045	0.045	0.045	0.045	0.045	0.045	0.045	0.045	0.056	0.080	0.080	0.080	0.080	0.080	0.080	0.080	0.080	0.080	
0.100	0.100	0.100	0.100	0.100	0.100	0.100	0.064	0.045	0.045	0.045	0.045	0.045	0.045	0.045	0.045	0.045	0.045	0.062	0.080	0.080	0.080	0.080	0.080	0.080	0.080	0.080	0.080	
0.100	0.100	0.100	0.100	0.100	0.100	0.100	0.076	0.045	0.045	0.045	0.045	0.045	0.045	0.045	0.045	0.045	0.045	0.068	0.080	0.080	0.080	0.080	0.080	0.080	0.080	0.080	0.080	
0.100	0.100	0.100	0.100	0.100	0.100	0.100	0.087	0.045	0.045	0.045	0.045	0.045	0.045	0.045	0.045	0.045	0.045	0.074	0.080	0.080	0.080	0.080	0.080	0.080	0.080	0.080	0.137	
0.100	0.100	0.100	0.100	0.100	0.100	0.100	0.098	0.046	0.045	0.045	0.045	0.045	0.045	0.045	0.045	0.045	0.046	0.079	0.080	0.080	0.080	0.080	0.080	0.080	0.080	0.080	0.276	
0.100	0.100	0.100	0.100	0.100	0.100	0.100	0.100	0.056	0.045	0.045	0.045	0.045	0.045	0.045	0.045	0.045	0.051	0.080	0.080	0.080	0.080	0.080	0.080	0.080	0.080	0.137	0.360	
0.100	0.100	0.100	0.100	0.100	0.100	0.100	0.100	0.068	0.045	0.045	0.045	0.045	0.045	0.045	0.045	0.045	0.058	0.080	0.080	0.080	0.080	0.080	0.080	0.080	0.080	0.276	0.361	
0.100	0.100	0.100	0.100	0.100	0.100	0.100	0.100	0.079	0.045	0.045	0.045	0.045	0.045	0.045	0.045	0.045	0.064	0.080	0.080	0.080	0.080	0.080	0.080	0.080	0.137	0.360	0.361	
0.100	0.100	0.100	0.100	0.100	0.100	0.100	0.100	0.091	0.045	0.045	0.045	0.045	0.045	0.045	0.045	0.045	0.070	0.080	0.080	0.080	0.080	0.080	0.080	0.080	0.276	0.361	0.361	
0.100	0.100	0.100	0.100	0.100	0.100	0.100	0.100	0.099	0.048	0.045	0.045	0.045	0.045	0.045	0.045	0.045	0.076	0.080	0.080	0.080	0.080	0.080	0.080	0.137	0.360	0.361	0.361	
0.100	0.100	0.100	0.100	0.100	0.100	0.100	0.100	0.100	0.059	0.045	0.045	0.045	0.045	0.045	0.045	0.047	0.080	0.080	0.080	0.080	0.080	0.080	0.080	0.276	0.361	0.361	0.361	
0.157	0.100	0.100	0.100	0.100	0.100	0.100	0.100	0.100	0.071	0.045	0.045	0.045	0.045	0.045	0.045	0.053	0.080	0.080	0.080	0.080	0.080	0.080	0.137	0.360	0.361	0.361	0.361	
0.687	0.164	0.100	0.100	0.100	0.100	0.100	0.100	0.100	0.083	0.045	0.045	0.045	0.045	0.045	0.045	0.459	0.080	0.080	0.080	0.080	0.080	0.080	0.276	0.361	0.361	0.361	0.361	
0.810	0.697	0.172	0.100	0.100	0.100	0.100	0.100	0.100	0.094	0.045	0.045	0.045	0.045	0.045	0.121	1.449	0.080	0.080	0.080	0.080	0.080	0.137	0.360	0.361	0.361	0.361	0.361	
0.810	0.810	0.707	0.180	0.100	0.100	0.100	0.100	0.100	0.100	0.051	0.045	0.045	0.045	0.045	0.886	1.761	0.080	0.080	0.080	0.080	0.080	0.276	0.361	0.361	0.361	0.361	0.361	
0.810	0.810	0.810	0.716	0.188	0.100	0.100	0.100	0.100	0.100	0.209	0.045	0.045	0.045	0.055	1.804	1.908	0.080	0.080	0.080	0.080	0.137	0.360	0.361	0.361	0.361	0.361	0.361	
0.851	0.810	0.810	0.810	0.725	0.197	0.100	0.100	0.100	0.105	2.706	0.412	0.045	0.045	0.643	2.144	2.056	0.080	0.080	0.080	0.080	0.276	0.361	0.361	0.361	0.361	0.361	0.361	
1.205	0.919	0.810	0.810	0.810	0.733	0.207	0.100	0.100	0.749	3.481	2.770	0.162	0.051	1.575	2.144	2.143	0.140	0.080	0.080	0.137	0.360	0.361	0.361	0.361	0.361	0.361	0.361	
1.248	1.241	1.017	0.812	0.810	0.810	0.741	0.217	0.108	1.955	3.481	3.482	4.347	4.609	3.019	2.144	2.421	1.474	0.122	1.450	1.756	0.361	0.361	0.361	0.361	0.361	0.402	0.826	
1.248	1.248	1.248	1.119	0.841	0.810	0.810	1.410	4.093	4.375	3.698	4.029	4.660	4.658	5.175	4.962	4.682	4.820	4.226	4.262	3.292	0.361	0.361	0.361	0.500	0.998	1.474	1.567	
1.299	1.248	1.248	1.248	1.194	0.903	0.823	2.698	4.515	4.515	4.984	5.147	5.147	5.420	5.474	5.442	4.984	4.820	4.530	4.262	4.172	0.726	0.654	1.171	1.549	1.567	1.567	1.569	
1.721	1.491	1.266	1.248	1.248	1.237	3.863	4.794	4.814	5.332	5.367	5.147	5.694	6.030	5.854	5.796	5.913	5.406	5.477	4.838	4.832	4.002	1.567	1.567	1.567	1.570	1.616	1.678	
1.743	1.743	1.686	1.424	1.250	1.567	4.727	4.796	5.255	5.782	5.767	5.904	6.166	6.133	6.372	6.117	6.029	5.662	5.543	5.160	4.861	4.529	1.640	1.570	1.619	1.680	1.697	1.697	
1.743	1.743	1.743	1.743	2.014	4.906	5.169	5.549	6.305	6.252	6.899	6.481	6.228	6.167	6.447	6.367	6.266	6.162	5.943	6.024	5.259	5.297	4.179	1.682	1.697	1.697	1.697	1.697	
1.743	1.743	1.743	1.743	2.373	5.201	5.201	5.999	6.370	6.738	7.175	6.704	4.242	3.746	3.567	3.997	6.338	6.333	6.143	6.143	5.571	5.318	4.710	1.697	1.697	1.697	1.697	1.697	
0.000	0.000	0.000	0.000	0.000	0.000	0.000	0.000	0.000	0.000	0.000	0.000	1.924	3.512	2.651	1.412	0.000	0.000	0.000	0.000	0.000	0.000	0.000	0.000	0.000	0.000	0.000	0.000	
0.000	0.000	0.000	0.000	0.000	0.000	0.000	0.000	0.000	0.000	0.000	0.000	0.906	3.424	2.651	0.663	0.000	0.000	0.000	0.000	0.000	0.000	0.000	0.000	0.000	0.000	0.000	0.000	
0.000	0.000	0.000	0.000	0.000	0.000	0.000	0.000	0.000	0.000	0.000	0.000	0.906	3.335	2.651	0.663	0.000	0.000	0.000	0.000	0.000	0.000	0.000	0.000	0.000	0.000	0.000	0.000	
0.000	0.000	0.000	0.000	0.000	0.000	0.000	0.000	0.000	0.000	0.000	0.000	0.906	3.247	2.651	0.663	0.000	0.000	0.000	0.000	0.000	0.000	0.000	0.000	0.000	0.000	0.000	0.000	
0.000	0.000	0.000	0.000	0.000	0.000	0.000	0.000	0.000	0.000	0.000	0.000	0.906	3.159	2.651	0.663	0.000	0.000	0.000	0.000	0.000	0.000	0.000	0.000	0.000	0.000	0.000	0.000	
