0.032	0.032	0.032	0.032	0.032	0.032	0.032	0.032	0.032	0.032	0.032	0.032	0.032	0.032	0.032	0.032	0.032	0.032	0.032	0.032	0.032	0.040	0.081	0.081	0.081	0.081	0.081	0.081	
0.032	0.032	0.032	0.032	0.032	0.032	0.032	0.032	0.032	0.032	0.032	0.032	0.032	0.032	0.032	0.032	0.032	0.032	0.032	0.032	0.032	0.049	0.081	0.081	0.081	0.081	0.081	0.081	
0.032	0.032	0.032	0.032	0.032	0.032	0.032	0.032	0.032	0.032	0.032	0.032	0.032	0.032	0.032	0.032	0.032	0.032	0.032	0.032	0.032	0.059	0.081	0.081	0.081	0.081	0.081	0.081	
0.032	0.032	0.032	0.032	0.032	0.032	0.032	0.032	0.032	0.032	0.032	0.032	0.032	0.032	0.032	0.032	0.032	0.032	0.032	0.032	0.032	0.068	0.081	0.081	0.081	0.081	0.081	0.081	
0.032	0.032	0.032	0.032	0.032	0.032	0.032	0.032	0.032	0.032	0.032	0.032	0.032	0.032	0.032	0.032	0.032	0.032	0.032	0.032	0.032	0.077	0.081	0.081	0.081	0.081	0.081	0.081	
0.032	0.032	0.032	0.032	0.032	0.032	0.032	0.032	0.032	0.032	0.032	0.032	0.032	0.032	0.032	0.032	0.032	0.032	0.032	0.032	0.037	0.081	0.081	0.081	0.081	0.081	0.081	0.081	
0.032	0.032	0.032	0.032	0.032	0.032	0.032	0.032	0.032	0.032	0.032	0.032	0.032	0.032	0.032	0.032	0.032	0.032	0.032	0.032	0.047	0.081	0.081	0.081	0.081	0.081	0.081	0.081	
0.032	0.032	0.032	0.032	0.032	0.032	0.032	0.032	0.032	0.032	0.032	0.032	0.032	0.032	0.032	0.032	0.032	0.032	0.032	0.032	0.056	0.081	0.081	0.081	0.081	0.081	0.081	0.081	
0.032	0.032	0.032	0.032	0.032	0.032	0.032	0.032	0.032	0.032	0.032	0.032	0.032	0.032	0.032	0.032	0.032	0.032	0.032	0.032	0.065	0.081	0.081	0.081	0.081	0.081	0.081	0.081	
0.032	0.032	0.032	0.032	0.032	0.032	0.032	0.032	0.032	0.032	0.032	0.032	0.032	0.032	0.032	0.032	0.032	0.032	0.032	0.032	0.075	0.081	0.081	0.081	0.081	0.081	0.081	0.081	
0.032	0.032	0.032	0.032	0.032	0.032	0.032	0.032	0.032	0.032	0.032	0.032	0.032	0.032	0.032	0.032	0.032	0.032	0.032	0.035	0.081	0.081	0.081	0.081	0.081	0.081	0.081	0.081	
0.032	0.032	0.032	0.032	0.032	0.032	0.032	0.032	0.032	0.032	0.032	0.032	0.032	0.032	0.032	0.032	0.032	0.032	0.032	0.044	0.081	0.081	0.081	0.081	0.081	0.081	0.081	0.082	
0.032	0.032	0.032	0.032	0.032	0.032	0.032	0.032	0.032	0.032	0.032	0.032	0.032	0.032	0.032	0.032	0.032	0.032	0.032	0.053	0.081	0.081	0.081	0.081	0.081	0.081	0.081	0.087	
0.032	0.032	0.032	0.032	0.032	0.032	0.032	0.032	0.032	0.032	0.032	0.032	0.032	0.032	0.032	0.032	0.032	0.032	0.032	0.063	0.081	0.081	0.081	0.081	0.081	0.081	0.081	0.097	
0.032	0.032	0.032	0.032	0.032	0.032	0.032	0.032	0.032	0.032	0.032	0.032	0.032	0.032	0.032	0.032	0.032	0.032	0.032	0.072	0.081	0.081	0.081	0.081	0.081	0.081	0.081	0.107	
0.032	0.032	0.032	0.032	0.032	0.032	0.032	0.032	0.032	0.032	0.032	0.032	0.032	0.032	0.032	0.032	0.032	0.032	0.033	0.080	0.081	0.081	0.081	0.081	0.081	0.081	0.085	0.112	
0.032	0.032	0.032	0.032	0.032	0.032	0.032	0.032	0.032	0.032	0.032	0.032	0.032	0.032	0.032	0.032	0.032	0.032	0.041	0.081	0.081	0.081	0.081	0.081	0.081	0.081	0.095	0.112	
0.032	0.032	0.032	0.032	0.032	0.032	0.032	0.032	0.032	0.032	0.032	0.032	0.032	0.032	0.032	0.032	0.032	0.032	0.051	0.081	0.081	0.081	0.081	0.081	0.081	0.081	0.105	0.112	
0.032	0.032	0.032	0.032	0.032	0.032	0.032	0.032	0.032	0.032	0.032	0.032	0.032	0.032	0.032	0.032	0.032	0.032	0.060	0.081	0.081	0.081	0.081	0.081	0.081	0.084	0.112	0.112	
0.032	0.032	0.032	0.032	0.032	0.032	0.032	0.032	0.032	0.032	0.032	0.032	0.032	0.032	0.032	0.032	0.032	0.032	0.070	0.081	0.081	0.081	0.081	0.081	0.081	0.093	0.112	0.112	
0.032	0.032	0.032	0.032	0.032	0.032	0.032	0.032	0.032	0.032	0.032	0.032	0.032	0.032	0.032	0.032	0.032	0.032	0.079	0.081	0.081	0.081	0.081	0.081	0.081	0.103	0.112	0.112	
0.032	0.032	0.032	0.032	0.032	0.032	0.032	0.032	0.032	0.032	0.032	0.032	0.032	0.032	0.032	0.032	0.032	0.039	0.081	0.081	0.081	0.081	0.081	0.081	0.083	0.111	0.112	0.112	
0.032	0.032	0.032	0.032	0.032	0.032	0.032	0.032	0.032	0.032	0.032	0.032	0.032	0.032	0.032	0.032	0.032	0.048	0.081	0.081	0.081	0.081	0.081	0.081	0.091	0.112	0.112	0.112	
0.032	0.032	0.032	0.032	0.032	0.032	0.032	0.032	0.032	0.032	0.032	0.032	0.032	0.032	0.032	0.032	0.032	0.058	0.081	0.081	0.081	0.081	0.081	0.081	0.100	0.112	0.112	0.112	
0.032	0.032	0.032	0.032	0.032	0.032	0.032	0.032	0.032	0.032	0.032	0.032	0.032	0.032	0.032	0.032	0.032	0.067	0.081	0.081	0.081	0.081	0.081	0.082	0.110	0.112	0.112	0.112	
0.032	0.032	0.032	0.032	0.032	0.032	0.032	0.032	0.032	0.032	0.032	0.032	0.032	0.032	0.032	0.032	0.032	0.077	0.081	0.081	0.081	0.081	0.081	0.089	0.112	0.112	0.112	0.112	
0.032	0.032	0.032	0.032	0.032	0.032	0.032	0.032	0.032	0.032	0.032	0.032	0.032	0.032	0.032	0.032	0.036	0.081	0.081	0.081	0.081	0.081	0.081	0.098	0.112	0.112	0.112	0.112	
0.032	0.032	0.032	0.032	0.032	0.032	0.032	0.032	0.032	0.032	0.032	0.032	0.032	0.032	0.032	0.032	0.046	0.081	0.081	0.081	0.081	0.081	0.081	0.108	0.112	0.112	0.112	0.112	
0.032	0.032	0.032	0.032	0.032	0.032	0.032	0.032	0.032	0.032	0.032	0.032	0.032	0.032	0.032	0.032	0.055	0.081	0.081	0.081	0.081	0.081	0.087	0.112	0.112	0.112	0.112	0.112	
0.032	0.032	0.032	0.032	0.032	0.032	0.032	0.032	0.032	0.032	0.032	0.032	0.032	0.032	0.032	0.032	0.065	0.081	0.081	0.081	0.081	0.081	0.096	0.112	0.112	0.112	0.112	0.112	
0.032	0.032	0.032	0.032	0.032	0.032	0.032	0.032	0.032	0.032	0.032	0.032	0.032	0.032	0.032	0.032	0.074	0.081	0.081	0.081	0.081	0.081	0.106	0.112	0.112	0.112	0.112	0.112	
0.032	0.032	0.032	0.032	0.032	0.032	0.032	0.032	0.032	0.032	0.032	0.032	0.032	0.032	0.032	0.034	0.081	0.081	0.081	0.081	0.081	0.085	0.112	0.112	0.112	0.112	0.112	0.112	
0.032	0.032	0.032	0.032	0.032	0.032	0.032	0.032	0.032	0.032	0.032	0.032	0.032	0.032	0.032	0.043	0.081	0.081	0.081	0.081	0.081	0.094	0.112	0.112	0.112	0.112	0.112	0.112	
0.032	0.032	0.032	0.032	0.032	0.032	0.032	0.032	0.032	0.032	0.032	0.032	0.032	0.032	0.032	0.053	0.081	0.081	0.081	0.081	0.081	0.104	0.112	0.112	0.112	0.112	0.112	0.112	
0.032	0.032	0.032	0.032	0.032	0.032	0.032	0.032	0.032	0.032	0.032	0.032	0.032	0.032	0.032	0.062	0.081	0.081	0.081	0.081	0.083	0.112	0.112	0.112	0.112	0.112	0.112	0.112	
0.032	0.032	0.032	0.032	0.032	0.032	0.032	0.032	0.032	0.032	0.032	0.032	0.032	0.032	0.032	0.071	0.081	0.081	0.081	0.081	0.092	0.112	0.112	0.112	0.112	0.112	0.112	0.112	
0.032	0.032	0.032	0.032	0.032	0.032	0.032	0.032	0.032	0.032	0.032	0.032	0.032	0.032	0.033	0.080	0.081	0.081	0.081	0.081	0.102	0.112	0.112	0.112	0.112	0.112	0.112	0.112	
0.032	0.032	0.032	0.032	0.032	0.032	0.032	0.032	0.032	0.032	0.032	0.032	0.032	0.032	0.041	0.081	0.081	0.081	0.081	0.082	0.111	0.112	0.112	0.112	0.112	0.112	0.112	0.112	
0.039	0.032	0.032	0.032	0.032	0.032	0.032	0.032	0.032	0.032	0.032	0.032	0.032	0.032	0.050	0.081	0.081	0.081	0.081	0.090	0.112	0.112	0.112	0.112	0.112	0.112	0.112	0.112	
0.270	0.051	0.032	0.032	0.032	0.032	0.032	0.032	0.032	0.032	0.032	0.032	0.032	0.032	0.059	0.081	0.081	0.081	0.081	0.100	0.112	0.112	0.112	0.112	0.112	0.112	0.112	0.112	
0.354	0.298	0.069	0.032	0.032	0.032	0.032	0.032	0.032	0.032	0.032	0.032	0.032	0.032	0.069	0.081	0.081	0.081	0.082	0.109	0.112	0.112	0.112	0.112	0.112	0.112	0.112	0.112	
0.354	0.354	0.321	0.092	0.032	0.032	0.032	0.032	0.032	0.032	0.032	0.032	0.032	0.032	0.078	0.081	0.081	0.081	0.088	0.112	0.112	0.112	0.112	0.112	0.112	0.112	0.112	0.112	
0.354	0.354	0.354	0.337	0.121	0.032	0.032	0.032	0.032	0.032	0.032	0.032	0.032	0.038	0.081	0.081	0.081	0.081	0.098	0.112	0.112	0.112	0.112	0.112	0.112	0.112	0.112	0.112	
0.354	0.354	0.354	0.354	0.349	0.156	0.032	0.032	0.032	0.032	0.032	0.032	0.032	0.047	0.081	0.081	0.081	0.081	0.107	0.112	0.112	0.112	0.112	0.112	0.112	0.112	0.112	0.112	
0.354	0.354	0.354	0.354	0.354	0.354	0.196	0.033	0.032	0.032	0.032	0.032	0.032	0.057	0.081	0.081	0.081	0.086	0.112	0.112	0.112	0.112	0.112	0.112	0.112	0.112	0.112	0.112	
0.354	0.354	0.354	0.354	0.354	0.354	0.354	0.235	0.039	0.032	0.032	0.032	0.032	0.066	0.081	0.081	0.081	0.363	0.112	0.112	0.112	0.112	0.112	0.112	0.112	0.112	0.112	0.112	
0.354	0.354	0.354	0.354	0.354	0.354	0.354	0.354	0.270	0.051	0.032	0.032	0.032	0.076	0.081	0.081	0.776	1.662	0.112	0.112	0.112	0.112	0.112	0.112	0.112	0.112	0.112	0.112	
0.354	0.354	0.354	0.354	0.354	0.354	0.354	0.354	0.354	0.298	0.069	0.032	0.215	0.086	0.081	0.336	2.713	1.769	0.112	0.112	0.112	0.112	0.112	0.112	0.112	0.112	0.112	0.112	
0.354	0.354	0.354	0.354	0.354	0.354	0.354	0.354	0.354	0.354	0.321	1.551	3.567	2.146	0.117	2.241	3.020	1.825	0.112	0.112	0.112	0.112	0.112	0.112	0.112	0.112	0.112	0.112	
0.354	0.354	0.354	0.354	0.354	0.354	0.354	0.354	0.354	0.354	0.354	3.140	3.844	3.844	2.800	3.020	3.020	1.881	0.112	0.112	0.112	0.112	0.112	0.112	0.112	0.112	0.112	0.112	
0.000	0.000	0.000	0.000	0.000	0.000	0.000	0.000	0.000	0.000	0.000	0.000	2.038	3.339	2.583	1.509	0.000	0.000	0.000	0.000	0.000	0.000	0.000	0.000	0.000	0.000	0.000	0.000	
0.000	0.000	0.000	0.000	0.000	0.000	0.000	0.000	0.000	0.000	0.000	0.000	0.570	2.241	2.241	0.560	0.000	0.000	0.000	0.000	0.000	0.000	0.000	0.000	0.000	0.000	0.000	0.000	
0.000	0.000	0.000	0.000	0.000	0.000	0.000	0.000	0.000	0.000	0.000	0.000	0.560	2.241	2.241	0.560	0.000	0.000	0.000	0.000	0.000	0.000	0.000	0.000	0.000	0.000	0.000	0.000	
0.000	0.000	0.000	0.000	0.000	0.000	0.000	0.000	0.000	0.000	0.000	0.000	0.560	2.241	2.241	0.560	0.000	0.000	0.000	0.000	0.000	0.000	0.000	0.000	0.000	0.000	0.000	0.000	
0.000	0.000	0.000	0.000	0.000	0.000	0.000	0.000	0.000	0.000	0.000	0.000	0.560	2.241	2.241	0.560	0.000	0.000	0.000	0.000	0.000	0.000	0.000	0.000	0.000	0.000	0.000	0.000	
