0.066	0.066	0.066	0.066	0.066	0.066	0.062	0.032	0.032	0.032	0.032	0.032	0.032	0.032	0.032	0.032	0.032	0.032	0.032	0.032	0.032	0.032	0.032	0.032	0.032	0.032	0.032	0.032	
0.066	0.066	0.066	0.066	0.066	0.066	0.065	0.034	0.032	0.032	0.032	0.032	0.032	0.032	0.032	0.032	0.032	0.032	0.032	0.032	0.032	0.032	0.032	0.032	0.032	0.032	0.032	0.032	
0.066	0.066	0.066	0.066	0.066	0.066	0.066	0.039	0.032	0.032	0.032	0.032	0.032	0.032	0.032	0.032	0.032	0.032	0.032	0.032	0.032	0.032	0.032	0.032	0.032	0.032	0.032	0.032	
0.066	0.066	0.066	0.066	0.066	0.066	0.066	0.043	0.032	0.032	0.032	0.032	0.032	0.032	0.032	0.032	0.032	0.032	0.032	0.032	0.032	0.032	0.032	0.032	0.032	0.032	0.032	0.032	
0.066	0.066	0.066	0.066	0.066	0.066	0.066	0.048	0.032	0.032	0.032	0.032	0.032	0.032	0.032	0.032	0.032	0.032	0.032	0.032	0.032	0.032	0.032	0.032	0.032	0.032	0.032	0.032	
0.066	0.066	0.066	0.066	0.066	0.066	0.066	0.053	0.032	0.032	0.032	0.032	0.032	0.032	0.032	0.032	0.032	0.032	0.032	0.032	0.032	0.032	0.032	0.032	0.032	0.032	0.032	0.032	
0.066	0.066	0.066	0.066	0.066	0.066	0.066	0.058	0.032	0.032	0.032	0.032	0.032	0.032	0.032	0.032	0.032	0.032	0.032	0.032	0.032	0.032	0.032	0.032	0.032	0.032	0.032	0.032	
0.066	0.066	0.066	0.066	0.066	0.066	0.066	0.063	0.032	0.032	0.032	0.032	0.032	0.032	0.032	0.032	0.032	0.032	0.032	0.032	0.032	0.032	0.032	0.032	0.032	0.032	0.032	0.032	
0.066	0.066	0.066	0.066	0.066	0.066	0.066	0.066	0.034	0.032	0.032	0.032	0.032	0.032	0.032	0.032	0.032	0.032	0.032	0.032	0.032	0.032	0.032	0.032	0.032	0.032	0.032	0.032	
0.066	0.066	0.066	0.066	0.066	0.066	0.066	0.066	0.039	0.032	0.032	0.032	0.032	0.032	0.032	0.032	0.032	0.032	0.032	0.032	0.032	0.032	0.032	0.032	0.032	0.032	0.032	0.032	
0.066	0.066	0.066	0.066	0.066	0.066	0.066	0.066	0.044	0.032	0.032	0.032	0.032	0.032	0.032	0.032	0.032	0.032	0.032	0.032	0.032	0.032	0.032	0.032	0.032	0.032	0.032	0.032	
0.066	0.066	0.066	0.066	0.066	0.066	0.066	0.066	0.049	0.032	0.032	0.032	0.032	0.032	0.032	0.032	0.032	0.032	0.032	0.032	0.032	0.032	0.032	0.032	0.032	0.032	0.032	0.032	
0.066	0.066	0.066	0.066	0.066	0.066	0.066	0.066	0.054	0.032	0.032	0.032	0.032	0.032	0.032	0.032	0.032	0.032	0.032	0.032	0.032	0.032	0.032	0.032	0.032	0.032	0.032	0.032	
0.066	0.066	0.066	0.066	0.066	0.066	0.066	0.066	0.059	0.032	0.032	0.032	0.032	0.032	0.032	0.032	0.032	0.032	0.032	0.032	0.032	0.032	0.032	0.032	0.032	0.032	0.032	0.032	
0.066	0.066	0.066	0.066	0.066	0.066	0.066	0.066	0.064	0.032	0.032	0.032	0.032	0.032	0.032	0.032	0.032	0.032	0.032	0.032	0.032	0.032	0.032	0.032	0.032	0.032	0.032	0.032	
0.066	0.066	0.066	0.066	0.066	0.066	0.066	0.066	0.066	0.035	0.032	0.032	0.032	0.032	0.032	0.032	0.032	0.032	0.032	0.032	0.032	0.032	0.032	0.032	0.032	0.032	0.032	0.032	
0.066	0.066	0.066	0.066	0.066	0.066	0.066	0.066	0.066	0.040	0.032	0.032	0.032	0.032	0.032	0.032	0.032	0.032	0.032	0.032	0.032	0.032	0.032	0.032	0.032	0.032	0.032	0.032	
0.066	0.066	0.066	0.066	0.066	0.066	0.066	0.066	0.066	0.045	0.032	0.032	0.032	0.032	0.032	0.032	0.032	0.032	0.032	0.032	0.032	0.032	0.032	0.032	0.032	0.032	0.032	0.032	
0.066	0.066	0.066	0.066	0.066	0.066	0.066	0.066	0.066	0.050	0.032	0.032	0.032	0.032	0.032	0.032	0.032	0.032	0.032	0.032	0.032	0.032	0.032	0.032	0.032	0.032	0.032	0.032	
0.066	0.066	0.066	0.066	0.066	0.066	0.066	0.066	0.066	0.055	0.032	0.032	0.032	0.032	0.032	0.032	0.032	0.032	0.032	0.032	0.032	0.032	0.032	0.032	0.032	0.032	0.032	0.032	
0.066	0.066	0.066	0.066	0.066	0.066	0.066	0.066	0.066	0.060	0.032	0.032	0.032	0.032	0.032	0.032	0.032	0.032	0.032	0.032	0.032	0.032	0.032	0.032	0.032	0.032	0.032	0.032	
0.066	0.066	0.066	0.066	0.066	0.066	0.066	0.066	0.066	0.064	0.032	0.032	0.032	0.032	0.032	0.032	0.032	0.032	0.032	0.032	0.032	0.032	0.032	0.032	0.032	0.032	0.032	0.032	
0.066	0.066	0.066	0.066	0.066	0.066	0.066	0.066	0.066	0.066	0.036	0.032	0.032	0.032	0.032	0.032	0.032	0.032	0.032	0.032	0.032	0.032	0.032	0.032	0.032	0.032	0.032	0.032	
0.066	0.066	0.066	0.066	0.066	0.066	0.066	0.066	0.066	0.066	0.041	0.032	0.032	0.032	0.032	0.032	0.032	0.032	0.032	0.032	0.032	0.032	0.032	0.032	0.032	0.032	0.032	0.032	
0.066	0.066	0.066	0.066	0.066	0.066	0.066	0.066	0.066	0.066	0.046	0.032	0.032	0.032	0.032	0.032	0.032	0.032	0.032	0.032	0.032	0.032	0.032	0.032	0.032	0.032	0.032	0.032	
0.090	0.066	0.066	0.066	0.066	0.066	0.066	0.066	0.066	0.066	0.050	0.032	0.032	0.032	0.032	0.032	0.032	0.032	0.032	0.032	0.032	0.032	0.032	0.032	0.032	0.032	0.032	0.032	
0.142	0.066	0.066	0.066	0.066	0.066	0.066	0.066	0.066	0.066	0.055	0.032	0.032	0.032	0.032	0.032	0.032	0.032	0.032	0.032	0.032	0.032	0.032	0.032	0.032	0.032	0.032	0.032	
0.182	0.077	0.066	0.066	0.066	0.066	0.066	0.066	0.066	0.066	0.060	0.032	0.032	0.032	0.032	0.032	0.032	0.032	0.032	0.032	0.032	0.032	0.032	0.032	0.032	0.032	0.032	0.032	
0.184	0.126	0.066	0.066	0.066	0.066	0.066	0.066	0.066	0.066	0.065	0.032	0.032	0.032	0.032	0.032	0.032	0.032	0.032	0.032	0.032	0.032	0.032	0.032	0.032	0.032	0.032	0.032	
0.184	0.174	0.069	0.066	0.066	0.066	0.066	0.066	0.066	0.066	0.066	0.036	0.032	0.032	0.032	0.032	0.032	0.032	0.032	0.032	0.032	0.032	0.032	0.032	0.032	0.032	0.032	0.032	
0.184	0.184	0.111	0.066	0.066	0.066	0.066	0.066	0.066	0.066	0.066	0.041	0.032	0.032	0.032	0.032	0.032	0.032	0.032	0.032	0.032	0.032	0.032	0.032	0.032	0.032	0.032	0.032	
0.184	0.184	0.162	0.066	0.066	0.066	0.066	0.066	0.066	0.066	0.066	0.046	0.032	0.032	0.032	0.032	0.032	0.032	0.032	0.032	0.032	0.032	0.032	0.032	0.032	0.032	0.032	0.032	
0.184	0.184	0.184	0.095	0.066	0.066	0.066	0.066	0.066	0.066	0.066	0.051	0.032	0.032	0.032	0.032	0.032	0.032	0.032	0.032	0.032	0.032	0.032	0.032	0.032	0.032	0.032	0.032	
0.184	0.184	0.184	0.147	0.066	0.066	0.066	0.066	0.066	0.066	0.066	0.056	0.032	0.032	0.032	0.032	0.032	0.032	0.032	0.032	0.032	0.032	0.032	0.032	0.032	0.032	0.032	0.032	
0.184	0.184	0.184	0.183	0.081	0.066	0.066	0.066	0.066	0.066	0.066	0.061	0.032	0.032	0.032	0.032	0.032	0.032	0.032	0.032	0.032	0.032	0.032	0.032	0.032	0.032	0.032	0.032	
0.184	0.184	0.184	0.184	0.131	0.066	0.066	0.066	0.066	0.066	0.066	0.065	0.033	0.032	0.032	0.032	0.032	0.032	0.032	0.032	0.032	0.032	0.032	0.032	0.032	0.032	0.032	0.032	
0.184	0.184	0.184	0.184	0.177	0.071	0.066	0.066	0.066	0.066	0.066	0.066	0.037	0.032	0.032	0.032	0.032	0.032	0.032	0.032	0.032	0.032	0.032	0.032	0.032	0.032	0.032	0.032	
0.184	0.184	0.184	0.184	0.184	0.116	0.066	0.066	0.066	0.066	0.066	0.066	0.042	0.032	0.032	0.032	0.032	0.032	0.032	0.032	0.032	0.032	0.032	0.032	0.032	0.032	0.032	0.149	
0.184	0.184	0.184	0.184	0.184	0.167	0.066	0.066	0.066	0.066	0.066	0.066	0.047	0.032	0.032	0.032	0.032	0.032	0.032	0.032	0.032	0.032	0.032	0.032	0.032	0.032	0.142	0.307	
0.184	0.184	0.184	0.184	0.184	0.184	0.100	0.066	0.066	0.066	0.066	0.066	0.052	0.032	0.032	0.032	0.032	0.032	0.032	0.032	0.032	0.032	0.032	0.032	0.032	0.136	0.306	0.308	
0.184	0.184	0.184	0.184	0.184	0.184	0.152	0.066	0.066	0.066	0.066	0.066	0.057	0.032	0.032	0.032	0.032	0.032	0.032	0.032	0.032	0.032	0.032	0.032	0.129	0.305	0.308	0.308	
0.184	0.184	0.184	0.184	0.184	0.184	0.184	0.085	0.066	0.066	0.066	0.066	0.167	0.045	0.032	0.032	0.032	0.032	0.032	0.032	0.032	0.032	0.032	0.122	0.304	0.308	0.308	0.308	
0.184	0.184	0.184	0.184	0.184	0.184	0.184	0.137	0.066	0.066	0.066	0.066	0.395	0.507	0.032	0.032	0.032	0.032	0.032	0.032	0.032	0.032	0.116	0.302	0.308	0.308	0.308	0.308	
0.184	0.184	0.184	0.184	0.184	0.184	0.184	0.180	0.074	0.066	0.066	0.066	0.478	1.185	0.032	0.032	0.032	0.032	0.032	0.032	0.032	0.110	0.301	0.308	0.308	0.308	0.308	0.308	
0.184	0.184	0.184	0.184	0.184	0.184	0.184	0.184	0.121	0.066	0.066	0.066	0.562	1.850	0.045	0.032	0.032	0.032	0.032	0.032	0.105	0.299	0.308	0.308	0.308	0.308	0.308	0.308	
0.184	0.184	0.184	0.184	0.184	0.184	0.184	0.184	0.171	0.067	0.066	0.066	0.645	2.067	0.507	0.032	0.032	0.032	0.032	0.099	0.297	0.308	0.308	0.308	0.308	0.308	0.308	0.308	
0.184	0.184	0.184	0.184	0.184	0.184	0.184	0.184	0.184	0.106	0.066	0.066	0.729	2.067	1.185	0.032	0.032	0.032	0.094	0.294	0.308	0.308	0.308	0.308	0.308	0.308	0.308	0.308	
0.184	0.184	0.184	0.184	0.184	0.184	0.184	0.184	0.184	0.157	0.066	0.066	0.812	2.067	1.850	0.045	0.032	0.089	0.292	0.308	0.308	0.308	0.308	0.308	0.308	0.308	0.308	0.308	
0.184	0.184	0.184	0.184	0.184	0.184	0.184	0.184	0.184	0.184	0.090	0.066	0.895	2.067	2.067	0.507	0.084	0.289	0.308	0.308	0.308	0.308	0.308	0.308	0.308	0.308	0.308	0.308	
0.184	0.184	0.184	0.184	0.184	0.184	0.184	0.184	0.184	0.184	0.142	0.066	1.204	2.401	2.518	2.103	0.329	0.308	0.308	0.308	0.308	0.308	0.308	0.308	0.308	0.308	0.308	0.308	
0.000	0.000	0.000	0.000	0.000	0.000	0.000	0.000	0.000	0.000	0.000	0.000	1.449	2.814	2.814	1.495	0.000	0.000	0.000	0.000	0.000	0.000	0.000	0.000	0.000	0.000	0.000	0.000	
0.000	0.000	0.000	0.000	0.000	0.000	0.000	0.000	0.000	0.000	0.000	0.000	0.703	2.814	2.814	0.703	0.000	0.000	0.000	0.000	0.000	0.000	0.000	0.000	0.000	0.000	0.000	0.000	
0.000	0.000	0.000	0.000	0.000	0.000	0.000	0.000	0.000	0.000	0.000	0.000	0.868	3.418	3.329	0.818	0.000	0.000	0.000	0.000	0.000	0.000	0.000	0.000	0.000	0.000	0.000	0.000	
0.000	0.000	0.000	0.000	0.000	0.000	0.000	0.000	0.000	0.000	0.000	0.000	1.029	4.115	4.115	1.029	0.000	0.000	0.000	0.000	0.000	0.000	0.000	0.000	0.000	0.000	0.000	0.000	
0.000	0.000	0.000	0.000	0.000	0.000	0.000	0.000	0.000	0.000	0.000	0.000	1.029	4.115	4.115	1.029	0.000	0.000	0.000	0.000	0.000	0.000	0.000	0.000	0.000	0.000	0.000	0.000	
