0.081	0.081	0.081	0.081	0.081	0.060	0.049	0.049	0.049	0.049	0.049	0.049	0.049	0.049	0.049	0.049	0.049	0.049	0.049	0.049	0.049	0.049	0.049	0.049	0.049	0.132	0.144	0.144	
0.081	0.081	0.081	0.081	0.081	0.064	0.049	0.049	0.049	0.049	0.049	0.049	0.049	0.049	0.049	0.049	0.049	0.049	0.049	0.049	0.049	0.049	0.049	0.049	0.058	0.144	0.144	0.144	
0.081	0.081	0.081	0.081	0.081	0.069	0.049	0.049	0.049	0.049	0.049	0.049	0.049	0.049	0.049	0.049	0.049	0.049	0.049	0.049	0.049	0.049	0.049	0.049	0.080	0.144	0.144	0.144	
0.081	0.081	0.081	0.081	0.081	0.074	0.049	0.049	0.049	0.049	0.049	0.049	0.049	0.049	0.049	0.049	0.049	0.049	0.049	0.049	0.049	0.049	0.049	0.049	0.101	0.144	0.144	0.144	
0.081	0.081	0.081	0.081	0.081	0.078	0.049	0.049	0.049	0.049	0.049	0.049	0.049	0.049	0.049	0.049	0.049	0.049	0.049	0.049	0.049	0.049	0.049	0.049	0.123	0.144	0.144	0.144	
0.081	0.081	0.081	0.081	0.081	0.081	0.051	0.049	0.049	0.049	0.049	0.049	0.049	0.049	0.049	0.049	0.049	0.049	0.049	0.049	0.049	0.049	0.049	0.052	0.141	0.144	0.144	0.144	
0.081	0.081	0.081	0.081	0.081	0.081	0.055	0.049	0.049	0.049	0.049	0.049	0.049	0.049	0.049	0.049	0.049	0.049	0.049	0.049	0.049	0.049	0.049	0.070	0.144	0.144	0.144	0.144	
0.081	0.081	0.081	0.081	0.081	0.081	0.060	0.049	0.049	0.049	0.049	0.049	0.049	0.049	0.049	0.049	0.049	0.049	0.049	0.049	0.049	0.049	0.049	0.092	0.144	0.144	0.144	0.145	
0.081	0.081	0.081	0.081	0.081	0.081	0.064	0.049	0.049	0.049	0.049	0.049	0.049	0.049	0.049	0.049	0.049	0.049	0.049	0.049	0.049	0.049	0.049	0.113	0.144	0.144	0.144	0.149	
0.081	0.081	0.081	0.081	0.081	0.081	0.069	0.049	0.049	0.049	0.049	0.049	0.049	0.049	0.049	0.049	0.049	0.049	0.049	0.049	0.049	0.049	0.049	0.135	0.144	0.144	0.144	0.153	
0.081	0.081	0.081	0.081	0.081	0.081	0.074	0.049	0.049	0.049	0.049	0.049	0.049	0.049	0.049	0.049	0.049	0.049	0.049	0.049	0.049	0.049	0.061	0.144	0.144	0.144	0.144	0.157	
0.081	0.081	0.081	0.081	0.081	0.081	0.078	0.049	0.049	0.049	0.049	0.049	0.049	0.049	0.049	0.049	0.049	0.049	0.049	0.049	0.049	0.049	0.083	0.144	0.144	0.144	0.144	0.160	
0.081	0.081	0.081	0.081	0.081	0.081	0.081	0.051	0.049	0.049	0.049	0.049	0.049	0.049	0.049	0.049	0.049	0.049	0.049	0.049	0.049	0.049	0.104	0.144	0.144	0.144	0.148	0.160	
0.081	0.081	0.081	0.081	0.081	0.081	0.081	0.055	0.049	0.049	0.049	0.049	0.049	0.049	0.049	0.049	0.049	0.049	0.049	0.049	0.049	0.049	0.126	0.144	0.144	0.144	0.152	0.160	
0.081	0.081	0.081	0.081	0.081	0.081	0.081	0.060	0.049	0.049	0.049	0.049	0.049	0.049	0.049	0.049	0.049	0.049	0.049	0.049	0.049	0.053	0.143	0.144	0.144	0.144	0.156	0.160	
0.081	0.081	0.081	0.081	0.081	0.081	0.081	0.064	0.049	0.049	0.049	0.049	0.049	0.049	0.049	0.049	0.049	0.049	0.049	0.049	0.049	0.073	0.144	0.144	0.144	0.144	0.159	0.160	
0.081	0.081	0.081	0.081	0.081	0.081	0.081	0.069	0.049	0.049	0.049	0.049	0.049	0.049	0.049	0.049	0.049	0.049	0.049	0.049	0.049	0.095	0.144	0.144	0.144	0.147	0.160	0.160	
0.081	0.081	0.081	0.081	0.081	0.081	0.081	0.074	0.049	0.049	0.049	0.049	0.049	0.049	0.049	0.049	0.049	0.049	0.049	0.049	0.049	0.116	0.144	0.144	0.144	0.151	0.160	0.160	
0.081	0.081	0.081	0.081	0.081	0.081	0.081	0.078	0.049	0.049	0.049	0.049	0.049	0.049	0.049	0.049	0.049	0.049	0.049	0.049	0.049	0.137	0.144	0.144	0.144	0.155	0.160	0.160	
0.081	0.081	0.081	0.081	0.081	0.081	0.081	0.081	0.051	0.049	0.049	0.049	0.049	0.049	0.049	0.049	0.049	0.049	0.049	0.049	0.064	0.144	0.144	0.144	0.144	0.159	0.160	0.160	
0.081	0.081	0.081	0.081	0.081	0.081	0.081	0.081	0.055	0.049	0.049	0.049	0.049	0.049	0.049	0.049	0.049	0.049	0.049	0.049	0.085	0.144	0.144	0.144	0.146	0.160	0.160	0.160	
0.081	0.081	0.081	0.081	0.081	0.081	0.081	0.081	0.060	0.049	0.049	0.049	0.049	0.049	0.049	0.049	0.049	0.049	0.049	0.049	0.107	0.144	0.144	0.144	0.150	0.160	0.160	0.160	
0.081	0.081	0.081	0.081	0.081	0.081	0.081	0.081	0.064	0.049	0.049	0.049	0.049	0.049	0.049	0.049	0.049	0.049	0.049	0.049	0.128	0.144	0.144	0.144	0.154	0.160	0.160	0.160	
0.081	0.081	0.081	0.081	0.081	0.081	0.081	0.081	0.069	0.049	0.049	0.049	0.049	0.049	0.049	0.049	0.049	0.049	0.049	0.055	0.143	0.144	0.144	0.144	0.158	0.160	0.160	0.160	
0.081	0.081	0.081	0.081	0.081	0.081	0.081	0.081	0.074	0.049	0.049	0.049	0.049	0.049	0.049	0.049	0.049	0.049	0.049	0.076	0.144	0.144	0.144	0.145	0.160	0.160	0.160	0.160	
0.081	0.081	0.081	0.081	0.081	0.081	0.081	0.081	0.078	0.049	0.049	0.049	0.049	0.049	0.049	0.049	0.049	0.049	0.049	0.098	0.144	0.144	0.144	0.149	0.160	0.160	0.160	0.160	
0.081	0.081	0.081	0.081	0.081	0.081	0.081	0.081	0.081	0.051	0.049	0.049	0.049	0.049	0.049	0.049	0.049	0.049	0.049	0.119	0.144	0.144	0.144	0.153	0.160	0.160	0.160	0.160	
0.081	0.081	0.081	0.081	0.081	0.081	0.081	0.081	0.081	0.055	0.049	0.049	0.049	0.049	0.049	0.049	0.049	0.049	0.050	0.139	0.144	0.144	0.144	0.157	0.160	0.160	0.160	0.160	
0.081	0.081	0.081	0.081	0.081	0.081	0.081	0.081	0.081	0.060	0.049	0.049	0.049	0.049	0.049	0.049	0.049	0.049	0.067	0.144	0.144	0.144	0.144	0.160	0.160	0.160	0.160	0.160	
0.103	0.081	0.081	0.081	0.081	0.081	0.081	0.081	0.081	0.064	0.049	0.049	0.049	0.049	0.049	0.049	0.049	0.049	0.099	0.144	0.144	0.144	0.148	0.160	0.160	0.160	0.160	0.160	
0.269	0.081	0.081	0.081	0.081	0.081	0.081	0.081	0.081	0.069	0.049	0.049	0.049	0.049	0.049	0.049	0.049	0.049	0.272	0.144	0.144	0.144	0.152	0.160	0.160	0.160	0.160	0.160	
0.396	0.148	0.081	0.081	0.081	0.081	0.081	0.081	0.081	0.074	0.049	0.049	0.049	0.049	0.049	0.049	0.049	0.109	0.428	0.144	0.144	0.144	0.156	0.160	0.160	0.160	0.160	0.160	
0.399	0.335	0.084	0.081	0.081	0.081	0.081	0.081	0.081	0.078	0.049	0.049	0.049	0.049	0.049	0.049	0.049	0.419	0.333	0.144	0.144	0.144	0.159	0.160	0.160	0.160	0.160	0.160	
0.399	0.399	0.214	0.081	0.081	0.081	0.081	0.081	0.081	0.081	0.051	0.049	0.049	0.049	0.049	0.049	0.049	0.757	0.211	0.144	0.144	0.147	0.160	0.160	0.160	0.160	0.160	0.160	
0.399	0.399	0.379	0.110	0.081	0.081	0.081	0.081	0.081	0.081	0.055	0.049	0.049	0.049	0.049	0.049	0.078	1.010	0.144	0.144	0.144	0.151	0.160	0.160	0.160	0.160	0.160	0.160	
0.399	0.399	0.399	0.283	0.081	0.081	0.081	0.081	0.081	0.081	0.060	0.049	0.049	0.049	0.049	0.049	0.359	0.945	0.144	0.144	0.144	0.155	0.160	0.160	0.160	0.160	0.160	0.160	
0.399	0.399	0.399	0.398	0.160	0.081	0.081	0.081	0.081	0.081	0.064	0.049	0.049	0.049	0.049	0.049	0.697	0.823	0.144	0.144	0.144	0.159	0.160	0.160	0.160	0.160	0.160	0.160	
0.399	0.399	0.399	0.399	0.346	0.088	0.081	0.081	0.081	0.081	0.069	0.049	0.049	0.049	0.049	0.059	1.025	0.700	0.144	0.144	0.146	0.160	0.160	0.160	0.160	0.160	0.160	0.160	
0.399	0.399	0.399	0.399	0.399	0.228	0.081	0.081	0.081	0.081	0.074	0.049	0.049	0.049	0.049	0.300	1.122	0.578	0.144	0.144	0.150	0.160	0.160	0.160	0.160	0.160	0.160	0.160	
0.399	0.399	0.399	0.399	0.399	0.385	0.118	0.081	0.081	0.081	0.078	0.049	0.049	0.049	0.049	0.638	1.122	0.456	0.144	0.144	0.154	0.160	0.160	0.160	0.160	0.160	0.160	0.183	
0.506	0.399	0.399	0.399	0.399	0.399	0.297	0.081	0.081	0.081	0.081	0.051	0.049	0.049	0.049	0.975	1.122	0.333	0.144	0.144	0.158	0.160	0.160	0.160	0.160	0.160	0.199	0.689	
0.949	0.607	0.399	0.399	0.399	0.399	0.399	0.173	0.081	0.081	0.081	0.055	0.049	0.049	0.240	1.122	1.122	0.211	0.144	0.145	0.160	0.160	0.160	0.160	0.160	0.219	0.725	0.866	
0.970	0.970	0.729	0.412	0.399	0.399	0.399	0.356	0.092	0.081	0.081	0.060	0.049	0.049	0.578	1.122	1.067	0.144	0.144	0.149	0.160	0.160	0.160	0.160	0.243	0.757	0.866	0.866	
0.970	0.970	0.970	0.839	0.457	0.399	0.399	0.399	0.242	0.081	0.081	0.064	0.049	0.058	0.932	1.122	0.945	0.144	0.144	0.153	0.160	0.160	0.160	0.271	0.785	0.866	0.866	0.866	
0.984	0.970	0.970	0.970	0.916	0.536	0.399	0.399	0.390	0.240	1.820	3.452	2.603	4.177	3.014	1.122	0.823	0.144	0.144	0.157	0.160	0.160	0.303	0.808	0.866	0.866	0.866	0.866	
1.171	1.051	0.971	0.970	0.970	0.959	0.647	0.400	0.974	3.316	4.183	4.183	4.584	4.880	4.836	3.311	3.281	2.945	2.394	0.947	0.162	0.339	0.828	0.866	0.866	0.866	0.866	0.956	
1.192	1.192	1.138	1.008	0.970	0.970	0.970	2.293	4.413	4.446	4.607	4.545	4.893	4.971	4.607	4.444	4.486	4.538	4.583	4.805	4.134	0.903	0.866	0.866	0.866	0.989	1.244	1.408	
1.192	1.192	1.192	1.188	1.092	0.981	0.990	3.395	4.459	4.599	5.669	5.648	5.055	5.046	4.644	4.446	4.770	4.606	4.812	4.805	4.821	1.722	0.868	1.026	1.280	1.411	1.411	1.411	
1.192	1.192	1.192	1.192	1.192	1.168	3.816	5.142	5.154	5.995	5.865	5.638	5.011	4.931	4.546	5.421	5.938	5.868	5.815	5.314	5.187	5.032	1.699	1.411	1.411	1.411	1.411	1.411	
1.192	1.192	1.192	1.192	1.192	1.192	4.577	5.142	5.524	6.192	6.191	5.281	4.845	4.763	4.459	5.058	5.938	5.876	5.827	5.622	5.240	5.240	2.013	1.411	1.411	1.411	1.411	1.411	
0.000	0.000	0.000	0.000	0.000	0.000	0.000	0.000	0.000	0.000	0.000	0.000	2.574	4.743	4.459	2.391	0.000	0.000	0.000	0.000	0.000	0.000	0.000	0.000	0.000	0.000	0.000	0.000	
0.000	0.000	0.000	0.000	0.000	0.000	0.000	0.000	0.000	0.000	0.000	0.000	1.111	4.059	3.981	1.035	0.000	0.000	0.000	0.000	0.000	0.000	0.000	0.000	0.000	0.000	0.000	0.000	
0.000	0.000	0.000	0.000	0.000	0.000	0.000	0.000	0.000	0.000	0.000	0.000	0.751	3.002	3.002	0.750	0.000	0.000	0.000	0.000	0.000	0.000	0.000	0.000	0.000	0.000	0.000	0.000	
0.000	0.000	0.000	0.000	0.000	0.000	0.000	0.000	0.000	0.000	0.000	0.000	0.751	3.002	3.002	0.750	0.000	0.000	0.000	0.000	0.000	0.000	0.000	0.000	0.000	0.000	0.000	0.000	
0.000	0.000	0.000	0.000	0.000	0.000	0.000	0.000	0.000	0.000	0.000	0.000	0.751	3.002	3.002	0.750	0.000	0.000	0.000	0.000	0.000	0.000	0.000	0.000	0.000	0.000	0.000	0.000	
