0.049	0.049	0.049	0.049	0.049	0.049	0.049	0.049	0.049	0.049	0.049	0.049	0.049	0.049	0.047	0.047	0.047	0.047	0.047	0.047	0.047	0.047	0.047	0.047	0.047	0.047	0.047	0.047	
0.049	0.049	0.049	0.049	0.049	0.049	0.049	0.049	0.049	0.049	0.049	0.049	0.049	0.049	0.047	0.047	0.047	0.047	0.047	0.047	0.047	0.047	0.047	0.047	0.047	0.047	0.047	0.047	
0.049	0.049	0.049	0.049	0.049	0.049	0.049	0.049	0.049	0.049	0.049	0.049	0.049	0.049	0.047	0.047	0.047	0.047	0.047	0.047	0.047	0.047	0.047	0.047	0.047	0.047	0.047	0.047	
0.049	0.049	0.049	0.049	0.049	0.049	0.049	0.049	0.049	0.049	0.049	0.049	0.049	0.049	0.047	0.047	0.047	0.047	0.047	0.047	0.047	0.047	0.047	0.047	0.047	0.047	0.047	0.047	
0.049	0.049	0.049	0.049	0.049	0.049	0.049	0.049	0.049	0.049	0.049	0.049	0.049	0.049	0.047	0.047	0.047	0.047	0.047	0.047	0.047	0.047	0.047	0.047	0.047	0.047	0.047	0.047	
0.049	0.049	0.049	0.049	0.049	0.049	0.049	0.049	0.049	0.049	0.049	0.049	0.049	0.049	0.047	0.047	0.047	0.047	0.047	0.047	0.047	0.047	0.047	0.047	0.047	0.047	0.047	0.047	
0.049	0.049	0.049	0.049	0.049	0.049	0.049	0.049	0.049	0.049	0.049	0.049	0.049	0.049	0.047	0.047	0.047	0.047	0.047	0.047	0.047	0.047	0.047	0.047	0.047	0.047	0.047	0.047	
0.049	0.049	0.049	0.049	0.049	0.049	0.049	0.049	0.049	0.049	0.049	0.049	0.049	0.049	0.047	0.047	0.047	0.047	0.047	0.047	0.047	0.047	0.047	0.047	0.047	0.047	0.047	0.047	
0.049	0.049	0.049	0.049	0.049	0.049	0.049	0.049	0.049	0.049	0.049	0.049	0.049	0.049	0.047	0.047	0.047	0.047	0.047	0.047	0.047	0.047	0.047	0.047	0.047	0.047	0.047	0.047	
0.049	0.049	0.049	0.049	0.049	0.049	0.049	0.049	0.049	0.049	0.049	0.049	0.049	0.049	0.047	0.047	0.047	0.047	0.047	0.047	0.047	0.047	0.047	0.047	0.047	0.047	0.047	0.047	
0.049	0.049	0.049	0.049	0.049	0.049	0.049	0.049	0.049	0.049	0.049	0.049	0.049	0.049	0.047	0.047	0.047	0.047	0.047	0.047	0.047	0.047	0.047	0.047	0.047	0.047	0.047	0.047	
0.049	0.049	0.049	0.049	0.049	0.049	0.049	0.049	0.049	0.049	0.049	0.049	0.049	0.049	0.047	0.047	0.047	0.047	0.047	0.047	0.047	0.047	0.047	0.047	0.047	0.047	0.047	0.047	
0.049	0.049	0.049	0.049	0.049	0.049	0.049	0.049	0.049	0.049	0.049	0.049	0.049	0.049	0.047	0.047	0.047	0.047	0.047	0.047	0.047	0.047	0.047	0.047	0.047	0.047	0.047	0.047	
0.049	0.049	0.049	0.049	0.049	0.049	0.049	0.049	0.049	0.049	0.049	0.049	0.049	0.049	0.047	0.047	0.047	0.047	0.047	0.047	0.047	0.047	0.047	0.047	0.047	0.047	0.047	0.047	
0.049	0.049	0.049	0.049	0.049	0.049	0.049	0.049	0.049	0.049	0.049	0.049	0.049	0.049	0.047	0.047	0.047	0.047	0.047	0.047	0.047	0.047	0.047	0.047	0.047	0.047	0.047	0.047	
0.049	0.049	0.049	0.049	0.049	0.049	0.049	0.049	0.049	0.049	0.049	0.049	0.049	0.049	0.047	0.047	0.047	0.047	0.047	0.047	0.047	0.047	0.047	0.047	0.047	0.047	0.047	0.047	
0.049	0.049	0.049	0.049	0.049	0.049	0.049	0.049	0.049	0.049	0.049	0.049	0.049	0.050	0.070	0.047	0.047	0.047	0.047	0.047	0.047	0.047	0.047	0.047	0.047	0.047	0.047	0.047	
0.049	0.049	0.049	0.049	0.049	0.049	0.049	0.049	0.049	0.049	0.049	0.049	0.049	0.078	0.106	0.047	0.047	0.047	0.047	0.047	0.047	0.047	0.047	0.047	0.047	0.047	0.047	0.047	
0.049	0.049	0.049	0.049	0.049	0.049	0.049	0.049	0.049	0.049	0.049	0.049	0.049	0.116	0.131	0.047	0.047	0.047	0.047	0.047	0.047	0.047	0.047	0.047	0.047	0.047	0.047	0.047	
0.049	0.049	0.049	0.049	0.049	0.049	0.049	0.049	0.049	0.049	0.049	0.049	0.049	0.154	0.156	0.047	0.047	0.047	0.047	0.047	0.047	0.047	0.047	0.047	0.047	0.047	0.047	0.047	
0.049	0.049	0.049	0.049	0.049	0.049	0.049	0.049	0.049	0.049	0.049	0.049	0.049	0.193	0.181	0.047	0.047	0.047	0.047	0.047	0.047	0.047	0.047	0.047	0.047	0.047	0.047	0.047	
0.049	0.049	0.049	0.049	0.049	0.049	0.049	0.049	0.049	0.049	0.049	0.049	0.049	0.231	0.206	0.047	0.047	0.047	0.047	0.047	0.047	0.047	0.047	0.047	0.047	0.047	0.047	0.047	
0.049	0.049	0.049	0.049	0.049	0.049	0.049	0.049	0.049	0.049	0.049	0.049	0.049	0.269	0.231	0.047	0.047	0.047	0.047	0.047	0.047	0.047	0.047	0.047	0.047	0.047	0.047	0.047	
0.049	0.049	0.049	0.049	0.049	0.049	0.049	0.049	0.049	0.049	0.049	0.049	0.049	0.307	0.256	0.047	0.047	0.047	0.047	0.047	0.047	0.047	0.047	0.047	0.047	0.047	0.047	0.047	
0.049	0.049	0.049	0.049	0.049	0.049	0.049	0.049	0.049	0.049	0.049	0.049	0.049	0.346	0.282	0.047	0.047	0.047	0.047	0.047	0.047	0.047	0.047	0.047	0.047	0.047	0.047	0.047	
0.049	0.049	0.049	0.049	0.049	0.049	0.049	0.049	0.049	0.049	0.049	0.049	0.049	0.384	0.307	0.047	0.047	0.047	0.047	0.047	0.047	0.047	0.047	0.047	0.047	0.047	0.047	0.047	
0.075	0.049	0.049	0.049	0.049	0.049	0.049	0.049	0.049	0.049	0.049	0.049	0.049	0.422	0.332	0.047	0.047	0.047	0.047	0.047	0.047	0.047	0.047	0.047	0.047	0.047	0.047	0.047	
0.197	0.049	0.049	0.049	0.049	0.049	0.049	0.049	0.049	0.049	0.049	0.049	0.049	0.461	0.357	0.047	0.047	0.047	0.047	0.047	0.047	0.047	0.047	0.047	0.047	0.047	0.047	0.047	
0.303	0.073	0.049	0.049	0.049	0.049	0.049	0.049	0.049	0.049	0.049	0.049	0.070	0.478	0.382	0.047	0.047	0.047	0.047	0.047	0.047	0.047	0.047	0.047	0.047	0.047	0.047	0.047	
0.313	0.193	0.049	0.049	0.049	0.049	0.049	0.049	0.049	0.049	0.049	0.049	0.108	0.478	0.407	0.047	0.047	0.047	0.047	0.047	0.047	0.047	0.047	0.047	0.047	0.047	0.047	0.047	
0.313	0.301	0.071	0.049	0.049	0.049	0.049	0.049	0.049	0.049	0.049	0.049	0.147	0.478	0.432	0.047	0.047	0.047	0.047	0.047	0.047	0.047	0.047	0.047	0.047	0.047	0.047	0.047	
0.313	0.313	0.189	0.049	0.049	0.049	0.049	0.049	0.049	0.049	0.049	0.049	0.185	0.478	0.457	0.047	0.047	0.047	0.047	0.047	0.047	0.047	0.047	0.047	0.047	0.047	0.047	0.049	
0.313	0.313	0.299	0.069	0.049	0.049	0.049	0.049	0.049	0.049	0.049	0.049	0.223	0.478	0.477	0.053	0.047	0.047	0.047	0.047	0.047	0.047	0.047	0.047	0.047	0.047	0.047	0.233	
0.313	0.313	0.313	0.185	0.049	0.049	0.049	0.049	0.049	0.049	0.049	0.049	0.262	0.478	0.478	0.076	0.047	0.047	0.047	0.047	0.047	0.047	0.047	0.047	0.047	0.047	0.123	0.455	
0.313	0.313	0.313	0.297	0.066	0.049	0.049	0.049	0.049	0.049	0.049	0.049	0.300	0.478	0.478	0.102	0.047	0.047	0.047	0.047	0.047	0.047	0.047	0.047	0.047	0.061	0.396	0.468	
0.313	0.313	0.313	0.313	0.181	0.049	0.049	0.049	0.049	0.049	0.049	0.049	0.338	0.478	0.478	0.136	0.047	0.047	0.047	0.047	0.047	0.047	0.047	0.047	0.047	0.289	0.468	0.468	
0.313	0.313	0.313	0.313	0.295	0.064	0.049	0.049	0.049	0.049	0.049	0.049	0.376	0.478	0.478	0.530	0.047	0.047	0.047	0.047	0.047	0.047	0.047	0.047	0.169	0.466	0.468	0.468	
0.313	0.313	0.313	0.313	0.313	0.177	0.049	0.049	0.049	0.049	0.049	0.049	0.415	0.478	0.498	1.091	0.047	0.047	0.047	0.047	0.047	0.047	0.047	0.084	0.430	0.468	0.468	0.468	
0.313	0.313	0.313	0.313	0.313	0.293	0.063	0.049	0.049	0.049	0.049	0.049	0.453	0.478	0.642	1.527	0.047	0.047	0.047	0.047	0.047	0.047	0.048	0.345	0.468	0.468	0.468	0.468	
0.313	0.313	0.313	0.313	0.313	0.313	0.173	0.049	0.049	0.049	0.049	0.063	0.478	0.478	0.810	1.849	0.138	0.047	0.047	0.047	0.047	0.047	0.225	0.468	0.468	0.468	0.468	0.468	
0.313	0.313	0.313	0.313	0.313	0.313	0.291	0.061	0.049	0.049	0.049	0.101	0.478	0.478	0.977	1.872	0.528	0.047	0.047	0.047	0.047	0.118	0.453	0.468	0.468	0.468	0.468	0.468	
0.313	0.313	0.313	0.313	0.313	0.313	0.313	0.169	0.049	0.049	0.049	0.139	0.478	0.478	1.144	1.872	0.941	0.047	0.047	0.047	0.059	0.391	0.468	0.468	0.468	0.468	0.470	0.734	
0.876	0.392	0.313	0.313	0.313	0.313	0.313	0.289	0.059	0.049	0.049	0.177	0.478	0.478	1.312	1.872	1.354	0.047	0.047	0.047	0.281	0.468	0.468	0.468	0.468	0.519	0.897	1.073	
1.221	1.164	0.703	0.326	0.313	0.313	0.313	0.313	0.733	0.183	0.049	0.389	0.478	0.478	1.479	1.872	1.755	0.060	0.047	0.162	0.465	0.468	0.468	0.468	0.629	1.014	1.073	1.073	
1.221	1.221	1.221	1.057	0.531	0.313	0.313	0.313	3.362	4.192	3.135	4.565	3.046	2.783	3.336	2.710	3.262	3.862	3.948	1.915	0.468	0.468	0.479	0.789	1.068	1.073	1.073	1.073	
1.296	1.222	1.221	1.221	1.218	0.896	0.403	0.773	4.403	4.492	4.611	4.739	4.789	5.014	5.020	5.115	5.112	4.524	4.476	3.219	0.536	0.548	0.943	1.073	1.073	1.073	1.078	1.198	
1.436	1.393	1.277	1.221	1.221	1.221	1.550	4.665	4.752	4.876	5.413	5.089	5.340	5.168	5.001	5.112	5.245	5.319	4.765	4.749	4.288	1.105	1.073	1.073	1.074	1.176	1.340	1.388	
1.436	1.436	1.436	1.374	1.259	1.221	2.343	4.819	4.815	5.383	5.614	5.700	5.883	5.702	4.627	4.782	5.676	5.690	5.288	4.766	4.784	1.787	1.073	1.154	1.321	1.388	1.388	1.388	
1.436	1.436	1.436	1.436	1.434	2.257	5.128	5.179	5.549	6.109	5.741	5.555	5.762	5.338	4.619	5.143	5.897	5.891	6.188	5.526	5.218	5.028	1.849	1.388	1.388	1.388	1.388	1.388	
1.436	1.436	1.436	1.436	1.436	2.779	5.273	5.273	5.986	6.157	5.858	5.528	5.528	4.553	4.544	5.829	5.944	6.115	6.241	5.985	5.285	5.285	2.293	1.388	1.388	1.388	1.388	1.388	
0.000	0.000	0.000	0.000	0.000	0.000	0.000	0.000	0.000	0.000	0.000	0.000	2.188	2.040	2.137	2.517	0.000	0.000	0.000	0.000	0.000	0.000	0.000	0.000	0.000	0.000	0.000	0.000	
0.000	0.000	0.000	0.000	0.000	0.000	0.000	0.000	0.000	0.000	0.000	0.000	0.498	1.993	1.993	0.498	0.000	0.000	0.000	0.000	0.000	0.000	0.000	0.000	0.000	0.000	0.000	0.000	
0.000	0.000	0.000	0.000	0.000	0.000	0.000	0.000	0.000	0.000	0.000	0.000	0.498	1.993	1.993	0.498	0.000	0.000	0.000	0.000	0.000	0.000	0.000	0.000	0.000	0.000	0.000	0.000	
0.000	0.000	0.000	0.000	0.000	0.000	0.000	0.000	0.000	0.000	0.000	0.000	0.498	1.993	1.993	0.498	0.000	0.000	0.000	0.000	0.000	0.000	0.000	0.000	0.000	0.000	0.000	0.000	
0.000	0.000	0.000	0.000	0.000	0.000	0.000	0.000	0.000	0.000	0.000	0.000	0.498	1.993	1.993	0.498	0.000	0.000	0.000	0.000	0.000	0.000	0.000	0.000	0.000	0.000	0.000	0.000	
