0.076	0.076	0.076	0.076	0.076	0.076	0.060	0.047	0.047	0.047	0.047	0.047	0.047	0.047	0.047	0.047	0.047	0.047	0.047	0.047	0.047	0.047	0.047	0.047	0.047	0.047	0.070	0.111	
0.076	0.076	0.076	0.076	0.076	0.076	0.063	0.047	0.047	0.047	0.047	0.047	0.047	0.047	0.047	0.047	0.047	0.047	0.047	0.047	0.047	0.047	0.047	0.047	0.047	0.047	0.085	0.111	
0.076	0.076	0.076	0.076	0.076	0.076	0.067	0.047	0.047	0.047	0.047	0.047	0.047	0.047	0.047	0.047	0.047	0.047	0.047	0.047	0.047	0.047	0.047	0.047	0.047	0.047	0.099	0.111	
0.076	0.076	0.076	0.076	0.076	0.076	0.071	0.047	0.047	0.047	0.047	0.047	0.047	0.047	0.047	0.047	0.047	0.047	0.047	0.047	0.047	0.047	0.047	0.047	0.047	0.050	0.110	0.111	
0.076	0.076	0.076	0.076	0.076	0.076	0.074	0.047	0.047	0.047	0.047	0.047	0.047	0.047	0.047	0.047	0.047	0.047	0.047	0.047	0.047	0.047	0.047	0.047	0.047	0.064	0.111	0.111	
0.076	0.076	0.076	0.076	0.076	0.076	0.076	0.049	0.047	0.047	0.047	0.047	0.047	0.047	0.047	0.047	0.047	0.047	0.047	0.047	0.047	0.047	0.047	0.047	0.047	0.078	0.111	0.111	
0.076	0.076	0.076	0.076	0.076	0.076	0.076	0.053	0.047	0.047	0.047	0.047	0.047	0.047	0.047	0.047	0.047	0.047	0.047	0.047	0.047	0.047	0.047	0.047	0.047	0.093	0.111	0.111	
0.076	0.076	0.076	0.076	0.076	0.076	0.076	0.056	0.047	0.047	0.047	0.047	0.047	0.047	0.047	0.047	0.047	0.047	0.047	0.047	0.047	0.047	0.047	0.047	0.051	0.115	0.111	0.111	
0.076	0.076	0.076	0.076	0.076	0.076	0.076	0.060	0.047	0.047	0.047	0.047	0.047	0.047	0.047	0.047	0.047	0.047	0.047	0.047	0.047	0.047	0.047	0.047	0.097	0.111	0.111	0.111	
0.076	0.076	0.076	0.076	0.076	0.076	0.076	0.063	0.047	0.047	0.047	0.047	0.047	0.047	0.047	0.047	0.047	0.047	0.047	0.047	0.047	0.047	0.047	0.047	0.138	0.111	0.111	0.111	
0.076	0.076	0.076	0.076	0.076	0.076	0.076	0.067	0.047	0.047	0.047	0.047	0.047	0.047	0.047	0.047	0.047	0.047	0.047	0.047	0.047	0.047	0.047	0.047	0.180	0.111	0.111	0.111	
0.076	0.076	0.076	0.076	0.076	0.076	0.076	0.071	0.047	0.047	0.047	0.047	0.047	0.047	0.047	0.047	0.047	0.047	0.047	0.047	0.047	0.047	0.047	0.056	0.212	0.111	0.111	0.111	
0.076	0.076	0.076	0.076	0.076	0.076	0.076	0.074	0.047	0.047	0.047	0.047	0.047	0.047	0.047	0.047	0.047	0.047	0.047	0.047	0.047	0.047	0.047	0.124	0.185	0.111	0.111	0.111	
0.076	0.076	0.076	0.076	0.076	0.076	0.076	0.076	0.049	0.047	0.047	0.047	0.047	0.047	0.047	0.047	0.047	0.047	0.047	0.047	0.047	0.047	0.047	0.203	0.148	0.111	0.111	0.111	
0.076	0.076	0.076	0.076	0.076	0.076	0.076	0.076	0.053	0.047	0.047	0.047	0.047	0.047	0.047	0.047	0.047	0.047	0.047	0.047	0.047	0.047	0.047	0.277	0.115	0.111	0.111	0.111	
0.076	0.076	0.076	0.076	0.076	0.076	0.076	0.076	0.056	0.047	0.047	0.047	0.047	0.047	0.047	0.047	0.047	0.047	0.047	0.047	0.047	0.047	0.063	0.307	0.111	0.111	0.111	0.111	
0.076	0.076	0.076	0.076	0.076	0.076	0.076	0.076	0.060	0.047	0.047	0.047	0.047	0.047	0.047	0.047	0.047	0.047	0.047	0.047	0.047	0.047	0.137	0.274	0.111	0.111	0.111	0.111	
0.076	0.076	0.076	0.076	0.076	0.076	0.076	0.076	0.063	0.047	0.047	0.047	0.047	0.047	0.047	0.047	0.047	0.047	0.047	0.047	0.047	0.047	0.216	0.237	0.111	0.111	0.111	0.111	
0.076	0.076	0.076	0.076	0.076	0.076	0.076	0.076	0.067	0.047	0.047	0.047	0.047	0.047	0.047	0.047	0.047	0.047	0.047	0.047	0.047	0.047	0.295	0.199	0.111	0.111	0.111	0.111	
0.076	0.076	0.076	0.076	0.076	0.076	0.076	0.076	0.071	0.047	0.047	0.047	0.047	0.047	0.047	0.047	0.047	0.047	0.047	0.047	0.047	0.072	0.348	0.162	0.111	0.111	0.111	0.111	
0.076	0.076	0.076	0.076	0.076	0.076	0.076	0.076	0.074	0.047	0.047	0.047	0.047	0.047	0.047	0.047	0.047	0.047	0.047	0.047	0.047	0.150	0.350	0.124	0.111	0.111	0.111	0.111	
0.076	0.076	0.076	0.076	0.076	0.076	0.076	0.076	0.076	0.049	0.047	0.047	0.047	0.047	0.047	0.047	0.047	0.047	0.047	0.047	0.047	0.229	0.326	0.111	0.111	0.111	0.111	0.111	
0.076	0.076	0.076	0.076	0.076	0.076	0.076	0.076	0.076	0.053	0.047	0.047	0.047	0.047	0.047	0.047	0.047	0.047	0.047	0.047	0.047	0.307	0.288	0.111	0.111	0.111	0.111	0.111	
0.076	0.076	0.076	0.076	0.076	0.076	0.076	0.076	0.076	0.056	0.047	0.047	0.047	0.047	0.047	0.047	0.047	0.047	0.047	0.047	0.084	0.350	0.251	0.111	0.111	0.111	0.111	0.111	
0.076	0.076	0.076	0.076	0.076	0.076	0.076	0.076	0.076	0.060	0.047	0.047	0.047	0.047	0.047	0.047	0.047	0.047	0.047	0.047	0.162	0.350	0.213	0.111	0.111	0.111	0.111	0.111	
0.076	0.076	0.076	0.076	0.076	0.076	0.076	0.076	0.076	0.063	0.047	0.047	0.047	0.047	0.047	0.047	0.047	0.047	0.047	0.047	0.241	0.350	0.176	0.111	0.111	0.111	0.111	0.111	
0.076	0.076	0.076	0.076	0.076	0.076	0.076	0.076	0.076	0.067	0.047	0.047	0.047	0.047	0.047	0.047	0.047	0.047	0.047	0.048	0.319	0.350	0.138	0.111	0.111	0.111	0.111	0.111	
0.078	0.076	0.076	0.076	0.076	0.076	0.076	0.076	0.076	0.071	0.047	0.047	0.047	0.047	0.047	0.047	0.047	0.047	0.047	0.096	0.350	0.339	0.112	0.111	0.111	0.111	0.111	0.111	
0.184	0.076	0.076	0.076	0.076	0.076	0.076	0.076	0.076	0.074	0.047	0.047	0.047	0.047	0.047	0.047	0.047	0.047	0.047	0.175	0.350	0.302	0.111	0.111	0.111	0.111	0.111	0.111	
0.331	0.089	0.076	0.076	0.076	0.076	0.076	0.076	0.076	0.076	0.049	0.047	0.047	0.047	0.047	0.047	0.047	0.047	0.047	0.254	0.350	0.265	0.111	0.111	0.111	0.111	0.111	0.111	
0.360	0.220	0.076	0.076	0.076	0.076	0.076	0.076	0.076	0.076	0.053	0.047	0.047	0.047	0.047	0.047	0.047	0.047	0.050	0.330	0.350	0.227	0.111	0.111	0.111	0.111	0.111	0.111	
0.360	0.348	0.107	0.076	0.076	0.076	0.076	0.076	0.076	0.076	0.056	0.047	0.047	0.047	0.047	0.047	0.047	0.047	0.109	0.350	0.350	0.190	0.111	0.111	0.111	0.111	0.111	0.111	
0.360	0.360	0.255	0.076	0.076	0.076	0.076	0.076	0.076	0.076	0.060	0.047	0.047	0.047	0.047	0.047	0.047	0.047	0.188	0.350	0.350	0.152	0.111	0.111	0.111	0.111	0.111	0.111	
0.360	0.360	0.358	0.133	0.076	0.076	0.076	0.076	0.076	0.076	0.063	0.047	0.047	0.047	0.047	0.047	0.047	0.047	0.266	0.350	0.347	0.118	0.111	0.111	0.111	0.111	0.111	0.111	
0.360	0.360	0.360	0.290	0.076	0.076	0.076	0.076	0.076	0.076	0.067	0.047	0.047	0.047	0.047	0.047	0.047	0.055	0.338	0.350	0.316	0.111	0.111	0.111	0.111	0.111	0.111	0.111	
0.360	0.360	0.360	0.360	0.167	0.076	0.076	0.076	0.076	0.076	0.071	0.047	0.047	0.047	0.047	0.047	0.047	0.121	0.350	0.350	0.279	0.111	0.111	0.111	0.111	0.111	0.111	0.111	
0.360	0.360	0.360	0.360	0.319	0.083	0.076	0.076	0.076	0.076	0.074	0.047	0.047	0.047	0.047	0.047	0.047	0.200	0.350	0.350	0.241	0.111	0.111	0.111	0.111	0.111	0.111	0.111	
0.360	0.360	0.360	0.360	0.360	0.202	0.076	0.076	0.076	0.076	0.076	0.049	0.047	0.047	0.047	0.047	0.047	0.279	0.350	0.350	0.204	0.111	0.111	0.111	0.111	0.111	0.111	0.111	
0.360	0.360	0.360	0.360	0.360	0.341	0.097	0.076	0.076	0.076	0.076	0.053	0.047	0.047	0.047	0.047	0.103	0.344	0.350	0.350	0.166	0.111	0.111	0.111	0.111	0.111	0.111	0.111	
0.396	0.360	0.360	0.360	0.360	0.360	0.238	0.076	0.076	0.076	0.076	0.056	0.047	0.047	0.047	0.047	0.940	0.350	0.350	0.350	0.129	0.111	0.111	0.111	0.111	0.111	0.111	0.111	
0.780	0.425	0.360	0.360	0.360	0.360	0.354	0.119	0.076	0.076	0.076	0.060	0.047	0.047	0.047	0.163	1.928	0.350	0.350	0.330	0.111	0.111	0.111	0.111	0.111	0.111	0.111	0.181	
0.857	0.812	0.462	0.360	0.360	0.360	0.360	0.273	0.076	0.076	0.076	0.063	0.047	0.047	0.047	1.135	2.060	0.350	0.350	0.293	0.111	0.111	0.111	0.111	0.111	0.111	0.290	0.878	
0.857	0.857	0.835	0.508	0.360	0.360	0.360	0.359	0.149	0.076	0.076	0.067	0.047	0.047	0.163	2.165	2.018	0.350	0.350	0.255	0.111	0.111	0.111	0.111	0.111	0.451	0.955	0.980	
0.857	0.857	0.857	0.850	0.563	0.360	0.360	0.360	0.306	0.078	0.076	0.071	0.047	0.047	1.135	2.338	1.977	0.350	0.350	0.218	0.111	0.111	0.111	0.136	0.637	0.980	0.980	0.980	
0.877	0.857	0.857	0.857	0.856	0.623	0.362	0.360	0.360	0.246	1.182	2.551	2.464	2.965	2.760	2.338	1.936	0.350	0.350	0.180	0.111	0.111	0.212	0.799	0.980	0.980	0.980	0.980	
1.142	0.979	0.859	0.857	0.857	0.857	0.681	0.372	0.599	2.830	4.325	4.325	4.631	4.768	4.382	2.910	3.067	2.193	1.304	1.147	0.116	0.338	0.909	0.980	0.980	0.980	0.994	1.139	
1.167	1.167	1.104	0.924	0.857	0.857	0.857	1.826	4.364	4.548	4.416	4.469	4.877	5.006	5.107	5.271	4.837	4.696	4.691	4.683	3.568	0.969	0.980	0.980	0.989	1.123	1.286	1.317	
1.167	1.167	1.167	1.166	1.050	0.884	0.866	3.082	4.560	4.575	5.454	5.589	5.634	5.650	5.392	5.271	4.938	4.702	4.774	4.683	4.551	1.198	0.985	1.108	1.276	1.317	1.317	1.317	
1.167	1.167	1.167	1.167	1.167	1.149	3.596	5.150	5.160	5.950	5.862	5.589	5.406	5.508	5.386	4.963	4.840	5.503	5.709	5.142	5.141	4.612	1.265	1.317	1.317	1.317	1.317	1.317	
1.167	1.167	1.167	1.167	1.167	1.167	4.282	5.150	5.465	6.176	6.172	5.389	4.796	4.796	4.815	4.840	4.840	5.589	5.748	5.429	5.168	5.167	1.345	1.317	1.317	1.317	1.317	1.317	
0.000	0.000	0.000	0.000	0.000	0.000	0.000	0.000	0.000	0.000	0.000	0.000	2.548	4.466	3.248	2.227	0.000	0.000	0.000	0.000	0.000	0.000	0.000	0.000	0.000	0.000	0.000	0.000	
0.000	0.000	0.000	0.000	0.000	0.000	0.000	0.000	0.000	0.000	0.000	0.000	0.741	2.391	2.315	0.579	0.000	0.000	0.000	0.000	0.000	0.000	0.000	0.000	0.000	0.000	0.000	0.000	
0.000	0.000	0.000	0.000	0.000	0.000	0.000	0.000	0.000	0.000	0.000	0.000	0.579	2.315	2.315	0.579	0.000	0.000	0.000	0.000	0.000	0.000	0.000	0.000	0.000	0.000	0.000	0.000	
0.000	0.000	0.000	0.000	0.000	0.000	0.000	0.000	0.000	0.000	0.000	0.000	0.579	2.315	2.315	0.579	0.000	0.000	0.000	0.000	0.000	0.000	0.000	0.000	0.000	0.000	0.000	0.000	
0.000	0.000	0.000	0.000	0.000	0.000	0.000	0.000	0.000	0.000	0.000	0.000	0.579	2.315	2.315	0.579	0.000	0.000	0.000	0.000	0.000	0.000	0.000	0.000	0.000	0.000	0.000	0.000	
