0.034	0.034	0.034	0.034	0.034	0.034	0.034	0.034	0.034	0.034	0.034	0.034	0.034	0.034	0.034	0.034	0.034	0.034	0.034	0.034	0.034	0.034	0.034	0.034	0.034	0.034	0.048	0.096	
0.034	0.034	0.034	0.034	0.034	0.034	0.034	0.034	0.034	0.034	0.034	0.034	0.034	0.034	0.034	0.034	0.034	0.034	0.034	0.034	0.034	0.034	0.034	0.034	0.034	0.034	0.066	0.096	
0.034	0.034	0.034	0.034	0.034	0.034	0.034	0.034	0.034	0.034	0.034	0.034	0.034	0.034	0.034	0.034	0.034	0.034	0.034	0.034	0.034	0.034	0.034	0.034	0.034	0.034	0.084	0.096	
0.034	0.034	0.034	0.034	0.034	0.034	0.034	0.034	0.034	0.034	0.034	0.034	0.034	0.034	0.034	0.034	0.034	0.034	0.034	0.034	0.034	0.034	0.034	0.034	0.034	0.040	0.096	0.096	
0.034	0.034	0.034	0.034	0.034	0.034	0.034	0.034	0.034	0.034	0.034	0.034	0.034	0.034	0.034	0.034	0.034	0.034	0.034	0.034	0.034	0.034	0.034	0.034	0.034	0.058	0.096	0.096	
0.034	0.034	0.034	0.034	0.034	0.034	0.034	0.034	0.034	0.034	0.034	0.034	0.034	0.034	0.034	0.034	0.034	0.034	0.034	0.034	0.034	0.034	0.034	0.034	0.034	0.076	0.096	0.096	
0.034	0.034	0.034	0.034	0.034	0.034	0.034	0.034	0.034	0.034	0.034	0.034	0.034	0.034	0.034	0.034	0.034	0.034	0.034	0.034	0.034	0.034	0.034	0.034	0.035	0.093	0.096	0.096	
0.034	0.034	0.034	0.034	0.034	0.034	0.034	0.034	0.034	0.034	0.034	0.034	0.034	0.034	0.034	0.034	0.034	0.034	0.034	0.034	0.034	0.034	0.034	0.034	0.050	0.096	0.096	0.096	
0.034	0.034	0.034	0.034	0.034	0.034	0.034	0.034	0.034	0.034	0.034	0.034	0.034	0.034	0.034	0.034	0.034	0.034	0.034	0.034	0.034	0.034	0.034	0.034	0.068	0.096	0.096	0.096	
0.034	0.034	0.034	0.034	0.034	0.034	0.034	0.034	0.034	0.034	0.034	0.034	0.034	0.034	0.034	0.034	0.034	0.034	0.034	0.034	0.034	0.034	0.034	0.034	0.086	0.096	0.096	0.096	
0.034	0.034	0.034	0.034	0.034	0.034	0.034	0.034	0.034	0.034	0.034	0.034	0.034	0.034	0.034	0.034	0.034	0.034	0.034	0.034	0.034	0.034	0.034	0.042	0.096	0.096	0.096	0.096	
0.034	0.034	0.034	0.034	0.034	0.034	0.034	0.034	0.034	0.034	0.034	0.034	0.034	0.034	0.034	0.034	0.034	0.034	0.034	0.034	0.034	0.034	0.034	0.060	0.096	0.096	0.096	0.096	
0.034	0.034	0.034	0.034	0.034	0.034	0.034	0.034	0.034	0.034	0.034	0.034	0.034	0.034	0.034	0.034	0.034	0.034	0.034	0.034	0.034	0.034	0.034	0.078	0.096	0.096	0.096	0.096	
0.034	0.034	0.034	0.034	0.034	0.034	0.034	0.034	0.034	0.034	0.034	0.034	0.034	0.034	0.034	0.034	0.034	0.034	0.034	0.034	0.034	0.034	0.036	0.094	0.096	0.096	0.096	0.096	
0.034	0.034	0.034	0.034	0.034	0.034	0.034	0.034	0.034	0.034	0.034	0.034	0.034	0.034	0.034	0.034	0.034	0.034	0.034	0.034	0.034	0.034	0.052	0.096	0.096	0.096	0.096	0.096	
0.034	0.034	0.034	0.034	0.034	0.034	0.034	0.034	0.034	0.034	0.034	0.034	0.034	0.034	0.034	0.034	0.034	0.034	0.034	0.034	0.034	0.034	0.070	0.096	0.096	0.096	0.096	0.096	
0.034	0.034	0.034	0.034	0.034	0.034	0.034	0.034	0.034	0.034	0.034	0.034	0.034	0.034	0.034	0.034	0.034	0.034	0.034	0.034	0.034	0.034	0.088	0.096	0.096	0.096	0.096	0.096	
0.034	0.034	0.034	0.034	0.034	0.034	0.034	0.034	0.034	0.034	0.034	0.034	0.034	0.034	0.034	0.034	0.034	0.034	0.034	0.034	0.034	0.044	0.096	0.096	0.096	0.096	0.096	0.096	
0.034	0.034	0.034	0.034	0.034	0.034	0.034	0.034	0.034	0.034	0.034	0.034	0.034	0.034	0.034	0.034	0.034	0.034	0.034	0.034	0.034	0.062	0.096	0.096	0.096	0.096	0.096	0.096	
0.034	0.034	0.034	0.034	0.034	0.034	0.034	0.034	0.034	0.034	0.034	0.034	0.034	0.034	0.034	0.034	0.034	0.034	0.034	0.034	0.034	0.080	0.096	0.096	0.096	0.096	0.096	0.096	
0.034	0.034	0.034	0.034	0.034	0.034	0.034	0.034	0.034	0.034	0.034	0.034	0.034	0.034	0.034	0.034	0.034	0.034	0.034	0.034	0.037	0.095	0.096	0.096	0.096	0.096	0.096	0.096	
0.106	0.034	0.034	0.034	0.034	0.034	0.034	0.034	0.034	0.034	0.034	0.034	0.034	0.034	0.034	0.034	0.034	0.034	0.034	0.034	0.054	0.096	0.096	0.096	0.096	0.096	0.096	0.096	
0.283	0.034	0.034	0.034	0.034	0.034	0.034	0.034	0.034	0.034	0.034	0.034	0.034	0.034	0.034	0.034	0.034	0.034	0.034	0.034	0.072	0.096	0.096	0.096	0.096	0.096	0.096	0.096	
0.372	0.122	0.034	0.034	0.034	0.034	0.034	0.034	0.034	0.034	0.034	0.034	0.034	0.034	0.034	0.034	0.034	0.034	0.034	0.034	0.090	0.096	0.096	0.096	0.096	0.096	0.096	0.096	
0.372	0.299	0.035	0.034	0.034	0.034	0.034	0.034	0.034	0.034	0.034	0.034	0.034	0.034	0.034	0.034	0.034	0.034	0.034	0.046	0.096	0.096	0.096	0.096	0.096	0.096	0.096	0.096	
0.372	0.372	0.139	0.034	0.034	0.034	0.034	0.034	0.034	0.034	0.034	0.034	0.034	0.034	0.034	0.034	0.034	0.034	0.034	0.064	0.096	0.096	0.096	0.096	0.096	0.096	0.096	0.096	
0.372	0.372	0.314	0.037	0.034	0.034	0.034	0.034	0.034	0.034	0.034	0.034	0.034	0.034	0.034	0.034	0.034	0.034	0.034	0.082	0.096	0.096	0.096	0.096	0.096	0.096	0.096	0.096	
0.372	0.372	0.372	0.156	0.034	0.034	0.034	0.034	0.034	0.034	0.034	0.034	0.034	0.034	0.034	0.034	0.034	0.034	0.039	0.096	0.096	0.096	0.096	0.096	0.096	0.096	0.096	0.096	
0.372	0.372	0.372	0.327	0.041	0.034	0.034	0.034	0.034	0.034	0.034	0.034	0.034	0.034	0.034	0.034	0.034	0.034	0.056	0.096	0.096	0.096	0.096	0.096	0.096	0.096	0.096	0.096	
0.377	0.372	0.372	0.372	0.173	0.034	0.034	0.034	0.034	0.034	0.034	0.034	0.034	0.034	0.034	0.034	0.034	0.034	0.074	0.096	0.096	0.096	0.096	0.096	0.096	0.096	0.096	0.096	
0.434	0.372	0.372	0.372	0.338	0.069	0.034	0.034	0.034	0.034	0.034	0.034	0.034	0.034	0.034	0.034	0.034	0.034	0.092	0.096	0.096	0.096	0.096	0.096	0.096	0.096	0.096	0.096	
0.501	0.377	0.372	0.372	0.372	0.517	0.034	0.034	0.034	0.034	0.034	0.034	0.034	0.034	0.034	0.034	0.034	0.048	0.096	0.096	0.096	0.096	0.096	0.096	0.096	0.096	0.096	0.096	
0.517	0.434	0.372	0.372	0.372	0.671	0.448	0.034	0.034	0.034	0.034	0.034	0.034	0.034	0.034	0.034	0.034	0.066	0.096	0.096	0.096	0.096	0.096	0.096	0.096	0.096	0.096	0.164	
0.517	0.501	0.377	0.372	0.372	0.393	1.169	0.160	0.034	0.034	0.034	0.034	0.034	0.034	0.034	0.034	0.034	0.084	0.096	0.096	0.096	0.096	0.096	0.096	0.096	0.096	0.108	0.405	
0.517	0.517	0.434	0.372	0.372	0.372	0.937	0.977	0.038	0.034	0.034	0.034	0.034	0.034	0.034	0.034	0.040	0.096	0.096	0.096	0.096	0.096	0.096	0.096	0.096	0.096	0.308	0.470	
0.517	0.517	0.501	0.377	0.372	0.372	0.578	1.355	0.587	0.034	0.034	0.034	0.034	0.034	0.034	0.034	0.058	0.096	0.096	0.096	0.096	0.096	0.096	0.096	0.096	0.200	0.468	0.470	
0.517	0.517	0.517	0.434	0.372	0.372	0.373	1.200	1.305	0.244	0.034	0.034	0.034	0.034	0.034	0.034	0.076	0.096	0.096	0.096	0.096	0.096	0.096	0.096	0.126	0.433	0.470	0.470	
0.517	0.517	0.517	0.501	0.377	0.372	0.372	0.842	1.355	1.093	0.062	0.034	0.034	0.034	0.034	0.517	0.522	0.096	0.096	0.096	0.096	0.096	0.096	0.097	0.353	0.470	0.470	0.470	
0.517	0.517	0.517	0.517	0.434	0.372	0.372	0.490	1.348	1.355	0.728	0.034	0.034	0.034	0.305	2.054	1.048	0.096	0.096	0.096	0.096	0.096	0.096	0.244	0.470	0.470	0.470	0.470	
0.517	0.517	0.517	0.517	0.501	0.377	0.372	0.372	1.107	1.355	1.341	0.349	0.058	0.247	1.867	2.257	1.513	0.096	0.096	0.096	0.096	0.096	0.151	0.453	0.470	0.470	0.470	0.470	
0.517	0.517	0.517	0.517	0.517	0.434	0.372	0.372	0.748	1.355	1.355	2.836	3.776	3.474	2.257	2.257	1.978	0.096	0.096	0.096	0.099	0.860	0.927	0.470	0.470	0.470	0.470	0.470	
0.517	0.517	0.517	0.517	0.517	0.501	0.377	0.372	0.954	3.025	2.864	3.743	3.787	3.665	2.266	2.257	2.677	2.837	1.427	0.693	1.930	2.530	0.890	0.470	0.470	0.470	0.470	0.470	
0.517	0.517	0.517	0.517	0.517	0.517	1.784	2.597	3.623	4.387	4.387	4.339	4.215	4.833	4.286	4.171	4.366	4.150	4.149	2.716	2.530	2.517	0.560	0.470	0.470	0.470	0.470	0.470	
1.384	0.969	0.700	0.978	1.295	1.620	4.171	4.406	4.413	4.438	4.750	5.312	5.139	5.011	5.083	5.202	5.063	4.169	3.905	2.530	2.530	2.364	0.470	0.470	0.470	0.470	0.470	0.470	
1.580	1.580	1.832	3.356	3.561	3.561	4.243	4.530	4.958	5.363	5.323	5.313	5.363	5.303	5.350	5.356	5.223	5.183	4.851	3.906	3.342	4.310	2.016	0.470	0.470	0.470	0.470	0.470	
1.580	1.580	1.580	1.923	3.425	3.602	5.020	5.207	5.331	5.370	5.739	5.887	5.700	5.688	5.692	5.693	5.324	5.223	5.107	5.061	4.751	4.511	4.371	1.700	1.411	1.308	1.206	0.972	
1.580	1.580	1.580	1.580	2.082	4.390	5.131	5.207	5.405	5.471	6.006	6.050	5.822	5.732	5.734	5.765	5.572	5.494	5.335	5.082	5.041	4.608	3.274	2.681	2.681	2.643	2.149	1.780	
2.597	2.237	1.877	1.621	3.206	4.875	4.872	5.086	5.521	5.520	5.911	6.180	6.053	5.916	5.950	5.987	5.881	5.679	5.682	5.324	5.260	5.049	2.802	2.681	2.484	1.909	1.777	1.777	
2.780	2.780	2.780	3.409	4.975	4.938	4.913	5.818	5.930	6.407	6.738	6.214	5.793	5.793	5.438	5.892	6.812	6.556	6.043	5.972	5.319	5.230	4.843	2.572	1.790	1.777	1.777	1.777	
2.780	2.780	2.780	3.510	4.975	4.975	5.541	6.099	6.099	7.039	7.056	5.812	3.354	3.228	2.651	3.416	7.208	7.208	6.200	6.193	5.680	5.223	5.223	2.767	1.777	1.777	1.777	1.777	
0.000	0.000	0.000	0.000	0.000	0.000	0.000	0.000	0.000	0.000	0.000	0.000	1.691	3.139	2.624	1.394	0.000	0.000	0.000	0.000	0.000	0.000	0.000	0.000	0.000	0.000	0.000	0.000	
0.000	0.000	0.000	0.000	0.000	0.000	0.000	0.000	0.000	0.000	0.000	0.000	0.796	3.108	2.624	0.656	0.000	0.000	0.000	0.000	0.000	0.000	0.000	0.000	0.000	0.000	0.000	0.000	
0.000	0.000	0.000	0.000	0.000	0.000	0.000	0.000	0.000	0.000	0.000	0.000	0.796	3.077	2.624	0.656	0.000	0.000	0.000	0.000	0.000	0.000	0.000	0.000	0.000	0.000	0.000	0.000	
0.000	0.000	0.000	0.000	0.000	0.000	0.000	0.000	0.000	0.000	0.000	0.000	0.796	3.046	2.624	0.656	0.000	0.000	0.000	0.000	0.000	0.000	0.000	0.000	0.000	0.000	0.000	0.000	
0.000	0.000	0.000	0.000	0.000	0.000	0.000	0.000	0.000	0.000	0.000	0.000	0.796	3.014	2.624	0.656	0.000	0.000	0.000	0.000	0.000	0.000	0.000	0.000	0.000	0.000	0.000	0.000	
