0.091	0.091	0.091	0.091	0.091	0.057	0.051	0.051	0.051	0.051	0.051	0.051	0.051	0.051	0.051	0.051	0.051	0.051	0.051	0.051	0.051	0.051	0.051	0.051	0.051	0.071	0.099	0.099	
0.091	0.091	0.091	0.091	0.091	0.064	0.051	0.051	0.051	0.051	0.051	0.051	0.051	0.051	0.051	0.051	0.051	0.051	0.051	0.051	0.051	0.051	0.051	0.051	0.051	0.083	0.099	0.099	
0.091	0.091	0.091	0.091	0.091	0.071	0.051	0.051	0.051	0.051	0.051	0.051	0.051	0.051	0.051	0.051	0.051	0.051	0.051	0.051	0.051	0.051	0.051	0.051	0.051	0.095	0.099	0.099	
0.091	0.091	0.091	0.091	0.091	0.077	0.051	0.051	0.051	0.051	0.051	0.051	0.051	0.051	0.051	0.051	0.051	0.051	0.051	0.051	0.051	0.051	0.051	0.051	0.059	0.099	0.099	0.099	
0.091	0.091	0.091	0.091	0.091	0.084	0.051	0.051	0.051	0.051	0.051	0.051	0.051	0.051	0.051	0.051	0.051	0.051	0.051	0.051	0.051	0.051	0.051	0.051	0.071	0.099	0.099	0.099	
0.091	0.091	0.091	0.091	0.091	0.090	0.052	0.051	0.051	0.051	0.051	0.051	0.051	0.051	0.051	0.051	0.051	0.051	0.051	0.051	0.051	0.051	0.051	0.051	0.083	0.099	0.099	0.099	
0.091	0.091	0.091	0.091	0.091	0.091	0.058	0.051	0.051	0.051	0.051	0.051	0.051	0.051	0.051	0.051	0.051	0.051	0.051	0.051	0.051	0.051	0.051	0.051	0.095	0.099	0.099	0.099	
0.091	0.091	0.091	0.091	0.091	0.091	0.065	0.051	0.051	0.051	0.051	0.051	0.051	0.051	0.051	0.051	0.051	0.051	0.051	0.051	0.051	0.051	0.051	0.059	0.099	0.099	0.099	0.099	
0.091	0.091	0.091	0.091	0.091	0.091	0.072	0.051	0.051	0.051	0.051	0.051	0.051	0.051	0.051	0.051	0.051	0.051	0.051	0.051	0.051	0.051	0.051	0.071	0.099	0.099	0.099	0.099	
0.091	0.091	0.091	0.091	0.091	0.091	0.079	0.051	0.051	0.051	0.051	0.051	0.051	0.051	0.051	0.051	0.051	0.051	0.051	0.051	0.051	0.051	0.051	0.083	0.099	0.099	0.099	0.099	
0.091	0.091	0.091	0.091	0.091	0.091	0.086	0.051	0.051	0.051	0.051	0.051	0.051	0.051	0.051	0.051	0.051	0.051	0.051	0.051	0.051	0.051	0.051	0.095	0.099	0.099	0.099	0.099	
0.091	0.091	0.091	0.091	0.091	0.091	0.091	0.053	0.051	0.051	0.051	0.051	0.051	0.051	0.051	0.051	0.051	0.051	0.051	0.051	0.051	0.051	0.059	0.099	0.099	0.099	0.099	0.099	
0.091	0.091	0.091	0.091	0.091	0.091	0.091	0.060	0.051	0.051	0.051	0.051	0.051	0.051	0.051	0.051	0.051	0.051	0.051	0.051	0.051	0.051	0.071	0.099	0.099	0.099	0.099	0.099	
0.091	0.091	0.091	0.091	0.091	0.091	0.091	0.066	0.051	0.051	0.051	0.051	0.051	0.051	0.051	0.051	0.051	0.051	0.051	0.051	0.051	0.051	0.083	0.099	0.099	0.099	0.099	0.099	
0.091	0.091	0.091	0.091	0.091	0.091	0.091	0.073	0.051	0.051	0.051	0.051	0.051	0.051	0.051	0.051	0.051	0.051	0.051	0.051	0.051	0.051	0.095	0.099	0.099	0.099	0.099	0.099	
0.091	0.091	0.091	0.091	0.091	0.091	0.091	0.080	0.051	0.051	0.051	0.051	0.051	0.051	0.051	0.051	0.051	0.051	0.051	0.051	0.051	0.059	0.099	0.099	0.099	0.099	0.099	0.099	
0.091	0.091	0.091	0.091	0.091	0.091	0.091	0.087	0.051	0.051	0.051	0.051	0.051	0.051	0.051	0.051	0.051	0.051	0.051	0.051	0.051	0.071	0.099	0.099	0.099	0.099	0.099	0.099	
0.091	0.091	0.091	0.091	0.091	0.091	0.091	0.091	0.054	0.051	0.051	0.051	0.051	0.051	0.051	0.051	0.051	0.051	0.051	0.051	0.051	0.083	0.099	0.099	0.099	0.099	0.099	0.099	
0.091	0.091	0.091	0.091	0.091	0.091	0.091	0.091	0.061	0.051	0.051	0.051	0.051	0.051	0.051	0.051	0.051	0.051	0.051	0.051	0.051	0.095	0.099	0.099	0.099	0.099	0.099	0.099	
0.091	0.091	0.091	0.091	0.091	0.091	0.091	0.091	0.068	0.051	0.051	0.051	0.051	0.051	0.051	0.051	0.051	0.051	0.051	0.051	0.059	0.099	0.099	0.099	0.099	0.099	0.099	0.099	
0.091	0.091	0.091	0.091	0.091	0.091	0.091	0.091	0.075	0.051	0.051	0.051	0.051	0.051	0.051	0.051	0.051	0.051	0.051	0.051	0.071	0.099	0.099	0.099	0.099	0.099	0.099	0.099	
0.091	0.091	0.091	0.091	0.091	0.091	0.091	0.091	0.082	0.051	0.051	0.051	0.051	0.051	0.051	0.051	0.051	0.051	0.051	0.051	0.083	0.099	0.099	0.099	0.099	0.099	0.099	0.099	
0.100	0.091	0.091	0.091	0.091	0.091	0.091	0.091	0.088	0.051	0.051	0.051	0.051	0.051	0.051	0.051	0.051	0.051	0.051	0.051	0.095	0.099	0.099	0.099	0.099	0.099	0.099	0.099	
0.185	0.091	0.091	0.091	0.091	0.091	0.091	0.091	0.091	0.055	0.051	0.051	0.051	0.051	0.051	0.051	0.051	0.051	0.051	0.059	0.099	0.099	0.099	0.099	0.099	0.099	0.099	0.099	
0.283	0.096	0.091	0.091	0.091	0.091	0.091	0.091	0.091	0.062	0.051	0.051	0.051	0.051	0.051	0.051	0.051	0.051	0.051	0.071	0.099	0.099	0.099	0.099	0.099	0.099	0.099	0.099	
0.307	0.174	0.091	0.091	0.091	0.091	0.091	0.091	0.091	0.069	0.051	0.051	0.051	0.051	0.051	0.051	0.051	0.051	0.051	0.083	0.099	0.099	0.099	0.099	0.099	0.099	0.099	0.099	
0.307	0.275	0.093	0.091	0.091	0.091	0.091	0.091	0.091	0.076	0.051	0.051	0.051	0.051	0.051	0.051	0.051	0.051	0.051	0.095	0.099	0.099	0.099	0.099	0.099	0.099	0.099	0.099	
0.307	0.307	0.164	0.091	0.091	0.091	0.091	0.091	0.091	0.083	0.051	0.051	0.051	0.051	0.051	0.051	0.051	0.051	0.059	0.099	0.099	0.099	0.099	0.099	0.099	0.099	0.099	0.156	
0.307	0.307	0.266	0.091	0.091	0.091	0.091	0.091	0.091	0.089	0.051	0.051	0.051	0.051	0.051	0.051	0.051	0.051	0.071	0.099	0.099	0.099	0.099	0.099	0.099	0.099	0.099	0.297	
0.307	0.307	0.307	0.153	0.091	0.091	0.091	0.091	0.091	0.091	0.057	0.051	0.051	0.051	0.051	0.051	0.051	0.051	0.083	0.099	0.099	0.099	0.099	0.099	0.099	0.099	0.153	0.386	
0.307	0.307	0.307	0.256	0.091	0.091	0.091	0.091	0.091	0.091	0.064	0.051	0.051	0.051	0.051	0.051	0.051	0.051	0.095	0.099	0.099	0.099	0.099	0.099	0.099	0.099	0.295	0.387	
0.307	0.307	0.307	0.307	0.143	0.091	0.091	0.091	0.091	0.091	0.071	0.051	0.051	0.051	0.051	0.051	0.051	0.059	0.099	0.099	0.099	0.099	0.099	0.099	0.099	0.219	0.385	0.387	
0.307	0.307	0.307	0.307	0.245	0.091	0.091	0.091	0.091	0.091	0.077	0.051	0.051	0.051	0.051	0.051	0.051	0.071	0.099	0.099	0.099	0.099	0.099	0.099	0.139	0.559	0.387	0.387	
0.307	0.307	0.307	0.307	0.306	0.132	0.091	0.091	0.091	0.091	0.084	0.051	0.051	0.051	0.051	0.051	0.051	0.083	0.099	0.099	0.099	0.099	0.099	0.099	0.632	0.457	0.387	0.387	
0.307	0.307	0.307	0.307	0.307	0.235	0.091	0.091	0.091	0.091	0.090	0.052	0.051	0.051	0.051	0.051	0.051	0.095	0.099	0.099	0.099	0.099	0.099	0.348	0.842	0.387	0.387	0.387	
0.307	0.307	0.307	0.307	0.307	0.305	0.123	0.091	0.091	0.091	0.091	0.058	0.051	0.051	0.051	0.051	0.059	0.099	0.099	0.099	0.099	0.099	0.156	0.918	0.607	0.387	0.387	0.387	
0.328	0.307	0.307	0.307	0.307	0.307	0.224	0.091	0.091	0.091	0.091	0.065	0.051	0.051	0.051	0.051	0.071	0.099	0.099	0.099	0.099	0.099	0.680	0.982	0.408	0.387	0.387	0.387	
0.832	0.324	0.307	0.307	0.307	0.307	0.302	0.116	0.091	0.091	0.091	0.072	0.051	0.051	0.051	0.051	0.083	0.099	0.099	0.099	0.099	0.387	1.022	0.763	0.387	0.387	0.387	0.387	
1.058	0.817	0.320	0.307	0.307	0.307	0.307	0.213	0.091	0.091	0.091	0.079	0.051	0.051	0.051	0.051	0.095	0.099	0.099	0.099	0.175	0.941	1.022	0.524	0.387	0.387	0.387	0.387	
1.075	1.058	0.802	0.317	0.307	0.307	0.307	0.298	0.109	0.091	0.091	0.086	0.051	0.051	0.051	0.059	0.099	0.099	0.099	0.099	0.722	1.022	0.919	0.387	0.387	0.387	0.387	0.387	
1.164	1.059	1.058	0.787	0.314	0.307	0.307	0.307	0.203	0.091	0.091	0.091	0.053	0.051	0.051	0.354	0.099	0.099	0.099	0.429	1.022	1.022	0.680	0.387	0.387	0.387	0.387	0.387	
1.199	1.121	1.058	1.058	0.771	0.312	0.307	0.307	0.293	0.105	0.091	0.251	1.460	0.348	2.447	3.797	0.182	0.099	0.197	0.961	1.022	1.013	0.450	0.387	0.387	0.387	0.387	0.387	
1.199	1.195	1.082	1.058	1.058	0.754	0.310	0.307	0.447	3.960	3.261	3.498	4.326	4.303	4.365	4.365	2.236	0.505	0.762	1.022	1.022	0.837	0.387	0.387	0.387	0.387	0.387	0.471	
1.199	1.199	1.172	1.061	1.058	1.058	0.737	0.814	2.395	4.486	4.486	4.382	4.326	4.436	4.681	4.519	4.694	4.686	1.570	1.022	1.463	1.432	0.387	0.387	0.387	0.387	0.764	1.516	
1.199	1.199	1.199	1.131	1.058	1.058	1.347	4.512	4.520	4.756	5.129	5.346	5.383	5.437	5.498	5.254	4.705	4.779	4.754	3.538	4.538	3.580	0.387	0.387	0.471	1.182	1.641	1.642	
1.199	1.199	1.199	1.198	2.069	1.892	2.586	4.551	4.521	5.384	5.743	5.763	5.785	5.690	5.500	5.569	5.301	5.117	5.161	4.933	4.632	4.622	1.899	0.861	1.516	1.642	1.642	1.642	
1.411	1.199	1.199	1.238	4.435	4.647	5.149	5.354	5.360	5.950	5.855	6.117	6.009	5.742	5.706	5.670	5.716	5.987	5.490	5.607	5.283	4.708	4.720	2.523	1.642	1.642	1.642	1.834	
3.333	2.506	1.509	2.534	4.678	4.654	5.271	5.406	5.758	6.026	6.112	6.310	6.249	5.735	5.741	5.718	6.098	6.406	6.199	5.751	5.731	4.748	4.722	3.346	1.648	1.942	2.399	2.664	
3.401	3.401	3.750	5.171	5.129	5.909	6.199	6.550	7.017	7.175	7.594	7.153	7.073	5.108	5.801	5.821	7.405	7.009	6.960	6.538	6.248	6.095	5.215	5.324	3.471	2.666	2.666	2.666	
3.401	3.401	3.828	5.171	5.171	6.142	6.250	6.970	7.140	7.780	7.845	7.457	6.413	4.134	5.127	6.109	7.696	7.577	7.081	6.974	6.369	6.369	5.357	5.324	3.771	2.666	2.666	2.666	
0.000	0.000	0.000	0.000	0.000	0.000	0.000	0.000	0.000	0.000	0.000	0.000	2.455	4.134	4.213	2.995	0.000	0.000	0.000	0.000	0.000	0.000	0.000	0.000	0.000	0.000	0.000	0.000	
0.000	0.000	0.000	0.000	0.000	0.000	0.000	0.000	0.000	0.000	0.000	0.000	0.950	3.674	3.471	0.836	0.000	0.000	0.000	0.000	0.000	0.000	0.000	0.000	0.000	0.000	0.000	0.000	
0.000	0.000	0.000	0.000	0.000	0.000	0.000	0.000	0.000	0.000	0.000	0.000	0.724	2.895	2.895	0.724	0.000	0.000	0.000	0.000	0.000	0.000	0.000	0.000	0.000	0.000	0.000	0.000	
0.000	0.000	0.000	0.000	0.000	0.000	0.000	0.000	0.000	0.000	0.000	0.000	0.724	2.895	2.895	0.724	0.000	0.000	0.000	0.000	0.000	0.000	0.000	0.000	0.000	0.000	0.000	0.000	
0.000	0.000	0.000	0.000	0.000	0.000	0.000	0.000	0.000	0.000	0.000	0.000	0.724	2.895	2.895	0.724	0.000	0.000	0.000	0.000	0.000	0.000	0.000	0.000	0.000	0.000	0.000	0.000	
