0.045	0.045	0.045	0.045	0.045	0.045	0.045	0.045	0.045	0.045	0.045	0.045	0.045	0.045	0.043	0.043	0.043	0.043	0.043	0.043	0.043	0.043	0.043	0.043	0.043	0.043	0.043	0.043	
0.045	0.045	0.045	0.045	0.045	0.045	0.045	0.045	0.045	0.045	0.045	0.045	0.045	0.045	0.043	0.043	0.043	0.043	0.043	0.043	0.043	0.043	0.043	0.043	0.043	0.043	0.043	0.043	
0.045	0.045	0.045	0.045	0.045	0.045	0.045	0.045	0.045	0.045	0.045	0.045	0.045	0.045	0.043	0.043	0.043	0.043	0.043	0.043	0.043	0.043	0.043	0.043	0.043	0.043	0.043	0.043	
0.045	0.045	0.045	0.045	0.045	0.045	0.045	0.045	0.045	0.045	0.045	0.045	0.045	0.045	0.043	0.043	0.043	0.043	0.043	0.043	0.043	0.043	0.043	0.043	0.043	0.043	0.043	0.043	
0.045	0.045	0.045	0.045	0.045	0.045	0.045	0.045	0.045	0.045	0.045	0.045	0.045	0.045	0.043	0.043	0.043	0.043	0.043	0.043	0.043	0.043	0.043	0.043	0.043	0.043	0.043	0.043	
0.045	0.045	0.045	0.045	0.045	0.045	0.045	0.045	0.045	0.045	0.045	0.045	0.045	0.045	0.043	0.043	0.043	0.043	0.043	0.043	0.043	0.043	0.043	0.043	0.043	0.043	0.043	0.043	
0.045	0.045	0.045	0.045	0.045	0.045	0.045	0.045	0.045	0.045	0.045	0.045	0.045	0.045	0.043	0.043	0.043	0.043	0.043	0.043	0.043	0.043	0.043	0.043	0.043	0.043	0.043	0.043	
0.045	0.045	0.045	0.045	0.045	0.045	0.045	0.045	0.045	0.045	0.045	0.045	0.045	0.045	0.043	0.043	0.043	0.043	0.043	0.043	0.043	0.043	0.043	0.043	0.043	0.043	0.043	0.043	
0.045	0.045	0.045	0.045	0.045	0.045	0.045	0.045	0.045	0.045	0.045	0.045	0.045	0.045	0.043	0.043	0.043	0.043	0.043	0.043	0.043	0.043	0.043	0.043	0.043	0.043	0.043	0.043	
0.045	0.045	0.045	0.045	0.045	0.045	0.045	0.045	0.045	0.045	0.045	0.045	0.045	0.045	0.044	0.043	0.043	0.043	0.043	0.043	0.043	0.043	0.043	0.043	0.043	0.043	0.043	0.043	
0.045	0.045	0.045	0.045	0.045	0.045	0.045	0.045	0.045	0.045	0.045	0.045	0.045	0.045	0.044	0.043	0.043	0.043	0.043	0.043	0.043	0.043	0.043	0.043	0.043	0.043	0.043	0.043	
0.045	0.045	0.045	0.045	0.045	0.045	0.045	0.045	0.045	0.045	0.045	0.045	0.045	0.045	0.044	0.043	0.043	0.043	0.043	0.043	0.043	0.043	0.043	0.043	0.043	0.043	0.043	0.043	
0.045	0.045	0.045	0.045	0.045	0.045	0.045	0.045	0.045	0.045	0.045	0.045	0.045	0.045	0.044	0.043	0.043	0.043	0.043	0.043	0.043	0.043	0.043	0.043	0.043	0.043	0.043	0.043	
0.045	0.045	0.045	0.045	0.045	0.045	0.045	0.045	0.045	0.045	0.045	0.045	0.045	0.045	0.044	0.043	0.043	0.043	0.043	0.043	0.043	0.043	0.043	0.043	0.043	0.043	0.043	0.043	
0.045	0.045	0.045	0.045	0.045	0.045	0.045	0.045	0.045	0.045	0.045	0.045	0.045	0.045	0.044	0.043	0.043	0.043	0.043	0.043	0.043	0.043	0.043	0.043	0.043	0.043	0.043	0.043	
0.045	0.045	0.045	0.045	0.045	0.045	0.045	0.045	0.045	0.045	0.045	0.045	0.045	0.045	0.044	0.043	0.043	0.043	0.043	0.043	0.043	0.043	0.043	0.043	0.043	0.043	0.043	0.043	
0.045	0.045	0.045	0.045	0.045	0.045	0.045	0.045	0.045	0.045	0.045	0.045	0.045	0.045	0.044	0.043	0.043	0.043	0.043	0.043	0.043	0.043	0.043	0.043	0.043	0.043	0.043	0.043	
0.045	0.045	0.045	0.045	0.045	0.045	0.045	0.045	0.045	0.045	0.045	0.045	0.045	0.045	0.044	0.043	0.043	0.043	0.043	0.043	0.043	0.043	0.043	0.043	0.043	0.043	0.043	0.043	
0.045	0.045	0.045	0.045	0.045	0.045	0.045	0.045	0.045	0.045	0.045	0.045	0.045	0.045	0.044	0.043	0.043	0.043	0.043	0.043	0.043	0.043	0.043	0.043	0.043	0.043	0.043	0.043	
0.045	0.045	0.045	0.045	0.045	0.045	0.045	0.045	0.045	0.045	0.045	0.045	0.045	0.045	0.044	0.043	0.043	0.043	0.043	0.043	0.043	0.043	0.043	0.043	0.043	0.043	0.043	0.043	
0.045	0.045	0.045	0.045	0.045	0.045	0.045	0.045	0.045	0.045	0.045	0.045	0.045	0.045	0.044	0.043	0.043	0.043	0.043	0.043	0.043	0.043	0.043	0.043	0.043	0.043	0.043	0.043	
0.045	0.045	0.045	0.045	0.045	0.045	0.045	0.045	0.045	0.045	0.045	0.045	0.045	0.045	0.044	0.043	0.043	0.043	0.043	0.043	0.043	0.043	0.043	0.043	0.043	0.043	0.043	0.043	
0.045	0.045	0.045	0.045	0.045	0.045	0.045	0.045	0.045	0.045	0.045	0.045	0.045	0.045	0.044	0.043	0.043	0.043	0.043	0.043	0.043	0.043	0.043	0.043	0.043	0.043	0.043	0.043	
0.045	0.045	0.045	0.045	0.045	0.045	0.045	0.045	0.045	0.045	0.045	0.045	0.045	0.045	0.044	0.043	0.043	0.043	0.043	0.043	0.043	0.043	0.043	0.043	0.043	0.043	0.043	0.043	
0.045	0.045	0.045	0.045	0.045	0.045	0.045	0.045	0.045	0.045	0.045	0.045	0.045	0.045	0.044	0.043	0.043	0.043	0.043	0.043	0.043	0.043	0.043	0.043	0.043	0.043	0.043	0.043	
0.071	0.045	0.045	0.045	0.045	0.045	0.045	0.045	0.045	0.045	0.045	0.045	0.045	0.045	0.044	0.043	0.043	0.043	0.043	0.043	0.043	0.043	0.043	0.043	0.043	0.043	0.043	0.043	
0.158	0.045	0.045	0.045	0.045	0.045	0.045	0.045	0.045	0.045	0.045	0.045	0.045	0.045	0.044	0.043	0.043	0.043	0.043	0.043	0.043	0.043	0.043	0.043	0.043	0.043	0.043	0.043	
0.225	0.067	0.045	0.045	0.045	0.045	0.045	0.045	0.045	0.045	0.045	0.045	0.045	0.045	0.044	0.043	0.043	0.043	0.043	0.043	0.043	0.043	0.043	0.043	0.043	0.043	0.043	0.043	
0.229	0.153	0.045	0.045	0.045	0.045	0.045	0.045	0.045	0.045	0.045	0.045	0.045	0.045	0.044	0.043	0.043	0.043	0.043	0.043	0.043	0.043	0.043	0.043	0.043	0.043	0.043	0.043	
0.229	0.224	0.064	0.045	0.045	0.045	0.045	0.045	0.045	0.045	0.045	0.045	0.045	0.045	0.044	0.043	0.043	0.043	0.043	0.043	0.043	0.043	0.043	0.043	0.043	0.043	0.043	0.043	
0.229	0.229	0.149	0.045	0.045	0.045	0.045	0.045	0.045	0.045	0.045	0.045	0.045	0.045	0.044	0.043	0.043	0.043	0.043	0.043	0.043	0.043	0.043	0.043	0.043	0.043	0.043	0.043	
0.229	0.229	0.222	0.062	0.045	0.045	0.045	0.045	0.045	0.045	0.045	0.045	0.045	0.045	0.044	0.043	0.043	0.043	0.043	0.043	0.043	0.043	0.043	0.043	0.043	0.043	0.043	0.043	
0.229	0.229	0.229	0.144	0.045	0.045	0.045	0.045	0.045	0.045	0.045	0.045	0.045	0.045	0.044	0.043	0.043	0.043	0.043	0.043	0.043	0.043	0.043	0.043	0.043	0.043	0.043	0.043	
0.229	0.229	0.229	0.220	0.059	0.045	0.045	0.045	0.045	0.045	0.045	0.045	0.045	0.045	0.044	0.043	0.043	0.043	0.043	0.043	0.043	0.043	0.043	0.043	0.043	0.043	0.043	0.043	
0.229	0.229	0.229	0.229	0.140	0.045	0.045	0.045	0.045	0.045	0.045	0.045	0.045	0.045	0.045	0.043	0.043	0.043	0.043	0.043	0.043	0.043	0.043	0.043	0.043	0.043	0.043	0.043	
0.229	0.229	0.229	0.229	0.218	0.057	0.045	0.045	0.045	0.045	0.045	0.045	0.045	0.045	0.045	0.043	0.043	0.043	0.043	0.043	0.043	0.043	0.043	0.043	0.043	0.043	0.043	0.052	
0.229	0.229	0.229	0.229	0.229	0.135	0.045	0.045	0.045	0.045	0.045	0.045	0.045	0.045	0.045	0.043	0.043	0.043	0.043	0.043	0.043	0.043	0.043	0.043	0.043	0.043	0.048	0.354	
0.229	0.229	0.229	0.229	0.229	0.216	0.055	0.045	0.045	0.045	0.045	0.045	0.045	0.045	0.045	0.043	0.043	0.043	0.043	0.043	0.043	0.043	0.043	0.043	0.043	0.046	0.335	0.521	
0.229	0.229	0.229	0.229	0.229	0.229	0.131	0.045	0.045	0.045	0.045	0.045	0.045	0.045	0.045	0.043	0.043	0.043	0.043	0.043	0.043	0.043	0.043	0.043	0.044	0.316	0.521	0.521	
0.229	0.229	0.229	0.229	0.229	0.229	0.213	0.053	0.045	0.045	0.045	0.045	0.045	0.045	0.045	0.043	0.043	0.043	0.043	0.043	0.043	0.043	0.043	0.043	0.295	0.521	0.521	0.521	
0.229	0.229	0.229	0.229	0.229	0.229	0.229	0.126	0.045	0.045	0.045	0.045	0.045	0.045	0.045	0.043	0.043	0.043	0.043	0.043	0.043	0.043	0.043	0.274	0.521	0.521	0.521	0.521	
0.229	0.229	0.229	0.229	0.229	0.229	0.229	0.210	0.051	0.045	0.045	0.045	0.045	0.045	0.045	0.043	0.043	0.043	0.043	0.043	0.043	0.043	0.253	0.521	0.521	0.521	0.521	0.521	
0.229	0.229	0.229	0.229	0.229	0.229	0.229	0.229	0.122	0.045	0.045	0.045	0.045	0.045	1.157	0.082	0.043	0.043	0.043	0.043	0.043	0.233	0.520	0.521	0.521	0.521	0.521	0.558	
0.229	0.229	0.229	0.229	0.229	0.229	0.229	0.229	0.207	0.050	0.045	0.045	0.045	0.084	2.538	0.952	0.043	0.043	0.043	0.043	0.214	0.517	0.521	0.521	0.521	0.523	0.596	0.673	
0.494	0.253	0.229	0.229	0.229	0.229	0.229	0.229	0.229	0.700	0.052	0.045	0.045	0.876	2.827	2.160	0.043	0.043	0.043	0.196	0.514	0.521	0.521	0.521	0.536	0.635	0.675	0.675	
0.833	0.779	0.507	0.258	0.229	0.229	0.229	0.229	0.229	2.571	2.603	0.354	0.264	2.210	2.827	2.826	1.201	0.201	0.180	0.509	0.521	0.521	0.521	0.564	0.662	0.675	0.675	0.675	
0.833	0.833	0.833	0.786	0.520	0.264	0.229	0.229	0.229	2.845	3.729	3.642	4.675	4.472	2.897	3.161	4.297	4.227	1.177	0.521	0.521	0.524	0.603	0.674	0.675	0.675	0.675	0.675	
0.833	0.833	0.833	0.833	0.833	0.793	0.533	0.270	0.443	3.472	3.729	4.136	4.893	4.869	3.747	3.958	4.310	4.311	2.436	0.583	0.540	0.640	0.675	0.675	0.675	0.675	0.675	0.675	
0.833	0.833	0.833	0.833	0.833	0.833	0.833	0.800	4.036	4.955	4.601	4.663	4.737	3.981	3.591	4.701	5.649	5.263	5.088	4.616	0.793	0.675	0.675	0.675	0.675	0.675	0.675	0.675	
0.833	0.833	0.833	0.833	0.833	0.833	0.833	0.833	4.473	4.960	4.863	4.682	4.682	3.766	3.591	4.919	5.831	5.552	5.088	5.088	0.928	0.675	0.675	0.675	0.675	0.675	0.675	0.675	
0.000	0.000	0.000	0.000	0.000	0.000	0.000	0.000	0.000	0.000	0.000	0.000	2.465	3.555	3.460	2.405	0.000	0.000	0.000	0.000	0.000	0.000	0.000	0.000	0.000	0.000	0.000	0.000	
0.000	0.000	0.000	0.000	0.000	0.000	0.000	0.000	0.000	0.000	0.000	0.000	0.607	2.419	2.419	0.605	0.000	0.000	0.000	0.000	0.000	0.000	0.000	0.000	0.000	0.000	0.000	0.000	
0.000	0.000	0.000	0.000	0.000	0.000	0.000	0.000	0.000	0.000	0.000	0.000	0.605	2.419	2.419	0.605	0.000	0.000	0.000	0.000	0.000	0.000	0.000	0.000	0.000	0.000	0.000	0.000	
0.000	0.000	0.000	0.000	0.000	0.000	0.000	0.000	0.000	0.000	0.000	0.000	0.605	2.419	2.419	0.605	0.000	0.000	0.000	0.000	0.000	0.000	0.000	0.000	0.000	0.000	0.000	0.000	
0.000	0.000	0.000	0.000	0.000	0.000	0.000	0.000	0.000	0.000	0.000	0.000	0.605	2.419	2.419	0.605	0.000	0.000	0.000	0.000	0.000	0.000	0.000	0.000	0.000	0.000	0.000	0.000	
