0.036	0.036	0.036	0.036	0.036	0.036	0.036	0.036	0.036	0.036	0.036	0.036	0.036	0.036	0.036	0.036	0.036	0.036	0.036	0.036	0.040	0.053	0.053	0.053	0.053	0.053	0.053	0.053	
0.036	0.036	0.036	0.036	0.036	0.036	0.036	0.036	0.036	0.036	0.036	0.036	0.036	0.036	0.036	0.036	0.036	0.036	0.036	0.036	0.042	0.053	0.053	0.053	0.053	0.053	0.053	0.053	
0.036	0.036	0.036	0.036	0.036	0.036	0.036	0.036	0.036	0.036	0.036	0.036	0.036	0.036	0.036	0.036	0.036	0.036	0.036	0.036	0.044	0.053	0.053	0.053	0.053	0.053	0.053	0.053	
0.036	0.036	0.036	0.036	0.036	0.036	0.036	0.036	0.036	0.036	0.036	0.036	0.036	0.036	0.036	0.036	0.036	0.036	0.036	0.036	0.046	0.053	0.053	0.053	0.053	0.053	0.053	0.053	
0.036	0.036	0.036	0.036	0.036	0.036	0.036	0.036	0.036	0.036	0.036	0.036	0.036	0.036	0.036	0.036	0.036	0.036	0.036	0.036	0.048	0.053	0.053	0.053	0.053	0.053	0.053	0.053	
0.036	0.036	0.036	0.036	0.036	0.036	0.036	0.036	0.036	0.036	0.036	0.036	0.036	0.036	0.036	0.036	0.036	0.036	0.036	0.036	0.050	0.053	0.053	0.053	0.053	0.053	0.053	0.053	
0.036	0.036	0.036	0.036	0.036	0.036	0.036	0.036	0.036	0.036	0.036	0.036	0.036	0.036	0.036	0.036	0.036	0.036	0.036	0.036	0.052	0.053	0.053	0.053	0.053	0.053	0.053	0.053	
0.036	0.036	0.036	0.036	0.036	0.036	0.036	0.036	0.036	0.036	0.036	0.036	0.036	0.036	0.036	0.036	0.036	0.036	0.036	0.036	0.053	0.053	0.053	0.053	0.053	0.053	0.053	0.053	
0.036	0.036	0.036	0.036	0.036	0.036	0.036	0.036	0.036	0.036	0.036	0.036	0.036	0.036	0.036	0.036	0.036	0.036	0.036	0.038	0.053	0.053	0.053	0.053	0.053	0.053	0.053	0.053	
0.036	0.036	0.036	0.036	0.036	0.036	0.036	0.036	0.036	0.036	0.036	0.036	0.036	0.036	0.036	0.036	0.036	0.036	0.036	0.040	0.053	0.053	0.053	0.053	0.053	0.053	0.053	0.053	
0.036	0.036	0.036	0.036	0.036	0.036	0.036	0.036	0.036	0.036	0.036	0.036	0.036	0.036	0.036	0.036	0.036	0.036	0.036	0.042	0.053	0.053	0.053	0.053	0.053	0.053	0.053	0.053	
0.036	0.036	0.036	0.036	0.036	0.036	0.036	0.036	0.036	0.036	0.036	0.036	0.036	0.036	0.036	0.036	0.036	0.036	0.036	0.044	0.053	0.053	0.053	0.053	0.053	0.053	0.053	0.053	
0.036	0.036	0.036	0.036	0.036	0.036	0.036	0.036	0.036	0.036	0.036	0.036	0.036	0.036	0.036	0.036	0.036	0.036	0.036	0.046	0.053	0.053	0.053	0.053	0.053	0.053	0.053	0.053	
0.036	0.036	0.036	0.036	0.036	0.036	0.036	0.036	0.036	0.036	0.036	0.036	0.036	0.036	0.036	0.036	0.036	0.036	0.036	0.048	0.053	0.053	0.053	0.053	0.053	0.053	0.053	0.053	
0.036	0.036	0.036	0.036	0.036	0.036	0.036	0.036	0.036	0.036	0.036	0.036	0.036	0.036	0.036	0.036	0.036	0.036	0.036	0.050	0.053	0.053	0.053	0.053	0.053	0.053	0.053	0.053	
0.036	0.036	0.036	0.036	0.036	0.036	0.036	0.036	0.036	0.036	0.036	0.036	0.036	0.036	0.036	0.036	0.036	0.036	0.036	0.051	0.053	0.053	0.053	0.053	0.053	0.053	0.053	0.053	
0.047	0.036	0.036	0.036	0.036	0.036	0.036	0.036	0.036	0.036	0.036	0.036	0.036	0.036	0.036	0.036	0.036	0.036	0.036	0.053	0.053	0.053	0.053	0.053	0.053	0.053	0.053	0.053	
0.079	0.036	0.036	0.036	0.036	0.036	0.036	0.036	0.036	0.036	0.036	0.036	0.036	0.036	0.036	0.036	0.036	0.036	0.038	0.053	0.053	0.053	0.053	0.053	0.053	0.053	0.053	0.053	
0.110	0.036	0.036	0.036	0.036	0.036	0.036	0.036	0.036	0.036	0.036	0.036	0.036	0.036	0.036	0.036	0.036	0.036	0.040	0.053	0.053	0.053	0.053	0.053	0.053	0.053	0.053	0.053	
0.131	0.047	0.036	0.036	0.036	0.036	0.036	0.036	0.036	0.036	0.036	0.036	0.036	0.036	0.036	0.036	0.036	0.036	0.042	0.053	0.053	0.053	0.053	0.053	0.053	0.053	0.053	0.053	
0.131	0.079	0.036	0.036	0.036	0.036	0.036	0.036	0.036	0.036	0.036	0.036	0.036	0.036	0.036	0.036	0.036	0.036	0.044	0.053	0.053	0.053	0.053	0.053	0.053	0.053	0.053	0.053	
0.131	0.110	0.036	0.036	0.036	0.036	0.036	0.036	0.036	0.036	0.036	0.036	0.036	0.036	0.036	0.036	0.036	0.036	0.046	0.053	0.053	0.053	0.053	0.053	0.053	0.053	0.053	0.053	
0.131	0.131	0.047	0.036	0.036	0.036	0.036	0.036	0.036	0.036	0.036	0.036	0.036	0.036	0.036	0.036	0.036	0.036	0.047	0.053	0.053	0.053	0.053	0.053	0.053	0.053	0.053	0.053	
0.131	0.131	0.079	0.036	0.036	0.036	0.036	0.036	0.036	0.036	0.036	0.036	0.036	0.036	0.036	0.036	0.036	0.036	0.049	0.053	0.053	0.053	0.053	0.053	0.053	0.053	0.053	0.053	
0.131	0.131	0.110	0.036	0.036	0.036	0.036	0.036	0.036	0.036	0.036	0.036	0.036	0.036	0.036	0.036	0.036	0.036	0.051	0.053	0.053	0.053	0.053	0.053	0.053	0.053	0.053	0.053	
0.131	0.131	0.131	0.047	0.036	0.036	0.036	0.036	0.036	0.036	0.036	0.036	0.036	0.036	0.036	0.036	0.036	0.051	0.073	0.053	0.053	0.053	0.053	0.053	0.053	0.053	0.053	0.053	
0.131	0.131	0.131	0.079	0.036	0.036	0.036	0.036	0.036	0.036	0.036	0.036	0.036	0.036	0.036	0.036	0.036	0.131	0.071	0.053	0.053	0.053	0.053	0.053	0.053	0.053	0.053	0.053	
0.131	0.131	0.131	0.110	0.036	0.036	0.036	0.036	0.036	0.036	0.036	0.036	0.036	0.036	0.036	0.036	0.036	0.220	0.061	0.053	0.053	0.053	0.053	0.053	0.053	0.053	0.053	0.053	
0.131	0.131	0.131	0.131	0.047	0.036	0.036	0.036	0.036	0.036	0.036	0.036	0.036	0.036	0.036	0.036	0.036	0.305	0.054	0.053	0.053	0.053	0.053	0.053	0.053	0.053	0.053	0.053	
0.131	0.131	0.131	0.131	0.079	0.036	0.036	0.036	0.036	0.036	0.036	0.036	0.036	0.036	0.036	0.036	0.036	0.384	0.053	0.053	0.053	0.053	0.053	0.053	0.053	0.053	0.053	0.053	
0.131	0.131	0.131	0.131	0.110	0.036	0.036	0.036	0.036	0.036	0.036	0.036	0.036	0.036	0.036	0.036	0.036	0.462	0.053	0.053	0.053	0.053	0.053	0.053	0.053	0.053	0.053	0.053	
0.131	0.131	0.131	0.131	0.131	0.047	0.036	0.036	0.036	0.036	0.036	0.036	0.036	0.036	0.036	0.036	0.047	0.530	0.053	0.053	0.053	0.053	0.053	0.053	0.053	0.053	0.053	0.053	
0.131	0.131	0.131	0.131	0.131	0.079	0.036	0.036	0.036	0.036	0.036	0.036	0.036	0.036	0.036	0.036	0.125	0.531	0.053	0.053	0.053	0.053	0.053	0.053	0.053	0.053	0.053	0.053	
0.131	0.131	0.131	0.131	0.131	0.110	0.036	0.036	0.036	0.036	0.036	0.036	0.036	0.036	0.036	0.036	0.213	0.521	0.053	0.053	0.053	0.053	0.053	0.053	0.053	0.053	0.053	0.053	
0.131	0.131	0.131	0.131	0.131	0.131	0.047	0.036	0.036	0.036	0.036	0.036	0.036	0.036	0.036	0.036	0.302	0.511	0.053	0.053	0.053	0.053	0.053	0.053	0.053	0.053	0.053	0.053	
0.131	0.131	0.131	0.131	0.131	0.131	0.079	0.036	0.036	0.036	0.036	0.036	0.036	0.036	0.036	0.036	0.390	0.501	0.053	0.053	0.053	0.053	0.053	0.053	0.053	0.053	0.053	0.053	
0.131	0.131	0.131	0.131	0.131	0.131	0.110	0.036	0.036	0.036	0.036	0.036	0.036	0.036	0.036	0.036	0.479	0.491	0.053	0.053	0.053	0.053	0.053	0.053	0.053	0.053	0.053	0.053	
0.131	0.131	0.131	0.131	0.131	0.131	0.131	0.047	0.036	0.036	0.036	0.036	0.036	0.036	0.036	0.044	0.559	0.481	0.053	0.053	0.053	0.053	0.053	0.053	0.053	0.053	0.053	0.053	
0.131	0.131	0.131	0.131	0.131	0.131	0.131	0.079	0.036	0.036	0.036	0.036	0.036	0.036	0.036	0.118	0.573	0.471	0.053	0.053	0.053	0.053	0.053	0.053	0.053	0.053	0.053	0.053	
0.131	0.131	0.131	0.131	0.131	0.131	0.131	0.110	0.036	0.036	0.036	0.036	0.036	0.036	0.036	0.207	0.573	0.461	0.053	0.053	0.053	0.053	0.053	0.053	0.053	0.053	0.053	0.053	
0.131	0.131	0.131	0.131	0.131	0.131	0.131	0.131	0.047	0.036	0.036	0.036	0.036	0.036	0.036	0.295	0.573	0.451	0.053	0.053	0.053	0.053	0.053	0.053	0.053	0.053	0.053	0.053	
0.131	0.131	0.131	0.131	0.131	0.131	0.131	0.131	0.079	0.036	0.036	0.036	0.036	0.036	0.036	0.384	0.573	0.441	0.053	0.053	0.053	0.053	0.053	0.053	0.053	0.053	0.053	0.053	
0.131	0.131	0.131	0.131	0.131	0.131	0.131	0.131	0.110	0.036	0.036	0.036	0.036	0.036	0.036	0.472	0.573	0.431	0.053	0.053	0.053	0.053	0.053	0.053	0.053	0.053	0.053	0.053	
0.131	0.131	0.131	0.131	0.131	0.131	0.131	0.131	0.131	0.047	0.036	0.036	0.036	0.036	0.042	0.555	0.573	0.421	0.053	0.053	0.053	0.053	0.053	0.053	0.053	0.053	0.053	0.053	
0.131	0.131	0.131	0.131	0.131	0.131	0.131	0.131	0.131	0.079	0.036	0.036	0.036	0.036	0.112	0.573	0.573	0.411	0.053	0.053	0.053	0.053	0.053	0.053	0.053	0.053	0.053	0.053	
0.131	0.131	0.131	0.131	0.131	0.131	0.131	0.131	0.131	0.110	0.036	0.036	0.036	0.036	0.201	0.573	0.573	0.401	0.053	0.053	0.053	0.053	0.053	0.053	0.053	0.053	0.053	0.053	
0.131	0.131	0.131	0.131	0.131	0.131	0.131	0.131	0.131	0.131	0.047	0.036	0.036	0.036	0.289	0.573	0.573	0.391	0.053	0.053	0.053	0.053	0.053	0.053	0.053	0.053	0.053	0.053	
0.131	0.131	0.131	0.131	0.131	0.131	0.131	0.131	0.131	0.131	0.079	0.036	0.036	0.036	0.537	0.573	0.573	0.381	0.053	0.053	0.053	0.053	0.053	0.053	0.053	0.053	0.053	0.053	
0.131	0.131	0.131	0.131	0.131	0.131	0.131	0.131	0.131	0.131	0.110	0.036	0.036	0.671	1.280	0.573	0.573	0.371	0.053	0.053	0.053	0.053	0.053	0.053	0.053	0.053	0.053	0.053	
0.131	0.131	0.131	0.131	0.131	0.131	0.131	0.131	0.131	0.131	0.131	0.047	0.436	1.478	1.498	0.746	0.573	0.361	0.053	0.053	0.053	0.053	0.053	0.053	0.053	0.053	0.053	0.053	
0.000	0.000	0.000	0.000	0.000	0.000	0.000	0.000	0.000	0.000	0.000	0.000	0.753	1.499	1.499	0.678	0.000	0.000	0.000	0.000	0.000	0.000	0.000	0.000	0.000	0.000	0.000	0.000	
0.000	0.000	0.000	0.000	0.000	0.000	0.000	0.000	0.000	0.000	0.000	0.000	0.375	1.499	1.499	0.375	0.000	0.000	0.000	0.000	0.000	0.000	0.000	0.000	0.000	0.000	0.000	0.000	
0.000	0.000	0.000	0.000	0.000	0.000	0.000	0.000	0.000	0.000	0.000	0.000	0.375	1.499	1.499	0.375	0.000	0.000	0.000	0.000	0.000	0.000	0.000	0.000	0.000	0.000	0.000	0.000	
0.000	0.000	0.000	0.000	0.000	0.000	0.000	0.000	0.000	0.000	0.000	0.000	0.375	1.499	1.499	0.375	0.000	0.000	0.000	0.000	0.000	0.000	0.000	0.000	0.000	0.000	0.000	0.000	
0.000	0.000	0.000	0.000	0.000	0.000	0.000	0.000	0.000	0.000	0.000	0.000	0.375	1.499	1.499	0.375	0.000	0.000	0.000	0.000	0.000	0.000	0.000	0.000	0.000	0.000	0.000	0.000	
