0.062	0.039	0.039	0.039	0.039	0.039	0.039	0.039	0.039	0.039	0.039	0.039	0.039	0.039	0.039	0.039	0.039	0.039	0.039	0.039	0.039	0.039	0.039	0.039	0.039	0.039	0.039	0.116	
0.081	0.039	0.039	0.039	0.039	0.039	0.039	0.039	0.039	0.039	0.039	0.039	0.039	0.039	0.039	0.039	0.039	0.039	0.039	0.039	0.039	0.039	0.039	0.039	0.039	0.039	0.046	0.141	
0.100	0.039	0.039	0.039	0.039	0.039	0.039	0.039	0.039	0.039	0.039	0.039	0.039	0.039	0.039	0.039	0.039	0.039	0.039	0.039	0.039	0.039	0.039	0.039	0.039	0.039	0.074	0.143	
0.109	0.050	0.039	0.039	0.039	0.039	0.039	0.039	0.039	0.039	0.039	0.039	0.039	0.039	0.039	0.039	0.039	0.039	0.039	0.039	0.039	0.039	0.039	0.039	0.039	0.039	0.104	0.143	
0.109	0.069	0.039	0.039	0.039	0.039	0.039	0.039	0.039	0.039	0.039	0.039	0.039	0.039	0.039	0.039	0.039	0.039	0.039	0.039	0.039	0.039	0.039	0.039	0.039	0.040	0.134	0.143	
0.109	0.087	0.039	0.039	0.039	0.039	0.039	0.039	0.039	0.039	0.039	0.039	0.039	0.039	0.039	0.039	0.039	0.039	0.039	0.039	0.039	0.039	0.039	0.039	0.039	0.062	0.143	0.143	
0.109	0.105	0.041	0.039	0.039	0.039	0.039	0.039	0.039	0.039	0.039	0.039	0.039	0.039	0.039	0.039	0.039	0.039	0.039	0.039	0.039	0.039	0.039	0.039	0.039	0.093	0.143	0.143	
0.109	0.109	0.056	0.039	0.039	0.039	0.039	0.039	0.039	0.039	0.039	0.039	0.039	0.039	0.039	0.039	0.039	0.039	0.039	0.039	0.039	0.039	0.039	0.039	0.039	0.123	0.143	0.143	
0.109	0.109	0.075	0.039	0.039	0.039	0.039	0.039	0.039	0.039	0.039	0.039	0.039	0.039	0.039	0.039	0.039	0.039	0.039	0.039	0.039	0.039	0.039	0.039	0.051	0.142	0.143	0.143	
0.109	0.109	0.094	0.039	0.039	0.039	0.039	0.039	0.039	0.039	0.039	0.039	0.039	0.039	0.039	0.039	0.039	0.039	0.039	0.039	0.039	0.039	0.039	0.039	0.081	0.143	0.143	0.143	
0.109	0.109	0.108	0.044	0.039	0.039	0.039	0.039	0.039	0.039	0.039	0.039	0.039	0.039	0.039	0.039	0.039	0.039	0.039	0.039	0.039	0.039	0.039	0.039	0.111	0.143	0.143	0.143	
0.109	0.109	0.109	0.062	0.039	0.039	0.039	0.039	0.039	0.039	0.039	0.039	0.039	0.039	0.039	0.039	0.039	0.039	0.039	0.039	0.039	0.039	0.039	0.043	0.138	0.143	0.143	0.143	
0.109	0.109	0.109	0.081	0.039	0.039	0.039	0.039	0.039	0.039	0.039	0.039	0.039	0.039	0.039	0.039	0.039	0.039	0.039	0.039	0.039	0.039	0.039	0.069	0.143	0.143	0.143	0.143	
0.109	0.109	0.109	0.100	0.039	0.039	0.039	0.039	0.039	0.039	0.039	0.039	0.039	0.039	0.039	0.039	0.039	0.039	0.039	0.039	0.039	0.039	0.039	0.099	0.143	0.143	0.143	0.143	
0.109	0.109	0.109	0.109	0.050	0.039	0.039	0.039	0.039	0.039	0.039	0.039	0.039	0.039	0.039	0.039	0.039	0.039	0.039	0.039	0.039	0.039	0.040	0.130	0.143	0.143	0.143	0.143	
0.109	0.109	0.109	0.109	0.069	0.039	0.039	0.039	0.039	0.039	0.039	0.039	0.039	0.039	0.039	0.039	0.039	0.039	0.039	0.039	0.039	0.039	0.057	0.143	0.143	0.143	0.143	0.143	
0.109	0.109	0.109	0.109	0.087	0.039	0.039	0.039	0.039	0.039	0.039	0.039	0.039	0.039	0.039	0.039	0.039	0.039	0.039	0.039	0.039	0.039	0.088	0.143	0.143	0.143	0.143	0.143	
0.109	0.109	0.109	0.109	0.105	0.041	0.039	0.039	0.039	0.039	0.039	0.039	0.039	0.039	0.039	0.039	0.039	0.039	0.039	0.039	0.039	0.039	0.118	0.143	0.143	0.143	0.143	0.143	
0.109	0.109	0.109	0.109	0.109	0.056	0.039	0.039	0.039	0.039	0.039	0.039	0.039	0.039	0.039	0.039	0.039	0.039	0.039	0.039	0.039	0.047	0.141	0.143	0.143	0.143	0.143	0.143	
0.109	0.109	0.109	0.109	0.109	0.075	0.039	0.039	0.039	0.039	0.039	0.039	0.039	0.039	0.039	0.039	0.039	0.039	0.039	0.039	0.039	0.076	0.143	0.143	0.143	0.143	0.143	0.143	
0.109	0.109	0.109	0.109	0.109	0.094	0.039	0.039	0.039	0.039	0.039	0.039	0.039	0.039	0.039	0.039	0.039	0.039	0.039	0.039	0.039	0.106	0.143	0.143	0.143	0.143	0.143	0.168	
0.109	0.109	0.109	0.109	0.109	0.108	0.044	0.039	0.039	0.039	0.039	0.039	0.039	0.039	0.039	0.039	0.039	0.039	0.039	0.039	0.041	0.135	0.143	0.143	0.143	0.143	0.143	0.224	
0.109	0.109	0.109	0.109	0.109	0.109	0.062	0.039	0.039	0.039	0.039	0.039	0.039	0.039	0.039	0.039	0.039	0.039	0.039	0.039	0.064	0.143	0.143	0.143	0.143	0.143	0.158	0.264	
0.109	0.109	0.109	0.109	0.109	0.109	0.081	0.039	0.039	0.039	0.039	0.039	0.039	0.039	0.039	0.039	0.039	0.039	0.039	0.039	0.094	0.143	0.143	0.143	0.143	0.143	0.212	0.266	
0.109	0.109	0.109	0.109	0.109	0.109	0.100	0.039	0.039	0.039	0.039	0.039	0.039	0.039	0.039	0.039	0.039	0.039	0.039	0.039	0.125	0.143	0.143	0.143	0.143	0.151	0.260	0.266	
0.109	0.109	0.109	0.109	0.109	0.109	0.109	0.050	0.039	0.039	0.039	0.039	0.039	0.039	0.039	0.039	0.039	0.039	0.039	0.052	0.142	0.143	0.143	0.143	0.143	0.200	0.266	0.266	
0.109	0.109	0.109	0.109	0.109	0.109	0.109	0.069	0.039	0.039	0.039	0.039	0.039	0.039	0.039	0.039	0.039	0.039	0.039	0.083	0.143	0.143	0.143	0.143	0.146	0.253	0.266	0.266	
0.109	0.109	0.109	0.109	0.109	0.109	0.109	0.087	0.039	0.039	0.039	0.039	0.039	0.039	0.039	0.039	0.039	0.039	0.039	0.113	0.143	0.143	0.143	0.143	0.189	0.266	0.266	0.266	
0.109	0.109	0.109	0.109	0.109	0.109	0.109	0.105	0.041	0.039	0.039	0.039	0.039	0.039	0.039	0.039	0.039	0.039	0.044	0.139	0.143	0.143	0.143	0.143	0.244	0.266	0.266	0.266	
0.109	0.109	0.109	0.109	0.109	0.109	0.109	0.109	0.056	0.039	0.039	0.039	0.039	0.039	0.039	0.039	0.039	0.039	0.071	0.143	0.143	0.143	0.143	0.177	0.266	0.266	0.266	0.266	
0.109	0.109	0.109	0.109	0.109	0.109	0.109	0.109	0.075	0.039	0.039	0.039	0.039	0.039	0.039	0.039	0.039	0.039	0.101	0.143	0.143	0.143	0.143	0.233	0.266	0.266	0.266	0.266	
0.109	0.109	0.109	0.109	0.109	0.109	0.109	0.109	0.094	0.039	0.039	0.039	0.039	0.039	0.039	0.039	0.039	0.040	0.131	0.143	0.143	0.143	0.166	0.266	0.266	0.266	0.266	0.266	
0.109	0.109	0.109	0.109	0.109	0.109	0.109	0.109	0.108	0.044	0.039	0.039	0.039	0.039	0.039	0.039	0.039	0.059	0.143	0.143	0.143	0.143	0.221	0.266	0.266	0.266	0.266	0.266	
0.109	0.109	0.109	0.109	0.109	0.109	0.109	0.109	0.109	0.062	0.039	0.039	0.039	0.039	0.039	0.039	0.039	0.089	0.143	0.143	0.143	0.156	0.263	0.266	0.266	0.266	0.266	0.266	
0.109	0.109	0.109	0.109	0.109	0.109	0.109	0.109	0.109	0.087	0.039	0.039	0.039	0.039	0.039	0.039	0.039	0.120	0.143	0.143	0.143	0.210	0.266	0.266	0.266	0.266	0.266	0.266	
0.109	0.109	0.109	0.109	0.109	0.109	0.109	0.109	0.109	0.488	0.228	0.039	0.039	0.039	0.039	0.039	0.048	0.142	0.143	0.143	0.149	0.259	0.266	0.266	0.266	0.266	0.266	0.266	
0.114	0.109	0.109	0.109	0.109	0.109	0.109	0.109	0.109	0.463	1.211	0.039	0.039	0.039	0.039	0.039	0.077	0.143	0.143	0.143	0.198	0.266	0.266	0.266	0.266	0.266	0.266	0.412	
0.588	0.129	0.109	0.109	0.109	0.109	0.109	0.109	0.109	0.349	1.920	0.403	0.039	0.039	0.039	0.039	0.108	0.143	0.143	0.145	0.252	0.266	0.266	0.266	0.266	0.266	0.454	0.752	
0.839	0.656	0.155	0.109	0.109	0.109	0.109	0.109	0.109	0.235	1.937	1.457	0.041	0.039	0.039	0.041	0.136	0.143	0.143	0.187	0.266	0.266	0.266	0.266	0.266	0.500	0.759	0.761	
0.839	0.839	0.713	0.192	0.109	0.109	0.109	0.109	0.109	0.130	1.928	1.937	0.633	0.039	0.039	0.066	0.143	0.143	0.143	0.242	0.266	0.266	0.266	0.270	0.549	0.761	0.761	0.761	
0.839	0.839	0.839	0.760	0.239	0.109	0.109	0.109	0.109	0.109	1.834	1.937	1.662	0.083	0.261	0.837	0.143	0.143	0.175	0.266	0.266	0.266	0.279	0.593	0.761	0.761	0.761	0.761	
0.858	0.839	0.839	0.839	0.796	0.994	0.322	0.109	0.109	0.373	2.361	1.937	1.969	2.641	4.070	4.029	0.661	0.188	0.280	0.266	0.266	0.293	0.632	0.761	0.761	0.761	0.761	0.790	
1.271	0.877	0.839	0.839	0.839	1.632	3.045	2.151	1.150	3.503	4.390	3.475	4.070	4.431	4.292	4.291	3.826	3.987	2.496	0.266	0.313	0.666	0.761	0.761	0.761	0.761	0.895	1.109	
1.404	1.309	0.902	0.839	0.839	0.867	2.799	3.125	3.170	4.403	4.412	4.436	4.472	4.472	4.818	4.999	4.549	4.218	4.212	2.300	0.723	0.761	0.761	0.761	0.806	1.031	1.140	1.140	
1.404	1.404	1.341	0.934	0.839	0.839	1.736	3.125	3.827	5.088	4.886	5.038	4.863	4.720	5.181	5.176	5.115	4.742	4.427	4.486	2.324	0.761	0.764	0.924	1.122	1.140	1.140	1.140	
1.404	1.404	1.404	1.366	0.971	0.889	1.936	4.109	4.938	5.131	5.134	5.149	5.149	5.264	5.287	5.256	5.424	5.432	4.773	4.486	4.307	1.944	1.056	1.140	1.140	1.140	1.140	1.140	
1.516	1.404	1.404	1.404	1.519	4.435	4.790	4.879	4.900	5.325	5.866	5.772	6.102	5.566	5.298	5.631	5.671	5.529	5.508	4.835	4.633	4.373	1.158	1.140	1.140	1.145	1.320	1.576	
2.484	2.167	1.738	1.421	2.194	4.809	4.790	4.939	4.899	5.730	6.047	6.379	6.649	6.363	6.048	5.925	5.914	5.786	5.741	5.342	4.646	4.668	2.063	1.183	1.417	1.669	1.750	1.750	
2.500	2.500	2.500	2.388	5.018	5.240	5.437	6.049	6.169	6.780	6.369	6.261	6.449	6.251	6.257	6.310	6.357	6.522	6.010	6.128	5.425	5.229	5.221	1.846	1.750	1.750	1.750	1.750	
2.500	2.500	2.500	2.521	5.277	5.277	5.707	6.058	6.382	6.851	6.621	6.237	6.117	5.270	6.905	7.001	6.719	6.687	6.326	6.171	5.850	5.298	5.298	1.954	1.750	1.750	1.750	1.750	
0.000	0.000	0.000	0.000	0.000	0.000	0.000	0.000	0.000	0.000	0.000	0.000	2.292	3.649	5.484	3.720	0.000	0.000	0.000	0.000	0.000	0.000	0.000	0.000	0.000	0.000	0.000	0.000	
0.000	0.000	0.000	0.000	0.000	0.000	0.000	0.000	0.000	0.000	0.000	0.000	0.912	3.649	3.687	1.179	0.000	0.000	0.000	0.000	0.000	0.000	0.000	0.000	0.000	0.000	0.000	0.000	
0.000	0.000	0.000	0.000	0.000	0.000	0.000	0.000	0.000	0.000	0.000	0.000	0.918	3.739	3.846	0.978	0.000	0.000	0.000	0.000	0.000	0.000	0.000	0.000	0.000	0.000	0.000	0.000	
0.000	0.000	0.000	0.000	0.000	0.000	0.000	0.000	0.000	0.000	0.000	0.000	1.168	4.672	4.672	1.168	0.000	0.000	0.000	0.000	0.000	0.000	0.000	0.000	0.000	0.000	0.000	0.000	
0.000	0.000	0.000	0.000	0.000	0.000	0.000	0.000	0.000	0.000	0.000	0.000	1.168	4.672	4.672	1.168	0.000	0.000	0.000	0.000	0.000	0.000	0.000	0.000	0.000	0.000	0.000	0.000	
