0.045	0.045	0.045	0.045	0.045	0.045	0.045	0.045	0.045	0.045	0.062	0.070	0.070	0.070	0.070	0.070	0.070	0.070	0.070	0.070	0.070	0.058	0.055	0.055	0.055	0.055	0.055	0.055	
0.045	0.045	0.045	0.045	0.045	0.045	0.045	0.045	0.045	0.045	0.060	0.070	0.070	0.070	0.070	0.070	0.070	0.070	0.070	0.070	0.070	0.056	0.055	0.055	0.055	0.055	0.055	0.055	
0.045	0.045	0.045	0.045	0.045	0.045	0.045	0.045	0.045	0.045	0.059	0.070	0.070	0.070	0.070	0.070	0.070	0.070	0.070	0.070	0.070	0.055	0.055	0.055	0.055	0.055	0.055	0.055	
0.045	0.045	0.045	0.045	0.045	0.045	0.045	0.045	0.045	0.045	0.058	0.070	0.070	0.070	0.070	0.070	0.070	0.070	0.070	0.070	0.069	0.055	0.055	0.055	0.055	0.055	0.055	0.055	
0.045	0.045	0.045	0.045	0.045	0.045	0.045	0.045	0.045	0.045	0.057	0.070	0.070	0.070	0.070	0.070	0.070	0.070	0.070	0.070	0.067	0.055	0.055	0.055	0.055	0.055	0.055	0.055	
0.045	0.045	0.045	0.045	0.045	0.045	0.045	0.045	0.045	0.045	0.056	0.070	0.070	0.070	0.070	0.070	0.070	0.070	0.070	0.070	0.066	0.055	0.055	0.055	0.055	0.055	0.055	0.055	
0.045	0.045	0.045	0.045	0.045	0.045	0.045	0.045	0.045	0.045	0.055	0.070	0.070	0.070	0.070	0.070	0.070	0.070	0.070	0.070	0.064	0.055	0.055	0.055	0.055	0.055	0.055	0.055	
0.045	0.045	0.045	0.045	0.045	0.045	0.045	0.045	0.045	0.045	0.054	0.070	0.070	0.070	0.070	0.070	0.070	0.070	0.070	0.070	0.063	0.055	0.055	0.055	0.055	0.055	0.055	0.055	
0.045	0.045	0.045	0.045	0.045	0.045	0.045	0.045	0.045	0.045	0.052	0.070	0.070	0.070	0.070	0.070	0.070	0.070	0.070	0.070	0.062	0.055	0.055	0.055	0.055	0.055	0.055	0.055	
0.045	0.045	0.045	0.045	0.045	0.045	0.045	0.045	0.045	0.045	0.051	0.070	0.070	0.070	0.070	0.070	0.070	0.070	0.070	0.070	0.060	0.055	0.055	0.055	0.055	0.055	0.055	0.055	
0.045	0.045	0.045	0.045	0.045	0.045	0.045	0.045	0.045	0.045	0.050	0.070	0.070	0.070	0.070	0.070	0.070	0.070	0.070	0.070	0.059	0.055	0.055	0.055	0.055	0.055	0.055	0.055	
0.045	0.045	0.045	0.045	0.045	0.045	0.045	0.045	0.045	0.045	0.049	0.070	0.070	0.070	0.070	0.070	0.070	0.070	0.070	0.070	0.057	0.055	0.055	0.055	0.055	0.055	0.055	0.055	
0.045	0.045	0.045	0.045	0.045	0.045	0.045	0.045	0.045	0.045	0.048	0.070	0.070	0.070	0.070	0.070	0.070	0.070	0.070	0.070	0.056	0.055	0.055	0.055	0.055	0.055	0.055	0.055	
0.045	0.045	0.045	0.045	0.045	0.045	0.045	0.045	0.045	0.045	0.047	0.070	0.070	0.070	0.070	0.070	0.070	0.070	0.070	0.070	0.055	0.055	0.055	0.055	0.055	0.055	0.055	0.055	
0.045	0.045	0.045	0.045	0.045	0.045	0.045	0.045	0.045	0.045	0.046	0.070	0.070	0.070	0.070	0.070	0.070	0.070	0.070	0.068	0.055	0.055	0.055	0.055	0.055	0.055	0.055	0.055	
0.045	0.045	0.045	0.045	0.045	0.045	0.045	0.045	0.045	0.045	0.045	0.070	0.070	0.070	0.070	0.070	0.070	0.070	0.070	0.067	0.055	0.055	0.055	0.055	0.055	0.055	0.055	0.055	
0.045	0.045	0.045	0.045	0.045	0.045	0.045	0.045	0.045	0.045	0.045	0.069	0.070	0.070	0.070	0.070	0.070	0.070	0.070	0.065	0.055	0.055	0.055	0.055	0.055	0.055	0.055	0.055	
0.045	0.045	0.045	0.045	0.045	0.045	0.045	0.045	0.045	0.045	0.045	0.067	0.070	0.070	0.070	0.070	0.070	0.070	0.070	0.064	0.055	0.055	0.055	0.055	0.055	0.055	0.055	0.055	
0.045	0.045	0.045	0.045	0.045	0.045	0.045	0.045	0.045	0.045	0.045	0.066	0.070	0.070	0.070	0.070	0.070	0.070	0.070	0.062	0.055	0.055	0.055	0.055	0.055	0.055	0.055	0.055	
0.045	0.045	0.045	0.045	0.045	0.045	0.045	0.045	0.045	0.045	0.045	0.065	0.070	0.070	0.070	0.070	0.070	0.070	0.070	0.061	0.055	0.055	0.055	0.055	0.055	0.055	0.055	0.055	
0.045	0.045	0.045	0.045	0.045	0.045	0.045	0.045	0.045	0.045	0.045	0.064	0.070	0.070	0.070	0.070	0.070	0.070	0.070	0.060	0.055	0.055	0.055	0.055	0.055	0.055	0.055	0.055	
0.045	0.045	0.045	0.045	0.045	0.045	0.045	0.045	0.045	0.045	0.045	0.063	0.070	0.070	0.070	0.070	0.070	0.070	0.070	0.058	0.055	0.055	0.055	0.055	0.055	0.055	0.055	0.055	
0.045	0.045	0.045	0.045	0.045	0.045	0.045	0.045	0.045	0.045	0.045	0.062	0.070	0.070	0.070	0.070	0.070	0.070	0.070	0.057	0.055	0.055	0.055	0.055	0.055	0.055	0.055	0.055	
0.045	0.045	0.045	0.045	0.045	0.045	0.045	0.045	0.045	0.045	0.045	0.061	0.070	0.070	0.070	0.070	0.070	0.070	0.070	0.055	0.055	0.055	0.055	0.055	0.055	0.055	0.055	0.055	
0.045	0.045	0.045	0.045	0.045	0.045	0.045	0.045	0.045	0.045	0.045	0.060	0.070	0.070	0.070	0.070	0.070	0.070	0.069	0.055	0.055	0.055	0.055	0.055	0.055	0.055	0.055	0.055	
0.045	0.045	0.045	0.045	0.045	0.045	0.045	0.045	0.045	0.045	0.045	0.058	0.070	0.070	0.070	0.070	0.070	0.070	0.068	0.055	0.055	0.055	0.055	0.055	0.055	0.055	0.055	0.055	
0.045	0.045	0.045	0.045	0.045	0.045	0.045	0.045	0.045	0.045	0.045	0.065	0.070	0.070	0.070	0.070	0.070	0.070	0.066	0.055	0.055	0.055	0.055	0.055	0.055	0.055	0.055	0.055	
0.045	0.045	0.045	0.045	0.045	0.045	0.045	0.045	0.045	0.045	0.045	0.133	0.070	0.070	0.070	0.070	0.070	0.070	0.065	0.055	0.055	0.055	0.055	0.055	0.055	0.055	0.055	0.055	
0.045	0.045	0.045	0.045	0.045	0.045	0.045	0.045	0.045	0.045	0.045	0.213	0.070	0.070	0.070	0.070	0.070	0.070	0.063	0.055	0.055	0.055	0.055	0.055	0.055	0.055	0.055	0.055	
0.045	0.045	0.045	0.045	0.045	0.045	0.045	0.045	0.045	0.045	0.045	0.292	0.070	0.070	0.070	0.070	0.070	0.070	0.062	0.055	0.055	0.055	0.055	0.055	0.055	0.055	0.055	0.055	
0.045	0.045	0.045	0.045	0.045	0.045	0.045	0.045	0.045	0.045	0.045	0.372	0.070	0.070	0.070	0.070	0.070	0.070	0.060	0.055	0.055	0.055	0.055	0.055	0.055	0.055	0.055	0.055	
0.045	0.045	0.045	0.045	0.045	0.045	0.045	0.045	0.045	0.045	0.045	0.426	0.095	0.070	0.070	0.070	0.070	0.070	0.059	0.055	0.055	0.055	0.055	0.055	0.055	0.055	0.055	0.055	
0.045	0.045	0.045	0.045	0.045	0.045	0.045	0.045	0.045	0.045	0.045	0.439	0.162	0.070	0.070	0.070	0.070	0.070	0.058	0.055	0.055	0.055	0.055	0.055	0.055	0.055	0.055	0.055	
0.045	0.045	0.045	0.045	0.045	0.045	0.045	0.045	0.045	0.045	0.045	0.452	0.229	0.070	0.070	0.070	0.070	0.070	0.056	0.055	0.055	0.055	0.055	0.055	0.055	0.055	0.055	0.055	
0.045	0.045	0.045	0.045	0.045	0.045	0.045	0.045	0.045	0.045	0.045	0.464	0.297	0.070	0.070	0.070	0.070	0.070	0.055	0.055	0.055	0.055	0.055	0.055	0.055	0.055	0.055	0.055	
0.045	0.045	0.045	0.045	0.045	0.045	0.045	0.045	0.045	0.045	0.045	0.476	0.364	0.070	0.070	0.070	0.070	0.069	0.055	0.055	0.055	0.055	0.055	0.055	0.055	0.055	0.055	0.055	
0.045	0.045	0.045	0.045	0.045	0.045	0.045	0.045	0.045	0.045	0.045	0.489	0.431	0.070	0.070	0.070	0.070	0.067	0.055	0.055	0.055	0.055	0.055	0.055	0.055	0.055	0.055	0.055	
0.045	0.045	0.045	0.045	0.045	0.045	0.045	0.045	0.045	0.045	0.045	0.501	0.499	0.070	0.070	0.070	0.070	0.066	0.055	0.055	0.055	0.055	0.055	0.055	0.055	0.055	0.055	0.055	
0.045	0.045	0.045	0.045	0.045	0.045	0.045	0.045	0.045	0.045	0.045	0.513	0.566	0.070	0.070	0.070	0.070	0.064	0.055	0.055	0.055	0.055	0.055	0.055	0.055	0.055	0.055	0.055	
0.045	0.045	0.045	0.045	0.045	0.045	0.045	0.045	0.045	0.045	0.045	0.526	0.633	0.070	0.070	0.070	0.070	0.063	0.055	0.055	0.055	0.055	0.055	0.055	0.055	0.055	0.055	0.055	
0.045	0.045	0.045	0.045	0.045	0.045	0.045	0.045	0.045	0.045	0.045	0.538	0.696	0.075	0.070	0.070	0.070	0.061	0.055	0.055	0.055	0.055	0.055	0.055	0.055	0.055	0.055	0.055	
0.045	0.045	0.045	0.045	0.045	0.045	0.045	0.045	0.045	0.045	0.045	0.550	0.710	0.128	0.070	0.070	0.070	0.060	0.055	0.055	0.055	0.055	0.055	0.055	0.055	0.055	0.055	0.055	
0.045	0.045	0.045	0.045	0.045	0.045	0.045	0.045	0.045	0.045	0.045	0.563	0.710	0.196	0.070	0.070	0.070	0.058	0.055	0.055	0.055	0.055	0.055	0.055	0.055	0.055	0.055	0.055	
0.045	0.045	0.045	0.045	0.045	0.045	0.045	0.045	0.045	0.045	0.045	0.575	0.710	0.263	0.070	0.070	0.070	0.057	0.055	0.055	0.055	0.055	0.055	0.055	0.055	0.055	0.055	0.055	
0.045	0.045	0.045	0.045	0.045	0.045	0.045	0.045	0.045	0.045	0.045	0.587	0.710	0.330	0.070	0.070	0.070	0.055	0.055	0.055	0.055	0.055	0.055	0.055	0.055	0.055	0.055	0.055	
0.045	0.045	0.045	0.045	0.045	0.045	0.045	0.045	0.045	0.045	0.045	0.599	0.710	0.398	0.070	0.070	0.069	0.055	0.055	0.055	0.055	0.055	0.055	0.055	0.055	0.055	0.055	0.055	
0.045	0.045	0.045	0.045	0.045	0.045	0.045	0.045	0.045	0.045	0.045	0.612	0.710	0.465	0.070	0.070	0.068	0.055	0.055	0.055	0.055	0.055	0.055	0.055	0.055	0.055	0.055	0.055	
0.045	0.045	0.045	0.045	0.045	0.045	0.045	0.045	0.045	0.045	0.045	0.624	0.710	0.532	0.070	0.070	0.066	0.055	0.055	0.055	0.055	0.055	0.055	0.055	0.055	0.055	0.055	0.055	
0.045	0.045	0.045	0.045	0.045	0.045	0.045	0.045	0.045	0.045	0.045	0.636	0.710	0.600	0.070	0.070	0.065	0.055	0.055	0.055	0.055	0.055	0.055	0.055	0.055	0.055	0.055	0.055	
0.045	0.045	0.045	0.045	0.045	0.045	0.045	0.045	0.045	0.045	0.045	0.649	0.710	0.667	0.070	0.070	0.064	0.055	0.055	0.055	0.055	0.055	0.055	0.055	0.055	0.055	0.055	0.055	
0.000	0.000	0.000	0.000	0.000	0.000	0.000	0.000	0.000	0.000	0.000	0.000	0.396	1.259	1.044	0.161	0.000	0.000	0.000	0.000	0.000	0.000	0.000	0.000	0.000	0.000	0.000	0.000	
0.000	0.000	0.000	0.000	0.000	0.000	0.000	0.000	0.000	0.000	0.000	0.000	0.576	2.305	2.305	0.576	0.000	0.000	0.000	0.000	0.000	0.000	0.000	0.000	0.000	0.000	0.000	0.000	
0.000	0.000	0.000	0.000	0.000	0.000	0.000	0.000	0.000	0.000	0.000	0.000	0.576	2.305	2.305	0.576	0.000	0.000	0.000	0.000	0.000	0.000	0.000	0.000	0.000	0.000	0.000	0.000	
0.000	0.000	0.000	0.000	0.000	0.000	0.000	0.000	0.000	0.000	0.000	0.000	0.576	2.305	2.305	0.576	0.000	0.000	0.000	0.000	0.000	0.000	0.000	0.000	0.000	0.000	0.000	0.000	
0.000	0.000	0.000	0.000	0.000	0.000	0.000	0.000	0.000	0.000	0.000	0.000	0.576	2.305	2.305	0.576	0.000	0.000	0.000	0.000	0.000	0.000	0.000	0.000	0.000	0.000	0.000	0.000	
