0.072	0.072	0.072	0.072	0.072	0.072	0.050	0.043	0.043	0.043	0.043	0.043	0.043	0.043	0.043	0.043	0.043	0.043	0.043	0.043	0.043	0.043	0.043	0.043	0.043	0.043	0.043	0.043	
0.072	0.072	0.072	0.072	0.072	0.072	0.055	0.043	0.043	0.043	0.043	0.043	0.043	0.043	0.043	0.043	0.043	0.043	0.043	0.043	0.043	0.043	0.043	0.043	0.043	0.043	0.043	0.043	
0.072	0.072	0.072	0.072	0.072	0.072	0.059	0.043	0.043	0.043	0.043	0.043	0.043	0.043	0.043	0.043	0.043	0.043	0.043	0.043	0.043	0.043	0.043	0.043	0.043	0.043	0.043	0.043	
0.072	0.072	0.072	0.072	0.072	0.072	0.063	0.043	0.043	0.043	0.043	0.043	0.043	0.043	0.043	0.043	0.043	0.043	0.043	0.043	0.043	0.043	0.043	0.043	0.043	0.043	0.043	0.043	
0.072	0.072	0.072	0.072	0.072	0.072	0.067	0.043	0.043	0.043	0.043	0.043	0.043	0.043	0.043	0.043	0.043	0.043	0.043	0.043	0.043	0.043	0.043	0.043	0.043	0.043	0.043	0.043	
0.072	0.072	0.072	0.072	0.072	0.072	0.071	0.044	0.043	0.043	0.043	0.043	0.043	0.043	0.043	0.043	0.043	0.043	0.043	0.043	0.043	0.043	0.043	0.043	0.043	0.043	0.043	0.056	
0.072	0.072	0.072	0.072	0.072	0.072	0.072	0.047	0.043	0.043	0.043	0.043	0.043	0.043	0.043	0.043	0.043	0.043	0.043	0.043	0.043	0.043	0.043	0.043	0.043	0.043	0.043	0.094	
0.072	0.072	0.072	0.072	0.072	0.072	0.072	0.051	0.043	0.043	0.043	0.043	0.043	0.043	0.043	0.043	0.043	0.043	0.043	0.043	0.043	0.043	0.043	0.043	0.043	0.043	0.043	0.134	
0.072	0.072	0.072	0.072	0.072	0.072	0.072	0.055	0.043	0.043	0.043	0.043	0.043	0.043	0.043	0.043	0.043	0.043	0.043	0.043	0.043	0.043	0.043	0.043	0.043	0.043	0.050	0.166	
0.072	0.072	0.072	0.072	0.072	0.072	0.072	0.059	0.043	0.043	0.043	0.043	0.043	0.043	0.043	0.043	0.043	0.043	0.043	0.043	0.043	0.043	0.043	0.043	0.043	0.043	0.085	0.170	
0.072	0.072	0.072	0.072	0.072	0.072	0.072	0.063	0.043	0.043	0.043	0.043	0.043	0.043	0.043	0.043	0.043	0.043	0.043	0.043	0.043	0.043	0.043	0.043	0.043	0.043	0.124	0.170	
0.072	0.072	0.072	0.072	0.072	0.072	0.072	0.068	0.043	0.043	0.043	0.043	0.043	0.043	0.043	0.043	0.043	0.043	0.043	0.043	0.043	0.043	0.043	0.043	0.043	0.046	0.161	0.170	
0.072	0.072	0.072	0.072	0.072	0.072	0.072	0.071	0.044	0.043	0.043	0.043	0.043	0.043	0.043	0.043	0.043	0.043	0.043	0.043	0.043	0.043	0.043	0.043	0.043	0.076	0.170	0.170	
0.072	0.072	0.072	0.072	0.072	0.072	0.072	0.072	0.047	0.043	0.043	0.043	0.043	0.043	0.043	0.043	0.043	0.043	0.043	0.043	0.043	0.043	0.043	0.043	0.043	0.115	0.170	0.170	
0.072	0.072	0.072	0.072	0.072	0.072	0.072	0.072	0.051	0.043	0.043	0.043	0.043	0.043	0.043	0.043	0.043	0.043	0.043	0.043	0.043	0.043	0.043	0.043	0.043	0.154	0.170	0.170	
0.072	0.072	0.072	0.072	0.072	0.072	0.072	0.072	0.056	0.043	0.043	0.043	0.043	0.043	0.043	0.043	0.043	0.043	0.043	0.043	0.043	0.043	0.043	0.043	0.067	0.170	0.170	0.170	
0.072	0.072	0.072	0.072	0.072	0.072	0.072	0.072	0.060	0.043	0.043	0.043	0.043	0.043	0.043	0.043	0.043	0.043	0.043	0.043	0.043	0.043	0.043	0.043	0.106	0.170	0.170	0.170	
0.072	0.072	0.072	0.072	0.072	0.072	0.072	0.072	0.064	0.043	0.043	0.043	0.043	0.043	0.043	0.043	0.043	0.043	0.043	0.043	0.043	0.043	0.043	0.043	0.145	0.170	0.170	0.170	
0.072	0.072	0.072	0.072	0.072	0.072	0.072	0.072	0.068	0.043	0.043	0.043	0.043	0.043	0.043	0.043	0.043	0.043	0.043	0.043	0.043	0.043	0.043	0.058	0.169	0.170	0.170	0.170	
0.072	0.072	0.072	0.072	0.072	0.072	0.072	0.072	0.072	0.044	0.043	0.043	0.043	0.043	0.043	0.043	0.043	0.043	0.043	0.043	0.043	0.043	0.043	0.097	0.170	0.170	0.170	0.170	
0.072	0.072	0.072	0.072	0.072	0.072	0.072	0.072	0.072	0.048	0.043	0.043	0.043	0.043	0.043	0.043	0.043	0.043	0.043	0.043	0.043	0.043	0.043	0.136	0.170	0.170	0.170	0.170	
0.072	0.072	0.072	0.072	0.072	0.072	0.072	0.072	0.072	0.052	0.043	0.043	0.043	0.043	0.043	0.043	0.043	0.043	0.043	0.043	0.043	0.043	0.051	0.167	0.170	0.170	0.170	0.170	
0.072	0.072	0.072	0.072	0.072	0.072	0.072	0.072	0.072	0.056	0.043	0.043	0.043	0.043	0.043	0.043	0.043	0.043	0.043	0.043	0.043	0.043	0.088	0.170	0.170	0.170	0.170	0.170	
0.072	0.072	0.072	0.072	0.072	0.072	0.072	0.072	0.072	0.060	0.043	0.043	0.043	0.043	0.043	0.043	0.043	0.043	0.043	0.043	0.043	0.043	0.127	0.170	0.170	0.170	0.170	0.194	
0.072	0.072	0.072	0.072	0.072	0.072	0.072	0.072	0.072	0.064	0.043	0.043	0.043	0.043	0.043	0.043	0.043	0.043	0.043	0.043	0.043	0.046	0.163	0.170	0.170	0.170	0.170	0.229	
0.072	0.072	0.072	0.072	0.072	0.072	0.072	0.072	0.072	0.069	0.043	0.043	0.043	0.043	0.043	0.043	0.043	0.043	0.043	0.043	0.043	0.078	0.170	0.170	0.170	0.170	0.174	0.261	
0.072	0.072	0.072	0.072	0.072	0.072	0.072	0.072	0.072	0.072	0.044	0.043	0.043	0.043	0.043	0.043	0.043	0.043	0.043	0.043	0.043	0.117	0.170	0.170	0.170	0.170	0.205	0.266	
0.072	0.072	0.072	0.072	0.072	0.072	0.072	0.072	0.072	0.072	0.048	0.043	0.043	0.043	0.043	0.043	0.043	0.043	0.043	0.043	0.044	0.156	0.170	0.170	0.170	0.170	0.241	0.266	
0.072	0.072	0.072	0.072	0.072	0.072	0.072	0.072	0.072	0.072	0.052	0.043	0.043	0.043	0.043	0.043	0.043	0.043	0.043	0.043	0.069	0.170	0.170	0.170	0.170	0.181	0.265	0.266	
0.074	0.072	0.072	0.072	0.072	0.072	0.072	0.072	0.072	0.072	0.057	0.043	0.043	0.043	0.043	0.043	0.043	0.043	0.043	0.043	0.108	0.170	0.170	0.170	0.170	0.216	0.266	0.266	
0.203	0.072	0.072	0.072	0.072	0.072	0.072	0.072	0.072	0.072	0.061	0.043	0.043	0.043	0.043	0.043	0.043	0.043	0.043	0.043	0.147	0.170	0.170	0.170	0.170	0.252	0.266	0.266	
0.381	0.092	0.072	0.072	0.072	0.072	0.072	0.072	0.072	0.072	0.065	0.043	0.043	0.043	0.043	0.043	0.043	0.043	0.043	0.060	0.169	0.170	0.170	0.170	0.192	0.266	0.266	0.266	
0.411	0.259	0.072	0.072	0.072	0.072	0.072	0.072	0.072	0.072	0.069	0.043	0.043	0.043	0.043	0.043	0.043	0.043	0.043	0.099	0.170	0.170	0.170	0.170	0.227	0.266	0.266	0.266	
0.411	0.404	0.125	0.072	0.072	0.072	0.072	0.072	0.072	0.072	0.072	0.045	0.043	0.043	0.043	0.043	0.043	0.043	0.043	0.138	0.170	0.170	0.170	0.173	0.260	0.266	0.266	0.266	
0.411	0.411	0.316	0.072	0.072	0.072	0.072	0.072	0.072	0.072	0.072	0.049	0.043	0.043	0.043	0.043	0.043	0.043	0.053	0.168	0.170	0.170	0.170	0.203	0.266	0.266	0.266	0.266	
0.411	0.411	0.411	0.174	0.072	0.072	0.072	0.072	0.072	0.072	0.072	0.124	0.043	0.043	0.043	0.043	0.043	0.043	0.090	0.170	0.170	0.170	0.170	0.239	0.266	0.266	0.266	0.266	
0.411	0.411	0.411	0.363	0.081	0.072	0.072	0.072	0.072	0.072	0.072	0.706	0.043	0.043	0.043	0.043	0.043	0.043	0.129	0.170	0.170	0.170	0.179	0.264	0.266	0.266	0.266	0.266	
0.411	0.411	0.411	0.411	0.231	0.072	0.072	0.072	0.072	0.072	0.072	1.261	0.171	0.043	0.043	0.043	0.043	0.047	0.164	0.170	0.170	0.170	0.214	0.266	0.266	0.266	0.266	0.266	
0.411	0.411	0.411	0.411	0.395	0.106	0.072	0.072	0.072	0.072	0.072	1.359	0.755	0.043	0.043	0.043	0.043	0.081	0.170	0.170	0.170	0.170	0.250	0.266	0.266	0.266	0.266	0.266	
0.411	0.411	0.411	0.411	0.411	0.288	0.072	0.072	0.072	0.072	0.072	1.416	1.381	0.043	0.043	0.043	0.043	0.120	0.170	0.170	0.170	0.190	0.266	0.266	0.266	0.266	0.266	0.266	
0.411	0.411	0.411	0.411	0.411	0.410	0.148	0.072	0.072	0.072	0.072	1.473	1.774	0.275	0.043	0.043	0.044	0.158	0.170	0.170	0.170	0.225	0.266	0.266	0.266	0.266	0.266	0.266	
0.458	0.411	0.411	0.411	0.411	0.411	0.342	0.074	0.072	0.072	0.072	1.530	1.780	0.894	0.043	0.043	0.072	0.170	0.170	0.170	0.503	0.396	0.266	0.266	0.266	0.266	0.266	0.266	
1.094	0.612	0.411	0.411	0.411	0.411	0.411	0.203	0.072	0.072	0.072	1.587	1.780	1.518	0.045	0.043	0.111	0.170	0.170	0.404	2.611	0.597	0.266	0.266	0.266	0.266	0.266	0.266	
1.184	1.179	0.848	0.439	0.411	0.411	0.411	0.381	0.204	0.072	0.887	2.608	1.780	1.846	2.799	3.227	1.911	0.170	0.322	2.476	3.064	0.701	0.266	0.266	0.266	0.266	0.266	0.266	
1.184	1.184	1.184	1.061	0.570	0.411	0.411	0.627	4.380	3.722	4.569	4.763	4.070	4.759	4.522	4.420	4.544	4.212	3.354	3.064	3.064	0.805	0.266	0.266	0.266	0.266	0.266	0.501	
1.206	1.184	1.184	1.184	1.170	0.797	0.426	2.191	4.601	4.601	4.735	4.776	5.113	5.213	4.977	4.533	4.725	4.795	4.448	3.210	3.096	1.827	0.449	0.266	0.266	0.429	0.997	1.347	
1.584	1.396	1.211	1.184	1.184	1.184	3.103	4.874	4.763	5.169	5.521	5.848	5.838	5.295	5.431	5.484	5.664	5.464	5.064	5.077	4.261	3.707	3.583	2.536	1.003	1.331	1.350	1.350	
1.615	1.615	1.589	1.405	1.216	1.226	4.118	4.878	5.064	5.737	5.740	5.962	5.876	5.147	5.436	5.497	6.115	6.127	5.310	5.087	4.540	3.707	3.827	3.334	1.350	1.350	1.350	1.350	
1.615	1.615	1.615	1.615	1.593	3.811	5.285	5.198	5.967	6.003	5.775	5.790	5.280	4.892	5.069	5.426	5.647	6.392	6.505	5.915	6.079	5.104	5.219	3.945	1.350	1.350	1.350	1.350	
1.615	1.615	1.615	1.615	1.615	4.310	5.297	5.476	6.162	6.162	5.859	5.772	5.484	4.890	5.007	5.416	5.416	6.564	6.647	6.231	6.105	5.575	5.258	4.189	1.350	1.350	1.350	1.350	
0.000	0.000	0.000	0.000	0.000	0.000	0.000	0.000	0.000	0.000	0.000	0.000	2.227	2.284	2.236	2.315	0.000	0.000	0.000	0.000	0.000	0.000	0.000	0.000	0.000	0.000	0.000	0.000	
0.000	0.000	0.000	0.000	0.000	0.000	0.000	0.000	0.000	0.000	0.000	0.000	0.509	2.036	2.036	0.509	0.000	0.000	0.000	0.000	0.000	0.000	0.000	0.000	0.000	0.000	0.000	0.000	
0.000	0.000	0.000	0.000	0.000	0.000	0.000	0.000	0.000	0.000	0.000	0.000	0.509	2.036	2.036	0.509	0.000	0.000	0.000	0.000	0.000	0.000	0.000	0.000	0.000	0.000	0.000	0.000	
0.000	0.000	0.000	0.000	0.000	0.000	0.000	0.000	0.000	0.000	0.000	0.000	0.509	2.036	2.036	0.509	0.000	0.000	0.000	0.000	0.000	0.000	0.000	0.000	0.000	0.000	0.000	0.000	
0.000	0.000	0.000	0.000	0.000	0.000	0.000	0.000	0.000	0.000	0.000	0.000	0.509	2.036	2.036	0.509	0.000	0.000	0.000	0.000	0.000	0.000	0.000	0.000	0.000	0.000	0.000	0.000	
