0.065	0.065	0.065	0.065	0.065	0.065	0.065	0.065	0.065	0.065	0.051	0.042	0.042	0.042	0.042	0.042	0.042	0.042	0.042	0.042	0.042	0.042	0.042	0.042	0.042	0.042	0.042	0.042	
0.065	0.065	0.065	0.065	0.065	0.065	0.065	0.065	0.065	0.065	0.053	0.042	0.042	0.042	0.042	0.042	0.042	0.042	0.042	0.042	0.042	0.042	0.042	0.042	0.042	0.042	0.042	0.042	
0.065	0.065	0.065	0.065	0.065	0.065	0.065	0.065	0.065	0.065	0.054	0.042	0.042	0.042	0.042	0.042	0.042	0.042	0.042	0.042	0.042	0.042	0.042	0.042	0.042	0.042	0.042	0.042	
0.065	0.065	0.065	0.065	0.065	0.065	0.065	0.065	0.065	0.065	0.056	0.042	0.042	0.042	0.042	0.042	0.042	0.042	0.042	0.042	0.042	0.042	0.042	0.042	0.042	0.042	0.042	0.042	
0.065	0.065	0.065	0.065	0.065	0.065	0.065	0.065	0.065	0.065	0.058	0.042	0.042	0.042	0.042	0.042	0.042	0.042	0.042	0.042	0.042	0.042	0.042	0.042	0.042	0.042	0.042	0.042	
0.065	0.065	0.065	0.065	0.065	0.065	0.065	0.065	0.065	0.065	0.060	0.042	0.042	0.042	0.042	0.042	0.042	0.042	0.042	0.042	0.042	0.042	0.042	0.042	0.042	0.042	0.042	0.042	
0.065	0.065	0.065	0.065	0.065	0.065	0.065	0.065	0.065	0.065	0.062	0.042	0.042	0.042	0.042	0.042	0.042	0.042	0.042	0.042	0.042	0.042	0.042	0.042	0.042	0.042	0.042	0.042	
0.065	0.065	0.065	0.065	0.065	0.065	0.065	0.065	0.065	0.065	0.063	0.042	0.042	0.042	0.042	0.042	0.042	0.042	0.042	0.042	0.042	0.042	0.042	0.042	0.042	0.042	0.042	0.042	
0.065	0.065	0.065	0.065	0.065	0.065	0.065	0.065	0.065	0.065	0.065	0.042	0.042	0.042	0.042	0.042	0.042	0.042	0.042	0.042	0.042	0.042	0.042	0.042	0.042	0.042	0.042	0.042	
0.065	0.065	0.065	0.065	0.065	0.065	0.065	0.065	0.065	0.065	0.065	0.044	0.042	0.042	0.042	0.042	0.042	0.042	0.042	0.042	0.042	0.042	0.042	0.042	0.042	0.042	0.042	0.042	
0.065	0.065	0.065	0.065	0.065	0.065	0.065	0.065	0.065	0.065	0.065	0.046	0.042	0.042	0.042	0.042	0.042	0.042	0.042	0.042	0.042	0.042	0.042	0.042	0.042	0.042	0.042	0.042	
0.065	0.065	0.065	0.065	0.065	0.065	0.065	0.065	0.065	0.065	0.065	0.048	0.042	0.042	0.042	0.042	0.042	0.042	0.042	0.042	0.042	0.042	0.042	0.042	0.042	0.042	0.042	0.042	
0.065	0.065	0.065	0.065	0.065	0.065	0.065	0.065	0.065	0.065	0.065	0.049	0.042	0.042	0.042	0.042	0.042	0.042	0.042	0.042	0.042	0.042	0.042	0.042	0.042	0.042	0.042	0.042	
0.065	0.065	0.065	0.065	0.065	0.065	0.065	0.065	0.065	0.065	0.065	0.051	0.042	0.042	0.042	0.042	0.042	0.042	0.042	0.042	0.042	0.042	0.042	0.042	0.042	0.042	0.042	0.042	
0.066	0.065	0.065	0.065	0.065	0.065	0.065	0.065	0.065	0.065	0.065	0.053	0.042	0.042	0.042	0.042	0.042	0.042	0.042	0.042	0.042	0.042	0.042	0.042	0.042	0.042	0.042	0.042	
0.096	0.065	0.065	0.065	0.065	0.065	0.065	0.065	0.065	0.065	0.065	0.055	0.042	0.042	0.042	0.042	0.042	0.042	0.042	0.042	0.042	0.042	0.042	0.042	0.042	0.042	0.042	0.042	
0.140	0.065	0.065	0.065	0.065	0.065	0.065	0.065	0.065	0.065	0.065	0.057	0.042	0.042	0.042	0.042	0.042	0.042	0.042	0.042	0.042	0.042	0.042	0.042	0.042	0.042	0.042	0.042	
0.181	0.067	0.065	0.065	0.065	0.065	0.065	0.065	0.065	0.065	0.065	0.058	0.042	0.042	0.042	0.042	0.042	0.042	0.042	0.042	0.042	0.042	0.042	0.042	0.042	0.042	0.042	0.042	
0.190	0.101	0.065	0.065	0.065	0.065	0.065	0.065	0.065	0.065	0.065	0.060	0.042	0.042	0.042	0.042	0.042	0.042	0.042	0.042	0.042	0.042	0.042	0.042	0.042	0.042	0.042	0.042	
0.190	0.144	0.065	0.065	0.065	0.065	0.065	0.065	0.065	0.065	0.065	0.062	0.042	0.042	0.042	0.042	0.042	0.042	0.042	0.042	0.042	0.042	0.042	0.042	0.042	0.042	0.042	0.042	
0.190	0.184	0.069	0.065	0.065	0.065	0.065	0.065	0.065	0.065	0.065	0.064	0.042	0.042	0.042	0.042	0.042	0.042	0.042	0.042	0.042	0.042	0.042	0.042	0.042	0.042	0.042	0.042	
0.190	0.190	0.106	0.065	0.065	0.065	0.065	0.065	0.065	0.065	0.065	0.065	0.043	0.042	0.042	0.042	0.042	0.042	0.042	0.042	0.042	0.042	0.042	0.042	0.042	0.042	0.042	0.042	
0.190	0.190	0.149	0.065	0.065	0.065	0.065	0.065	0.065	0.065	0.065	0.065	0.045	0.042	0.042	0.042	0.042	0.042	0.042	0.042	0.042	0.042	0.042	0.042	0.042	0.042	0.042	0.042	
0.190	0.190	0.186	0.071	0.065	0.065	0.065	0.065	0.065	0.065	0.065	0.065	0.046	0.042	0.042	0.042	0.042	0.042	0.042	0.042	0.042	0.042	0.042	0.042	0.042	0.042	0.042	0.042	
0.190	0.190	0.190	0.110	0.065	0.065	0.065	0.065	0.065	0.065	0.065	0.065	0.048	0.042	0.042	0.042	0.042	0.042	0.042	0.042	0.042	0.042	0.042	0.042	0.042	0.042	0.042	0.104	
0.190	0.190	0.190	0.154	0.065	0.065	0.065	0.065	0.065	0.065	0.065	0.065	0.050	0.042	0.042	0.042	0.042	0.042	0.042	0.042	0.042	0.042	0.042	0.042	0.042	0.042	0.042	0.280	
0.190	0.190	0.190	0.188	0.074	0.065	0.065	0.065	0.065	0.065	0.065	0.065	0.052	0.042	0.042	0.042	0.042	0.042	0.042	0.042	0.042	0.042	0.042	0.042	0.042	0.042	0.128	0.373	
0.190	0.190	0.190	0.190	0.115	0.065	0.065	0.065	0.065	0.065	0.065	0.065	0.054	0.042	0.042	0.042	0.042	0.042	0.042	0.042	0.042	0.042	0.042	0.042	0.042	0.043	0.305	0.373	
0.190	0.190	0.190	0.190	0.158	0.065	0.065	0.065	0.065	0.065	0.065	0.065	0.055	0.042	0.042	0.042	0.042	0.042	0.042	0.042	0.042	0.042	0.042	0.042	0.042	0.154	0.373	0.373	
0.190	0.190	0.190	0.190	0.189	0.077	0.065	0.065	0.065	0.065	0.065	0.065	0.057	0.042	0.042	0.042	0.042	0.042	0.042	0.042	0.042	0.042	0.042	0.042	0.049	0.327	0.373	0.373	
0.190	0.190	0.190	0.190	0.190	0.119	0.065	0.065	0.065	0.065	0.065	0.065	0.059	0.042	0.042	0.042	0.042	0.042	0.042	0.042	0.042	0.042	0.042	0.042	0.181	0.373	0.373	0.373	
0.190	0.190	0.190	0.190	0.190	0.163	0.065	0.065	0.065	0.065	0.065	0.065	0.061	0.042	0.042	0.042	0.042	0.042	0.042	0.042	0.042	0.042	0.042	0.058	0.344	0.373	0.373	0.375	
0.190	0.190	0.190	0.190	0.190	0.190	0.081	0.065	0.065	0.065	0.065	0.065	0.063	0.042	0.042	0.042	0.042	0.042	0.042	0.042	0.042	0.042	0.042	0.207	0.373	0.373	0.373	0.377	
0.190	0.190	0.190	0.190	0.190	0.190	0.124	0.065	0.065	0.065	0.065	0.065	0.064	0.042	0.042	0.042	0.042	0.042	0.042	0.042	0.042	0.042	0.071	0.357	0.373	0.373	0.375	0.378	
0.190	0.190	0.190	0.190	0.190	0.190	0.167	0.065	0.065	0.065	0.065	0.065	0.065	0.043	0.042	0.042	0.042	0.042	0.042	0.042	0.042	0.042	0.234	0.373	0.373	0.374	0.377	0.378	
0.190	0.190	0.190	0.190	0.190	0.190	0.190	0.085	0.065	0.065	0.065	0.065	0.065	0.045	0.042	0.042	0.042	0.042	0.042	0.042	0.042	0.089	0.366	0.373	0.373	0.375	0.378	0.378	
0.201	0.190	0.190	0.190	0.190	0.190	0.190	0.128	0.065	0.065	0.065	0.065	0.065	0.047	0.042	0.042	0.042	0.042	0.042	0.042	0.042	0.261	0.373	0.373	0.374	0.377	0.378	0.378	
0.424	0.192	0.190	0.190	0.190	0.190	0.190	0.172	0.065	0.065	0.065	0.065	0.065	0.049	0.042	0.042	0.042	0.042	0.042	0.042	0.110	0.372	0.373	0.373	0.376	0.378	0.378	0.378	
0.553	0.371	0.190	0.190	0.190	0.190	0.190	0.190	0.090	0.065	0.065	0.065	0.065	0.051	0.042	0.042	0.042	0.042	0.042	0.042	0.287	0.373	0.373	0.374	0.377	0.378	0.378	0.378	
0.553	0.552	0.318	0.190	0.190	0.190	0.190	0.190	0.133	0.065	0.065	0.065	0.065	0.052	0.042	0.042	0.042	0.042	0.042	0.135	0.373	0.373	0.373	0.376	0.378	0.378	0.378	0.378	
0.553	0.553	0.542	0.274	0.190	0.190	0.190	0.190	0.176	0.065	0.065	0.065	0.065	0.054	0.042	0.042	0.042	0.042	0.044	0.311	0.373	0.373	0.374	0.377	0.378	0.378	0.378	0.378	
0.553	0.553	0.553	0.523	0.239	0.190	0.190	0.190	0.190	0.094	0.065	0.065	0.065	0.056	0.042	0.042	0.042	0.042	0.161	0.373	0.373	0.373	0.376	0.378	0.378	0.378	0.378	0.378	
0.553	0.553	0.553	0.553	0.494	0.213	0.190	0.190	0.190	0.138	0.065	0.065	0.065	0.058	0.042	0.042	0.042	0.051	0.331	0.373	0.373	0.374	0.378	0.378	0.378	0.378	0.378	0.378	
0.553	0.553	0.553	0.553	0.553	0.456	0.197	0.190	0.190	0.179	0.066	0.065	0.065	1.021	0.123	0.042	0.042	0.188	0.373	0.373	0.373	0.376	0.378	0.378	0.378	0.378	0.378	0.378	
0.553	0.553	0.553	0.553	0.553	0.553	0.409	0.191	0.190	0.190	0.172	0.065	1.739	4.100	3.480	2.186	0.887	0.347	0.373	0.373	0.374	0.378	0.378	0.378	0.378	0.378	0.378	0.378	
0.566	0.553	0.553	0.553	0.553	0.553	0.553	0.355	0.232	0.869	4.303	4.078	4.162	4.158	4.454	4.571	4.456	1.526	0.400	1.543	1.504	0.378	0.378	0.378	0.378	0.378	0.568	0.999	
1.172	0.963	0.741	0.566	0.553	0.553	0.553	1.379	4.811	4.814	4.687	4.686	4.640	4.267	4.592	4.589	4.824	4.880	4.154	4.437	3.025	0.378	0.378	0.378	0.538	0.966	1.207	1.208	
1.218	1.218	1.218	1.172	0.963	0.741	0.566	2.458	4.839	4.839	4.844	5.219	5.777	5.577	5.089	5.054	4.913	4.887	4.690	4.437	4.097	0.880	0.511	0.932	1.204	1.208	1.208	1.208	
1.218	1.218	1.218	1.218	1.218	1.218	1.352	5.286	5.286	5.187	5.376	5.539	5.785	5.594	5.089	5.397	5.909	5.768	6.002	5.309	5.132	4.968	1.198	1.208	1.208	1.208	1.208	1.208	
1.218	1.218	1.218	1.218	1.218	1.218	1.589	5.395	5.395	5.385	5.377	5.460	5.900	5.901	5.201	5.892	5.980	6.009	6.031	5.681	5.156	5.155	1.272	1.208	1.208	1.208	1.208	1.208	
0.000	0.000	0.000	0.000	0.000	0.000	0.000	0.000	0.000	0.000	0.000	0.000	3.135	4.951	2.465	1.934	0.000	0.000	0.000	0.000	0.000	0.000	0.000	0.000	0.000	0.000	0.000	0.000	
0.000	0.000	0.000	0.000	0.000	0.000	0.000	0.000	0.000	0.000	0.000	0.000	0.795	2.239	2.174	0.543	0.000	0.000	0.000	0.000	0.000	0.000	0.000	0.000	0.000	0.000	0.000	0.000	
0.000	0.000	0.000	0.000	0.000	0.000	0.000	0.000	0.000	0.000	0.000	0.000	0.543	2.174	2.174	0.543	0.000	0.000	0.000	0.000	0.000	0.000	0.000	0.000	0.000	0.000	0.000	0.000	
0.000	0.000	0.000	0.000	0.000	0.000	0.000	0.000	0.000	0.000	0.000	0.000	0.543	2.174	2.174	0.543	0.000	0.000	0.000	0.000	0.000	0.000	0.000	0.000	0.000	0.000	0.000	0.000	
0.000	0.000	0.000	0.000	0.000	0.000	0.000	0.000	0.000	0.000	0.000	0.000	0.543	2.174	2.174	0.543	0.000	0.000	0.000	0.000	0.000	0.000	0.000	0.000	0.000	0.000	0.000	0.000	
