0.058	0.058	0.058	0.058	0.058	0.058	0.058	0.058	0.058	0.058	0.075	0.090	0.090	0.090	0.090	0.090	0.090	0.090	0.090	0.079	0.066	0.066	0.066	0.066	0.066	0.066	0.066	0.066	
0.058	0.058	0.058	0.058	0.058	0.058	0.058	0.058	0.058	0.058	0.074	0.090	0.090	0.090	0.090	0.090	0.090	0.090	0.090	0.078	0.066	0.066	0.066	0.066	0.066	0.066	0.066	0.066	
0.058	0.058	0.058	0.058	0.058	0.058	0.058	0.058	0.058	0.058	0.072	0.090	0.090	0.090	0.090	0.090	0.090	0.090	0.090	0.076	0.066	0.066	0.066	0.066	0.066	0.066	0.066	0.066	
0.058	0.058	0.058	0.058	0.058	0.058	0.058	0.058	0.058	0.058	0.071	0.090	0.090	0.090	0.090	0.090	0.090	0.090	0.090	0.074	0.066	0.066	0.066	0.066	0.066	0.066	0.066	0.066	
0.058	0.058	0.058	0.058	0.058	0.058	0.058	0.058	0.058	0.058	0.069	0.090	0.090	0.090	0.090	0.090	0.090	0.090	0.090	0.072	0.066	0.066	0.066	0.066	0.066	0.066	0.066	0.066	
0.058	0.058	0.058	0.058	0.058	0.058	0.058	0.058	0.058	0.058	0.068	0.090	0.090	0.090	0.090	0.090	0.090	0.090	0.090	0.071	0.066	0.066	0.066	0.066	0.066	0.066	0.066	0.066	
0.058	0.058	0.058	0.058	0.058	0.058	0.058	0.058	0.058	0.058	0.066	0.090	0.090	0.090	0.090	0.090	0.090	0.090	0.090	0.069	0.066	0.066	0.066	0.066	0.066	0.066	0.066	0.066	
0.058	0.058	0.058	0.058	0.058	0.058	0.058	0.058	0.058	0.058	0.065	0.090	0.090	0.090	0.090	0.090	0.090	0.090	0.090	0.067	0.066	0.066	0.066	0.066	0.066	0.066	0.066	0.066	
0.058	0.058	0.058	0.058	0.058	0.058	0.058	0.058	0.058	0.058	0.063	0.090	0.090	0.090	0.090	0.090	0.090	0.090	0.089	0.066	0.066	0.066	0.066	0.066	0.066	0.066	0.066	0.066	
0.058	0.058	0.058	0.058	0.058	0.058	0.058	0.058	0.058	0.058	0.062	0.090	0.090	0.090	0.090	0.090	0.090	0.090	0.087	0.066	0.066	0.066	0.066	0.066	0.066	0.066	0.066	0.066	
0.058	0.058	0.058	0.058	0.058	0.058	0.058	0.058	0.058	0.058	0.060	0.090	0.090	0.090	0.090	0.090	0.090	0.090	0.086	0.066	0.066	0.066	0.066	0.066	0.066	0.066	0.066	0.066	
0.058	0.058	0.058	0.058	0.058	0.058	0.058	0.058	0.058	0.058	0.059	0.090	0.090	0.090	0.090	0.090	0.090	0.090	0.084	0.066	0.066	0.066	0.066	0.066	0.066	0.066	0.066	0.066	
0.058	0.058	0.058	0.058	0.058	0.058	0.058	0.058	0.058	0.058	0.058	0.089	0.090	0.090	0.090	0.090	0.090	0.090	0.082	0.066	0.066	0.066	0.066	0.066	0.066	0.066	0.066	0.066	
0.058	0.058	0.058	0.058	0.058	0.058	0.058	0.058	0.058	0.058	0.058	0.087	0.090	0.090	0.090	0.090	0.090	0.090	0.081	0.066	0.066	0.066	0.066	0.066	0.066	0.066	0.066	0.066	
0.058	0.058	0.058	0.058	0.058	0.058	0.058	0.058	0.058	0.058	0.058	0.086	0.090	0.090	0.090	0.090	0.090	0.090	0.079	0.066	0.066	0.066	0.066	0.066	0.066	0.066	0.066	0.066	
0.058	0.058	0.058	0.058	0.058	0.058	0.058	0.058	0.058	0.058	0.058	0.084	0.090	0.090	0.090	0.090	0.090	0.090	0.077	0.066	0.066	0.066	0.066	0.066	0.066	0.066	0.066	0.066	
0.058	0.058	0.058	0.058	0.058	0.058	0.058	0.058	0.058	0.058	0.058	0.083	0.090	0.090	0.090	0.090	0.090	0.090	0.075	0.066	0.066	0.066	0.066	0.066	0.066	0.066	0.066	0.066	
0.058	0.058	0.058	0.058	0.058	0.058	0.058	0.058	0.058	0.058	0.058	0.081	0.090	0.090	0.090	0.090	0.090	0.090	0.074	0.066	0.066	0.066	0.066	0.066	0.066	0.066	0.066	0.066	
0.058	0.058	0.058	0.058	0.058	0.058	0.058	0.058	0.058	0.058	0.058	0.080	0.090	0.090	0.090	0.090	0.090	0.090	0.072	0.066	0.066	0.066	0.066	0.066	0.066	0.066	0.066	0.066	
0.058	0.058	0.058	0.058	0.058	0.058	0.058	0.058	0.058	0.058	0.058	0.078	0.090	0.090	0.090	0.090	0.090	0.090	0.070	0.066	0.066	0.066	0.066	0.066	0.066	0.066	0.066	0.066	
0.058	0.058	0.058	0.058	0.058	0.058	0.058	0.058	0.058	0.058	0.058	0.077	0.090	0.090	0.090	0.090	0.090	0.090	0.069	0.066	0.066	0.066	0.066	0.066	0.066	0.066	0.066	0.066	
0.058	0.058	0.058	0.058	0.058	0.058	0.058	0.058	0.058	0.058	0.058	0.075	0.090	0.090	0.090	0.090	0.090	0.090	0.067	0.066	0.066	0.066	0.066	0.066	0.066	0.066	0.066	0.066	
0.058	0.058	0.058	0.058	0.058	0.058	0.058	0.058	0.058	0.058	0.058	0.074	0.090	0.090	0.090	0.090	0.090	0.089	0.066	0.066	0.066	0.066	0.066	0.066	0.066	0.066	0.066	0.066	
0.058	0.058	0.058	0.058	0.058	0.058	0.058	0.058	0.058	0.058	0.058	0.072	0.090	0.090	0.090	0.090	0.090	0.087	0.066	0.066	0.066	0.066	0.066	0.066	0.066	0.066	0.066	0.066	
0.058	0.058	0.058	0.058	0.058	0.058	0.058	0.058	0.058	0.058	0.058	0.071	0.090	0.090	0.090	0.090	0.090	0.085	0.066	0.066	0.066	0.066	0.066	0.066	0.066	0.066	0.066	0.066	
0.058	0.058	0.058	0.058	0.058	0.058	0.058	0.058	0.058	0.058	0.058	0.069	0.090	0.090	0.090	0.090	0.090	0.084	0.066	0.066	0.066	0.066	0.066	0.066	0.066	0.066	0.066	0.066	
0.058	0.058	0.058	0.058	0.058	0.058	0.058	0.058	0.058	0.058	0.058	0.068	0.090	0.090	0.090	0.090	0.090	0.082	0.066	0.066	0.066	0.066	0.066	0.066	0.066	0.066	0.066	0.066	
0.071	0.058	0.058	0.058	0.058	0.058	0.058	0.058	0.058	0.058	0.058	0.066	0.090	0.090	0.090	0.090	0.090	0.080	0.066	0.066	0.066	0.066	0.066	0.066	0.066	0.066	0.066	0.066	
0.191	0.058	0.058	0.058	0.058	0.058	0.058	0.058	0.058	0.058	0.058	0.065	0.090	0.090	0.090	0.090	0.090	0.078	0.066	0.066	0.066	0.066	0.066	0.066	0.066	0.066	0.066	0.088	
0.320	0.073	0.058	0.058	0.058	0.058	0.058	0.058	0.058	0.058	0.058	0.063	0.090	0.090	0.090	0.090	0.090	0.077	0.066	0.066	0.066	0.066	0.066	0.066	0.066	0.066	0.066	0.215	
0.341	0.196	0.058	0.058	0.058	0.058	0.058	0.058	0.058	0.058	0.058	0.062	0.090	0.090	0.090	0.090	0.090	0.075	0.066	0.066	0.066	0.066	0.066	0.066	0.066	0.066	0.082	0.340	
0.341	0.322	0.075	0.058	0.058	0.058	0.058	0.058	0.058	0.058	0.058	0.060	0.090	0.090	0.090	0.090	0.090	0.073	0.066	0.066	0.066	0.066	0.066	0.066	0.066	0.066	0.203	0.359	
0.341	0.341	0.200	0.058	0.058	0.058	0.058	0.058	0.058	0.058	0.058	0.059	0.090	0.090	0.090	0.090	0.090	0.072	0.066	0.066	0.066	0.066	0.066	0.066	0.066	0.077	0.333	0.359	
0.341	0.341	0.324	0.077	0.058	0.058	0.058	0.058	0.058	0.058	0.058	0.058	0.089	0.090	0.090	0.090	0.090	0.070	0.066	0.066	0.066	0.066	0.066	0.066	0.066	0.192	0.359	0.359	
0.341	0.341	0.341	0.204	0.058	0.058	0.058	0.058	0.058	0.058	0.058	0.072	0.313	0.090	0.090	0.090	0.090	0.068	0.066	0.066	0.066	0.066	0.066	0.066	0.073	0.326	0.359	0.359	
0.341	0.341	0.341	0.327	0.080	0.058	0.058	0.058	0.058	0.058	0.058	0.193	0.640	0.090	0.090	0.090	0.090	0.067	0.066	0.066	0.066	0.066	0.066	0.066	0.181	0.359	0.359	0.359	
0.341	0.341	0.341	0.341	0.209	0.058	0.058	0.058	0.058	0.058	0.058	0.334	0.945	0.090	0.090	0.090	0.088	0.066	0.066	0.066	0.066	0.066	0.066	0.070	0.318	0.359	0.359	0.359	
0.341	0.341	0.341	0.341	0.328	0.082	0.058	0.058	0.058	0.058	0.058	0.476	1.250	0.090	0.090	0.090	0.087	0.066	0.066	0.066	0.066	0.066	0.066	0.204	0.359	0.359	0.359	0.359	
0.341	0.341	0.341	0.341	0.341	0.213	0.058	0.058	0.058	0.058	0.058	0.618	1.542	0.104	0.090	0.090	0.085	0.066	0.066	0.066	0.066	0.066	0.260	0.703	0.359	0.359	0.359	0.359	
0.341	0.341	0.341	0.341	0.341	0.330	0.085	0.058	0.058	0.058	0.058	0.760	1.617	0.334	0.090	0.090	0.083	0.066	0.066	0.066	0.066	0.096	1.326	0.473	0.359	0.359	0.359	0.359	
0.341	0.341	0.341	0.341	0.341	0.341	0.217	0.058	0.058	0.058	0.058	0.901	1.617	0.640	0.090	0.090	0.081	0.066	0.066	0.066	0.066	0.945	1.457	0.359	0.359	0.359	0.359	0.359	
0.341	0.341	0.341	0.341	0.341	0.341	0.332	0.087	0.058	0.058	0.058	1.043	1.617	0.945	0.090	0.090	0.080	0.066	0.066	0.066	0.536	1.696	1.103	0.359	0.359	0.359	0.359	0.359	
0.498	0.341	0.341	0.341	0.341	0.341	0.341	0.222	0.058	0.058	0.058	1.185	1.617	1.250	0.090	0.090	0.078	0.066	0.066	0.240	1.572	1.705	0.749	0.359	0.359	0.359	0.359	0.359	
1.349	0.961	0.452	0.341	0.341	0.341	0.341	0.333	0.606	0.058	0.065	1.439	1.617	1.542	0.104	0.572	0.736	0.066	0.089	1.306	1.705	1.676	0.423	0.359	0.359	0.359	0.359	0.359	
1.365	1.365	1.330	0.896	0.414	0.341	0.341	0.572	4.465	3.818	3.698	4.528	3.334	4.349	4.519	4.656	4.556	4.185	3.785	1.705	1.705	1.386	0.359	0.359	0.359	0.359	0.359	0.359	
1.402	1.366	1.365	1.365	1.302	0.830	0.384	1.923	4.570	4.570	4.806	4.864	5.040	5.171	4.953	4.656	4.727	4.875	4.875	2.269	1.922	1.860	0.359	0.359	0.359	0.359	0.383	0.746	
1.471	1.448	1.390	1.365	1.365	1.365	2.118	4.821	4.763	5.064	5.423	5.104	5.297	5.318	5.610	5.295	5.455	5.174	5.224	5.144	4.320	4.350	1.697	0.359	0.481	0.934	1.381	1.490	
1.471	1.471	1.471	1.436	1.380	1.365	2.937	4.856	4.857	5.563	5.664	5.588	5.517	5.688	5.912	5.803	5.669	5.582	5.343	5.349	4.440	4.386	4.465	1.685	1.472	1.490	1.490	1.490	
1.471	1.471	1.471	1.471	1.468	2.743	5.276	5.188	5.751	6.106	5.705	5.516	5.514	5.628	5.529	5.159	5.700	6.365	6.054	6.115	5.937	4.960	5.091	2.534	1.490	1.490	1.490	1.490	
1.471	1.471	1.471	1.471	1.471	3.454	5.336	5.336	6.149	6.192	5.780	5.505	5.506	4.837	4.826	4.826	5.628	6.486	6.440	6.283	6.262	5.091	5.091	2.754	1.490	1.490	1.490	1.490	
0.000	0.000	0.000	0.000	0.000	0.000	0.000	0.000	0.000	0.000	0.000	0.000	2.100	2.151	3.372	2.490	0.000	0.000	0.000	0.000	0.000	0.000	0.000	0.000	0.000	0.000	0.000	0.000	
0.000	0.000	0.000	0.000	0.000	0.000	0.000	0.000	0.000	0.000	0.000	0.000	0.526	2.103	2.103	0.526	0.000	0.000	0.000	0.000	0.000	0.000	0.000	0.000	0.000	0.000	0.000	0.000	
0.000	0.000	0.000	0.000	0.000	0.000	0.000	0.000	0.000	0.000	0.000	0.000	0.526	2.103	2.103	0.526	0.000	0.000	0.000	0.000	0.000	0.000	0.000	0.000	0.000	0.000	0.000	0.000	
0.000	0.000	0.000	0.000	0.000	0.000	0.000	0.000	0.000	0.000	0.000	0.000	0.526	2.103	2.103	0.526	0.000	0.000	0.000	0.000	0.000	0.000	0.000	0.000	0.000	0.000	0.000	0.000	
0.000	0.000	0.000	0.000	0.000	0.000	0.000	0.000	0.000	0.000	0.000	0.000	0.526	2.103	2.103	0.526	0.000	0.000	0.000	0.000	0.000	0.000	0.000	0.000	0.000	0.000	0.000	0.000	
