0.062	0.062	0.062	0.062	0.062	0.062	0.078	0.081	0.081	0.081	0.081	0.081	0.081	0.081	0.081	0.078	0.046	0.046	0.046	0.046	0.046	0.046	0.046	0.046	0.046	0.046	0.046	0.046	
0.062	0.062	0.062	0.062	0.062	0.062	0.076	0.081	0.081	0.081	0.081	0.081	0.081	0.081	0.081	0.077	0.046	0.046	0.046	0.046	0.046	0.046	0.046	0.046	0.046	0.046	0.046	0.046	
0.062	0.062	0.062	0.062	0.062	0.062	0.073	0.081	0.081	0.081	0.081	0.081	0.081	0.081	0.081	0.077	0.046	0.046	0.046	0.046	0.046	0.046	0.046	0.046	0.046	0.046	0.046	0.046	
0.062	0.062	0.062	0.062	0.062	0.062	0.071	0.081	0.081	0.081	0.081	0.081	0.081	0.081	0.081	0.076	0.046	0.046	0.046	0.046	0.046	0.046	0.046	0.046	0.046	0.046	0.046	0.046	
0.062	0.062	0.062	0.062	0.062	0.062	0.068	0.081	0.081	0.081	0.081	0.081	0.081	0.081	0.081	0.076	0.046	0.046	0.046	0.046	0.046	0.046	0.046	0.046	0.046	0.046	0.046	0.046	
0.062	0.062	0.062	0.062	0.062	0.062	0.066	0.081	0.081	0.081	0.081	0.081	0.081	0.081	0.081	0.075	0.046	0.046	0.046	0.046	0.046	0.046	0.046	0.046	0.046	0.046	0.046	0.046	
0.062	0.062	0.062	0.062	0.062	0.062	0.063	0.081	0.081	0.081	0.081	0.081	0.081	0.081	0.081	0.075	0.046	0.046	0.046	0.046	0.046	0.046	0.046	0.046	0.046	0.046	0.046	0.046	
0.062	0.062	0.062	0.062	0.062	0.062	0.062	0.080	0.081	0.081	0.081	0.081	0.081	0.081	0.081	0.074	0.046	0.046	0.046	0.046	0.046	0.046	0.046	0.046	0.046	0.046	0.046	0.046	
0.062	0.062	0.062	0.062	0.062	0.062	0.062	0.078	0.081	0.081	0.081	0.081	0.081	0.081	0.081	0.074	0.046	0.046	0.046	0.046	0.046	0.046	0.046	0.046	0.046	0.046	0.046	0.046	
0.062	0.062	0.062	0.062	0.062	0.062	0.062	0.075	0.081	0.081	0.081	0.081	0.081	0.081	0.081	0.073	0.046	0.046	0.046	0.046	0.046	0.046	0.046	0.046	0.046	0.046	0.046	0.046	
0.062	0.062	0.062	0.062	0.062	0.062	0.062	0.073	0.081	0.081	0.081	0.081	0.081	0.081	0.081	0.073	0.046	0.046	0.046	0.046	0.046	0.046	0.046	0.046	0.046	0.046	0.046	0.046	
0.062	0.062	0.062	0.062	0.062	0.062	0.062	0.070	0.081	0.081	0.081	0.081	0.081	0.081	0.081	0.072	0.046	0.046	0.046	0.046	0.046	0.046	0.046	0.046	0.046	0.046	0.046	0.046	
0.062	0.062	0.062	0.062	0.062	0.062	0.062	0.068	0.081	0.081	0.081	0.081	0.081	0.081	0.081	0.072	0.046	0.046	0.046	0.046	0.046	0.046	0.046	0.046	0.046	0.046	0.046	0.046	
0.062	0.062	0.062	0.062	0.062	0.062	0.062	0.065	0.081	0.081	0.081	0.081	0.081	0.081	0.081	0.071	0.046	0.046	0.046	0.046	0.046	0.046	0.046	0.046	0.046	0.046	0.046	0.046	
0.062	0.062	0.062	0.062	0.062	0.062	0.062	0.063	0.081	0.081	0.081	0.081	0.081	0.081	0.081	0.071	0.046	0.046	0.046	0.046	0.046	0.046	0.046	0.046	0.046	0.046	0.046	0.046	
0.062	0.062	0.062	0.062	0.062	0.062	0.062	0.062	0.080	0.081	0.081	0.081	0.081	0.081	0.081	0.070	0.046	0.046	0.046	0.046	0.046	0.046	0.046	0.046	0.046	0.046	0.046	0.046	
0.062	0.062	0.062	0.062	0.062	0.062	0.062	0.062	0.077	0.081	0.081	0.081	0.081	0.081	0.081	0.070	0.046	0.046	0.046	0.046	0.046	0.046	0.046	0.046	0.046	0.046	0.046	0.046	
0.062	0.062	0.062	0.062	0.062	0.062	0.062	0.062	0.075	0.081	0.081	0.081	0.081	0.081	0.081	0.069	0.046	0.046	0.046	0.046	0.046	0.046	0.046	0.046	0.046	0.046	0.046	0.046	
0.062	0.062	0.062	0.062	0.062	0.062	0.062	0.062	0.072	0.081	0.081	0.081	0.081	0.081	0.081	0.069	0.046	0.046	0.046	0.046	0.046	0.046	0.046	0.046	0.046	0.046	0.046	0.046	
0.062	0.062	0.062	0.062	0.062	0.062	0.062	0.062	0.070	0.081	0.081	0.081	0.081	0.081	0.081	0.068	0.046	0.046	0.046	0.046	0.046	0.046	0.046	0.046	0.046	0.046	0.046	0.046	
0.062	0.062	0.062	0.062	0.062	0.062	0.062	0.062	0.067	0.081	0.081	0.081	0.081	0.081	0.081	0.068	0.046	0.046	0.046	0.046	0.046	0.046	0.046	0.046	0.046	0.046	0.046	0.046	
0.062	0.062	0.062	0.062	0.062	0.062	0.062	0.062	0.065	0.081	0.081	0.081	0.081	0.081	0.081	0.067	0.046	0.046	0.046	0.046	0.046	0.046	0.046	0.046	0.046	0.046	0.046	0.046	
0.062	0.062	0.062	0.062	0.062	0.062	0.062	0.062	0.062	0.081	0.081	0.081	0.081	0.081	0.081	0.067	0.046	0.046	0.046	0.046	0.046	0.046	0.046	0.046	0.046	0.046	0.046	0.046	
0.062	0.062	0.062	0.062	0.062	0.062	0.062	0.062	0.062	0.079	0.081	0.081	0.081	0.081	0.081	0.066	0.046	0.046	0.046	0.046	0.046	0.046	0.046	0.046	0.046	0.046	0.046	0.046	
0.062	0.062	0.062	0.062	0.062	0.062	0.062	0.062	0.062	0.077	0.081	0.081	0.081	0.081	0.081	0.066	0.046	0.046	0.046	0.046	0.046	0.046	0.046	0.046	0.046	0.046	0.046	0.046	
0.062	0.062	0.062	0.062	0.062	0.062	0.062	0.062	0.062	0.074	0.081	0.081	0.081	0.081	0.081	0.065	0.046	0.046	0.046	0.046	0.046	0.046	0.046	0.046	0.046	0.046	0.046	0.046	
0.062	0.062	0.062	0.062	0.062	0.062	0.062	0.062	0.062	0.072	0.081	0.081	0.081	0.081	0.081	0.065	0.046	0.046	0.046	0.046	0.046	0.046	0.046	0.046	0.046	0.046	0.046	0.046	
0.062	0.062	0.062	0.062	0.062	0.062	0.062	0.062	0.062	0.069	0.081	0.081	0.081	0.081	0.081	0.064	0.046	0.046	0.046	0.046	0.046	0.046	0.046	0.046	0.046	0.046	0.046	0.046	
0.062	0.062	0.062	0.062	0.062	0.062	0.062	0.062	0.062	0.067	0.081	0.081	0.081	0.081	0.081	0.064	0.046	0.046	0.046	0.046	0.046	0.046	0.046	0.046	0.046	0.046	0.046	0.046	
0.062	0.062	0.062	0.062	0.062	0.062	0.062	0.062	0.062	0.064	0.081	0.081	0.081	0.081	0.081	0.063	0.046	0.046	0.046	0.046	0.046	0.046	0.046	0.046	0.046	0.046	0.046	0.046	
0.062	0.062	0.062	0.062	0.062	0.062	0.062	0.062	0.062	0.062	0.081	0.081	0.081	0.081	0.081	0.063	0.046	0.046	0.046	0.046	0.046	0.046	0.046	0.046	0.046	0.046	0.046	0.046	
0.062	0.062	0.062	0.062	0.062	0.062	0.062	0.062	0.062	0.062	0.079	0.081	0.081	0.081	0.081	0.062	0.046	0.046	0.046	0.046	0.046	0.046	0.046	0.046	0.046	0.046	0.046	0.046	
0.062	0.062	0.062	0.062	0.062	0.062	0.062	0.062	0.062	0.062	0.077	0.081	0.081	0.081	0.081	0.062	0.046	0.046	0.046	0.046	0.046	0.046	0.046	0.046	0.046	0.046	0.046	0.046	
0.062	0.062	0.062	0.062	0.062	0.062	0.062	0.062	0.062	0.062	0.074	0.081	0.081	0.081	0.081	0.061	0.046	0.046	0.046	0.046	0.046	0.046	0.046	0.046	0.046	0.046	0.046	0.046	
0.062	0.062	0.062	0.062	0.062	0.062	0.062	0.062	0.062	0.062	0.072	0.081	0.081	0.081	0.081	0.061	0.046	0.046	0.046	0.046	0.046	0.046	0.046	0.046	0.046	0.046	0.046	0.046	
0.062	0.062	0.062	0.062	0.062	0.062	0.062	0.062	0.062	0.062	0.069	0.081	0.081	0.081	0.081	0.060	0.046	0.046	0.046	0.046	0.046	0.046	0.046	0.046	0.046	0.046	0.046	0.046	
0.062	0.062	0.062	0.062	0.062	0.062	0.062	0.062	0.062	0.062	0.067	0.081	0.081	0.081	0.081	0.060	0.046	0.046	0.046	0.046	0.046	0.046	0.046	0.046	0.046	0.046	0.046	0.046	
0.062	0.062	0.062	0.062	0.062	0.062	0.062	0.062	0.062	0.062	0.064	0.081	0.081	0.081	0.081	0.059	0.046	0.046	0.046	0.046	0.046	0.046	0.046	0.046	0.046	0.046	0.046	0.057	
0.062	0.062	0.062	0.062	0.062	0.062	0.062	0.062	0.062	0.062	0.062	0.081	0.081	0.081	0.081	0.059	0.046	0.046	0.046	0.046	0.046	0.046	0.046	0.046	0.046	0.046	0.054	0.268	
0.062	0.062	0.062	0.062	0.062	0.062	0.062	0.062	0.062	0.062	0.062	0.079	0.081	0.081	0.081	0.058	0.046	0.046	0.046	0.046	0.046	0.046	0.046	0.046	0.046	0.051	0.258	0.356	
0.073	0.062	0.062	0.062	0.062	0.062	0.062	0.062	0.062	0.062	0.062	0.076	0.081	0.081	0.081	0.058	0.046	0.046	0.046	0.046	0.046	0.046	0.046	0.046	0.049	0.247	0.356	0.356	
0.370	0.120	0.062	0.062	0.062	0.062	0.062	0.062	0.062	0.062	0.062	0.074	0.081	0.081	0.081	0.057	0.046	0.046	0.046	0.046	0.046	0.046	0.046	0.047	0.235	0.356	0.356	0.356	
0.441	0.424	0.205	0.062	0.062	0.062	0.062	0.062	0.062	0.062	0.062	0.071	0.081	0.081	0.081	0.057	0.046	0.046	0.046	0.046	0.046	0.046	0.046	0.224	0.356	0.356	0.356	0.356	
0.441	0.441	0.441	0.306	0.082	0.062	0.062	0.062	0.062	0.062	0.062	0.069	0.081	0.081	0.081	0.056	0.046	0.046	0.046	0.046	0.046	0.046	0.211	0.356	0.356	0.356	0.356	0.356	
0.441	0.441	0.441	0.441	0.388	0.139	0.062	0.062	0.062	0.062	0.062	0.066	0.081	0.081	0.081	0.056	0.046	0.046	0.046	0.046	0.046	0.198	0.356	0.356	0.356	0.356	0.356	0.356	
0.441	0.441	0.441	0.441	0.441	0.432	0.232	0.064	0.062	0.062	0.062	0.064	0.081	0.081	0.081	0.055	0.046	0.046	0.046	0.046	0.185	0.356	0.356	0.356	0.356	0.356	0.356	0.356	
0.441	0.441	0.441	0.441	0.441	0.441	0.441	0.332	0.094	0.062	0.062	0.062	0.081	0.081	0.081	0.055	0.046	0.046	0.046	0.173	0.355	0.356	0.356	0.356	0.356	0.356	0.356	0.356	
0.441	0.441	0.441	0.441	0.441	0.441	0.441	0.441	0.404	0.162	0.062	0.323	1.061	0.084	0.607	0.975	0.470	0.107	0.161	0.354	0.356	0.356	0.356	0.356	0.356	0.356	0.356	0.356	
0.441	0.441	0.441	0.441	0.441	0.441	0.441	0.441	0.441	0.438	0.718	3.400	3.875	3.012	2.947	3.659	4.893	4.852	0.909	0.356	0.356	0.356	0.356	0.356	0.356	0.356	0.356	0.356	
0.441	0.441	0.441	0.441	0.441	0.441	0.441	0.441	0.441	0.441	1.386	3.875	3.875	3.292	2.950	3.490	4.893	4.893	1.106	0.356	0.356	0.356	0.356	0.356	0.356	0.356	0.356	0.356	
0.000	0.000	0.000	0.000	0.000	0.000	0.000	0.000	0.000	0.000	0.000	0.000	2.059	3.192	2.950	1.616	0.000	0.000	0.000	0.000	0.000	0.000	0.000	0.000	0.000	0.000	0.000	0.000	
0.000	0.000	0.000	0.000	0.000	0.000	0.000	0.000	0.000	0.000	0.000	0.000	0.889	3.060	2.962	0.740	0.000	0.000	0.000	0.000	0.000	0.000	0.000	0.000	0.000	0.000	0.000	0.000	
0.000	0.000	0.000	0.000	0.000	0.000	0.000	0.000	0.000	0.000	0.000	0.000	0.748	2.992	2.992	0.748	0.000	0.000	0.000	0.000	0.000	0.000	0.000	0.000	0.000	0.000	0.000	0.000	
0.000	0.000	0.000	0.000	0.000	0.000	0.000	0.000	0.000	0.000	0.000	0.000	0.748	2.992	2.992	0.748	0.000	0.000	0.000	0.000	0.000	0.000	0.000	0.000	0.000	0.000	0.000	0.000	
0.000	0.000	0.000	0.000	0.000	0.000	0.000	0.000	0.000	0.000	0.000	0.000	0.748	2.992	2.992	0.748	0.000	0.000	0.000	0.000	0.000	0.000	0.000	0.000	0.000	0.000	0.000	0.000	
