0.063	0.063	0.063	0.063	0.063	0.063	0.063	0.063	0.063	0.053	0.040	0.040	0.040	0.040	0.040	0.040	0.040	0.040	0.040	0.040	0.040	0.040	0.040	0.040	0.040	0.040	0.040	0.040	
0.063	0.063	0.063	0.063	0.063	0.063	0.063	0.063	0.063	0.055	0.040	0.040	0.040	0.040	0.040	0.040	0.040	0.040	0.040	0.040	0.040	0.040	0.040	0.040	0.040	0.040	0.040	0.040	
0.063	0.063	0.063	0.063	0.063	0.063	0.063	0.063	0.063	0.058	0.040	0.040	0.040	0.040	0.040	0.040	0.040	0.040	0.040	0.040	0.040	0.040	0.040	0.040	0.040	0.040	0.040	0.040	
0.063	0.063	0.063	0.063	0.063	0.063	0.063	0.063	0.063	0.060	0.040	0.040	0.040	0.040	0.040	0.040	0.040	0.040	0.040	0.040	0.040	0.040	0.040	0.040	0.040	0.040	0.040	0.040	
0.063	0.063	0.063	0.063	0.063	0.063	0.063	0.063	0.063	0.062	0.040	0.040	0.040	0.040	0.040	0.040	0.040	0.040	0.040	0.040	0.040	0.040	0.040	0.040	0.040	0.040	0.040	0.040	
0.063	0.063	0.063	0.063	0.063	0.063	0.063	0.063	0.063	0.063	0.042	0.040	0.040	0.040	0.040	0.040	0.040	0.040	0.040	0.040	0.040	0.040	0.040	0.040	0.040	0.040	0.040	0.040	
0.063	0.063	0.063	0.063	0.063	0.063	0.063	0.063	0.063	0.063	0.044	0.040	0.040	0.040	0.040	0.040	0.040	0.040	0.040	0.040	0.040	0.040	0.040	0.040	0.040	0.040	0.040	0.040	
0.063	0.063	0.063	0.063	0.063	0.063	0.063	0.063	0.063	0.063	0.046	0.040	0.040	0.040	0.040	0.040	0.040	0.040	0.040	0.040	0.040	0.040	0.040	0.040	0.040	0.040	0.040	0.040	
0.063	0.063	0.063	0.063	0.063	0.063	0.063	0.063	0.063	0.063	0.048	0.040	0.040	0.040	0.040	0.040	0.040	0.040	0.040	0.040	0.040	0.040	0.040	0.040	0.040	0.040	0.040	0.040	
0.063	0.063	0.063	0.063	0.063	0.063	0.063	0.063	0.063	0.063	0.050	0.040	0.040	0.040	0.040	0.040	0.040	0.040	0.040	0.040	0.040	0.040	0.040	0.040	0.040	0.040	0.040	0.040	
0.063	0.063	0.063	0.063	0.063	0.063	0.063	0.063	0.063	0.063	0.052	0.040	0.040	0.040	0.040	0.040	0.040	0.040	0.040	0.040	0.040	0.040	0.040	0.040	0.040	0.040	0.040	0.040	
0.063	0.063	0.063	0.063	0.063	0.063	0.063	0.063	0.063	0.063	0.055	0.040	0.040	0.040	0.040	0.040	0.040	0.040	0.040	0.040	0.040	0.040	0.040	0.040	0.040	0.040	0.040	0.040	
0.063	0.063	0.063	0.063	0.063	0.063	0.063	0.063	0.063	0.063	0.057	0.040	0.040	0.040	0.040	0.040	0.040	0.040	0.040	0.040	0.040	0.040	0.040	0.040	0.040	0.040	0.040	0.040	
0.063	0.063	0.063	0.063	0.063	0.063	0.063	0.063	0.063	0.063	0.059	0.040	0.040	0.040	0.040	0.040	0.040	0.040	0.040	0.040	0.040	0.040	0.040	0.040	0.040	0.040	0.040	0.040	
0.063	0.063	0.063	0.063	0.063	0.063	0.063	0.063	0.063	0.063	0.061	0.040	0.040	0.040	0.040	0.040	0.040	0.040	0.040	0.040	0.040	0.040	0.040	0.040	0.040	0.040	0.040	0.040	
0.063	0.063	0.063	0.063	0.063	0.063	0.063	0.063	0.063	0.063	0.063	0.041	0.040	0.040	0.040	0.040	0.040	0.040	0.040	0.040	0.040	0.040	0.040	0.040	0.040	0.040	0.040	0.040	
0.063	0.063	0.063	0.063	0.063	0.063	0.063	0.063	0.063	0.063	0.063	0.043	0.040	0.040	0.040	0.040	0.040	0.040	0.040	0.040	0.040	0.040	0.040	0.040	0.040	0.040	0.040	0.040	
0.063	0.063	0.063	0.063	0.063	0.063	0.063	0.063	0.063	0.063	0.063	0.045	0.040	0.040	0.040	0.040	0.040	0.040	0.040	0.040	0.040	0.040	0.040	0.040	0.040	0.040	0.040	0.040	
0.063	0.063	0.063	0.063	0.063	0.063	0.063	0.063	0.063	0.063	0.063	0.047	0.040	0.040	0.040	0.040	0.040	0.040	0.040	0.040	0.040	0.040	0.040	0.040	0.040	0.040	0.040	0.040	
0.095	0.063	0.063	0.063	0.063	0.063	0.063	0.063	0.063	0.063	0.063	0.049	0.040	0.040	0.040	0.040	0.040	0.040	0.040	0.040	0.040	0.040	0.040	0.040	0.040	0.040	0.040	0.040	
0.155	0.063	0.063	0.063	0.063	0.063	0.063	0.063	0.063	0.063	0.063	0.051	0.040	0.040	0.040	0.040	0.040	0.040	0.040	0.040	0.040	0.040	0.040	0.040	0.040	0.040	0.040	0.040	
0.213	0.066	0.063	0.063	0.063	0.063	0.063	0.063	0.063	0.063	0.063	0.054	0.040	0.040	0.040	0.040	0.040	0.040	0.040	0.040	0.040	0.040	0.040	0.040	0.040	0.040	0.040	0.040	
0.228	0.111	0.063	0.063	0.063	0.063	0.063	0.063	0.063	0.063	0.063	0.056	0.040	0.040	0.040	0.040	0.040	0.040	0.040	0.040	0.040	0.040	0.040	0.040	0.040	0.040	0.040	0.040	
0.228	0.172	0.063	0.063	0.063	0.063	0.063	0.063	0.063	0.063	0.063	0.058	0.040	0.040	0.040	0.040	0.040	0.040	0.040	0.040	0.040	0.040	0.040	0.040	0.040	0.040	0.040	0.051	
0.228	0.223	0.073	0.063	0.063	0.063	0.063	0.063	0.063	0.063	0.063	0.060	0.040	0.040	0.040	0.040	0.040	0.040	0.040	0.040	0.040	0.040	0.040	0.040	0.040	0.040	0.040	0.150	
0.228	0.228	0.128	0.063	0.063	0.063	0.063	0.063	0.063	0.063	0.063	0.062	0.040	0.040	0.040	0.040	0.040	0.040	0.040	0.040	0.040	0.040	0.040	0.040	0.040	0.040	0.047	0.263	
0.228	0.228	0.189	0.063	0.063	0.063	0.063	0.063	0.063	0.063	0.063	0.063	0.042	0.040	0.040	0.040	0.040	0.040	0.040	0.040	0.040	0.040	0.040	0.040	0.040	0.040	0.140	0.290	
0.228	0.228	0.228	0.085	0.063	0.063	0.063	0.063	0.063	0.063	0.063	0.063	0.044	0.040	0.040	0.040	0.040	0.040	0.040	0.040	0.040	0.040	0.040	0.040	0.040	0.044	0.257	0.290	
0.228	0.228	0.228	0.145	0.063	0.063	0.063	0.063	0.063	0.063	0.063	0.063	0.046	0.040	0.040	0.040	0.040	0.040	0.040	0.040	0.040	0.040	0.040	0.040	0.040	0.131	0.290	0.290	
0.228	0.228	0.228	0.205	0.063	0.063	0.063	0.063	0.063	0.063	0.063	0.063	0.048	0.040	0.040	0.040	0.040	0.040	0.040	0.040	0.040	0.040	0.040	0.040	0.042	0.249	0.290	0.290	
0.228	0.228	0.228	0.228	0.101	0.063	0.063	0.063	0.063	0.063	0.063	0.063	0.051	0.040	0.040	0.040	0.040	0.040	0.040	0.040	0.040	0.040	0.040	0.040	0.121	0.290	0.290	0.290	
0.228	0.228	0.228	0.228	0.162	0.063	0.063	0.063	0.063	0.063	0.063	0.063	0.053	0.040	0.040	0.040	0.040	0.040	0.040	0.040	0.040	0.040	0.040	0.041	0.241	0.290	0.290	0.290	
0.228	0.228	0.228	0.228	0.218	0.068	0.063	0.063	0.063	0.063	0.063	0.063	0.055	0.040	0.040	0.040	0.040	0.040	0.040	0.040	0.040	0.040	0.040	0.112	0.290	0.290	0.290	0.290	
0.228	0.228	0.228	0.228	0.228	0.118	0.063	0.063	0.063	0.063	0.063	0.063	0.057	0.040	0.040	0.040	0.040	0.040	0.040	0.040	0.040	0.040	0.040	0.232	0.290	0.290	0.290	0.290	
0.228	0.228	0.228	0.228	0.228	0.179	0.063	0.063	0.063	0.063	0.063	0.063	0.059	0.040	0.040	0.040	0.040	0.040	0.040	0.040	0.040	0.040	0.102	0.290	0.290	0.290	0.290	0.290	
0.228	0.228	0.228	0.228	0.228	0.225	0.077	0.063	0.063	0.063	0.063	0.063	0.061	0.040	0.040	0.040	0.040	0.040	0.040	0.040	0.040	0.040	0.222	0.290	0.290	0.290	0.290	0.290	
0.228	0.228	0.228	0.228	0.228	0.228	0.135	0.063	0.063	0.063	0.063	0.063	0.063	0.041	0.040	0.040	0.040	0.040	0.040	0.040	0.040	0.093	0.290	0.290	0.290	0.290	0.290	0.290	
0.228	0.228	0.228	0.228	0.228	0.228	0.196	0.063	0.063	0.063	0.063	0.063	0.063	0.043	0.040	0.040	0.040	0.040	0.040	0.040	0.040	0.212	0.290	0.290	0.290	0.290	0.290	0.390	
0.228	0.228	0.228	0.228	0.228	0.228	0.228	0.091	0.063	0.063	0.063	0.063	0.063	0.045	0.040	0.040	0.040	0.040	0.040	0.040	0.084	0.289	0.290	0.290	0.290	0.290	0.356	0.623	
0.401	0.228	0.228	0.228	0.228	0.228	0.228	0.152	0.063	0.063	0.063	0.063	0.063	0.048	0.040	0.040	0.040	0.040	0.040	0.040	0.203	0.290	0.290	0.290	0.290	0.330	0.604	0.641	
0.761	0.437	0.228	0.228	0.228	0.228	0.228	0.211	0.065	0.063	0.063	0.063	0.063	0.050	0.040	0.040	0.040	0.040	0.040	0.076	0.287	0.290	0.290	0.290	0.310	0.578	0.641	0.641	
0.768	0.766	0.476	0.228	0.228	0.228	0.228	0.228	0.108	0.063	0.063	0.063	0.063	0.964	0.040	0.040	0.040	0.040	0.040	0.193	0.290	0.290	0.290	0.297	0.545	0.641	0.641	0.641	
0.768	0.768	0.768	0.518	0.230	0.228	0.228	0.228	0.169	0.063	0.063	0.063	0.662	3.214	1.292	0.040	0.040	0.040	0.069	0.284	0.290	0.290	0.291	0.506	0.641	0.641	0.641	0.641	
0.768	0.768	0.768	0.768	0.558	0.235	0.228	0.228	0.221	0.071	0.063	0.063	2.295	3.228	3.415	0.911	0.040	0.040	0.184	0.290	0.290	0.290	0.461	0.641	0.641	0.641	0.641	0.641	
0.768	0.768	0.768	0.768	0.768	0.594	0.244	0.228	0.228	0.125	0.063	0.860	3.148	3.212	3.500	3.271	0.856	0.597	0.281	0.290	0.290	0.416	0.639	0.641	0.641	0.641	0.641	0.720	
0.949	0.788	0.768	0.768	0.768	0.768	0.627	0.256	0.228	1.196	2.655	3.376	3.149	3.196	3.500	3.527	4.173	4.239	1.474	0.425	0.378	0.632	0.641	0.641	0.641	0.662	0.907	1.131	
1.188	1.159	0.987	0.808	0.768	0.768	0.768	1.390	4.138	5.153	4.941	4.926	4.357	4.403	4.620	4.555	4.271	4.271	4.601	4.653	2.045	0.641	0.641	0.641	0.803	1.084	1.142	1.142	
1.188	1.188	1.188	1.176	1.026	0.837	0.768	2.587	4.920	4.921	4.962	5.026	5.373	5.334	5.079	5.082	4.918	4.714	4.694	4.674	3.358	0.777	0.713	1.001	1.142	1.142	1.142	1.142	
1.188	1.188	1.188	1.188	1.188	1.185	1.789	5.071	5.137	5.138	5.366	5.363	5.098	4.958	4.396	5.391	5.868	6.101	6.119	5.330	5.158	4.506	1.128	1.142	1.142	1.142	1.142	1.142	
1.188	1.188	1.188	1.188	1.188	1.188	2.346	5.214	5.214	5.305	5.368	5.119	3.712	3.577	2.330	3.887	5.868	6.147	6.302	5.740	5.161	4.889	1.142	1.142	1.142	1.142	1.142	1.142	
0.000	0.000	0.000	0.000	0.000	0.000	0.000	0.000	0.000	0.000	0.000	0.000	1.972	3.415	2.330	1.260	0.000	0.000	0.000	0.000	0.000	0.000	0.000	0.000	0.000	0.000	0.000	0.000	
0.000	0.000	0.000	0.000	0.000	0.000	0.000	0.000	0.000	0.000	0.000	0.000	0.928	3.253	2.330	0.583	0.000	0.000	0.000	0.000	0.000	0.000	0.000	0.000	0.000	0.000	0.000	0.000	
0.000	0.000	0.000	0.000	0.000	0.000	0.000	0.000	0.000	0.000	0.000	0.000	0.928	3.090	2.330	0.583	0.000	0.000	0.000	0.000	0.000	0.000	0.000	0.000	0.000	0.000	0.000	0.000	
0.000	0.000	0.000	0.000	0.000	0.000	0.000	0.000	0.000	0.000	0.000	0.000	0.928	2.928	2.330	0.583	0.000	0.000	0.000	0.000	0.000	0.000	0.000	0.000	0.000	0.000	0.000	0.000	
0.000	0.000	0.000	0.000	0.000	0.000	0.000	0.000	0.000	0.000	0.000	0.000	0.928	2.765	2.330	0.583	0.000	0.000	0.000	0.000	0.000	0.000	0.000	0.000	0.000	0.000	0.000	0.000	
