0.067	0.067	0.067	0.067	0.062	0.047	0.047	0.047	0.047	0.047	0.047	0.047	0.047	0.047	0.047	0.047	0.047	0.047	0.047	0.047	0.047	0.047	0.047	0.061	0.068	0.068	0.068	0.068	
0.067	0.067	0.067	0.067	0.065	0.047	0.047	0.047	0.047	0.047	0.047	0.047	0.047	0.047	0.047	0.047	0.047	0.047	0.047	0.047	0.047	0.047	0.047	0.065	0.068	0.068	0.068	0.068	
0.067	0.067	0.067	0.067	0.067	0.048	0.047	0.047	0.047	0.047	0.047	0.047	0.047	0.047	0.047	0.047	0.047	0.047	0.047	0.047	0.047	0.047	0.047	0.067	0.068	0.068	0.068	0.068	
0.067	0.067	0.067	0.067	0.067	0.052	0.047	0.047	0.047	0.047	0.047	0.047	0.047	0.047	0.047	0.047	0.047	0.047	0.047	0.047	0.047	0.047	0.050	0.068	0.068	0.068	0.068	0.068	
0.067	0.067	0.067	0.067	0.067	0.055	0.047	0.047	0.047	0.047	0.047	0.047	0.047	0.047	0.047	0.047	0.047	0.047	0.047	0.047	0.047	0.047	0.053	0.068	0.068	0.068	0.068	0.068	
0.067	0.067	0.067	0.067	0.067	0.058	0.047	0.047	0.047	0.047	0.047	0.047	0.047	0.047	0.047	0.047	0.047	0.047	0.047	0.047	0.047	0.047	0.056	0.068	0.068	0.068	0.068	0.068	
0.067	0.067	0.067	0.067	0.067	0.061	0.047	0.047	0.047	0.047	0.047	0.047	0.047	0.047	0.047	0.047	0.047	0.047	0.047	0.047	0.047	0.047	0.059	0.068	0.068	0.068	0.068	0.068	
0.067	0.067	0.067	0.067	0.067	0.064	0.047	0.047	0.047	0.047	0.047	0.047	0.047	0.047	0.047	0.047	0.047	0.047	0.047	0.047	0.047	0.047	0.062	0.068	0.068	0.068	0.068	0.068	
0.067	0.067	0.067	0.067	0.067	0.067	0.048	0.047	0.047	0.047	0.047	0.047	0.047	0.047	0.047	0.047	0.047	0.047	0.047	0.047	0.047	0.047	0.065	0.068	0.068	0.068	0.068	0.068	
0.067	0.067	0.067	0.067	0.067	0.067	0.051	0.047	0.047	0.047	0.047	0.047	0.047	0.047	0.047	0.047	0.047	0.047	0.047	0.047	0.047	0.048	0.068	0.068	0.068	0.068	0.068	0.068	
0.067	0.067	0.067	0.067	0.067	0.067	0.054	0.047	0.047	0.047	0.047	0.047	0.047	0.047	0.047	0.047	0.047	0.047	0.047	0.047	0.047	0.051	0.068	0.068	0.068	0.068	0.068	0.068	
0.067	0.067	0.067	0.067	0.067	0.067	0.057	0.047	0.047	0.047	0.047	0.047	0.047	0.047	0.047	0.047	0.047	0.047	0.047	0.047	0.047	0.054	0.068	0.068	0.068	0.068	0.068	0.068	
0.067	0.067	0.067	0.067	0.067	0.067	0.060	0.047	0.047	0.047	0.047	0.047	0.047	0.047	0.047	0.047	0.047	0.047	0.047	0.047	0.047	0.057	0.068	0.068	0.068	0.068	0.068	0.068	
0.067	0.067	0.067	0.067	0.067	0.067	0.063	0.047	0.047	0.047	0.047	0.047	0.047	0.047	0.047	0.047	0.047	0.047	0.047	0.047	0.047	0.060	0.068	0.068	0.068	0.068	0.068	0.068	
0.067	0.067	0.067	0.067	0.067	0.067	0.066	0.047	0.047	0.047	0.047	0.047	0.047	0.047	0.047	0.047	0.047	0.047	0.047	0.047	0.047	0.063	0.068	0.068	0.068	0.068	0.068	0.068	
0.067	0.067	0.067	0.067	0.067	0.067	0.067	0.050	0.047	0.047	0.047	0.047	0.047	0.047	0.047	0.047	0.047	0.047	0.047	0.047	0.047	0.066	0.068	0.068	0.068	0.068	0.068	0.068	
0.067	0.067	0.067	0.067	0.067	0.067	0.067	0.053	0.047	0.047	0.047	0.047	0.047	0.047	0.047	0.047	0.047	0.047	0.047	0.047	0.049	0.068	0.068	0.068	0.068	0.068	0.068	0.068	
0.067	0.067	0.067	0.067	0.067	0.067	0.067	0.056	0.047	0.047	0.047	0.047	0.047	0.047	0.047	0.047	0.047	0.047	0.047	0.047	0.052	0.068	0.068	0.068	0.068	0.068	0.068	0.068	
0.067	0.067	0.067	0.067	0.067	0.067	0.067	0.059	0.047	0.047	0.047	0.047	0.047	0.047	0.047	0.047	0.047	0.047	0.047	0.047	0.055	0.068	0.068	0.068	0.068	0.068	0.068	0.068	
0.067	0.067	0.067	0.067	0.067	0.067	0.067	0.062	0.047	0.047	0.047	0.047	0.047	0.047	0.047	0.047	0.047	0.047	0.047	0.047	0.058	0.068	0.068	0.068	0.068	0.068	0.068	0.068	
0.067	0.067	0.067	0.067	0.067	0.067	0.067	0.066	0.047	0.047	0.047	0.047	0.047	0.047	0.047	0.047	0.047	0.047	0.047	0.047	0.061	0.068	0.068	0.068	0.068	0.068	0.068	0.068	
0.067	0.067	0.067	0.067	0.067	0.067	0.067	0.067	0.049	0.047	0.047	0.047	0.047	0.047	0.047	0.047	0.047	0.047	0.047	0.047	0.064	0.068	0.068	0.068	0.068	0.068	0.068	0.068	
0.067	0.067	0.067	0.067	0.067	0.067	0.067	0.067	0.052	0.047	0.047	0.047	0.047	0.047	0.047	0.047	0.047	0.047	0.047	0.047	0.067	0.068	0.068	0.068	0.068	0.068	0.068	0.068	
0.067	0.067	0.067	0.067	0.067	0.067	0.067	0.067	0.055	0.047	0.047	0.047	0.047	0.047	0.047	0.047	0.047	0.047	0.047	0.049	0.068	0.068	0.068	0.068	0.068	0.068	0.068	0.068	
0.067	0.067	0.067	0.067	0.067	0.067	0.067	0.067	0.058	0.047	0.047	0.047	0.047	0.047	0.047	0.047	0.047	0.047	0.047	0.053	0.068	0.068	0.068	0.068	0.068	0.068	0.068	0.068	
0.067	0.067	0.067	0.067	0.067	0.067	0.067	0.067	0.061	0.047	0.047	0.047	0.047	0.047	0.047	0.047	0.047	0.047	0.047	0.056	0.068	0.068	0.068	0.068	0.068	0.068	0.068	0.068	
0.067	0.067	0.067	0.067	0.067	0.067	0.067	0.067	0.065	0.047	0.047	0.047	0.047	0.047	0.047	0.047	0.047	0.047	0.047	0.059	0.068	0.068	0.068	0.068	0.068	0.068	0.068	0.068	
0.067	0.067	0.067	0.067	0.067	0.067	0.067	0.067	0.067	0.048	0.047	0.047	0.047	0.047	0.047	0.047	0.047	0.047	0.047	0.062	0.068	0.068	0.068	0.068	0.068	0.068	0.068	0.068	
0.067	0.067	0.067	0.067	0.067	0.067	0.067	0.067	0.067	0.051	0.047	0.047	0.047	0.047	0.047	0.047	0.047	0.047	0.047	0.065	0.068	0.068	0.068	0.068	0.068	0.068	0.068	0.068	
0.067	0.067	0.067	0.067	0.067	0.067	0.067	0.067	0.067	0.054	0.047	0.047	0.047	0.047	0.047	0.047	0.047	0.047	0.047	0.067	0.068	0.068	0.068	0.068	0.068	0.068	0.068	0.068	
0.067	0.067	0.067	0.067	0.067	0.067	0.067	0.067	0.067	0.057	0.047	0.047	0.047	0.047	0.047	0.047	0.047	0.047	0.050	0.068	0.068	0.068	0.068	0.068	0.068	0.068	0.068	0.068	
0.067	0.067	0.067	0.067	0.067	0.067	0.067	0.067	0.067	0.060	0.047	0.047	0.047	0.047	0.047	0.047	0.047	0.047	0.053	0.068	0.068	0.068	0.068	0.068	0.068	0.068	0.068	0.068	
0.067	0.067	0.067	0.067	0.067	0.067	0.067	0.067	0.067	0.064	0.047	0.047	0.047	0.047	0.047	0.047	0.047	0.047	0.057	0.068	0.068	0.068	0.068	0.068	0.068	0.068	0.068	0.068	
0.067	0.067	0.067	0.067	0.067	0.067	0.067	0.067	0.067	0.066	0.047	0.047	0.047	0.047	0.047	0.047	0.047	0.047	0.060	0.068	0.068	0.068	0.068	0.068	0.068	0.068	0.068	0.068	
0.067	0.067	0.067	0.067	0.067	0.067	0.067	0.067	0.067	0.067	0.050	0.047	0.047	0.047	0.047	0.047	0.047	0.047	0.063	0.068	0.068	0.068	0.068	0.068	0.068	0.068	0.068	0.068	
0.067	0.067	0.067	0.067	0.067	0.067	0.067	0.067	0.067	0.067	0.053	0.047	0.047	0.047	0.047	0.047	0.047	0.047	0.066	0.068	0.068	0.068	0.068	0.068	0.068	0.068	0.068	0.068	
0.067	0.067	0.067	0.067	0.067	0.067	0.067	0.067	0.067	0.067	0.056	0.047	0.047	0.047	0.047	0.047	0.047	0.048	0.068	0.068	0.068	0.068	0.068	0.068	0.068	0.068	0.068	0.068	
0.067	0.067	0.067	0.067	0.067	0.067	0.067	0.067	0.067	0.067	0.059	0.047	0.047	0.047	0.047	0.047	0.047	0.051	0.068	0.068	0.068	0.068	0.068	0.068	0.068	0.068	0.068	0.068	
0.067	0.067	0.067	0.067	0.067	0.067	0.067	0.067	0.067	0.067	0.063	0.047	0.047	0.047	0.047	0.047	0.047	0.054	0.068	0.068	0.068	0.068	0.068	0.068	0.068	0.068	0.068	0.068	
0.067	0.067	0.067	0.067	0.067	0.067	0.067	0.067	0.067	0.067	0.066	0.047	0.047	0.047	0.047	0.047	0.047	0.057	0.068	0.068	0.068	0.068	0.068	0.068	0.068	0.068	0.068	0.068	
0.067	0.067	0.067	0.067	0.067	0.067	0.067	0.067	0.067	0.067	0.067	0.049	0.047	0.047	0.047	0.047	0.047	0.061	0.068	0.068	0.068	0.068	0.068	0.068	0.068	0.068	0.068	0.068	
0.344	0.088	0.067	0.067	0.067	0.067	0.067	0.067	0.067	0.067	0.067	0.052	0.047	0.047	0.047	0.047	0.047	0.064	0.068	0.068	0.068	0.068	0.068	0.068	0.068	0.068	0.068	0.068	
0.486	0.421	0.139	0.067	0.067	0.067	0.067	0.067	0.067	0.067	0.067	0.055	0.047	0.047	0.047	0.047	0.047	0.067	0.068	0.068	0.068	0.068	0.068	0.068	0.068	0.068	0.068	0.068	
0.486	0.486	0.469	0.220	0.067	0.067	0.067	0.067	0.067	0.067	0.067	0.058	0.047	0.047	0.047	0.047	0.162	0.068	0.068	0.068	0.068	0.068	0.068	0.068	0.068	0.068	0.118	0.407	
0.486	0.486	0.486	0.486	0.318	0.080	0.067	0.067	0.067	0.067	0.067	0.062	0.047	0.047	0.047	0.047	1.708	0.177	0.068	0.068	0.068	0.068	0.068	0.068	0.085	0.333	0.602	0.633	
0.486	0.486	0.486	0.486	0.486	0.403	0.122	0.067	0.067	0.067	0.067	0.116	0.087	0.047	0.047	0.528	2.855	0.692	0.068	0.068	0.068	0.068	0.069	0.259	0.561	0.633	0.633	0.633	
0.486	0.486	0.486	0.486	0.486	0.486	0.459	0.195	0.067	0.067	0.067	1.279	2.462	0.204	0.047	2.078	2.894	1.247	0.068	0.068	0.068	0.188	0.503	0.633	0.633	0.633	0.633	0.633	
0.486	0.486	0.486	0.486	0.486	0.486	0.486	0.484	0.291	0.073	0.503	2.938	3.502	2.825	1.170	2.894	2.894	2.158	0.086	0.133	0.431	0.630	0.633	0.633	0.633	0.633	0.633	0.633	
0.486	0.486	0.486	0.486	0.486	0.486	0.486	0.486	0.486	2.099	4.799	4.430	3.505	3.495	3.034	3.008	3.853	4.486	2.866	0.612	0.633	0.633	0.633	0.633	0.633	0.633	0.633	0.633	
0.486	0.486	0.486	0.486	0.486	0.486	0.486	0.486	0.486	2.598	4.867	4.867	3.860	2.760	2.564	3.362	4.502	4.502	3.464	0.633	0.633	0.633	0.633	0.633	0.633	0.633	0.633	0.633	
0.000	0.000	0.000	0.000	0.000	0.000	0.000	0.000	0.000	0.000	0.000	0.000	1.546	2.564	2.564	1.383	0.000	0.000	0.000	0.000	0.000	0.000	0.000	0.000	0.000	0.000	0.000	0.000	
0.000	0.000	0.000	0.000	0.000	0.000	0.000	0.000	0.000	0.000	0.000	0.000	0.641	2.564	2.564	0.641	0.000	0.000	0.000	0.000	0.000	0.000	0.000	0.000	0.000	0.000	0.000	0.000	
0.000	0.000	0.000	0.000	0.000	0.000	0.000	0.000	0.000	0.000	0.000	0.000	0.836	3.281	3.181	0.779	0.000	0.000	0.000	0.000	0.000	0.000	0.000	0.000	0.000	0.000	0.000	0.000	
0.000	0.000	0.000	0.000	0.000	0.000	0.000	0.000	0.000	0.000	0.000	0.000	1.029	4.115	4.115	1.029	0.000	0.000	0.000	0.000	0.000	0.000	0.000	0.000	0.000	0.000	0.000	0.000	
0.000	0.000	0.000	0.000	0.000	0.000	0.000	0.000	0.000	0.000	0.000	0.000	1.029	4.115	4.115	1.029	0.000	0.000	0.000	0.000	0.000	0.000	0.000	0.000	0.000	0.000	0.000	0.000	
