0.084	0.084	0.084	0.084	0.084	0.084	0.084	0.084	0.084	0.061	0.045	0.045	0.045	0.045	0.045	0.045	0.045	0.045	0.045	0.045	0.045	0.045	0.045	0.045	0.045	0.045	0.045	0.045	
0.084	0.084	0.084	0.084	0.084	0.084	0.084	0.084	0.084	0.065	0.045	0.045	0.045	0.045	0.045	0.045	0.045	0.045	0.045	0.045	0.045	0.045	0.045	0.045	0.045	0.045	0.045	0.045	
0.084	0.084	0.084	0.084	0.084	0.084	0.084	0.084	0.084	0.069	0.045	0.045	0.045	0.045	0.045	0.045	0.045	0.045	0.045	0.045	0.045	0.045	0.045	0.045	0.045	0.045	0.045	0.045	
0.084	0.084	0.084	0.084	0.084	0.084	0.084	0.084	0.084	0.072	0.045	0.045	0.045	0.045	0.045	0.045	0.045	0.045	0.045	0.045	0.045	0.045	0.045	0.045	0.045	0.045	0.045	0.045	
0.088	0.084	0.084	0.084	0.084	0.084	0.084	0.084	0.084	0.076	0.045	0.045	0.045	0.045	0.045	0.045	0.045	0.045	0.045	0.045	0.045	0.045	0.045	0.045	0.045	0.045	0.045	0.045	
0.101	0.084	0.084	0.084	0.084	0.084	0.084	0.084	0.084	0.080	0.045	0.045	0.045	0.045	0.045	0.045	0.045	0.045	0.045	0.045	0.045	0.045	0.045	0.045	0.045	0.045	0.045	0.045	
0.114	0.084	0.084	0.084	0.084	0.084	0.084	0.084	0.084	0.083	0.046	0.045	0.045	0.045	0.045	0.045	0.045	0.045	0.045	0.045	0.045	0.045	0.045	0.045	0.045	0.045	0.045	0.045	
0.128	0.084	0.084	0.084	0.084	0.084	0.084	0.084	0.084	0.084	0.049	0.045	0.045	0.045	0.045	0.045	0.045	0.045	0.045	0.045	0.045	0.045	0.045	0.045	0.045	0.045	0.045	0.045	
0.135	0.091	0.084	0.084	0.084	0.084	0.084	0.084	0.084	0.084	0.053	0.045	0.045	0.045	0.045	0.045	0.045	0.045	0.045	0.045	0.045	0.045	0.045	0.045	0.045	0.045	0.045	0.045	
0.135	0.104	0.084	0.084	0.084	0.084	0.084	0.084	0.084	0.084	0.057	0.045	0.045	0.045	0.045	0.045	0.045	0.045	0.045	0.045	0.045	0.045	0.045	0.045	0.045	0.045	0.045	0.045	
0.135	0.118	0.084	0.084	0.084	0.084	0.084	0.084	0.084	0.084	0.061	0.045	0.045	0.045	0.045	0.045	0.045	0.045	0.045	0.045	0.045	0.045	0.045	0.045	0.045	0.045	0.045	0.045	
0.135	0.131	0.084	0.084	0.084	0.084	0.084	0.084	0.084	0.084	0.064	0.045	0.045	0.045	0.045	0.045	0.045	0.045	0.045	0.045	0.045	0.045	0.045	0.045	0.045	0.045	0.045	0.045	
0.135	0.135	0.094	0.084	0.084	0.084	0.084	0.084	0.084	0.084	0.068	0.045	0.045	0.045	0.045	0.045	0.045	0.045	0.045	0.045	0.045	0.045	0.045	0.045	0.045	0.045	0.045	0.047	
0.135	0.135	0.108	0.084	0.084	0.084	0.084	0.084	0.084	0.084	0.072	0.045	0.045	0.045	0.045	0.045	0.045	0.045	0.045	0.045	0.045	0.045	0.045	0.045	0.045	0.045	0.045	0.086	
0.135	0.135	0.122	0.084	0.084	0.084	0.084	0.084	0.084	0.084	0.076	0.045	0.045	0.045	0.045	0.045	0.045	0.045	0.045	0.045	0.045	0.045	0.045	0.045	0.045	0.045	0.045	0.143	
0.135	0.135	0.133	0.086	0.084	0.084	0.084	0.084	0.084	0.084	0.079	0.045	0.045	0.045	0.045	0.045	0.045	0.045	0.045	0.045	0.045	0.045	0.045	0.045	0.045	0.045	0.052	0.194	
0.135	0.135	0.135	0.098	0.084	0.084	0.084	0.084	0.084	0.084	0.083	0.046	0.045	0.045	0.045	0.045	0.045	0.045	0.045	0.045	0.045	0.045	0.045	0.045	0.045	0.045	0.100	0.202	
0.135	0.135	0.135	0.112	0.084	0.084	0.084	0.084	0.084	0.084	0.084	0.049	0.045	0.045	0.045	0.045	0.045	0.045	0.045	0.045	0.045	0.045	0.045	0.045	0.045	0.045	0.157	0.202	
0.135	0.135	0.135	0.125	0.084	0.084	0.084	0.084	0.084	0.084	0.084	0.052	0.045	0.045	0.045	0.045	0.045	0.045	0.045	0.045	0.045	0.045	0.045	0.045	0.045	0.060	0.199	0.202	
0.135	0.135	0.135	0.134	0.088	0.084	0.084	0.084	0.084	0.084	0.084	0.056	0.045	0.045	0.045	0.045	0.045	0.045	0.045	0.045	0.045	0.045	0.045	0.045	0.045	0.115	0.202	0.202	
0.135	0.135	0.135	0.135	0.102	0.084	0.084	0.084	0.084	0.084	0.084	0.060	0.045	0.045	0.045	0.045	0.045	0.045	0.045	0.045	0.045	0.045	0.045	0.045	0.045	0.171	0.202	0.202	
0.135	0.135	0.135	0.135	0.115	0.084	0.084	0.084	0.084	0.084	0.084	0.064	0.045	0.045	0.045	0.045	0.045	0.045	0.045	0.045	0.045	0.045	0.045	0.045	0.072	0.202	0.202	0.202	
0.135	0.135	0.135	0.135	0.129	0.084	0.084	0.084	0.084	0.084	0.084	0.067	0.045	0.045	0.045	0.045	0.045	0.045	0.045	0.045	0.045	0.045	0.045	0.045	0.129	0.202	0.202	0.202	
0.135	0.135	0.135	0.135	0.135	0.092	0.084	0.084	0.084	0.084	0.084	0.071	0.045	0.045	0.045	0.045	0.045	0.045	0.045	0.045	0.045	0.045	0.045	0.047	0.184	0.202	0.202	0.202	
0.135	0.135	0.135	0.135	0.135	0.105	0.084	0.084	0.084	0.084	0.084	0.075	0.045	0.045	0.045	0.045	0.045	0.045	0.045	0.045	0.045	0.045	0.045	0.086	0.202	0.202	0.202	0.202	
0.135	0.135	0.135	0.135	0.135	0.119	0.084	0.084	0.084	0.084	0.084	0.079	0.045	0.045	0.045	0.045	0.045	0.045	0.045	0.045	0.045	0.045	0.045	0.143	0.202	0.202	0.202	0.202	
0.135	0.135	0.135	0.135	0.135	0.132	0.085	0.084	0.084	0.084	0.084	0.082	0.045	0.045	0.045	0.045	0.045	0.045	0.045	0.045	0.045	0.045	0.052	0.194	0.202	0.202	0.202	0.202	
0.135	0.135	0.135	0.135	0.135	0.135	0.095	0.084	0.084	0.084	0.084	0.084	0.048	0.045	0.045	0.045	0.045	0.045	0.045	0.045	0.045	0.045	0.100	0.202	0.202	0.202	0.202	0.206	
0.135	0.135	0.135	0.135	0.135	0.135	0.109	0.084	0.084	0.084	0.084	0.084	0.052	0.045	0.045	0.045	0.045	0.045	0.045	0.045	0.045	0.045	0.157	0.202	0.202	0.202	0.202	0.245	
0.135	0.135	0.135	0.135	0.135	0.135	0.123	0.084	0.084	0.084	0.084	0.084	0.056	0.045	0.045	0.045	0.045	0.045	0.045	0.045	0.045	0.060	0.199	0.202	0.202	0.202	0.202	0.292	
0.135	0.135	0.135	0.135	0.135	0.135	0.134	0.086	0.084	0.084	0.084	0.084	0.059	0.045	0.045	0.045	0.045	0.045	0.045	0.045	0.045	0.115	0.202	0.202	0.202	0.202	0.233	0.309	
0.135	0.135	0.135	0.135	0.135	0.135	0.135	0.099	0.084	0.084	0.084	0.084	0.063	0.045	0.045	0.045	0.045	0.045	0.045	0.045	0.045	0.171	0.202	0.202	0.202	0.202	0.280	0.309	
0.135	0.135	0.135	0.135	0.135	0.135	0.135	0.113	0.084	0.084	0.084	0.084	0.067	0.045	0.045	0.045	0.045	0.045	0.045	0.045	0.072	0.202	0.202	0.202	0.202	0.220	0.308	0.309	
0.135	0.135	0.135	0.135	0.135	0.135	0.135	0.126	0.084	0.084	0.084	0.084	0.071	0.045	0.045	0.045	0.045	0.045	0.045	0.045	0.129	0.202	0.202	0.202	0.202	0.267	0.309	0.309	
0.163	0.135	0.135	0.135	0.135	0.135	0.135	0.135	0.089	0.084	0.084	0.084	0.074	0.045	0.045	0.045	0.045	0.045	0.045	0.047	0.184	0.202	0.202	0.202	0.211	0.305	0.309	0.309	
0.370	0.136	0.135	0.135	0.135	0.135	0.135	0.135	0.103	0.084	0.084	0.084	0.078	0.045	0.045	0.045	0.045	0.045	0.045	0.086	0.202	0.202	0.202	0.202	0.254	0.309	0.309	0.309	
0.466	0.277	0.135	0.135	0.135	0.135	0.135	0.135	0.116	0.084	0.084	0.084	0.082	0.045	0.045	0.045	0.045	0.045	0.045	0.143	0.202	0.202	0.202	0.204	0.299	0.309	0.309	0.309	
0.466	0.456	0.193	0.135	0.135	0.135	0.135	0.135	0.130	0.084	0.084	0.084	0.084	0.047	0.045	0.045	0.045	0.045	0.052	0.194	0.202	0.202	0.202	0.241	0.309	0.309	0.309	0.309	
0.466	0.466	0.409	0.146	0.135	0.135	0.135	0.135	0.135	0.093	0.084	0.084	0.084	0.051	0.045	0.045	0.045	0.045	0.100	0.202	0.202	0.202	0.202	0.289	0.309	0.309	0.309	0.309	
0.466	0.466	0.466	0.327	0.135	0.135	0.135	0.135	0.135	0.106	0.084	0.084	0.084	0.055	0.045	0.045	0.045	0.045	0.157	0.202	0.202	0.202	0.229	0.309	0.309	0.309	0.309	0.309	
0.466	0.466	0.466	0.465	0.234	0.135	0.135	0.135	0.135	0.120	0.084	0.084	0.084	0.059	0.045	0.045	0.045	0.060	0.199	0.202	0.202	0.202	0.276	0.309	0.309	0.309	0.309	0.309	
0.466	0.466	0.466	0.466	0.439	0.167	0.135	0.135	0.135	0.132	0.085	0.084	0.084	0.062	0.045	0.045	0.045	0.115	0.202	0.202	0.202	0.217	0.308	0.309	0.309	0.309	0.309	0.309	
0.466	0.466	0.466	0.466	0.466	0.375	0.136	0.135	0.135	0.135	0.096	0.084	0.084	0.066	0.045	0.045	0.045	0.171	0.202	0.202	0.202	0.263	0.309	0.309	0.309	0.309	0.309	0.309	
0.466	0.466	0.466	0.466	0.466	0.466	0.283	0.135	0.135	0.135	0.110	0.084	0.084	0.070	0.045	0.045	0.072	0.202	0.202	0.202	0.208	0.304	0.309	0.309	0.309	0.309	0.309	0.309	
0.466	0.466	0.466	0.466	0.466	0.466	0.458	0.198	0.135	0.135	0.124	0.084	0.096	1.432	0.314	0.256	0.380	0.202	0.202	0.307	1.449	0.309	0.309	0.309	0.309	0.309	0.309	0.309	
0.933	0.647	0.469	0.466	0.466	0.466	0.466	0.414	0.357	0.146	1.886	3.147	3.510	4.568	4.503	4.742	3.670	0.544	0.567	2.942	2.952	0.309	0.309	0.309	0.309	0.309	0.310	0.555	
1.076	1.076	0.968	0.684	0.476	0.466	0.466	0.535	4.653	4.770	4.510	4.474	4.532	4.568	4.669	4.754	4.959	5.255	4.183	3.686	3.290	0.309	0.309	0.309	0.341	0.693	1.125	1.312	
1.076	1.076	1.076	1.076	0.998	0.721	0.488	1.691	4.883	4.877	4.721	4.475	4.547	4.661	4.770	4.825	5.253	5.279	4.778	3.690	3.842	0.942	0.417	0.831	1.231	1.312	1.312	1.312	
1.076	1.076	1.076	1.076	1.076	1.076	1.501	5.136	5.176	5.339	5.815	5.266	4.654	4.727	4.796	5.185	5.668	5.681	6.052	5.413	5.020	4.790	1.293	1.312	1.312	1.312	1.312	1.312	
1.076	1.076	1.076	1.076	1.076	1.076	1.728	5.224	5.224	5.619	5.824	5.365	4.654	4.678	4.796	5.510	5.695	5.919	6.079	5.665	5.024	4.959	1.312	1.312	1.312	1.312	1.312	1.312	
0.000	0.000	0.000	0.000	0.000	0.000	0.000	0.000	0.000	0.000	0.000	0.000	2.302	3.240	2.833	2.569	0.000	0.000	0.000	0.000	0.000	0.000	0.000	0.000	0.000	0.000	0.000	0.000	
0.000	0.000	0.000	0.000	0.000	0.000	0.000	0.000	0.000	0.000	0.000	0.000	0.543	2.170	2.170	0.543	0.000	0.000	0.000	0.000	0.000	0.000	0.000	0.000	0.000	0.000	0.000	0.000	
0.000	0.000	0.000	0.000	0.000	0.000	0.000	0.000	0.000	0.000	0.000	0.000	0.543	2.170	2.170	0.543	0.000	0.000	0.000	0.000	0.000	0.000	0.000	0.000	0.000	0.000	0.000	0.000	
0.000	0.000	0.000	0.000	0.000	0.000	0.000	0.000	0.000	0.000	0.000	0.000	0.543	2.170	2.170	0.543	0.000	0.000	0.000	0.000	0.000	0.000	0.000	0.000	0.000	0.000	0.000	0.000	
0.000	0.000	0.000	0.000	0.000	0.000	0.000	0.000	0.000	0.000	0.000	0.000	0.543	2.170	2.170	0.543	0.000	0.000	0.000	0.000	0.000	0.000	0.000	0.000	0.000	0.000	0.000	0.000	
