0.050	0.050	0.050	0.050	0.050	0.050	0.050	0.050	0.050	0.050	0.050	0.050	0.048	0.047	0.047	0.047	0.047	0.047	0.047	0.047	0.047	0.047	0.047	0.047	0.047	0.047	0.047	0.047	
0.050	0.050	0.050	0.050	0.050	0.050	0.050	0.050	0.050	0.050	0.050	0.050	0.048	0.047	0.047	0.047	0.047	0.047	0.047	0.047	0.047	0.047	0.047	0.047	0.047	0.047	0.047	0.047	
0.050	0.050	0.050	0.050	0.050	0.050	0.050	0.050	0.050	0.050	0.050	0.050	0.048	0.047	0.047	0.047	0.047	0.047	0.047	0.047	0.047	0.047	0.047	0.047	0.047	0.047	0.047	0.047	
0.050	0.050	0.050	0.050	0.050	0.050	0.050	0.050	0.050	0.050	0.050	0.050	0.048	0.047	0.047	0.047	0.047	0.047	0.047	0.047	0.047	0.047	0.047	0.047	0.047	0.047	0.047	0.047	
0.050	0.050	0.050	0.050	0.050	0.050	0.050	0.050	0.050	0.050	0.050	0.050	0.048	0.047	0.047	0.047	0.047	0.047	0.047	0.047	0.047	0.047	0.047	0.047	0.047	0.047	0.047	0.047	
0.050	0.050	0.050	0.050	0.050	0.050	0.050	0.050	0.050	0.050	0.050	0.050	0.048	0.047	0.047	0.047	0.047	0.047	0.047	0.047	0.047	0.047	0.047	0.047	0.047	0.047	0.047	0.047	
0.050	0.050	0.050	0.050	0.050	0.050	0.050	0.050	0.050	0.050	0.050	0.050	0.048	0.047	0.047	0.047	0.047	0.047	0.047	0.047	0.047	0.047	0.047	0.047	0.047	0.047	0.047	0.047	
0.050	0.050	0.050	0.050	0.050	0.050	0.050	0.050	0.050	0.050	0.050	0.050	0.048	0.047	0.047	0.047	0.047	0.047	0.047	0.047	0.047	0.047	0.047	0.047	0.047	0.047	0.047	0.047	
0.050	0.050	0.050	0.050	0.050	0.050	0.050	0.050	0.050	0.050	0.050	0.050	0.048	0.047	0.047	0.047	0.047	0.047	0.047	0.047	0.047	0.047	0.047	0.047	0.047	0.047	0.047	0.047	
0.050	0.050	0.050	0.050	0.050	0.050	0.050	0.050	0.050	0.050	0.050	0.050	0.048	0.047	0.047	0.047	0.047	0.047	0.047	0.047	0.047	0.047	0.047	0.047	0.047	0.047	0.047	0.047	
0.050	0.050	0.050	0.050	0.050	0.050	0.050	0.050	0.050	0.050	0.050	0.050	0.048	0.047	0.047	0.047	0.047	0.047	0.047	0.047	0.047	0.047	0.047	0.047	0.047	0.047	0.047	0.047	
0.050	0.050	0.050	0.050	0.050	0.050	0.050	0.050	0.050	0.050	0.050	0.050	0.048	0.047	0.047	0.047	0.047	0.047	0.047	0.047	0.047	0.047	0.047	0.047	0.047	0.047	0.047	0.047	
0.050	0.050	0.050	0.050	0.050	0.050	0.050	0.050	0.050	0.050	0.050	0.050	0.048	0.047	0.047	0.047	0.047	0.047	0.047	0.047	0.047	0.047	0.047	0.047	0.047	0.047	0.047	0.047	
0.050	0.050	0.050	0.050	0.050	0.050	0.050	0.050	0.050	0.050	0.050	0.050	0.048	0.047	0.047	0.047	0.047	0.047	0.047	0.047	0.047	0.047	0.047	0.047	0.047	0.047	0.047	0.047	
0.050	0.050	0.050	0.050	0.050	0.050	0.050	0.050	0.050	0.050	0.050	0.050	0.048	0.047	0.047	0.047	0.047	0.047	0.047	0.047	0.047	0.047	0.047	0.047	0.047	0.047	0.047	0.047	
0.050	0.050	0.050	0.050	0.050	0.050	0.050	0.050	0.050	0.050	0.050	0.050	0.048	0.047	0.047	0.047	0.047	0.047	0.047	0.047	0.047	0.047	0.047	0.047	0.047	0.047	0.047	0.047	
0.050	0.050	0.050	0.050	0.050	0.050	0.050	0.050	0.050	0.050	0.050	0.050	0.049	0.047	0.047	0.047	0.047	0.047	0.047	0.047	0.047	0.047	0.047	0.047	0.047	0.047	0.047	0.047	
0.050	0.050	0.050	0.050	0.050	0.050	0.050	0.050	0.050	0.050	0.050	0.050	0.049	0.047	0.047	0.047	0.047	0.047	0.047	0.047	0.047	0.047	0.047	0.047	0.047	0.047	0.047	0.072	
0.050	0.050	0.050	0.050	0.050	0.050	0.050	0.050	0.050	0.050	0.050	0.050	0.049	0.047	0.047	0.047	0.047	0.047	0.047	0.047	0.047	0.047	0.047	0.047	0.047	0.047	0.047	0.126	
0.050	0.050	0.050	0.050	0.050	0.050	0.050	0.050	0.050	0.050	0.050	0.050	0.049	0.047	0.047	0.047	0.047	0.047	0.047	0.047	0.047	0.047	0.047	0.047	0.047	0.047	0.048	0.179	
0.050	0.050	0.050	0.050	0.050	0.050	0.050	0.050	0.050	0.050	0.050	0.050	0.049	0.047	0.047	0.047	0.047	0.047	0.047	0.047	0.047	0.047	0.047	0.047	0.047	0.047	0.085	0.196	
0.050	0.050	0.050	0.050	0.050	0.050	0.050	0.050	0.050	0.050	0.050	0.050	0.049	0.047	0.047	0.047	0.047	0.047	0.047	0.047	0.047	0.047	0.047	0.047	0.047	0.047	0.138	0.196	
0.050	0.050	0.050	0.050	0.050	0.050	0.050	0.050	0.050	0.050	0.050	0.050	0.049	0.047	0.047	0.047	0.047	0.047	0.047	0.047	0.047	0.047	0.047	0.047	0.047	0.052	0.187	0.196	
0.050	0.050	0.050	0.050	0.050	0.050	0.050	0.050	0.050	0.050	0.050	0.050	0.049	0.047	0.047	0.047	0.047	0.047	0.047	0.047	0.047	0.047	0.047	0.047	0.047	0.097	0.196	0.196	
0.050	0.050	0.050	0.050	0.050	0.050	0.050	0.050	0.050	0.050	0.050	0.050	0.049	0.047	0.047	0.047	0.047	0.047	0.047	0.047	0.047	0.047	0.047	0.047	0.047	0.151	0.196	0.196	
0.050	0.050	0.050	0.050	0.050	0.050	0.050	0.050	0.050	0.050	0.050	0.050	0.049	0.047	0.047	0.047	0.047	0.047	0.047	0.047	0.047	0.047	0.047	0.047	0.059	0.193	0.196	0.196	
0.050	0.050	0.050	0.050	0.050	0.050	0.050	0.050	0.050	0.050	0.050	0.050	0.049	0.047	0.047	0.047	0.047	0.047	0.047	0.047	0.047	0.047	0.047	0.047	0.110	0.196	0.196	0.196	
0.050	0.050	0.050	0.050	0.050	0.050	0.050	0.050	0.050	0.050	0.050	0.050	0.049	0.047	0.047	0.047	0.047	0.047	0.047	0.047	0.047	0.047	0.047	0.047	0.164	0.196	0.196	0.196	
0.050	0.050	0.050	0.050	0.050	0.050	0.050	0.050	0.050	0.050	0.050	0.050	0.049	0.047	0.047	0.047	0.047	0.047	0.047	0.047	0.047	0.047	0.047	0.069	0.196	0.196	0.196	0.196	
0.050	0.050	0.050	0.050	0.050	0.050	0.050	0.050	0.050	0.050	0.050	0.050	0.049	0.047	0.047	0.047	0.047	0.047	0.047	0.047	0.047	0.047	0.047	0.122	0.196	0.196	0.196	0.196	
0.050	0.050	0.050	0.050	0.050	0.050	0.050	0.050	0.050	0.050	0.050	0.050	0.049	0.047	0.047	0.047	0.047	0.047	0.047	0.047	0.047	0.047	0.047	0.176	0.196	0.196	0.196	0.196	
0.050	0.050	0.050	0.050	0.050	0.050	0.050	0.050	0.050	0.050	0.050	0.050	0.049	0.047	0.047	0.047	0.047	0.047	0.047	0.047	0.047	0.047	0.081	0.196	0.196	0.196	0.196	0.196	
0.050	0.050	0.050	0.050	0.050	0.050	0.050	0.050	0.050	0.050	0.050	0.050	0.055	0.047	0.047	0.047	0.047	0.047	0.047	0.047	0.047	0.047	0.135	0.196	0.196	0.196	0.196	0.196	
0.118	0.050	0.050	0.050	0.050	0.050	0.050	0.050	0.050	0.050	0.050	0.050	0.294	0.047	0.047	0.047	0.047	0.047	0.047	0.047	0.047	0.050	0.185	0.196	0.196	0.196	0.196	0.196	
0.473	0.074	0.050	0.050	0.050	0.050	0.050	0.050	0.050	0.050	0.050	0.050	0.588	0.112	0.047	0.047	0.047	0.047	0.047	0.047	0.047	0.094	0.196	0.196	0.196	0.196	0.196	0.196	
0.563	0.399	0.053	0.050	0.050	0.050	0.050	0.050	0.050	0.050	0.050	0.050	0.784	0.273	0.047	0.047	0.047	0.047	0.047	0.047	0.047	0.147	0.196	0.196	0.196	0.196	0.196	0.196	
0.563	0.563	0.307	0.050	0.050	0.050	0.050	0.050	0.050	0.050	0.050	0.050	0.979	0.436	0.047	0.047	0.047	0.047	0.047	0.047	0.056	0.192	0.196	0.196	0.196	0.196	0.196	0.196	
0.563	0.563	0.560	0.214	0.050	0.050	0.050	0.050	0.050	0.050	0.050	0.063	1.162	0.599	0.047	0.047	0.047	0.047	0.047	0.047	0.106	0.196	0.196	0.196	0.196	0.196	0.196	0.196	
0.563	0.563	0.563	0.539	0.140	0.050	0.050	0.050	0.050	0.050	0.050	0.219	1.201	0.762	0.047	0.047	0.047	0.047	0.047	0.047	0.160	0.196	0.196	0.196	0.196	0.196	0.196	0.196	
0.563	0.563	0.563	0.563	0.495	0.088	0.050	0.050	0.050	0.050	0.050	0.415	1.201	0.925	0.047	0.047	0.047	0.047	0.047	0.065	0.195	0.196	0.196	0.196	0.196	0.196	0.196	0.196	
0.660	0.563	0.563	0.563	0.563	0.430	0.058	0.050	0.050	0.050	0.050	0.610	1.201	1.087	0.047	0.047	0.047	0.047	0.047	0.119	0.196	0.196	0.196	0.196	0.196	0.196	0.200	0.559	
0.956	0.719	0.563	0.563	0.563	0.563	0.342	0.050	0.050	0.050	0.050	0.806	1.201	1.198	0.099	0.047	0.047	0.047	0.047	0.173	0.196	0.196	0.196	0.196	0.196	0.222	0.664	0.896	
0.966	0.965	0.788	0.568	0.563	0.563	0.563	0.247	0.050	0.050	0.050	1.001	1.201	1.201	0.529	0.047	0.047	0.047	0.190	0.196	0.196	0.196	0.196	0.196	0.265	0.750	0.896	0.896	
0.966	0.966	0.966	0.851	0.587	0.563	0.563	0.549	0.165	0.050	0.072	1.174	1.201	1.972	3.729	0.451	0.047	1.103	2.920	0.196	0.196	0.196	0.196	0.327	0.816	0.896	0.896	0.896	
0.966	0.966	0.966	0.966	0.901	0.620	0.563	0.563	0.514	2.072	3.179	1.986	1.252	3.696	4.317	3.546	2.062	3.727	3.734	0.415	0.196	0.196	0.410	0.863	0.896	0.896	0.896	0.896	
1.193	1.016	0.966	0.966	0.966	0.937	0.667	0.563	1.357	4.968	4.405	4.541	4.822	4.535	4.378	4.978	4.723	3.758	3.761	2.040	0.522	0.512	0.889	0.896	0.896	0.896	0.911	1.098	
1.280	1.274	1.141	0.985	0.966	0.966	0.958	3.019	4.762	4.596	4.621	4.886	4.849	4.898	5.087	5.206	5.269	5.224	4.732	4.596	4.463	0.911	0.896	0.896	0.905	1.078	1.297	1.345	
1.280	1.280	1.280	1.254	1.090	0.969	1.136	4.377	4.808	4.989	5.618	5.563	5.001	5.131	5.171	5.161	5.588	5.837	5.425	4.596	4.629	1.559	0.900	1.059	1.284	1.345	1.345	1.345	
1.280	1.280	1.280	1.280	1.280	1.312	4.613	5.187	5.300	5.986	5.757	5.498	4.865	5.035	5.158	4.941	5.047	5.820	6.077	5.483	5.127	4.975	1.729	1.345	1.345	1.345	1.345	1.345	
1.280	1.280	1.280	1.280	1.280	1.503	5.205	5.205	5.673	6.085	6.071	5.005	4.795	4.793	4.510	4.905	4.905	5.770	6.117	5.839	5.170	5.170	2.041	1.345	1.345	1.345	1.345	1.345	
0.000	0.000	0.000	0.000	0.000	0.000	0.000	0.000	0.000	0.000	0.000	0.000	2.405	2.941	2.105	1.948	0.000	0.000	0.000	0.000	0.000	0.000	0.000	0.000	0.000	0.000	0.000	0.000	
0.000	0.000	0.000	0.000	0.000	0.000	0.000	0.000	0.000	0.000	0.000	0.000	0.516	2.065	2.065	0.516	0.000	0.000	0.000	0.000	0.000	0.000	0.000	0.000	0.000	0.000	0.000	0.000	
0.000	0.000	0.000	0.000	0.000	0.000	0.000	0.000	0.000	0.000	0.000	0.000	0.516	2.065	2.065	0.516	0.000	0.000	0.000	0.000	0.000	0.000	0.000	0.000	0.000	0.000	0.000	0.000	
0.000	0.000	0.000	0.000	0.000	0.000	0.000	0.000	0.000	0.000	0.000	0.000	0.516	2.065	2.065	0.516	0.000	0.000	0.000	0.000	0.000	0.000	0.000	0.000	0.000	0.000	0.000	0.000	
0.000	0.000	0.000	0.000	0.000	0.000	0.000	0.000	0.000	0.000	0.000	0.000	0.516	2.065	2.065	0.516	0.000	0.000	0.000	0.000	0.000	0.000	0.000	0.000	0.000	0.000	0.000	0.000	
