0.052	0.052	0.052	0.052	0.052	0.052	0.052	0.052	0.052	0.070	0.074	0.074	0.074	0.074	0.074	0.074	0.074	0.074	0.074	0.060	0.055	0.055	0.055	0.055	0.055	0.055	0.055	0.055	
0.052	0.052	0.052	0.052	0.052	0.052	0.052	0.052	0.052	0.069	0.074	0.074	0.074	0.074	0.074	0.074	0.074	0.074	0.074	0.059	0.055	0.055	0.055	0.055	0.055	0.055	0.055	0.055	
0.052	0.052	0.052	0.052	0.052	0.052	0.052	0.052	0.052	0.067	0.074	0.074	0.074	0.074	0.074	0.074	0.074	0.074	0.074	0.058	0.055	0.055	0.055	0.055	0.055	0.055	0.055	0.055	
0.052	0.052	0.052	0.052	0.052	0.052	0.052	0.052	0.052	0.066	0.074	0.074	0.074	0.074	0.074	0.074	0.074	0.074	0.074	0.057	0.055	0.055	0.055	0.055	0.055	0.055	0.055	0.055	
0.052	0.052	0.052	0.052	0.052	0.052	0.052	0.052	0.052	0.065	0.074	0.074	0.074	0.074	0.074	0.074	0.074	0.074	0.074	0.056	0.055	0.055	0.055	0.055	0.055	0.055	0.055	0.055	
0.052	0.052	0.052	0.052	0.052	0.052	0.052	0.052	0.052	0.064	0.074	0.074	0.074	0.074	0.074	0.074	0.074	0.074	0.073	0.055	0.055	0.055	0.055	0.055	0.055	0.055	0.055	0.055	
0.052	0.052	0.052	0.052	0.052	0.052	0.052	0.052	0.052	0.063	0.074	0.074	0.074	0.074	0.074	0.074	0.074	0.074	0.072	0.055	0.055	0.055	0.055	0.055	0.055	0.055	0.055	0.055	
0.052	0.052	0.052	0.052	0.052	0.052	0.052	0.052	0.052	0.061	0.074	0.074	0.074	0.074	0.074	0.074	0.074	0.074	0.071	0.055	0.055	0.055	0.055	0.055	0.055	0.055	0.055	0.055	
0.052	0.052	0.052	0.052	0.052	0.052	0.052	0.052	0.052	0.060	0.074	0.074	0.074	0.074	0.074	0.074	0.074	0.074	0.070	0.055	0.055	0.055	0.055	0.055	0.055	0.055	0.055	0.055	
0.052	0.052	0.052	0.052	0.052	0.052	0.052	0.052	0.052	0.059	0.074	0.074	0.074	0.074	0.074	0.074	0.074	0.074	0.069	0.055	0.055	0.055	0.055	0.055	0.055	0.055	0.055	0.055	
0.052	0.052	0.052	0.052	0.052	0.052	0.052	0.052	0.052	0.058	0.074	0.074	0.074	0.074	0.074	0.074	0.074	0.074	0.068	0.055	0.055	0.055	0.055	0.055	0.055	0.055	0.055	0.055	
0.052	0.052	0.052	0.052	0.052	0.052	0.052	0.052	0.052	0.057	0.074	0.074	0.074	0.074	0.074	0.074	0.074	0.074	0.067	0.055	0.055	0.055	0.055	0.055	0.055	0.055	0.055	0.055	
0.052	0.052	0.052	0.052	0.052	0.052	0.052	0.052	0.052	0.055	0.074	0.074	0.074	0.074	0.074	0.074	0.074	0.074	0.065	0.055	0.055	0.055	0.055	0.055	0.055	0.055	0.055	0.055	
0.052	0.052	0.052	0.052	0.052	0.052	0.052	0.052	0.052	0.054	0.074	0.074	0.074	0.074	0.074	0.074	0.074	0.074	0.064	0.055	0.055	0.055	0.055	0.055	0.055	0.055	0.055	0.055	
0.052	0.052	0.052	0.052	0.052	0.052	0.052	0.052	0.052	0.053	0.074	0.074	0.074	0.074	0.074	0.074	0.074	0.074	0.063	0.055	0.055	0.055	0.055	0.055	0.055	0.055	0.055	0.055	
0.052	0.052	0.052	0.052	0.052	0.052	0.052	0.052	0.052	0.052	0.073	0.074	0.074	0.074	0.074	0.074	0.074	0.074	0.062	0.055	0.055	0.055	0.055	0.055	0.055	0.055	0.055	0.055	
0.052	0.052	0.052	0.052	0.052	0.052	0.052	0.052	0.052	0.052	0.072	0.074	0.074	0.074	0.074	0.074	0.074	0.074	0.061	0.055	0.055	0.055	0.055	0.055	0.055	0.055	0.055	0.055	
0.052	0.052	0.052	0.052	0.052	0.052	0.052	0.052	0.052	0.052	0.071	0.074	0.074	0.074	0.074	0.074	0.074	0.074	0.060	0.055	0.055	0.055	0.055	0.055	0.055	0.055	0.055	0.055	
0.052	0.052	0.052	0.052	0.052	0.052	0.052	0.052	0.052	0.052	0.070	0.074	0.074	0.074	0.074	0.074	0.074	0.074	0.059	0.055	0.055	0.055	0.055	0.055	0.055	0.055	0.055	0.055	
0.052	0.052	0.052	0.052	0.052	0.052	0.052	0.052	0.052	0.052	0.069	0.074	0.074	0.074	0.074	0.074	0.074	0.074	0.058	0.055	0.055	0.055	0.055	0.055	0.055	0.055	0.055	0.055	
0.052	0.052	0.052	0.052	0.052	0.052	0.052	0.052	0.052	0.052	0.067	0.074	0.074	0.074	0.074	0.074	0.074	0.074	0.057	0.055	0.055	0.055	0.055	0.055	0.055	0.055	0.055	0.055	
0.052	0.052	0.052	0.052	0.052	0.052	0.052	0.052	0.052	0.052	0.066	0.074	0.074	0.074	0.074	0.074	0.074	0.074	0.056	0.055	0.055	0.055	0.055	0.055	0.055	0.055	0.055	0.055	
0.052	0.052	0.052	0.052	0.052	0.052	0.052	0.052	0.052	0.052	0.065	0.074	0.074	0.074	0.074	0.074	0.074	0.073	0.055	0.055	0.055	0.055	0.055	0.055	0.055	0.055	0.055	0.055	
0.052	0.052	0.052	0.052	0.052	0.052	0.052	0.052	0.052	0.052	0.064	0.074	0.074	0.074	0.074	0.074	0.074	0.072	0.055	0.055	0.055	0.055	0.055	0.055	0.055	0.055	0.055	0.055	
0.052	0.052	0.052	0.052	0.052	0.052	0.052	0.052	0.052	0.052	0.063	0.074	0.074	0.074	0.074	0.074	0.074	0.071	0.055	0.055	0.055	0.055	0.055	0.055	0.055	0.055	0.055	0.055	
0.052	0.052	0.052	0.052	0.052	0.052	0.052	0.052	0.052	0.052	0.061	0.074	0.074	0.074	0.074	0.074	0.074	0.070	0.055	0.055	0.055	0.055	0.055	0.055	0.055	0.055	0.055	0.055	
0.052	0.052	0.052	0.052	0.052	0.052	0.052	0.052	0.052	0.052	0.060	0.074	0.074	0.074	0.074	0.074	0.074	0.069	0.055	0.055	0.055	0.055	0.055	0.055	0.055	0.055	0.055	0.055	
0.052	0.052	0.052	0.052	0.052	0.052	0.052	0.052	0.052	0.052	0.059	0.074	0.074	0.074	0.074	0.074	0.074	0.068	0.055	0.055	0.055	0.055	0.055	0.055	0.055	0.055	0.055	0.055	
0.052	0.052	0.052	0.052	0.052	0.052	0.052	0.052	0.052	0.052	0.058	0.074	0.074	0.074	0.074	0.074	0.074	0.066	0.055	0.055	0.055	0.055	0.055	0.055	0.055	0.055	0.055	0.055	
0.052	0.052	0.052	0.052	0.052	0.052	0.052	0.052	0.052	0.052	0.057	0.074	0.074	0.074	0.074	0.074	0.074	0.065	0.055	0.055	0.055	0.055	0.055	0.055	0.055	0.055	0.055	0.055	
0.052	0.052	0.052	0.052	0.052	0.052	0.052	0.052	0.052	0.052	0.055	0.074	0.074	0.074	0.074	0.074	0.074	0.064	0.055	0.055	0.055	0.055	0.055	0.055	0.055	0.055	0.055	0.055	
0.052	0.052	0.052	0.052	0.052	0.052	0.052	0.052	0.052	0.052	0.054	0.074	0.074	0.074	0.074	0.074	0.074	0.098	0.055	0.055	0.055	0.055	0.055	0.055	0.055	0.055	0.055	0.055	
0.052	0.052	0.052	0.052	0.052	0.052	0.052	0.052	0.052	0.052	0.053	0.074	0.074	0.074	0.074	0.074	0.074	0.256	0.055	0.055	0.055	0.055	0.055	0.055	0.055	0.055	0.055	0.055	
0.052	0.052	0.052	0.052	0.052	0.052	0.052	0.052	0.052	0.052	0.052	0.073	0.074	0.074	0.074	0.074	0.074	0.426	0.055	0.055	0.055	0.055	0.055	0.055	0.055	0.055	0.055	0.055	
0.052	0.052	0.052	0.052	0.052	0.052	0.052	0.052	0.052	0.052	0.052	0.072	0.074	0.074	0.074	0.074	0.107	0.562	0.055	0.055	0.055	0.055	0.055	0.055	0.055	0.055	0.055	0.055	
0.052	0.052	0.052	0.052	0.052	0.052	0.052	0.052	0.052	0.052	0.052	0.071	0.074	0.074	0.074	0.074	0.249	0.590	0.055	0.055	0.055	0.055	0.055	0.055	0.055	0.055	0.055	0.055	
0.052	0.052	0.052	0.052	0.052	0.052	0.052	0.052	0.052	0.052	0.052	0.070	0.074	0.074	0.074	0.074	0.398	0.610	0.055	0.055	0.055	0.055	0.055	0.055	0.055	0.055	0.055	0.055	
0.052	0.052	0.052	0.052	0.052	0.052	0.052	0.052	0.052	0.052	0.052	0.069	0.074	0.074	0.074	0.074	0.548	0.629	0.055	0.055	0.055	0.055	0.055	0.055	0.055	0.055	0.055	0.055	
0.052	0.052	0.052	0.052	0.052	0.052	0.052	0.052	0.052	0.052	0.052	0.067	0.074	0.074	0.074	0.074	0.698	0.649	0.055	0.055	0.055	0.055	0.055	0.055	0.055	0.055	0.055	0.055	
0.052	0.052	0.052	0.052	0.052	0.052	0.052	0.052	0.052	0.052	0.052	0.066	0.074	0.074	0.074	0.074	0.848	0.669	0.055	0.055	0.055	0.055	0.055	0.055	0.055	0.055	0.055	0.055	
0.052	0.052	0.052	0.052	0.052	0.052	0.052	0.052	0.052	0.052	0.052	0.065	0.074	0.074	0.074	0.074	0.998	0.689	0.055	0.055	0.055	0.055	0.055	0.055	0.055	0.055	0.055	0.055	
0.052	0.052	0.052	0.052	0.052	0.052	0.052	0.052	0.052	0.052	0.052	0.064	0.074	0.074	0.074	0.123	1.098	0.708	0.055	0.055	0.055	0.055	0.055	0.055	0.055	0.055	0.055	0.055	
0.098	0.052	0.052	0.052	0.052	0.052	0.052	0.052	0.052	0.052	0.052	0.063	0.074	0.074	0.074	0.270	1.101	0.728	0.055	0.055	0.055	0.055	0.055	0.055	0.055	0.055	0.055	0.186	
0.552	0.279	0.059	0.052	0.052	0.052	0.052	0.052	0.052	0.052	0.052	0.061	0.074	0.074	0.074	0.420	1.101	0.748	0.055	0.055	0.055	0.055	0.055	0.055	0.055	0.074	0.365	0.615	
0.587	0.587	0.488	0.179	0.052	0.052	0.052	0.052	0.052	0.052	0.052	0.765	0.074	0.074	0.074	0.570	1.101	0.767	0.055	0.055	0.055	0.055	0.055	0.055	0.176	0.531	0.620	0.620	
0.587	0.587	0.587	0.585	0.393	0.104	0.052	0.052	0.052	0.052	0.052	2.426	0.881	0.074	0.074	0.719	1.101	0.787	0.055	0.055	0.055	0.055	0.070	0.353	0.613	0.620	0.620	0.620	
0.587	0.587	0.587	0.587	0.587	0.557	0.290	0.062	0.052	0.052	0.244	3.169	2.497	0.076	0.074	0.869	1.101	0.807	0.055	0.055	0.055	0.167	0.522	0.620	0.620	0.620	0.620	0.620	
0.587	0.587	0.587	0.587	0.587	0.587	0.587	0.497	0.189	0.052	1.424	3.229	3.229	0.962	0.414	1.522	1.101	1.624	0.398	0.067	0.341	0.610	0.620	0.620	0.620	0.620	0.620	0.620	
0.587	0.587	0.587	0.587	0.587	0.587	0.587	0.587	0.586	2.104	4.623	4.100	3.298	3.018	3.703	3.913	3.621	4.794	4.609	1.352	0.620	0.620	0.620	0.620	0.620	0.620	0.620	0.620	
0.587	0.587	0.587	0.587	0.587	0.587	0.587	0.587	0.587	2.769	4.645	4.645	3.772	2.299	3.682	3.914	4.167	4.832	4.832	1.808	0.620	0.620	0.620	0.620	0.620	0.620	0.620	0.620	
0.000	0.000	0.000	0.000	0.000	0.000	0.000	0.000	0.000	0.000	0.000	0.000	1.128	1.838	2.058	1.834	0.000	0.000	0.000	0.000	0.000	0.000	0.000	0.000	0.000	0.000	0.000	0.000	
0.000	0.000	0.000	0.000	0.000	0.000	0.000	0.000	0.000	0.000	0.000	0.000	0.459	1.838	1.838	0.459	0.000	0.000	0.000	0.000	0.000	0.000	0.000	0.000	0.000	0.000	0.000	0.000	
0.000	0.000	0.000	0.000	0.000	0.000	0.000	0.000	0.000	0.000	0.000	0.000	0.459	1.838	1.838	0.459	0.000	0.000	0.000	0.000	0.000	0.000	0.000	0.000	0.000	0.000	0.000	0.000	
0.000	0.000	0.000	0.000	0.000	0.000	0.000	0.000	0.000	0.000	0.000	0.000	0.459	1.838	1.838	0.459	0.000	0.000	0.000	0.000	0.000	0.000	0.000	0.000	0.000	0.000	0.000	0.000	
0.000	0.000	0.000	0.000	0.000	0.000	0.000	0.000	0.000	0.000	0.000	0.000	0.459	1.838	1.838	0.459	0.000	0.000	0.000	0.000	0.000	0.000	0.000	0.000	0.000	0.000	0.000	0.000	
