0.035	0.035	0.035	0.035	0.035	0.035	0.035	0.035	0.035	0.035	0.035	0.035	0.035	0.035	0.035	0.035	0.035	0.035	0.035	0.035	0.035	0.035	0.035	0.035	0.035	0.035	0.035	0.035	
0.035	0.035	0.035	0.035	0.035	0.035	0.035	0.035	0.035	0.035	0.035	0.035	0.035	0.035	0.035	0.035	0.035	0.035	0.035	0.035	0.035	0.035	0.035	0.035	0.035	0.035	0.035	0.035	
0.035	0.035	0.035	0.035	0.035	0.035	0.035	0.035	0.035	0.035	0.035	0.035	0.035	0.035	0.035	0.035	0.035	0.035	0.035	0.035	0.035	0.035	0.035	0.035	0.035	0.035	0.035	0.035	
0.035	0.035	0.035	0.035	0.035	0.035	0.035	0.035	0.035	0.035	0.035	0.035	0.035	0.035	0.035	0.035	0.035	0.035	0.035	0.035	0.035	0.035	0.035	0.035	0.035	0.035	0.035	0.035	
0.035	0.035	0.035	0.035	0.035	0.035	0.035	0.035	0.035	0.035	0.035	0.035	0.035	0.035	0.035	0.035	0.035	0.035	0.035	0.035	0.035	0.035	0.035	0.035	0.035	0.035	0.035	0.054	
0.035	0.035	0.035	0.035	0.035	0.035	0.035	0.035	0.035	0.035	0.035	0.035	0.035	0.035	0.035	0.035	0.035	0.035	0.035	0.035	0.035	0.035	0.035	0.035	0.035	0.035	0.035	0.141	
0.035	0.035	0.035	0.035	0.035	0.035	0.035	0.035	0.035	0.035	0.035	0.035	0.035	0.035	0.035	0.035	0.035	0.035	0.035	0.035	0.035	0.035	0.035	0.035	0.035	0.035	0.037	0.232	
0.035	0.035	0.035	0.035	0.035	0.035	0.035	0.035	0.035	0.035	0.035	0.035	0.035	0.035	0.035	0.035	0.035	0.035	0.035	0.035	0.035	0.035	0.035	0.035	0.035	0.035	0.102	0.260	
0.035	0.035	0.035	0.035	0.035	0.035	0.035	0.035	0.035	0.035	0.035	0.035	0.035	0.035	0.035	0.035	0.035	0.035	0.035	0.035	0.035	0.035	0.035	0.035	0.035	0.035	0.196	0.260	
0.035	0.035	0.035	0.035	0.035	0.035	0.035	0.035	0.035	0.035	0.035	0.035	0.035	0.035	0.035	0.035	0.035	0.035	0.035	0.035	0.035	0.035	0.035	0.035	0.035	0.065	0.258	0.260	
0.035	0.035	0.035	0.035	0.035	0.035	0.035	0.035	0.035	0.035	0.035	0.035	0.035	0.035	0.035	0.035	0.035	0.035	0.035	0.035	0.035	0.035	0.035	0.035	0.035	0.157	0.260	0.260	
0.035	0.035	0.035	0.035	0.035	0.035	0.035	0.035	0.035	0.035	0.035	0.035	0.035	0.035	0.035	0.035	0.035	0.035	0.035	0.035	0.035	0.035	0.035	0.035	0.042	0.243	0.260	0.244	
0.035	0.035	0.035	0.035	0.035	0.035	0.035	0.035	0.035	0.035	0.035	0.035	0.035	0.035	0.035	0.035	0.035	0.035	0.035	0.035	0.035	0.035	0.035	0.035	0.118	0.260	0.260	0.213	
0.035	0.035	0.035	0.035	0.035	0.035	0.035	0.035	0.035	0.035	0.035	0.035	0.035	0.035	0.035	0.035	0.035	0.035	0.035	0.035	0.035	0.035	0.035	0.035	0.211	0.260	0.256	0.186	
0.035	0.035	0.035	0.035	0.035	0.035	0.035	0.035	0.035	0.035	0.035	0.035	0.035	0.035	0.035	0.035	0.035	0.035	0.035	0.035	0.035	0.035	0.035	0.079	0.260	0.260	0.230	0.181	
0.035	0.035	0.035	0.035	0.035	0.035	0.035	0.035	0.035	0.035	0.035	0.035	0.035	0.035	0.035	0.035	0.035	0.035	0.035	0.035	0.035	0.035	0.035	0.172	0.260	0.260	0.199	0.181	
0.035	0.035	0.035	0.035	0.035	0.035	0.035	0.035	0.035	0.035	0.035	0.035	0.035	0.035	0.035	0.035	0.035	0.035	0.035	0.035	0.035	0.035	0.049	0.251	0.260	0.246	0.181	0.181	
0.068	0.035	0.035	0.035	0.035	0.035	0.035	0.035	0.035	0.035	0.035	0.035	0.035	0.035	0.035	0.035	0.035	0.035	0.035	0.035	0.035	0.035	0.133	0.260	0.260	0.216	0.181	0.181	
0.173	0.035	0.035	0.035	0.035	0.035	0.035	0.035	0.035	0.035	0.035	0.035	0.035	0.035	0.035	0.035	0.035	0.035	0.035	0.035	0.035	0.036	0.226	0.260	0.258	0.187	0.181	0.181	
0.239	0.075	0.035	0.035	0.035	0.035	0.035	0.035	0.035	0.035	0.035	0.035	0.035	0.035	0.035	0.035	0.035	0.035	0.035	0.035	0.035	0.095	0.260	0.260	0.232	0.181	0.181	0.181	
0.240	0.182	0.035	0.035	0.035	0.035	0.035	0.035	0.035	0.035	0.035	0.035	0.035	0.035	0.035	0.035	0.035	0.035	0.035	0.035	0.035	0.188	0.260	0.260	0.202	0.181	0.181	0.181	
0.240	0.240	0.084	0.035	0.035	0.035	0.035	0.035	0.035	0.035	0.035	0.035	0.035	0.035	0.035	0.035	0.035	0.035	0.035	0.035	0.059	0.256	0.260	0.249	0.182	0.181	0.181	0.181	
0.240	0.240	0.191	0.035	0.035	0.035	0.035	0.035	0.035	0.035	0.035	0.035	0.035	0.035	0.035	0.035	0.035	0.035	0.035	0.035	0.149	0.260	0.260	0.218	0.181	0.181	0.181	0.181	
0.240	0.240	0.240	0.093	0.035	0.035	0.035	0.035	0.035	0.035	0.035	0.035	0.035	0.035	0.035	0.035	0.035	0.035	0.035	0.039	0.238	0.260	0.259	0.189	0.181	0.181	0.181	0.181	
0.240	0.240	0.240	0.199	0.036	0.035	0.035	0.035	0.035	0.035	0.035	0.035	0.035	0.035	0.035	0.035	0.035	0.035	0.035	0.110	0.260	0.260	0.235	0.181	0.181	0.181	0.181	0.181	
0.240	0.240	0.240	0.240	0.102	0.035	0.035	0.035	0.035	0.035	0.035	0.035	0.035	0.035	0.035	0.035	0.035	0.035	0.035	0.203	0.260	0.260	0.204	0.181	0.181	0.181	0.181	0.181	
0.240	0.240	0.240	0.240	0.207	0.037	0.035	0.035	0.035	0.035	0.035	0.035	0.035	0.035	0.035	0.035	0.035	0.035	0.072	0.259	0.260	0.251	0.182	0.181	0.181	0.181	0.181	0.181	
0.240	0.240	0.240	0.240	0.240	0.111	0.035	0.035	0.035	0.035	0.035	0.035	0.035	0.035	0.035	0.035	0.035	0.035	0.164	0.260	0.260	0.221	0.181	0.181	0.181	0.181	0.181	0.181	
0.240	0.240	0.240	0.240	0.240	0.214	0.040	0.035	0.035	0.035	0.035	0.035	0.035	0.035	0.035	0.035	0.035	0.045	0.247	0.260	0.259	0.191	0.181	0.181	0.181	0.181	0.181	0.181	
0.240	0.240	0.240	0.240	0.240	0.240	0.120	0.035	0.035	0.035	0.035	0.035	0.035	0.035	0.035	0.035	0.035	0.126	0.260	0.260	0.238	0.181	0.181	0.181	0.181	0.181	0.181	0.181	
0.240	0.240	0.240	0.240	0.240	0.240	0.220	0.043	0.035	0.035	0.035	0.035	0.035	0.035	0.035	0.035	0.035	0.219	0.260	0.260	0.207	0.181	0.181	0.181	0.181	0.181	0.181	0.181	
0.240	0.240	0.240	0.240	0.240	0.240	0.240	0.130	0.035	0.035	0.035	0.035	0.035	0.035	0.035	0.035	0.087	0.260	0.260	0.253	0.183	0.181	0.181	0.181	0.181	0.181	0.181	0.181	
0.365	0.240	0.240	0.240	0.240	0.240	0.240	0.225	0.047	0.035	0.035	0.035	0.035	0.035	0.035	0.035	0.180	0.260	0.260	0.224	0.181	0.181	0.181	0.181	0.181	0.181	0.181	0.247	
0.497	0.360	0.240	0.240	0.240	0.240	0.240	0.240	0.139	0.035	0.035	0.035	0.035	0.035	0.035	0.054	0.254	0.260	0.260	0.193	0.181	0.181	0.181	0.181	0.181	0.181	0.251	0.448	
0.497	0.497	0.355	0.240	0.240	0.240	0.240	0.240	0.230	0.051	0.035	0.035	0.035	0.035	0.035	0.141	0.260	0.260	0.241	0.181	0.181	0.181	0.181	0.181	0.181	0.256	0.450	0.461	
0.497	0.497	0.496	0.350	0.240	0.240	0.240	0.240	0.240	0.148	0.035	0.035	0.035	0.035	0.037	0.232	0.260	0.260	0.210	0.181	0.181	0.181	0.181	0.181	0.261	0.451	0.461	0.461	
0.497	0.497	0.497	0.496	0.345	0.240	0.240	0.240	0.240	0.233	0.057	0.035	0.035	0.035	0.102	0.260	0.260	0.255	0.184	0.181	0.181	0.181	0.181	0.266	0.453	0.461	0.461	0.461	
0.497	0.497	0.497	0.497	0.495	0.340	0.240	0.240	0.240	0.240	0.157	0.035	0.035	0.035	0.196	0.260	0.260	0.227	0.181	0.181	0.181	0.181	0.271	0.455	0.461	0.461	0.461	0.461	
0.497	0.497	0.497	0.497	0.497	0.495	0.335	0.240	0.240	0.240	0.373	2.279	1.667	0.926	0.258	0.260	0.260	0.196	0.181	0.181	0.181	0.276	0.456	0.461	0.461	0.461	0.461	0.461	
0.497	0.497	0.497	0.497	0.497	0.497	0.494	0.331	0.240	0.240	1.083	3.730	3.730	3.652	2.093	0.964	0.252	0.181	0.181	0.181	0.282	0.457	0.461	0.461	0.461	0.461	0.461	0.461	
0.497	0.497	0.497	0.497	0.497	0.497	0.497	0.493	1.658	2.776	3.499	3.849	3.855	3.940	4.052	4.052	3.295	1.468	0.258	0.287	0.458	0.461	0.461	0.461	0.461	0.461	0.461	0.461	
0.761	0.589	0.497	0.497	0.497	0.497	0.497	0.497	2.947	3.997	4.004	4.552	4.568	4.357	4.070	4.052	3.856	3.836	3.187	0.459	0.461	0.461	0.461	0.461	0.461	0.461	0.502	0.710	
1.253	1.642	1.693	1.509	1.325	1.141	0.957	0.773	3.270	4.030	4.086	4.573	4.573	4.585	4.600	4.582	3.911	3.836	3.610	0.674	0.463	0.461	0.461	0.461	0.522	0.739	0.923	0.940	
1.136	1.142	1.406	1.747	1.785	1.785	1.785	1.785	3.893	4.098	4.113	4.780	4.781	4.693	4.600	4.599	4.160	4.072	3.843	2.951	2.807	2.453	2.049	0.886	0.932	0.940	0.940	0.940	
1.136	1.136	1.136	1.202	1.571	1.785	1.817	2.323	4.140	4.271	4.259	4.787	4.781	4.997	5.183	5.133	4.186	4.090	3.828	2.951	2.951	2.931	1.617	0.940	0.940	0.940	0.940	0.940	
1.136	1.136	1.136	1.136	1.136	2.374	4.491	4.650	4.956	5.052	5.084	5.277	5.258	5.296	5.230	5.304	5.472	4.936	4.384	3.737	3.796	2.602	0.940	0.940	0.940	0.940	0.946	1.162	
1.468	1.203	1.136	1.136	1.136	1.536	4.630	4.745	5.169	5.154	5.762	5.425	5.302	6.084	6.262	5.806	5.554	5.521	5.431	4.424	4.325	2.573	0.940	0.940	0.940	1.091	1.403	1.505	
1.845	1.832	1.622	1.344	1.145	1.446	4.720	5.705	5.758	6.077	6.223	6.183	6.314	6.351	6.336	6.461	6.161	5.504	5.461	4.988	4.386	3.245	1.083	1.030	1.338	1.505	1.505	1.505	
1.845	1.845	1.845	1.845	1.767	4.431	4.982	5.594	6.122	6.641	6.871	7.334	6.443	6.079	5.556	6.494	6.640	6.681	5.953	6.013	5.508	4.983	4.235	1.496	1.505	1.505	1.505	1.505	
1.845	1.845	1.845	1.845	1.845	4.725	4.958	5.367	6.747	6.750	7.507	7.727	4.426	2.675	3.279	3.844	6.549	6.873	6.350	6.026	5.539	4.983	4.461	1.505	1.505	1.505	1.505	1.505	
0.000	0.000	0.000	0.000	0.000	0.000	0.000	0.000	0.000	0.000	0.000	0.000	1.433	2.657	3.239	1.757	0.000	0.000	0.000	0.000	0.000	0.000	0.000	0.000	0.000	0.000	0.000	0.000	
0.000	0.000	0.000	0.000	0.000	0.000	0.000	0.000	0.000	0.000	0.000	0.000	0.664	2.657	3.200	0.827	0.000	0.000	0.000	0.000	0.000	0.000	0.000	0.000	0.000	0.000	0.000	0.000	
0.000	0.000	0.000	0.000	0.000	0.000	0.000	0.000	0.000	0.000	0.000	0.000	0.664	2.657	3.160	0.827	0.000	0.000	0.000	0.000	0.000	0.000	0.000	0.000	0.000	0.000	0.000	0.000	
0.000	0.000	0.000	0.000	0.000	0.000	0.000	0.000	0.000	0.000	0.000	0.000	0.664	2.657	3.121	0.827	0.000	0.000	0.000	0.000	0.000	0.000	0.000	0.000	0.000	0.000	0.000	0.000	
0.000	0.000	0.000	0.000	0.000	0.000	0.000	0.000	0.000	0.000	0.000	0.000	0.664	2.657	3.081	0.827	0.000	0.000	0.000	0.000	0.000	0.000	0.000	0.000	0.000	0.000	0.000	0.000	
