0.092	0.092	0.092	0.092	0.092	0.090	0.062	0.062	0.062	0.062	0.062	0.062	0.062	0.062	0.062	0.062	0.062	0.062	0.062	0.062	0.062	0.063	0.075	0.075	0.075	0.075	0.075	0.075	
0.092	0.092	0.092	0.092	0.092	0.092	0.065	0.062	0.062	0.062	0.062	0.062	0.062	0.062	0.062	0.062	0.062	0.062	0.062	0.062	0.062	0.065	0.075	0.075	0.075	0.075	0.075	0.075	
0.092	0.092	0.092	0.092	0.092	0.092	0.070	0.062	0.062	0.062	0.062	0.062	0.062	0.062	0.062	0.062	0.062	0.062	0.062	0.062	0.062	0.066	0.075	0.075	0.075	0.075	0.075	0.075	
0.092	0.092	0.092	0.092	0.092	0.092	0.075	0.062	0.062	0.062	0.062	0.062	0.062	0.062	0.062	0.062	0.062	0.062	0.062	0.062	0.062	0.068	0.075	0.075	0.075	0.075	0.075	0.075	
0.092	0.092	0.092	0.092	0.092	0.092	0.080	0.062	0.062	0.062	0.062	0.062	0.062	0.062	0.062	0.062	0.062	0.062	0.062	0.062	0.062	0.070	0.075	0.075	0.075	0.075	0.075	0.075	
0.092	0.092	0.092	0.092	0.092	0.092	0.085	0.062	0.062	0.062	0.062	0.062	0.062	0.062	0.062	0.062	0.062	0.062	0.062	0.062	0.062	0.072	0.075	0.075	0.075	0.075	0.075	0.075	
0.092	0.092	0.092	0.092	0.092	0.092	0.090	0.062	0.062	0.062	0.062	0.062	0.062	0.062	0.062	0.062	0.062	0.062	0.062	0.062	0.062	0.074	0.075	0.075	0.075	0.075	0.075	0.075	
0.092	0.092	0.092	0.092	0.092	0.092	0.092	0.065	0.062	0.062	0.062	0.062	0.062	0.062	0.062	0.062	0.062	0.062	0.062	0.062	0.063	0.075	0.075	0.075	0.075	0.075	0.075	0.075	
0.092	0.092	0.092	0.092	0.092	0.092	0.092	0.069	0.062	0.062	0.062	0.062	0.062	0.062	0.062	0.062	0.062	0.062	0.062	0.062	0.065	0.075	0.075	0.075	0.075	0.075	0.075	0.075	
0.092	0.092	0.092	0.092	0.092	0.092	0.092	0.074	0.062	0.062	0.062	0.062	0.062	0.062	0.062	0.062	0.062	0.062	0.062	0.062	0.067	0.075	0.075	0.075	0.075	0.075	0.075	0.075	
0.092	0.092	0.092	0.092	0.092	0.092	0.092	0.079	0.062	0.062	0.062	0.062	0.062	0.062	0.062	0.062	0.062	0.062	0.062	0.062	0.069	0.075	0.075	0.075	0.075	0.075	0.075	0.075	
0.092	0.092	0.092	0.092	0.092	0.092	0.092	0.084	0.062	0.062	0.062	0.062	0.062	0.062	0.062	0.062	0.062	0.062	0.062	0.062	0.070	0.075	0.075	0.075	0.075	0.075	0.075	0.075	
0.092	0.092	0.092	0.092	0.092	0.092	0.092	0.089	0.062	0.062	0.062	0.062	0.062	0.062	0.062	0.062	0.062	0.062	0.062	0.062	0.072	0.075	0.075	0.075	0.075	0.075	0.075	0.075	
0.092	0.092	0.092	0.092	0.092	0.092	0.092	0.092	0.064	0.062	0.062	0.062	0.062	0.062	0.062	0.062	0.062	0.062	0.062	0.062	0.074	0.075	0.075	0.075	0.075	0.075	0.075	0.075	
0.092	0.092	0.092	0.092	0.092	0.092	0.092	0.092	0.069	0.062	0.062	0.062	0.062	0.062	0.062	0.062	0.062	0.062	0.062	0.063	0.075	0.075	0.075	0.075	0.075	0.075	0.075	0.075	
0.092	0.092	0.092	0.092	0.092	0.092	0.092	0.092	0.074	0.062	0.062	0.062	0.062	0.062	0.062	0.062	0.062	0.062	0.062	0.065	0.075	0.075	0.075	0.075	0.075	0.075	0.075	0.075	
0.092	0.092	0.092	0.092	0.092	0.092	0.092	0.092	0.079	0.062	0.062	0.062	0.062	0.062	0.062	0.062	0.062	0.062	0.062	0.067	0.075	0.075	0.075	0.075	0.075	0.075	0.075	0.075	
0.097	0.092	0.092	0.092	0.092	0.092	0.092	0.092	0.084	0.062	0.062	0.062	0.062	0.062	0.062	0.062	0.062	0.062	0.062	0.069	0.075	0.075	0.075	0.075	0.075	0.075	0.075	0.075	
0.151	0.092	0.092	0.092	0.092	0.092	0.092	0.092	0.089	0.062	0.062	0.062	0.062	0.062	0.062	0.062	0.062	0.062	0.062	0.071	0.075	0.075	0.075	0.075	0.075	0.075	0.075	0.075	
0.216	0.092	0.092	0.092	0.092	0.092	0.092	0.092	0.092	0.064	0.062	0.062	0.062	0.062	0.062	0.062	0.062	0.062	0.062	0.073	0.075	0.075	0.075	0.075	0.075	0.075	0.075	0.075	
0.253	0.120	0.092	0.092	0.092	0.092	0.092	0.092	0.092	0.068	0.062	0.062	0.062	0.062	0.062	0.062	0.062	0.062	0.062	0.074	0.075	0.075	0.075	0.075	0.075	0.075	0.075	0.075	
0.253	0.184	0.092	0.092	0.092	0.092	0.092	0.092	0.092	0.073	0.062	0.062	0.062	0.062	0.062	0.062	0.062	0.062	0.064	0.075	0.075	0.075	0.075	0.075	0.075	0.075	0.075	0.075	
0.253	0.243	0.098	0.092	0.092	0.092	0.092	0.092	0.092	0.078	0.062	0.062	0.062	0.062	0.062	0.062	0.062	0.062	0.065	0.075	0.075	0.075	0.075	0.075	0.075	0.075	0.075	0.075	
0.253	0.253	0.153	0.092	0.092	0.092	0.092	0.092	0.092	0.083	0.062	0.062	0.062	0.062	0.062	0.062	0.062	0.062	0.067	0.075	0.075	0.075	0.075	0.075	0.075	0.075	0.075	0.075	
0.253	0.253	0.218	0.092	0.092	0.092	0.092	0.092	0.092	0.088	0.062	0.062	0.062	0.062	0.062	0.062	0.062	0.062	0.069	0.075	0.075	0.075	0.075	0.075	0.075	0.075	0.075	0.075	
0.253	0.253	0.253	0.122	0.092	0.092	0.092	0.092	0.092	0.092	0.063	0.062	0.062	0.062	0.062	0.062	0.062	0.062	0.071	0.075	0.075	0.075	0.075	0.075	0.075	0.075	0.075	0.075	
0.253	0.253	0.253	0.187	0.092	0.092	0.092	0.092	0.092	0.092	0.068	0.062	0.062	0.062	0.062	0.062	0.062	0.062	0.073	0.075	0.075	0.075	0.075	0.075	0.075	0.075	0.075	0.075	
0.253	0.253	0.253	0.245	0.100	0.092	0.092	0.092	0.092	0.092	0.073	0.062	0.062	0.062	0.062	0.062	0.062	0.062	0.075	0.075	0.075	0.075	0.075	0.075	0.075	0.075	0.075	0.075	
0.253	0.253	0.253	0.253	0.156	0.092	0.092	0.092	0.092	0.092	0.078	0.062	0.062	0.062	0.062	0.062	0.062	0.064	0.075	0.075	0.075	0.075	0.075	0.075	0.075	0.075	0.075	0.075	
0.253	0.253	0.253	0.253	0.221	0.092	0.092	0.092	0.092	0.092	0.083	0.062	0.062	0.062	0.062	0.062	0.062	0.066	0.075	0.075	0.075	0.075	0.075	0.075	0.075	0.075	0.075	0.075	
0.253	0.253	0.253	0.253	0.253	0.125	0.092	0.092	0.092	0.092	0.088	0.062	0.062	0.062	0.062	0.062	0.062	0.068	0.075	0.075	0.075	0.075	0.075	0.075	0.075	0.075	0.075	0.075	
0.253	0.253	0.253	0.253	0.253	0.190	0.092	0.092	0.092	0.092	0.092	0.063	0.062	0.062	0.062	0.062	0.062	0.070	0.075	0.075	0.075	0.075	0.075	0.075	0.075	0.075	0.075	0.212	
0.254	0.253	0.253	0.253	0.253	0.246	0.101	0.092	0.092	0.092	0.092	0.067	0.062	0.062	0.062	0.062	0.062	0.071	0.075	0.075	0.075	0.075	0.075	0.075	0.075	0.075	0.141	0.520	
0.374	0.253	0.253	0.253	0.253	0.253	0.159	0.092	0.092	0.092	0.092	0.072	0.062	0.062	0.062	0.062	0.062	0.073	0.075	0.075	0.075	0.075	0.075	0.075	0.075	0.096	0.467	0.551	
0.541	0.283	0.253	0.253	0.253	0.253	0.224	0.092	0.092	0.092	0.092	0.077	0.062	0.062	0.062	0.062	0.062	0.075	0.075	0.075	0.075	0.075	0.075	0.075	0.076	0.390	0.551	0.551	
0.561	0.460	0.253	0.253	0.253	0.253	0.253	0.128	0.092	0.092	0.092	0.082	0.062	0.062	0.062	0.062	0.064	0.075	0.075	0.075	0.075	0.075	0.075	0.075	0.294	0.551	0.551	0.551	
0.561	0.561	0.350	0.253	0.253	0.253	0.253	0.193	0.092	0.092	0.092	0.087	0.062	0.062	0.062	0.062	0.066	0.075	0.075	0.075	0.075	0.075	0.075	0.203	0.545	0.551	0.551	0.551	
0.561	0.561	0.529	0.271	0.253	0.253	0.253	0.247	0.103	0.092	0.092	0.091	0.062	0.062	0.062	0.062	0.068	0.075	0.075	0.075	0.075	0.075	0.135	0.515	0.551	0.551	0.551	0.551	
0.561	0.561	0.561	0.436	0.253	0.253	0.253	0.253	0.162	0.092	0.092	0.092	0.067	0.062	0.062	0.062	0.070	0.075	0.075	0.075	0.075	0.093	0.460	0.551	0.551	0.551	0.556	0.806	
0.561	0.561	0.561	0.559	0.327	0.253	0.253	0.253	0.227	0.092	0.092	0.092	0.072	0.062	0.062	0.062	0.072	0.075	0.075	0.075	0.075	0.380	0.551	0.551	0.551	0.566	0.845	0.980	
0.561	0.561	0.561	0.561	0.514	0.262	0.253	0.253	0.253	0.131	0.092	0.092	0.077	0.062	0.062	0.571	0.665	0.075	0.075	0.075	0.283	0.551	0.551	0.551	0.580	0.880	0.980	0.980	
0.561	0.561	0.561	0.561	0.561	0.412	0.253	0.253	0.253	0.196	0.092	0.092	0.159	0.063	0.571	3.623	2.681	0.075	0.075	0.194	0.543	0.551	0.551	0.600	0.909	0.980	0.980	0.980	
0.561	0.561	0.561	0.561	0.561	0.555	0.308	0.253	0.253	1.034	2.972	2.137	3.652	3.831	3.764	4.131	4.080	1.671	0.814	0.510	0.551	0.551	0.625	0.933	0.980	0.980	0.983	1.172	
1.127	0.622	0.561	0.561	0.561	0.561	1.793	2.423	1.264	3.308	4.598	4.592	4.391	4.391	4.595	4.513	4.379	4.563	4.244	0.627	0.551	0.655	0.952	0.980	0.980	1.015	1.273	1.385	
1.657	1.568	1.036	0.588	0.561	0.561	2.698	4.229	4.308	5.221	4.837	4.840	4.860	4.597	5.239	5.284	4.944	4.563	4.606	3.544	1.610	0.966	0.980	0.980	1.083	1.345	1.385	1.385	
1.657	1.657	1.657	1.511	0.945	1.180	3.742	4.233	4.700	5.429	5.429	5.206	5.201	5.574	5.707	5.383	5.619	5.442	4.814	4.803	3.660	0.980	0.984	1.183	1.380	1.385	1.385	1.387	
1.814	1.658	1.657	1.657	1.657	4.160	4.603	4.918	5.643	5.576	5.939	5.775	5.767	6.219	6.260	6.085	5.661	5.703	5.396	4.861	4.976	3.676	1.313	1.385	1.385	1.385	1.516	1.793	
2.313	2.192	1.916	1.683	1.775	4.456	4.603	5.217	5.692	5.869	6.272	6.325	6.581	6.529	6.276	6.282	6.156	6.006	6.039	5.485	5.033	5.039	1.964	1.385	1.473	1.747	1.896	1.896	
2.313	2.313	2.313	2.269	4.193	5.189	5.325	6.292	6.126	6.699	6.657	6.318	6.434	5.661	4.835	6.224	6.481	6.364	6.089	6.113	5.445	5.270	4.972	2.176	1.890	1.896	1.896	1.896	
2.313	2.313	2.313	2.313	4.566	5.194	5.580	6.356	6.424	6.899	6.899	6.326	6.326	4.096	3.750	5.014	6.613	6.613	6.243	6.175	5.878	5.325	5.325	2.774	1.896	1.896	1.896	1.896	
0.000	0.000	0.000	0.000	0.000	0.000	0.000	0.000	0.000	0.000	0.000	0.000	3.174	3.756	3.750	2.137	0.000	0.000	0.000	0.000	0.000	0.000	0.000	0.000	0.000	0.000	0.000	0.000	
0.000	0.000	0.000	0.000	0.000	0.000	0.000	0.000	0.000	0.000	0.000	0.000	0.783	3.020	3.067	0.774	0.000	0.000	0.000	0.000	0.000	0.000	0.000	0.000	0.000	0.000	0.000	0.000	
0.000	0.000	0.000	0.000	0.000	0.000	0.000	0.000	0.000	0.000	0.000	0.000	0.679	2.715	2.715	0.679	0.000	0.000	0.000	0.000	0.000	0.000	0.000	0.000	0.000	0.000	0.000	0.000	
0.000	0.000	0.000	0.000	0.000	0.000	0.000	0.000	0.000	0.000	0.000	0.000	0.679	2.715	2.715	0.679	0.000	0.000	0.000	0.000	0.000	0.000	0.000	0.000	0.000	0.000	0.000	0.000	
0.000	0.000	0.000	0.000	0.000	0.000	0.000	0.000	0.000	0.000	0.000	0.000	0.679	2.715	2.715	0.679	0.000	0.000	0.000	0.000	0.000	0.000	0.000	0.000	0.000	0.000	0.000	0.000	
