0.050	0.050	0.050	0.050	0.050	0.050	0.050	0.050	0.050	0.050	0.050	0.050	0.050	0.050	0.050	0.083	0.086	0.086	0.086	0.086	0.086	0.086	0.086	0.086	0.086	0.155	0.171	0.171	
0.050	0.050	0.050	0.050	0.050	0.050	0.050	0.050	0.050	0.050	0.050	0.050	0.050	0.050	0.050	0.085	0.086	0.086	0.086	0.086	0.086	0.086	0.086	0.086	0.090	0.170	0.171	0.171	
0.050	0.050	0.050	0.050	0.050	0.050	0.050	0.050	0.050	0.050	0.050	0.050	0.050	0.050	0.052	0.086	0.086	0.086	0.086	0.086	0.086	0.086	0.086	0.086	0.108	0.171	0.171	0.169	
0.050	0.050	0.050	0.050	0.050	0.050	0.050	0.050	0.050	0.050	0.050	0.050	0.050	0.050	0.055	0.086	0.086	0.086	0.086	0.086	0.086	0.086	0.086	0.086	0.127	0.171	0.171	0.163	
0.050	0.050	0.050	0.050	0.050	0.050	0.050	0.050	0.050	0.050	0.050	0.050	0.050	0.050	0.058	0.086	0.086	0.086	0.086	0.086	0.086	0.086	0.086	0.086	0.147	0.171	0.171	0.158	
0.050	0.050	0.050	0.050	0.050	0.050	0.050	0.050	0.050	0.050	0.050	0.050	0.050	0.050	0.060	0.086	0.086	0.086	0.086	0.086	0.086	0.086	0.086	0.086	0.166	0.171	0.171	0.152	
0.050	0.050	0.050	0.050	0.050	0.050	0.050	0.050	0.050	0.050	0.050	0.050	0.050	0.050	0.063	0.086	0.086	0.086	0.086	0.086	0.086	0.086	0.086	0.100	0.171	0.171	0.171	0.146	
0.050	0.050	0.050	0.050	0.050	0.050	0.050	0.050	0.050	0.050	0.050	0.050	0.050	0.050	0.065	0.086	0.086	0.086	0.086	0.086	0.086	0.086	0.086	0.120	0.171	0.171	0.167	0.145	
0.050	0.050	0.050	0.050	0.050	0.050	0.050	0.050	0.050	0.050	0.050	0.050	0.050	0.050	0.068	0.086	0.086	0.086	0.086	0.086	0.086	0.086	0.086	0.139	0.171	0.171	0.161	0.145	
0.050	0.050	0.050	0.050	0.050	0.050	0.050	0.050	0.050	0.050	0.050	0.050	0.050	0.050	0.070	0.086	0.086	0.086	0.086	0.086	0.086	0.086	0.086	0.159	0.171	0.171	0.156	0.145	
0.050	0.050	0.050	0.050	0.050	0.050	0.050	0.050	0.050	0.050	0.050	0.050	0.050	0.050	0.073	0.086	0.086	0.086	0.086	0.086	0.086	0.086	0.093	0.171	0.171	0.171	0.150	0.145	
0.050	0.050	0.050	0.050	0.050	0.050	0.050	0.050	0.050	0.050	0.050	0.050	0.050	0.050	0.075	0.086	0.086	0.086	0.086	0.086	0.086	0.086	0.112	0.171	0.171	0.170	0.145	0.145	
0.050	0.050	0.050	0.050	0.050	0.050	0.050	0.050	0.050	0.050	0.050	0.050	0.050	0.050	0.078	0.086	0.086	0.086	0.086	0.086	0.086	0.086	0.131	0.171	0.171	0.165	0.145	0.145	
0.050	0.050	0.050	0.050	0.050	0.050	0.050	0.050	0.050	0.050	0.050	0.050	0.050	0.050	0.080	0.086	0.086	0.086	0.086	0.086	0.086	0.086	0.151	0.171	0.171	0.159	0.145	0.145	
0.050	0.050	0.050	0.050	0.050	0.050	0.050	0.050	0.050	0.050	0.050	0.050	0.050	0.050	0.083	0.086	0.086	0.086	0.086	0.086	0.086	0.088	0.168	0.171	0.171	0.154	0.145	0.145	
0.050	0.050	0.050	0.050	0.050	0.050	0.050	0.050	0.050	0.050	0.050	0.050	0.050	0.050	0.085	0.086	0.086	0.086	0.086	0.086	0.086	0.104	0.171	0.171	0.171	0.148	0.145	0.145	
0.050	0.050	0.050	0.050	0.050	0.050	0.050	0.050	0.050	0.050	0.050	0.050	0.050	0.052	0.086	0.086	0.086	0.086	0.086	0.086	0.086	0.124	0.171	0.171	0.169	0.145	0.145	0.145	
0.050	0.050	0.050	0.050	0.050	0.050	0.050	0.050	0.050	0.050	0.050	0.050	0.050	0.055	0.086	0.086	0.086	0.086	0.086	0.086	0.086	0.143	0.171	0.171	0.163	0.145	0.145	0.145	
0.050	0.050	0.050	0.050	0.050	0.050	0.050	0.050	0.050	0.050	0.050	0.050	0.050	0.058	0.086	0.086	0.086	0.086	0.086	0.086	0.086	0.162	0.171	0.171	0.157	0.145	0.145	0.145	
0.050	0.050	0.050	0.050	0.050	0.050	0.050	0.050	0.050	0.050	0.050	0.050	0.050	0.060	0.086	0.086	0.086	0.086	0.086	0.086	0.096	0.171	0.171	0.171	0.152	0.145	0.145	0.145	
0.050	0.050	0.050	0.050	0.050	0.050	0.050	0.050	0.050	0.050	0.050	0.050	0.050	0.063	0.086	0.086	0.086	0.086	0.086	0.086	0.116	0.171	0.171	0.171	0.146	0.145	0.145	0.145	
0.050	0.050	0.050	0.050	0.050	0.050	0.050	0.050	0.050	0.050	0.050	0.050	0.050	0.065	0.086	0.086	0.086	0.086	0.086	0.086	0.135	0.171	0.171	0.167	0.145	0.145	0.145	0.145	
0.050	0.050	0.050	0.050	0.050	0.050	0.050	0.050	0.050	0.050	0.050	0.050	0.050	0.068	0.086	0.086	0.086	0.086	0.086	0.086	0.155	0.171	0.171	0.161	0.145	0.145	0.145	0.145	
0.050	0.050	0.050	0.050	0.050	0.050	0.050	0.050	0.050	0.050	0.050	0.050	0.050	0.070	0.086	0.086	0.086	0.086	0.086	0.090	0.170	0.171	0.171	0.155	0.145	0.145	0.145	0.145	
0.050	0.050	0.050	0.050	0.050	0.050	0.050	0.050	0.050	0.050	0.050	0.050	0.050	0.073	0.086	0.086	0.086	0.086	0.086	0.108	0.171	0.171	0.171	0.149	0.145	0.145	0.145	0.145	
0.050	0.050	0.050	0.050	0.050	0.050	0.050	0.050	0.050	0.050	0.050	0.050	0.050	0.075	0.086	0.086	0.086	0.086	0.086	0.127	0.171	0.171	0.170	0.145	0.145	0.145	0.145	0.145	
0.106	0.050	0.050	0.050	0.050	0.050	0.050	0.050	0.050	0.050	0.050	0.050	0.050	0.078	0.086	0.086	0.086	0.086	0.086	0.147	0.171	0.171	0.164	0.145	0.145	0.145	0.145	0.145	
0.309	0.050	0.050	0.050	0.050	0.050	0.050	0.050	0.050	0.050	0.050	0.050	0.050	0.080	0.086	0.086	0.086	0.086	0.086	0.166	0.171	0.171	0.159	0.145	0.145	0.145	0.145	0.145	
0.405	0.166	0.050	0.050	0.050	0.050	0.050	0.050	0.050	0.050	0.050	0.050	0.050	0.083	0.086	0.086	0.086	0.086	0.100	0.171	0.171	0.171	0.153	0.145	0.145	0.145	0.145	0.145	
0.405	0.363	0.065	0.050	0.050	0.050	0.050	0.050	0.050	0.050	0.050	0.050	0.050	0.085	0.086	0.086	0.086	0.086	0.120	0.171	0.171	0.171	0.147	0.145	0.145	0.145	0.145	0.145	
0.405	0.405	0.234	0.050	0.050	0.050	0.050	0.050	0.050	0.050	0.050	0.050	0.052	0.086	0.086	0.086	0.086	0.086	0.139	0.171	0.171	0.168	0.145	0.145	0.145	0.145	0.145	0.145	
0.405	0.405	0.395	0.101	0.050	0.050	0.050	0.050	0.050	0.050	0.050	0.050	0.055	0.086	0.086	0.086	0.086	0.086	0.159	0.171	0.171	0.162	0.145	0.145	0.145	0.145	0.145	0.145	
0.405	0.405	0.405	0.303	0.050	0.050	0.050	0.050	0.050	0.050	0.050	0.050	0.058	0.086	0.086	0.086	0.086	0.093	0.171	0.171	0.171	0.157	0.145	0.145	0.145	0.145	0.145	0.145	
0.405	0.405	0.405	0.405	0.159	0.050	0.050	0.050	0.050	0.050	0.050	0.050	0.060	0.086	0.086	0.086	0.086	0.112	0.171	0.171	0.171	0.151	0.145	0.145	0.145	0.145	0.145	0.145	
0.405	0.405	0.405	0.405	0.359	0.062	0.050	0.050	0.050	0.050	0.050	0.050	0.063	0.086	0.086	0.086	0.086	0.131	0.171	0.171	0.171	0.146	0.145	0.145	0.145	0.145	0.145	0.145	
0.469	0.405	0.405	0.405	0.405	0.228	0.050	0.050	0.050	0.050	0.050	0.050	0.065	0.086	0.086	0.086	0.086	0.151	0.171	0.171	0.166	0.145	0.145	0.145	0.145	0.145	0.145	0.145	
0.677	0.436	0.405	0.405	0.405	0.393	0.096	0.050	0.050	0.050	0.050	0.050	0.068	0.086	0.086	0.086	0.088	0.168	0.171	0.171	0.160	0.145	0.145	0.145	0.145	0.145	0.145	0.145	
0.708	0.645	0.415	0.405	0.405	0.405	0.296	0.050	0.050	0.050	0.050	0.050	0.070	0.086	0.086	0.086	0.104	0.171	0.171	0.171	0.155	0.145	0.145	0.145	0.145	0.145	0.145	0.145	
0.708	0.708	0.600	0.405	0.405	0.405	0.405	0.153	0.050	0.050	0.050	0.050	0.073	0.086	0.086	0.086	0.124	0.171	0.171	0.171	0.149	0.145	0.145	0.145	0.145	0.145	0.145	0.172	
0.708	0.708	0.708	0.547	0.405	0.405	0.405	0.354	0.060	0.050	0.050	0.050	0.075	0.086	0.086	0.086	0.143	0.171	0.171	0.169	0.145	0.145	0.145	0.145	0.145	0.145	0.236	0.798	
0.708	0.708	0.708	0.706	0.496	0.405	0.405	0.405	0.221	0.050	0.050	0.050	0.078	0.086	0.086	0.500	0.754	0.171	0.171	0.164	0.145	0.145	0.145	0.145	0.145	0.336	0.891	0.967	
0.708	0.708	0.708	0.708	0.692	0.456	0.405	0.405	0.390	0.092	0.050	0.050	0.080	0.086	0.176	2.901	1.733	0.171	0.171	0.158	0.145	0.145	0.145	0.145	0.474	0.947	0.967	0.967	
1.042	0.718	0.708	0.708	0.708	0.667	0.427	0.405	0.405	0.854	1.861	1.950	1.493	0.766	2.203	3.670	2.535	0.171	0.171	0.153	0.145	0.145	0.162	0.630	0.967	0.967	0.967	0.967	
1.364	1.215	0.792	0.708	0.708	0.708	0.629	0.410	0.405	2.689	4.369	4.370	4.573	4.580	3.951	3.670	3.441	1.142	0.338	0.210	0.145	0.217	0.769	0.967	0.967	0.967	0.967	1.193	
1.364	1.364	1.325	0.936	0.708	0.708	0.708	2.812	4.215	4.547	4.526	4.505	4.580	4.580	4.942	4.820	4.647	4.733	4.661	4.153	2.223	0.871	0.967	0.967	0.967	1.152	1.644	1.914	
1.364	1.364	1.364	1.364	1.119	0.740	1.063	4.287	4.638	4.948	5.564	5.569	5.544	5.442	5.265	5.258	4.905	4.733	4.675	4.630	4.235	0.967	0.967	1.115	1.599	1.910	1.912	1.810	
1.784	1.462	1.364	1.364	1.364	2.112	4.716	4.805	5.115	5.617	5.578	5.697	5.722	5.700	5.303	5.791	6.067	5.469	5.425	4.833	4.913	3.169	1.554	1.902	1.915	1.900	1.779	1.732	
2.010	2.002	1.769	1.451	1.364	3.024	4.836	4.841	5.771	5.872	5.980	6.200	6.078	5.305	5.181	5.964	6.191	5.836	5.755	5.307	5.036	4.857	1.986	1.915	1.881	1.755	1.732	1.732	
2.010	2.010	2.010	1.998	3.009	5.264	5.183	5.941	6.197	6.264	6.749	6.295	6.195	5.493	5.181	5.546	5.724	5.690	5.884	5.838	5.200	5.191	4.453	2.129	1.740	1.732	1.732	1.732	
2.010	2.010	2.010	2.010	3.568	5.289	5.296	6.284	6.285	6.730	6.915	6.659	6.184	6.117	4.400	5.285	5.604	5.661	5.982	5.982	5.562	5.219	5.219	2.797	1.732	1.732	1.732	1.732	
0.000	0.000	0.000	0.000	0.000	0.000	0.000	0.000	0.000	0.000	0.000	0.000	3.285	4.699	3.680	2.110	0.000	0.000	0.000	0.000	0.000	0.000	0.000	0.000	0.000	0.000	0.000	0.000	
0.000	0.000	0.000	0.000	0.000	0.000	0.000	0.000	0.000	0.000	0.000	0.000	1.027	3.680	3.680	0.920	0.000	0.000	0.000	0.000	0.000	0.000	0.000	0.000	0.000	0.000	0.000	0.000	
0.000	0.000	0.000	0.000	0.000	0.000	0.000	0.000	0.000	0.000	0.000	0.000	0.982	3.900	3.852	0.955	0.000	0.000	0.000	0.000	0.000	0.000	0.000	0.000	0.000	0.000	0.000	0.000	
0.000	0.000	0.000	0.000	0.000	0.000	0.000	0.000	0.000	0.000	0.000	0.000	1.045	4.181	4.181	1.045	0.000	0.000	0.000	0.000	0.000	0.000	0.000	0.000	0.000	0.000	0.000	0.000	
0.000	0.000	0.000	0.000	0.000	0.000	0.000	0.000	0.000	0.000	0.000	0.000	1.045	4.181	4.181	1.045	0.000	0.000	0.000	0.000	0.000	0.000	0.000	0.000	0.000	0.000	0.000	0.000	
