0.097	0.097	0.062	0.039	0.039	0.039	0.039	0.039	0.039	0.039	0.039	0.039	0.039	0.039	0.039	0.039	0.039	0.039	0.039	0.039	0.039	0.039	0.039	0.039	0.039	0.039	0.039	0.039	
0.097	0.097	0.075	0.039	0.039	0.039	0.039	0.039	0.039	0.039	0.039	0.039	0.039	0.039	0.039	0.039	0.039	0.039	0.039	0.039	0.039	0.039	0.039	0.039	0.039	0.039	0.039	0.039	
0.097	0.097	0.088	0.039	0.039	0.039	0.039	0.039	0.039	0.039	0.039	0.039	0.039	0.039	0.039	0.039	0.039	0.039	0.039	0.039	0.039	0.039	0.039	0.039	0.039	0.039	0.039	0.039	
0.097	0.097	0.097	0.043	0.039	0.039	0.039	0.039	0.039	0.039	0.039	0.039	0.039	0.039	0.039	0.039	0.039	0.039	0.039	0.039	0.039	0.039	0.039	0.039	0.039	0.039	0.039	0.046	
0.097	0.097	0.097	0.056	0.039	0.039	0.039	0.039	0.039	0.039	0.039	0.039	0.039	0.039	0.039	0.039	0.039	0.039	0.039	0.039	0.039	0.039	0.039	0.039	0.039	0.039	0.039	0.080	
0.097	0.097	0.097	0.069	0.039	0.039	0.039	0.039	0.039	0.039	0.039	0.039	0.039	0.039	0.039	0.039	0.039	0.039	0.039	0.039	0.039	0.039	0.039	0.039	0.039	0.039	0.039	0.116	
0.097	0.097	0.097	0.082	0.039	0.039	0.039	0.039	0.039	0.039	0.039	0.039	0.039	0.039	0.039	0.039	0.039	0.039	0.039	0.039	0.039	0.039	0.039	0.039	0.039	0.039	0.041	0.151	
0.097	0.097	0.097	0.094	0.040	0.039	0.039	0.039	0.039	0.039	0.039	0.039	0.039	0.039	0.039	0.039	0.039	0.039	0.039	0.039	0.039	0.039	0.039	0.039	0.039	0.039	0.070	0.159	
0.097	0.097	0.097	0.097	0.050	0.039	0.039	0.039	0.039	0.039	0.039	0.039	0.039	0.039	0.039	0.039	0.039	0.039	0.039	0.039	0.039	0.039	0.039	0.039	0.039	0.039	0.107	0.159	
0.097	0.097	0.097	0.097	0.063	0.039	0.039	0.039	0.039	0.039	0.039	0.039	0.039	0.039	0.039	0.039	0.039	0.039	0.039	0.039	0.039	0.039	0.039	0.039	0.039	0.039	0.143	0.159	
0.097	0.097	0.097	0.097	0.076	0.039	0.039	0.039	0.039	0.039	0.039	0.039	0.039	0.039	0.039	0.039	0.039	0.039	0.039	0.039	0.039	0.039	0.039	0.039	0.039	0.060	0.159	0.159	
0.097	0.097	0.097	0.097	0.089	0.039	0.039	0.039	0.039	0.039	0.039	0.039	0.039	0.039	0.039	0.039	0.039	0.039	0.039	0.039	0.039	0.039	0.039	0.039	0.039	0.097	0.159	0.159	
0.097	0.097	0.097	0.097	0.097	0.044	0.039	0.039	0.039	0.039	0.039	0.039	0.039	0.039	0.039	0.039	0.039	0.039	0.039	0.039	0.039	0.039	0.039	0.039	0.039	0.134	0.159	0.159	
0.097	0.097	0.097	0.097	0.097	0.057	0.039	0.039	0.039	0.039	0.039	0.039	0.039	0.039	0.039	0.039	0.039	0.039	0.039	0.039	0.039	0.039	0.039	0.039	0.051	0.158	0.159	0.159	
0.097	0.097	0.097	0.097	0.097	0.069	0.039	0.039	0.039	0.039	0.039	0.039	0.039	0.039	0.039	0.039	0.039	0.039	0.039	0.039	0.039	0.039	0.039	0.039	0.087	0.159	0.159	0.159	
0.097	0.097	0.097	0.097	0.097	0.082	0.039	0.039	0.039	0.039	0.039	0.039	0.039	0.039	0.039	0.039	0.039	0.039	0.039	0.039	0.039	0.039	0.039	0.039	0.124	0.159	0.159	0.159	
0.097	0.097	0.097	0.097	0.097	0.094	0.040	0.039	0.039	0.039	0.039	0.039	0.039	0.039	0.039	0.039	0.039	0.039	0.039	0.039	0.039	0.039	0.039	0.045	0.155	0.159	0.159	0.159	
0.097	0.097	0.097	0.097	0.097	0.097	0.050	0.039	0.039	0.039	0.039	0.039	0.039	0.039	0.039	0.039	0.039	0.039	0.039	0.039	0.039	0.039	0.039	0.078	0.159	0.159	0.159	0.159	
0.097	0.097	0.097	0.097	0.097	0.097	0.063	0.039	0.039	0.039	0.039	0.039	0.039	0.039	0.039	0.039	0.039	0.039	0.039	0.039	0.039	0.039	0.039	0.114	0.159	0.159	0.159	0.159	
0.097	0.097	0.097	0.097	0.097	0.097	0.076	0.039	0.039	0.039	0.039	0.039	0.039	0.039	0.039	0.039	0.039	0.039	0.039	0.039	0.039	0.039	0.040	0.150	0.159	0.159	0.159	0.159	
0.097	0.097	0.097	0.097	0.097	0.097	0.089	0.039	0.039	0.039	0.039	0.039	0.039	0.039	0.039	0.039	0.039	0.039	0.039	0.039	0.039	0.039	0.068	0.159	0.159	0.159	0.159	0.159	
0.097	0.097	0.097	0.097	0.097	0.097	0.097	0.044	0.039	0.039	0.039	0.039	0.039	0.039	0.039	0.039	0.039	0.039	0.039	0.039	0.039	0.039	0.105	0.159	0.159	0.159	0.159	0.159	
0.097	0.097	0.097	0.097	0.097	0.097	0.097	0.057	0.039	0.039	0.039	0.039	0.039	0.039	0.039	0.039	0.039	0.039	0.039	0.039	0.039	0.039	0.142	0.159	0.159	0.159	0.159	0.181	
0.097	0.097	0.097	0.097	0.097	0.097	0.097	0.072	0.039	0.039	0.039	0.039	0.039	0.039	0.039	0.039	0.039	0.039	0.039	0.039	0.039	0.058	0.159	0.159	0.159	0.159	0.159	0.215	
0.097	0.097	0.097	0.097	0.097	0.097	0.097	0.164	0.039	0.039	0.039	0.039	0.039	0.039	0.039	0.039	0.039	0.039	0.039	0.039	0.039	0.095	0.159	0.159	0.159	0.159	0.164	0.244	
0.097	0.097	0.097	0.097	0.097	0.097	0.097	0.196	0.137	0.039	0.039	0.039	0.039	0.039	0.039	0.039	0.039	0.039	0.039	0.039	0.039	0.132	0.159	0.159	0.159	0.159	0.194	0.248	
0.097	0.097	0.097	0.097	0.097	0.097	0.097	0.107	0.354	0.039	0.039	0.039	0.039	0.039	0.039	0.039	0.039	0.039	0.039	0.039	0.050	0.158	0.159	0.159	0.159	0.159	0.228	0.248	
0.097	0.097	0.097	0.097	0.097	0.097	0.097	0.097	0.494	0.039	0.039	0.039	0.039	0.039	0.039	0.039	0.039	0.039	0.039	0.039	0.085	0.159	0.159	0.159	0.159	0.173	0.248	0.248	
0.097	0.097	0.097	0.097	0.097	0.097	0.097	0.097	0.572	0.090	0.039	0.039	0.039	0.039	0.039	0.039	0.039	0.039	0.039	0.039	0.122	0.159	0.159	0.159	0.159	0.207	0.248	0.248	
0.097	0.097	0.097	0.097	0.097	0.097	0.097	0.097	0.479	0.312	0.039	0.039	0.039	0.039	0.039	0.039	0.039	0.039	0.039	0.043	0.154	0.159	0.159	0.159	0.160	0.239	0.248	0.248	
0.097	0.097	0.097	0.097	0.097	0.097	0.097	0.097	0.373	0.547	0.039	0.039	0.039	0.039	0.039	0.039	0.039	0.039	0.039	0.076	0.159	0.159	0.159	0.159	0.185	0.248	0.248	0.248	
0.097	0.097	0.097	0.097	0.097	0.097	0.097	0.097	0.267	0.762	0.059	0.039	0.039	0.039	0.039	0.039	0.039	0.039	0.039	0.112	0.159	0.159	0.159	0.159	0.219	0.248	0.248	0.248	
0.109	0.097	0.097	0.097	0.097	0.097	0.097	0.097	0.161	0.803	0.253	0.039	0.039	0.039	0.039	0.039	0.039	0.039	0.040	0.148	0.159	0.159	0.159	0.166	0.246	0.248	0.248	0.248	
0.339	0.097	0.097	0.097	0.097	0.097	0.097	0.097	0.097	0.761	0.489	0.039	0.039	0.039	0.039	0.039	0.039	0.039	0.066	0.159	0.159	0.159	0.159	0.198	0.248	0.248	0.248	0.248	
0.538	0.206	0.097	0.097	0.097	0.097	0.097	0.097	0.097	0.656	0.721	0.042	0.039	0.039	0.039	0.039	0.039	0.039	0.103	0.159	0.159	0.159	0.159	0.232	0.248	0.248	0.248	0.248	
0.542	0.487	0.122	0.097	0.097	0.097	0.097	0.097	0.097	0.550	0.803	0.195	0.039	0.039	0.039	0.039	0.039	0.039	0.140	0.159	0.159	0.159	0.177	0.248	0.248	0.248	0.248	0.248	
0.542	0.542	0.375	0.097	0.097	0.097	0.097	0.097	0.097	0.444	0.803	0.430	0.039	0.039	0.039	0.039	0.039	0.056	0.159	0.159	0.159	0.159	0.211	0.248	0.248	0.248	0.248	0.248	
0.542	0.542	0.542	0.239	0.097	0.097	0.097	0.097	0.097	0.338	0.803	0.665	0.039	0.039	0.039	0.039	0.039	0.093	0.159	0.159	0.159	0.162	0.242	0.248	0.248	0.248	0.248	0.248	
0.542	0.542	0.542	0.506	0.138	0.097	0.097	0.097	0.097	0.232	0.803	0.802	0.137	0.039	0.039	0.039	0.039	0.130	0.159	0.159	0.159	0.190	0.248	0.248	0.248	0.248	0.248	0.248	
0.542	0.542	0.542	0.542	0.411	0.098	0.097	0.097	0.097	0.129	0.800	0.803	0.371	0.039	0.039	0.039	0.048	0.157	0.159	0.159	0.159	0.224	0.248	0.248	0.248	0.248	0.248	0.248	
0.542	0.542	0.542	0.542	0.542	0.275	0.097	0.097	0.097	0.097	0.726	0.803	0.606	0.039	0.039	0.039	0.083	0.159	0.159	0.159	0.169	0.247	0.248	0.248	0.248	0.248	0.248	0.248	
0.678	0.542	0.542	0.542	0.542	0.522	0.159	0.097	0.097	0.097	0.620	0.803	0.790	0.090	0.039	0.039	0.120	0.159	0.159	0.159	0.202	0.248	0.248	0.248	0.248	0.248	0.248	0.248	
1.150	0.809	0.543	0.542	0.542	0.542	0.442	0.103	0.097	0.097	0.514	0.803	0.803	0.312	0.135	1.134	0.299	0.159	0.159	0.561	0.611	0.248	0.248	0.248	0.248	0.248	0.248	0.248	
1.164	1.164	0.953	0.573	0.542	0.542	0.542	0.312	0.097	0.131	2.688	2.065	1.236	2.987	4.241	4.464	2.383	0.230	0.989	3.437	1.600	0.248	0.248	0.248	0.248	0.248	0.248	0.434	
1.164	1.164	1.164	1.067	0.648	0.542	0.542	0.769	3.261	3.669	4.815	4.815	4.717	4.694	4.506	4.465	4.822	4.761	3.844	3.772	2.391	0.248	0.248	0.248	0.248	0.256	0.708	1.230	
1.173	1.164	1.164	1.164	1.137	0.766	0.543	2.426	4.807	4.807	4.815	5.008	4.815	4.697	4.791	4.837	4.959	4.959	4.167	3.779	3.238	1.244	1.444	1.644	1.840	1.240	1.256	1.256	
1.638	1.380	1.176	1.164	1.164	1.164	3.595	4.899	4.853	5.211	5.672	5.806	5.665	5.095	5.049	5.053	5.413	5.527	5.014	4.834	4.261	2.803	2.803	2.803	2.166	1.256	1.256	1.256	
1.711	1.711	1.647	1.392	1.180	1.378	4.660	4.904	5.244	5.929	5.916	5.809	5.815	5.819	5.288	5.116	5.776	5.790	5.212	4.838	4.695	2.898	2.971	3.359	1.321	1.256	1.256	1.256	
1.711	1.711	1.711	1.711	1.655	4.651	5.237	5.259	5.938	5.975	5.692	5.284	5.631	5.800	5.256	5.915	7.011	6.571	6.731	5.959	6.003	5.447	5.078	4.731	1.256	1.256	1.256	1.256	
1.711	1.711	1.711	1.711	1.711	5.110	5.262	5.594	6.032	6.032	5.375	5.258	5.312	5.314	5.078	5.807	7.247	7.038	6.808	6.446	6.033	5.694	5.106	4.888	1.256	1.256	1.256	1.256	
0.000	0.000	0.000	0.000	0.000	0.000	0.000	0.000	0.000	0.000	0.000	0.000	2.087	2.759	3.886	2.677	0.000	0.000	0.000	0.000	0.000	0.000	0.000	0.000	0.000	0.000	0.000	0.000	
0.000	0.000	0.000	0.000	0.000	0.000	0.000	0.000	0.000	0.000	0.000	0.000	0.544	2.177	2.177	0.544	0.000	0.000	0.000	0.000	0.000	0.000	0.000	0.000	0.000	0.000	0.000	0.000	
0.000	0.000	0.000	0.000	0.000	0.000	0.000	0.000	0.000	0.000	0.000	0.000	0.544	2.177	2.177	0.544	0.000	0.000	0.000	0.000	0.000	0.000	0.000	0.000	0.000	0.000	0.000	0.000	
0.000	0.000	0.000	0.000	0.000	0.000	0.000	0.000	0.000	0.000	0.000	0.000	0.544	2.177	2.177	0.544	0.000	0.000	0.000	0.000	0.000	0.000	0.000	0.000	0.000	0.000	0.000	0.000	
0.000	0.000	0.000	0.000	0.000	0.000	0.000	0.000	0.000	0.000	0.000	0.000	0.544	2.177	2.177	0.544	0.000	0.000	0.000	0.000	0.000	0.000	0.000	0.000	0.000	0.000	0.000	0.000	
