0.055	0.055	0.055	0.055	0.055	0.055	0.055	0.055	0.034	0.033	0.033	0.033	0.033	0.033	0.033	0.033	0.033	0.033	0.033	0.033	0.033	0.033	0.033	0.033	0.033	0.033	0.033	0.033	
0.055	0.055	0.055	0.055	0.055	0.055	0.055	0.055	0.037	0.033	0.033	0.033	0.033	0.033	0.033	0.033	0.033	0.033	0.033	0.033	0.033	0.033	0.033	0.033	0.033	0.033	0.033	0.033	
0.055	0.055	0.055	0.055	0.055	0.055	0.055	0.055	0.040	0.033	0.033	0.033	0.033	0.033	0.033	0.033	0.033	0.033	0.033	0.033	0.033	0.033	0.033	0.033	0.033	0.033	0.033	0.033	
0.055	0.055	0.055	0.055	0.055	0.055	0.055	0.055	0.043	0.033	0.033	0.033	0.033	0.033	0.033	0.033	0.033	0.033	0.033	0.033	0.033	0.033	0.033	0.033	0.033	0.033	0.033	0.033	
0.055	0.055	0.055	0.055	0.055	0.055	0.055	0.055	0.046	0.033	0.033	0.033	0.033	0.033	0.033	0.033	0.033	0.033	0.033	0.033	0.033	0.033	0.033	0.033	0.033	0.033	0.033	0.033	
0.055	0.055	0.055	0.055	0.055	0.055	0.055	0.055	0.048	0.033	0.033	0.033	0.033	0.033	0.033	0.033	0.033	0.033	0.033	0.033	0.033	0.033	0.033	0.033	0.033	0.033	0.033	0.033	
0.055	0.055	0.055	0.055	0.055	0.055	0.055	0.055	0.051	0.033	0.033	0.033	0.033	0.033	0.033	0.033	0.033	0.033	0.033	0.033	0.033	0.033	0.033	0.033	0.033	0.033	0.033	0.033	
0.055	0.055	0.055	0.055	0.055	0.055	0.055	0.055	0.054	0.033	0.033	0.033	0.033	0.033	0.033	0.033	0.033	0.033	0.033	0.033	0.033	0.033	0.033	0.033	0.033	0.033	0.033	0.033	
0.055	0.055	0.055	0.055	0.055	0.055	0.055	0.055	0.055	0.035	0.033	0.033	0.033	0.033	0.033	0.033	0.033	0.033	0.033	0.033	0.033	0.033	0.033	0.033	0.033	0.033	0.033	0.033	
0.055	0.055	0.055	0.055	0.055	0.055	0.055	0.055	0.055	0.038	0.033	0.033	0.033	0.033	0.033	0.033	0.033	0.033	0.033	0.033	0.033	0.033	0.033	0.033	0.033	0.033	0.033	0.033	
0.055	0.055	0.055	0.055	0.055	0.055	0.055	0.055	0.055	0.041	0.033	0.033	0.033	0.033	0.033	0.033	0.033	0.033	0.033	0.033	0.033	0.033	0.033	0.033	0.033	0.033	0.033	0.033	
0.055	0.055	0.055	0.055	0.055	0.055	0.055	0.055	0.055	0.044	0.033	0.033	0.033	0.033	0.033	0.033	0.033	0.033	0.033	0.033	0.033	0.033	0.033	0.033	0.033	0.033	0.033	0.033	
0.055	0.055	0.055	0.055	0.055	0.055	0.055	0.055	0.055	0.047	0.033	0.033	0.033	0.033	0.033	0.033	0.033	0.033	0.033	0.033	0.033	0.033	0.033	0.033	0.033	0.033	0.033	0.033	
0.055	0.055	0.055	0.055	0.055	0.055	0.055	0.055	0.055	0.049	0.033	0.033	0.033	0.033	0.033	0.033	0.033	0.033	0.033	0.033	0.033	0.033	0.033	0.033	0.033	0.033	0.033	0.033	
0.055	0.055	0.055	0.055	0.055	0.055	0.055	0.055	0.055	0.052	0.033	0.033	0.033	0.033	0.033	0.033	0.033	0.033	0.033	0.033	0.033	0.033	0.033	0.033	0.033	0.033	0.033	0.033	
0.055	0.055	0.055	0.055	0.055	0.055	0.055	0.055	0.055	0.054	0.034	0.033	0.033	0.033	0.033	0.033	0.033	0.033	0.033	0.033	0.033	0.033	0.033	0.033	0.033	0.033	0.033	0.033	
0.055	0.055	0.055	0.055	0.055	0.055	0.055	0.055	0.055	0.055	0.036	0.033	0.033	0.033	0.033	0.033	0.033	0.033	0.033	0.033	0.033	0.033	0.033	0.033	0.033	0.033	0.033	0.033	
0.055	0.055	0.055	0.055	0.055	0.055	0.055	0.055	0.055	0.055	0.039	0.033	0.033	0.033	0.033	0.033	0.033	0.033	0.033	0.033	0.033	0.033	0.033	0.033	0.033	0.033	0.033	0.033	
0.055	0.055	0.055	0.055	0.055	0.055	0.055	0.055	0.055	0.055	0.042	0.033	0.033	0.033	0.033	0.033	0.033	0.033	0.033	0.033	0.033	0.033	0.033	0.033	0.033	0.033	0.033	0.033	
0.055	0.055	0.055	0.055	0.055	0.055	0.055	0.055	0.055	0.055	0.045	0.033	0.033	0.033	0.033	0.033	0.033	0.033	0.033	0.033	0.033	0.033	0.033	0.033	0.033	0.033	0.033	0.033	
0.055	0.055	0.055	0.055	0.055	0.055	0.055	0.055	0.055	0.055	0.048	0.033	0.033	0.033	0.033	0.033	0.033	0.033	0.033	0.033	0.033	0.033	0.033	0.033	0.033	0.033	0.033	0.033	
0.055	0.055	0.055	0.055	0.055	0.055	0.055	0.055	0.055	0.055	0.050	0.033	0.033	0.033	0.033	0.033	0.033	0.033	0.033	0.033	0.033	0.033	0.033	0.033	0.033	0.033	0.033	0.033	
0.055	0.055	0.055	0.055	0.055	0.055	0.055	0.055	0.055	0.055	0.053	0.033	0.033	0.033	0.033	0.033	0.033	0.033	0.033	0.033	0.033	0.033	0.033	0.033	0.033	0.033	0.033	0.033	
0.055	0.055	0.055	0.055	0.055	0.055	0.055	0.055	0.055	0.055	0.055	0.034	0.033	0.033	0.033	0.033	0.033	0.033	0.033	0.033	0.033	0.033	0.033	0.033	0.033	0.033	0.033	0.033	
0.055	0.055	0.055	0.055	0.055	0.055	0.055	0.055	0.055	0.055	0.055	0.037	0.033	0.033	0.033	0.033	0.033	0.033	0.033	0.033	0.033	0.033	0.033	0.033	0.033	0.033	0.033	0.033	
0.055	0.055	0.055	0.055	0.055	0.055	0.055	0.055	0.055	0.055	0.055	0.040	0.033	0.033	0.033	0.033	0.033	0.033	0.033	0.033	0.033	0.033	0.033	0.033	0.033	0.033	0.033	0.033	
0.055	0.055	0.055	0.055	0.055	0.055	0.055	0.055	0.055	0.055	0.055	0.043	0.033	0.033	0.033	0.033	0.033	0.033	0.033	0.033	0.033	0.033	0.033	0.033	0.033	0.033	0.033	0.033	
0.055	0.055	0.055	0.055	0.055	0.055	0.055	0.055	0.055	0.055	0.055	0.046	0.033	0.033	0.033	0.033	0.033	0.033	0.033	0.033	0.033	0.033	0.033	0.033	0.033	0.033	0.033	0.033	
0.055	0.055	0.055	0.055	0.055	0.055	0.055	0.055	0.055	0.055	0.055	0.049	0.033	0.033	0.033	0.033	0.033	0.033	0.033	0.033	0.033	0.033	0.033	0.033	0.033	0.033	0.033	0.033	
0.055	0.055	0.055	0.055	0.055	0.055	0.055	0.055	0.055	0.055	0.055	0.051	0.033	0.033	0.033	0.033	0.033	0.033	0.033	0.033	0.033	0.033	0.033	0.033	0.033	0.033	0.033	0.033	
0.055	0.055	0.055	0.055	0.055	0.055	0.055	0.055	0.055	0.055	0.055	0.054	0.033	0.033	0.033	0.033	0.033	0.033	0.033	0.033	0.033	0.033	0.033	0.033	0.033	0.033	0.033	0.033	
0.055	0.055	0.055	0.055	0.055	0.055	0.055	0.055	0.055	0.055	0.055	0.055	0.035	0.033	0.033	0.033	0.033	0.033	0.033	0.033	0.033	0.033	0.033	0.033	0.033	0.033	0.033	0.033	
0.055	0.055	0.055	0.055	0.055	0.055	0.055	0.055	0.055	0.055	0.055	0.055	0.038	0.033	0.033	0.033	0.033	0.033	0.033	0.033	0.033	0.033	0.033	0.033	0.033	0.033	0.033	0.033	
0.055	0.055	0.055	0.055	0.055	0.055	0.055	0.055	0.055	0.055	0.055	0.055	0.041	0.033	0.033	0.033	0.033	0.033	0.033	0.033	0.033	0.033	0.033	0.033	0.033	0.033	0.033	0.033	
0.064	0.055	0.055	0.055	0.055	0.055	0.055	0.055	0.055	0.055	0.055	0.055	0.144	0.033	0.033	0.033	0.033	0.033	0.033	0.033	0.033	0.033	0.033	0.033	0.033	0.033	0.033	0.033	
0.197	0.055	0.055	0.055	0.055	0.055	0.055	0.055	0.055	0.055	0.055	0.055	0.372	0.033	0.033	0.033	0.033	0.033	0.033	0.033	0.033	0.033	0.033	0.033	0.033	0.033	0.033	0.033	
0.277	0.145	0.055	0.055	0.055	0.055	0.055	0.055	0.055	0.055	0.055	0.055	0.572	0.062	0.033	0.033	0.033	0.033	0.033	0.033	0.033	0.033	0.033	0.033	0.033	0.033	0.033	0.033	
0.277	0.270	0.100	0.055	0.055	0.055	0.055	0.055	0.055	0.055	0.055	0.055	0.583	0.280	0.033	0.033	0.033	0.033	0.033	0.033	0.033	0.033	0.033	0.033	0.033	0.033	0.033	0.033	
0.277	0.277	0.249	0.071	0.055	0.055	0.055	0.055	0.055	0.055	0.055	0.055	0.561	0.531	0.033	0.033	0.033	0.033	0.033	0.033	0.033	0.033	0.033	0.033	0.033	0.033	0.033	0.033	
0.277	0.277	0.277	0.212	0.056	0.055	0.055	0.055	0.055	0.055	0.055	0.055	0.538	0.783	0.033	0.033	0.033	0.033	0.033	0.033	0.033	0.033	0.033	0.033	0.033	0.033	0.033	0.033	
0.277	0.277	0.277	0.277	0.163	0.055	0.055	0.055	0.055	0.055	0.055	0.055	0.516	1.034	0.033	0.033	0.033	0.033	0.033	0.033	0.033	0.033	0.033	0.033	0.033	0.033	0.041	0.243	
0.277	0.277	0.277	0.277	0.274	0.114	0.055	0.055	0.055	0.055	0.055	0.055	0.493	1.154	0.164	0.033	0.033	0.033	0.033	0.033	0.033	0.033	0.033	0.033	0.033	0.073	0.318	0.399	
0.277	0.277	0.277	0.277	0.277	0.258	0.079	0.055	0.055	0.055	0.055	0.055	0.471	1.154	0.415	0.033	0.033	0.033	0.033	0.033	0.033	0.033	0.033	0.033	0.130	0.369	0.399	0.399	
0.277	0.277	0.277	0.277	0.277	0.277	0.226	0.059	0.055	0.055	0.055	0.055	0.449	1.154	0.667	0.033	0.033	0.033	0.033	0.033	0.033	0.033	0.035	0.209	0.395	0.399	0.399	0.399	
0.277	0.277	0.277	0.277	0.277	0.277	0.277	0.180	0.055	0.055	0.055	0.055	0.426	1.154	0.918	0.033	0.033	0.033	0.033	0.033	0.033	0.058	0.291	0.399	0.399	0.399	0.399	0.399	
0.277	0.277	0.277	0.277	0.277	0.277	0.277	0.276	0.129	0.055	0.055	0.055	0.404	1.154	1.130	0.072	0.033	0.033	0.033	0.033	0.105	0.351	0.399	0.399	0.399	0.399	0.399	0.399	
0.277	0.277	0.277	0.277	0.277	0.277	0.277	0.277	0.265	0.089	0.055	0.055	0.381	1.154	1.154	0.299	0.033	0.033	0.033	0.176	0.388	0.399	0.399	0.399	0.399	0.399	0.399	0.399	
0.277	0.277	0.277	0.277	0.277	0.277	0.277	0.277	0.277	0.239	0.064	0.055	0.359	1.154	1.154	1.432	0.121	0.046	0.259	0.399	0.399	0.399	0.399	0.399	0.399	0.399	0.399	0.399	
0.277	0.277	0.277	0.277	0.277	0.277	0.277	0.277	0.277	0.277	0.197	0.055	0.352	1.158	2.281	4.471	3.882	0.635	0.399	0.399	0.399	0.399	0.399	0.399	0.399	0.399	0.399	0.399	
0.277	0.277	0.277	0.277	0.277	0.277	0.277	0.277	0.277	0.277	0.277	0.517	2.389	2.868	3.727	4.495	4.495	0.911	0.399	0.399	0.399	0.399	0.399	0.399	0.399	0.399	0.399	0.399	
0.000	0.000	0.000	0.000	0.000	0.000	0.000	0.000	0.000	0.000	0.000	0.000	1.547	2.912	2.944	2.146	0.000	0.000	0.000	0.000	0.000	0.000	0.000	0.000	0.000	0.000	0.000	0.000	
0.000	0.000	0.000	0.000	0.000	0.000	0.000	0.000	0.000	0.000	0.000	0.000	0.728	2.912	2.912	0.728	0.000	0.000	0.000	0.000	0.000	0.000	0.000	0.000	0.000	0.000	0.000	0.000	
0.000	0.000	0.000	0.000	0.000	0.000	0.000	0.000	0.000	0.000	0.000	0.000	0.843	3.427	3.516	0.893	0.000	0.000	0.000	0.000	0.000	0.000	0.000	0.000	0.000	0.000	0.000	0.000	
0.000	0.000	0.000	0.000	0.000	0.000	0.000	0.000	0.000	0.000	0.000	0.000	0.966	3.866	3.866	0.966	0.000	0.000	0.000	0.000	0.000	0.000	0.000	0.000	0.000	0.000	0.000	0.000	
0.000	0.000	0.000	0.000	0.000	0.000	0.000	0.000	0.000	0.000	0.000	0.000	0.966	3.866	3.866	0.966	0.000	0.000	0.000	0.000	0.000	0.000	0.000	0.000	0.000	0.000	0.000	0.000	
