0.169	0.204	0.204	0.078	0.044	0.044	0.044	0.044	0.044	0.044	0.044	0.044	0.044	0.044	0.044	0.044	0.044	0.044	0.044	0.044	0.044	0.044	0.044	0.044	0.044	0.044	0.056	0.136	
0.151	0.204	0.204	0.115	0.044	0.044	0.044	0.044	0.044	0.044	0.044	0.044	0.044	0.044	0.044	0.044	0.044	0.044	0.044	0.044	0.044	0.044	0.044	0.044	0.044	0.044	0.080	0.136	
0.134	0.204	0.204	0.152	0.044	0.044	0.044	0.044	0.044	0.044	0.044	0.044	0.044	0.044	0.044	0.044	0.044	0.044	0.044	0.044	0.044	0.044	0.044	0.044	0.044	0.044	0.104	0.136	
0.127	0.193	0.204	0.189	0.044	0.044	0.044	0.044	0.044	0.044	0.044	0.044	0.044	0.044	0.044	0.044	0.044	0.044	0.044	0.044	0.044	0.044	0.044	0.044	0.044	0.044	0.127	0.136	
0.127	0.176	0.204	0.204	0.065	0.044	0.044	0.044	0.044	0.044	0.044	0.044	0.044	0.044	0.044	0.044	0.044	0.044	0.044	0.044	0.044	0.044	0.044	0.044	0.044	0.059	0.136	0.136	
0.127	0.158	0.204	0.204	0.102	0.044	0.044	0.044	0.044	0.044	0.044	0.044	0.044	0.044	0.044	0.044	0.044	0.044	0.044	0.044	0.044	0.044	0.044	0.044	0.044	0.083	0.136	0.136	
0.127	0.140	0.204	0.204	0.139	0.044	0.044	0.044	0.044	0.044	0.044	0.044	0.044	0.044	0.044	0.044	0.044	0.044	0.044	0.044	0.044	0.044	0.044	0.044	0.044	0.107	0.136	0.136	
0.127	0.127	0.200	0.204	0.177	0.044	0.044	0.044	0.044	0.044	0.044	0.044	0.044	0.044	0.044	0.044	0.044	0.044	0.044	0.044	0.044	0.044	0.044	0.044	0.045	0.130	0.136	0.136	
0.127	0.127	0.183	0.204	0.203	0.054	0.044	0.044	0.044	0.044	0.044	0.044	0.044	0.044	0.044	0.044	0.044	0.044	0.044	0.044	0.044	0.044	0.044	0.044	0.063	0.136	0.136	0.136	
0.127	0.127	0.165	0.204	0.204	0.090	0.044	0.044	0.044	0.044	0.044	0.044	0.044	0.044	0.044	0.044	0.044	0.044	0.044	0.044	0.044	0.044	0.044	0.044	0.087	0.136	0.136	0.136	
0.127	0.127	0.147	0.204	0.204	0.127	0.044	0.044	0.044	0.044	0.044	0.044	0.044	0.044	0.044	0.044	0.044	0.044	0.044	0.044	0.044	0.044	0.044	0.044	0.111	0.136	0.136	0.136	
0.127	0.127	0.131	0.203	0.204	0.164	0.044	0.044	0.044	0.044	0.044	0.044	0.044	0.044	0.044	0.044	0.044	0.044	0.044	0.044	0.044	0.044	0.044	0.046	0.132	0.136	0.136	0.136	
0.127	0.127	0.127	0.189	0.204	0.198	0.047	0.044	0.044	0.044	0.044	0.044	0.044	0.044	0.044	0.044	0.044	0.044	0.044	0.044	0.044	0.044	0.044	0.066	0.136	0.136	0.136	0.136	
0.127	0.127	0.127	0.172	0.204	0.204	0.078	0.044	0.044	0.044	0.044	0.044	0.044	0.044	0.044	0.044	0.044	0.044	0.044	0.044	0.044	0.044	0.044	0.090	0.136	0.136	0.136	0.136	
0.127	0.127	0.127	0.154	0.204	0.204	0.115	0.044	0.044	0.044	0.044	0.044	0.044	0.044	0.044	0.044	0.044	0.044	0.044	0.044	0.044	0.044	0.044	0.114	0.136	0.136	0.136	0.136	
0.127	0.127	0.127	0.136	0.204	0.204	0.152	0.044	0.044	0.044	0.044	0.044	0.044	0.044	0.044	0.044	0.044	0.044	0.044	0.044	0.044	0.044	0.048	0.134	0.136	0.136	0.136	0.136	
0.127	0.127	0.127	0.127	0.196	0.204	0.189	0.044	0.044	0.044	0.044	0.044	0.044	0.044	0.044	0.044	0.044	0.044	0.044	0.044	0.044	0.044	0.070	0.136	0.136	0.136	0.136	0.136	
0.127	0.127	0.127	0.127	0.179	0.204	0.204	0.065	0.044	0.044	0.044	0.044	0.044	0.044	0.044	0.044	0.044	0.044	0.044	0.044	0.044	0.044	0.094	0.136	0.136	0.136	0.136	0.136	
0.127	0.127	0.127	0.127	0.161	0.204	0.204	0.102	0.044	0.044	0.044	0.044	0.044	0.044	0.044	0.044	0.044	0.044	0.044	0.044	0.044	0.044	0.118	0.136	0.136	0.136	0.136	0.142	
0.127	0.127	0.127	0.127	0.143	0.204	0.204	0.139	0.044	0.044	0.044	0.044	0.044	0.044	0.044	0.044	0.044	0.044	0.044	0.044	0.044	0.050	0.135	0.136	0.136	0.136	0.136	0.169	
0.127	0.127	0.127	0.127	0.128	0.201	0.204	0.177	0.044	0.044	0.044	0.044	0.044	0.044	0.044	0.044	0.044	0.044	0.044	0.044	0.044	0.074	0.136	0.136	0.136	0.136	0.136	0.198	
0.127	0.127	0.127	0.127	0.127	0.185	0.204	0.203	0.054	0.044	0.044	0.044	0.044	0.044	0.044	0.044	0.044	0.044	0.044	0.044	0.044	0.098	0.136	0.136	0.136	0.136	0.142	0.221	
0.127	0.127	0.127	0.127	0.127	0.168	0.204	0.204	0.090	0.044	0.044	0.044	0.044	0.044	0.044	0.044	0.044	0.044	0.044	0.044	0.044	0.121	0.136	0.136	0.136	0.136	0.169	0.223	
0.127	0.127	0.127	0.127	0.127	0.150	0.204	0.204	0.127	0.044	0.044	0.044	0.044	0.044	0.044	0.044	0.044	0.044	0.044	0.044	0.053	0.136	0.136	0.136	0.136	0.136	0.198	0.223	
0.127	0.127	0.127	0.127	0.127	0.133	0.204	0.204	0.164	0.044	0.044	0.044	0.044	0.044	0.044	0.044	0.044	0.044	0.044	0.044	0.077	0.136	0.136	0.136	0.136	0.142	0.221	0.223	
0.127	0.127	0.127	0.127	0.127	0.127	0.192	0.204	0.198	0.047	0.044	0.044	0.044	0.044	0.044	0.044	0.044	0.044	0.044	0.044	0.101	0.136	0.136	0.136	0.136	0.169	0.223	0.223	
0.127	0.127	0.127	0.127	0.127	0.127	0.174	0.204	0.204	0.078	0.044	0.044	0.044	0.044	0.044	0.044	0.044	0.044	0.044	0.044	0.125	0.136	0.136	0.136	0.136	0.198	0.223	0.223	
0.127	0.127	0.127	0.127	0.127	0.127	0.157	0.204	0.204	0.115	0.044	0.044	0.044	0.044	0.044	0.044	0.044	0.044	0.044	0.057	0.136	0.136	0.136	0.136	0.142	0.221	0.223	0.223	
0.127	0.127	0.127	0.127	0.127	0.127	0.139	0.204	0.204	0.152	0.044	0.044	0.044	0.044	0.044	0.044	0.044	0.044	0.044	0.081	0.136	0.136	0.136	0.136	0.169	0.223	0.223	0.223	
0.127	0.127	0.127	0.127	0.127	0.127	0.127	0.199	0.204	0.189	0.044	0.044	0.044	0.044	0.044	0.044	0.044	0.044	0.044	0.105	0.136	0.136	0.136	0.136	0.198	0.223	0.223	0.223	
0.127	0.127	0.127	0.127	0.127	0.127	0.127	0.181	0.204	0.204	0.065	0.044	0.044	0.044	0.044	0.044	0.044	0.044	0.044	0.128	0.136	0.136	0.136	0.142	0.221	0.223	0.223	0.223	
0.127	0.127	0.127	0.127	0.127	0.127	0.127	0.164	0.204	0.204	0.102	0.044	0.044	0.044	0.044	0.044	0.044	0.044	0.060	0.136	0.136	0.136	0.136	0.169	0.223	0.223	0.223	0.223	
0.127	0.127	0.127	0.127	0.127	0.127	0.127	0.146	0.204	0.204	0.139	0.044	0.044	0.044	0.044	0.044	0.044	0.044	0.084	0.136	0.136	0.136	0.136	0.198	0.223	0.223	0.223	0.223	
0.147	0.127	0.127	0.127	0.127	0.127	0.127	0.130	0.203	0.204	0.177	0.044	0.044	0.044	0.044	0.044	0.044	0.044	0.108	0.136	0.136	0.136	0.142	0.221	0.223	0.223	0.223	0.223	
0.413	0.127	0.127	0.127	0.127	0.127	0.127	0.127	0.188	0.204	0.203	0.054	0.044	0.044	0.044	0.044	0.044	0.045	0.131	0.136	0.136	0.136	0.169	0.223	0.223	0.223	0.223	0.223	
0.593	0.287	0.127	0.127	0.127	0.127	0.127	0.127	0.170	0.204	0.204	0.090	0.044	0.044	0.044	0.044	0.044	0.064	0.136	0.136	0.136	0.136	0.198	0.223	0.223	0.223	0.223	0.223	
0.593	0.566	0.188	0.127	0.127	0.127	0.127	0.127	0.153	0.204	0.204	0.127	0.044	0.044	0.044	0.044	0.044	0.088	0.136	0.136	0.136	0.142	0.221	0.223	0.223	0.223	0.223	0.223	
0.593	0.593	0.492	0.136	0.127	0.127	0.127	0.127	0.135	0.204	0.204	0.164	0.044	0.044	0.044	0.044	0.044	0.112	0.136	0.136	0.136	0.169	0.223	0.223	0.223	0.223	0.223	0.223	
0.593	0.593	0.593	0.374	0.127	0.127	0.127	0.127	0.127	0.195	0.204	0.198	0.047	0.044	0.044	0.044	0.047	0.133	0.136	0.136	0.136	0.198	0.223	0.223	0.223	0.223	0.223	0.223	
0.593	0.593	0.593	0.589	0.251	0.127	0.127	0.127	0.127	0.177	0.204	0.204	0.078	0.044	0.044	0.044	0.068	0.136	0.136	0.136	0.142	0.221	0.223	0.223	0.223	0.223	0.223	0.223	
0.593	0.593	0.593	0.593	0.548	0.167	0.127	0.127	0.127	0.159	0.204	0.204	0.115	0.044	0.044	0.044	0.092	0.136	0.136	0.136	0.169	0.223	0.223	0.223	0.223	0.223	0.223	0.223	
0.616	0.593	0.593	0.593	0.593	0.459	0.129	0.127	0.127	0.142	0.204	0.204	0.152	0.044	0.044	0.056	0.188	0.136	0.136	0.136	0.198	0.223	0.223	0.223	0.223	0.223	0.223	0.223	
1.130	0.697	0.593	0.593	0.593	0.593	0.335	0.127	0.127	0.128	0.201	0.204	0.189	0.044	0.594	3.134	1.703	0.136	0.136	0.142	0.221	0.223	0.223	0.223	0.223	0.223	0.223	0.231	
1.245	1.216	0.835	0.593	0.593	0.593	0.582	0.220	0.127	0.531	3.082	1.973	2.366	3.300	4.071	4.251	3.375	0.241	0.411	1.853	0.224	0.223	0.223	0.223	0.223	0.351	0.873	1.140	
1.245	1.245	1.245	1.001	0.621	0.593	0.593	1.461	3.363	4.110	4.797	4.796	4.379	4.370	4.321	4.283	4.924	4.783	4.086	4.332	1.499	0.223	0.313	0.813	1.364	1.786	1.559	1.296	
1.245	1.245	1.245	1.245	1.140	0.707	0.617	3.294	4.801	4.801	4.841	5.094	4.540	4.405	4.886	4.990	5.187	5.188	4.458	4.332	3.589	1.303	1.763	1.814	1.814	1.643	1.299	1.296	
1.667	1.391	1.246	1.245	1.245	1.223	4.196	4.905	4.925	5.455	5.736	5.670	5.586	5.400	4.996	4.975	5.196	5.261	4.928	4.868	4.700	1.834	1.814	1.814	1.711	1.317	1.296	1.296	
1.823	1.823	1.693	1.418	1.248	1.793	4.932	4.917	5.488	6.033	5.944	5.673	5.661	5.657	5.297	5.062	5.319	5.296	5.206	5.002	5.034	2.873	2.399	3.081	1.491	1.296	1.296	1.296	
1.823	1.823	1.823	1.823	1.925	4.977	5.230	5.391	6.100	6.077	5.983	5.947	5.509	5.327	5.017	5.477	6.879	6.247	6.678	5.983	5.814	5.633	4.716	4.716	1.601	1.296	1.296	1.296	
1.823	1.823	1.823	1.823	2.193	5.272	5.272	5.785	6.154	6.130	5.960	5.958	4.784	4.614	4.959	5.710	7.086	6.966	6.786	6.483	5.902	5.686	4.716	4.716	1.672	1.296	1.296	1.296	
0.000	0.000	0.000	0.000	0.000	0.000	0.000	0.000	0.000	0.000	0.000	0.000	2.437	4.587	4.768	2.838	0.000	0.000	0.000	0.000	0.000	0.000	0.000	0.000	0.000	0.000	0.000	0.000	
0.000	0.000	0.000	0.000	0.000	0.000	0.000	0.000	0.000	0.000	0.000	0.000	1.054	3.906	3.423	0.837	0.000	0.000	0.000	0.000	0.000	0.000	0.000	0.000	0.000	0.000	0.000	0.000	
0.000	0.000	0.000	0.000	0.000	0.000	0.000	0.000	0.000	0.000	0.000	0.000	0.710	2.839	2.839	0.710	0.000	0.000	0.000	0.000	0.000	0.000	0.000	0.000	0.000	0.000	0.000	0.000	
0.000	0.000	0.000	0.000	0.000	0.000	0.000	0.000	0.000	0.000	0.000	0.000	0.710	2.839	2.839	0.710	0.000	0.000	0.000	0.000	0.000	0.000	0.000	0.000	0.000	0.000	0.000	0.000	
0.000	0.000	0.000	0.000	0.000	0.000	0.000	0.000	0.000	0.000	0.000	0.000	0.710	2.839	2.839	0.710	0.000	0.000	0.000	0.000	0.000	0.000	0.000	0.000	0.000	0.000	0.000	0.000	
