0.038	0.038	0.038	0.038	0.038	0.038	0.038	0.038	0.038	0.038	0.038	0.038	0.038	0.038	0.038	0.038	0.038	0.038	0.038	0.038	0.038	0.038	0.038	0.038	0.038	0.038	0.038	0.038	
0.038	0.038	0.038	0.038	0.038	0.038	0.038	0.038	0.038	0.038	0.038	0.038	0.038	0.038	0.038	0.038	0.038	0.038	0.038	0.038	0.038	0.038	0.038	0.038	0.038	0.038	0.038	0.038	
0.038	0.038	0.038	0.038	0.038	0.038	0.038	0.038	0.038	0.038	0.038	0.038	0.038	0.038	0.038	0.038	0.038	0.038	0.038	0.038	0.038	0.038	0.038	0.038	0.038	0.038	0.038	0.043	
0.038	0.038	0.038	0.038	0.038	0.038	0.038	0.038	0.038	0.038	0.038	0.038	0.038	0.038	0.038	0.038	0.038	0.038	0.038	0.038	0.038	0.038	0.038	0.038	0.038	0.038	0.038	0.103	
0.038	0.038	0.038	0.038	0.038	0.038	0.038	0.038	0.038	0.038	0.038	0.038	0.038	0.038	0.038	0.038	0.038	0.038	0.038	0.038	0.038	0.038	0.038	0.038	0.038	0.038	0.038	0.180	
0.038	0.038	0.038	0.038	0.038	0.038	0.038	0.038	0.038	0.038	0.038	0.038	0.038	0.038	0.038	0.038	0.038	0.038	0.038	0.038	0.038	0.038	0.038	0.038	0.038	0.038	0.076	0.220	
0.038	0.038	0.038	0.038	0.038	0.038	0.038	0.038	0.038	0.038	0.038	0.038	0.038	0.038	0.038	0.038	0.038	0.038	0.038	0.038	0.038	0.038	0.038	0.038	0.038	0.038	0.153	0.220	
0.038	0.038	0.038	0.038	0.038	0.038	0.038	0.038	0.038	0.038	0.038	0.038	0.038	0.038	0.038	0.038	0.038	0.038	0.038	0.038	0.038	0.038	0.038	0.038	0.038	0.054	0.215	0.220	
0.038	0.038	0.038	0.038	0.038	0.038	0.038	0.038	0.038	0.038	0.038	0.038	0.038	0.038	0.038	0.038	0.038	0.038	0.038	0.038	0.038	0.038	0.038	0.038	0.038	0.126	0.220	0.220	
0.038	0.038	0.038	0.038	0.038	0.038	0.038	0.038	0.038	0.038	0.038	0.038	0.038	0.038	0.038	0.038	0.038	0.038	0.038	0.038	0.038	0.038	0.038	0.038	0.042	0.200	0.220	0.220	
0.038	0.038	0.038	0.038	0.038	0.038	0.038	0.038	0.038	0.038	0.038	0.038	0.038	0.038	0.038	0.038	0.038	0.038	0.038	0.038	0.038	0.038	0.038	0.038	0.099	0.220	0.220	0.220	
0.038	0.038	0.038	0.038	0.038	0.038	0.038	0.038	0.038	0.038	0.038	0.038	0.038	0.038	0.038	0.038	0.038	0.038	0.038	0.038	0.038	0.038	0.038	0.038	0.177	0.220	0.220	0.220	
0.038	0.038	0.038	0.038	0.038	0.038	0.038	0.038	0.038	0.038	0.038	0.038	0.038	0.038	0.038	0.038	0.038	0.038	0.038	0.038	0.038	0.038	0.038	0.073	0.220	0.220	0.220	0.221	
0.047	0.038	0.038	0.038	0.038	0.038	0.038	0.038	0.038	0.038	0.038	0.038	0.038	0.038	0.038	0.038	0.038	0.038	0.038	0.038	0.038	0.038	0.038	0.150	0.220	0.220	0.220	0.233	
0.128	0.038	0.038	0.038	0.038	0.038	0.038	0.038	0.038	0.038	0.038	0.038	0.038	0.038	0.038	0.038	0.038	0.038	0.038	0.038	0.038	0.038	0.052	0.213	0.220	0.220	0.220	0.248	
0.218	0.045	0.038	0.038	0.038	0.038	0.038	0.038	0.038	0.038	0.038	0.038	0.038	0.038	0.038	0.038	0.038	0.038	0.038	0.038	0.038	0.038	0.123	0.220	0.220	0.220	0.232	0.252	
0.238	0.121	0.038	0.038	0.038	0.038	0.038	0.038	0.038	0.038	0.038	0.038	0.038	0.038	0.038	0.038	0.038	0.038	0.038	0.038	0.038	0.041	0.198	0.220	0.220	0.220	0.246	0.252	
0.238	0.213	0.042	0.038	0.038	0.038	0.038	0.038	0.038	0.038	0.038	0.038	0.038	0.038	0.038	0.038	0.038	0.038	0.038	0.038	0.038	0.096	0.220	0.220	0.220	0.230	0.252	0.252	
0.238	0.238	0.114	0.038	0.038	0.038	0.038	0.038	0.038	0.038	0.038	0.038	0.038	0.038	0.038	0.038	0.038	0.038	0.038	0.038	0.038	0.173	0.220	0.220	0.220	0.245	0.252	0.252	
0.238	0.238	0.208	0.041	0.038	0.038	0.038	0.038	0.038	0.038	0.038	0.038	0.038	0.038	0.038	0.038	0.038	0.038	0.038	0.038	0.069	0.219	0.220	0.220	0.228	0.252	0.252	0.252	
0.238	0.238	0.238	0.107	0.038	0.038	0.038	0.038	0.038	0.038	0.038	0.038	0.038	0.038	0.038	0.038	0.038	0.038	0.038	0.038	0.146	0.220	0.220	0.220	0.243	0.252	0.252	0.252	
0.238	0.238	0.238	0.203	0.039	0.038	0.038	0.038	0.038	0.038	0.038	0.038	0.038	0.038	0.038	0.038	0.038	0.038	0.038	0.050	0.212	0.220	0.220	0.226	0.252	0.252	0.252	0.252	
0.238	0.238	0.238	0.238	0.101	0.038	0.038	0.038	0.038	0.038	0.038	0.038	0.038	0.038	0.038	0.038	0.038	0.038	0.038	0.119	0.220	0.220	0.220	0.241	0.252	0.252	0.252	0.252	
0.238	0.238	0.238	0.238	0.197	0.039	0.038	0.038	0.038	0.038	0.038	0.038	0.038	0.038	0.038	0.038	0.038	0.038	0.040	0.195	0.220	0.220	0.224	0.251	0.252	0.252	0.252	0.252	
0.238	0.238	0.238	0.238	0.238	0.094	0.038	0.038	0.038	0.038	0.038	0.038	0.038	0.038	0.038	0.038	0.038	0.038	0.093	0.220	0.220	0.220	0.239	0.252	0.252	0.252	0.252	0.252	
0.238	0.238	0.238	0.238	0.238	0.190	0.038	0.038	0.038	0.038	0.038	0.038	0.038	0.038	0.038	0.038	0.038	0.038	0.170	0.220	0.220	0.223	0.251	0.252	0.252	0.252	0.252	0.266	
0.238	0.238	0.238	0.238	0.238	0.238	0.087	0.038	0.038	0.038	0.038	0.038	0.038	0.038	0.038	0.038	0.038	0.066	0.219	0.220	0.220	0.237	0.252	0.252	0.252	0.252	0.256	0.287	
0.238	0.238	0.238	0.238	0.238	0.238	0.183	0.038	0.038	0.038	0.038	0.038	0.038	0.038	0.038	0.038	0.038	0.143	0.220	0.220	0.222	0.250	0.252	0.252	0.252	0.252	0.278	0.289	
0.267	0.238	0.238	0.238	0.238	0.238	0.238	0.080	0.038	0.038	0.038	0.038	0.038	0.038	0.038	0.038	0.048	0.210	0.220	0.220	0.235	0.252	0.252	0.252	0.252	0.265	0.289	0.289	
0.386	0.253	0.238	0.238	0.238	0.238	0.238	0.176	0.038	0.038	0.038	0.038	0.038	0.038	0.038	0.038	0.116	0.220	0.220	0.221	0.249	0.252	0.252	0.252	0.255	0.286	0.289	0.289	
0.407	0.370	0.243	0.238	0.238	0.238	0.238	0.237	0.074	0.038	0.038	0.038	0.038	0.038	0.038	0.039	0.192	0.220	0.220	0.233	0.252	0.252	0.252	0.252	0.276	0.289	0.289	0.289	
0.407	0.407	0.349	0.238	0.238	0.238	0.238	0.238	0.169	0.038	0.038	0.038	0.038	0.038	0.038	0.089	0.220	0.220	0.220	0.248	0.252	0.252	0.252	0.263	0.289	0.289	0.289	0.289	
0.407	0.407	0.407	0.323	0.238	0.238	0.238	0.238	0.236	0.068	0.038	0.038	0.038	0.038	0.038	0.166	0.220	0.220	0.232	0.252	0.252	0.252	0.254	0.286	0.289	0.289	0.289	0.289	
0.407	0.407	0.407	0.407	0.298	0.238	0.238	0.238	0.238	0.162	0.038	0.038	0.038	0.038	0.064	0.218	0.220	0.220	0.246	0.252	0.252	0.252	0.275	0.289	0.289	0.289	0.289	0.289	
0.407	0.407	0.407	0.407	0.402	0.276	0.238	0.238	0.238	0.234	0.063	0.038	0.038	0.038	0.140	0.220	0.220	0.230	0.252	0.252	0.252	0.262	0.289	0.289	0.289	0.289	0.289	0.289	
0.407	0.407	0.407	0.407	0.407	0.393	0.259	0.238	0.238	0.238	0.156	0.038	0.038	0.047	0.209	0.220	0.220	0.245	0.252	0.252	0.254	0.285	0.289	0.289	0.289	0.289	0.289	0.289	
0.407	0.407	0.407	0.407	0.407	0.407	0.379	0.247	0.238	0.238	0.232	0.363	0.262	0.149	0.220	0.220	0.228	0.252	0.252	0.252	0.274	0.289	0.289	0.289	0.289	0.289	0.289	0.289	
0.407	0.407	0.407	0.407	0.407	0.407	0.407	0.360	0.240	0.238	0.551	3.345	3.453	2.403	0.220	0.220	0.243	0.252	0.252	0.261	0.289	0.289	0.289	0.289	0.289	0.289	0.289	0.289	
0.407	0.407	0.407	0.407	0.407	0.407	0.407	0.407	1.205	1.975	2.611	3.453	3.453	3.494	3.421	3.052	0.713	0.252	0.253	0.284	0.289	0.289	0.289	0.289	0.289	0.289	0.289	0.289	
0.407	0.407	0.407	0.407	0.407	0.407	0.407	0.407	2.681	3.399	3.404	3.732	3.709	3.620	3.596	3.596	3.324	2.831	1.780	0.289	0.289	0.289	0.289	0.289	0.289	0.289	0.289	0.289	
0.638	0.629	0.619	0.609	0.599	0.590	0.580	0.684	3.348	3.399	3.536	4.015	4.015	3.892	3.725	3.676	3.580	3.580	3.327	0.343	0.289	0.289	0.289	0.289	0.289	0.289	0.289	0.289	
1.022	1.022	1.022	1.022	1.022	1.022	1.022	1.022	2.976	3.727	3.819	4.054	4.066	4.071	4.084	4.074	3.735	3.685	3.124	1.289	1.178	1.110	1.041	0.973	0.905	0.836	0.768	0.674	
1.022	1.022	1.022	1.022	1.022	1.022	1.022	1.022	3.223	3.838	3.883	4.490	4.492	4.243	4.084	4.074	3.984	3.983	2.925	1.333	1.333	1.333	1.333	1.333	1.332	1.283	1.196	1.135	
1.269	1.193	1.116	1.043	1.092	1.308	1.528	1.749	3.584	3.973	4.105	4.492	4.492	4.602	4.656	4.559	4.004	3.983	3.211	1.416	1.333	1.333	1.326	1.257	1.170	1.133	1.133	1.122	
1.301	1.301	1.301	1.315	2.286	3.076	3.077	3.077	3.854	4.342	4.344	4.957	4.997	4.849	4.755	4.720	4.473	4.443	3.878	3.430	3.318	2.845	1.186	1.133	1.133	1.133	1.118	1.090	
1.347	1.306	1.301	1.301	1.301	1.973	3.029	3.077	3.874	4.342	4.544	5.056	5.044	5.177	5.367	5.276	4.475	4.476	3.959	3.430	3.406	1.689	1.133	1.133	1.133	1.114	1.089	1.089	
1.388	1.379	1.332	1.302	1.301	1.301	1.775	4.363	4.898	5.058	5.368	5.526	5.975	5.951	5.655	5.697	5.350	4.737	4.775	3.924	2.338	1.133	1.133	1.133	1.109	1.089	1.089	1.089	
1.388	1.388	1.388	1.368	1.319	1.301	1.925	4.918	4.902	5.194	5.368	5.716	6.127	6.454	6.466	6.016	6.056	5.051	4.807	5.032	2.588	1.364	1.132	1.104	1.089	1.089	1.089	1.089	
1.388	1.388	1.388	1.388	1.387	1.940	4.944	5.211	5.615	6.240	6.132	6.409	6.185	6.857	6.864	5.845	6.355	6.705	5.728	5.746	5.479	5.314	3.262	1.089	1.089	1.089	1.089	1.089	
1.388	1.388	1.388	1.388	1.388	2.477	5.253	5.253	6.031	6.281	6.362	6.425	4.114	3.350	3.921	3.415	6.581	6.891	6.070	5.746	5.479	5.350	3.714	1.089	1.089	1.089	1.089	1.089	
0.000	0.000	0.000	0.000	0.000	0.000	0.000	0.000	0.000	0.000	0.000	0.000	1.462	2.719	3.292	1.784	0.000	0.000	0.000	0.000	0.000	0.000	0.000	0.000	0.000	0.000	0.000	0.000	
0.000	0.000	0.000	0.000	0.000	0.000	0.000	0.000	0.000	0.000	0.000	0.000	0.680	2.719	3.255	0.839	0.000	0.000	0.000	0.000	0.000	0.000	0.000	0.000	0.000	0.000	0.000	0.000	
0.000	0.000	0.000	0.000	0.000	0.000	0.000	0.000	0.000	0.000	0.000	0.000	0.680	2.719	3.219	0.839	0.000	0.000	0.000	0.000	0.000	0.000	0.000	0.000	0.000	0.000	0.000	0.000	
0.000	0.000	0.000	0.000	0.000	0.000	0.000	0.000	0.000	0.000	0.000	0.000	0.680	2.719	3.182	0.839	0.000	0.000	0.000	0.000	0.000	0.000	0.000	0.000	0.000	0.000	0.000	0.000	
0.000	0.000	0.000	0.000	0.000	0.000	0.000	0.000	0.000	0.000	0.000	0.000	0.680	2.719	3.146	0.839	0.000	0.000	0.000	0.000	0.000	0.000	0.000	0.000	0.000	0.000	0.000	0.000	
