0.079	0.079	0.079	0.079	0.079	0.079	0.079	0.074	0.069	0.069	0.069	0.069	0.069	0.069	0.069	0.069	0.069	0.069	0.069	0.069	0.069	0.070	0.071	0.071	0.071	0.071	0.071	0.071	
0.079	0.079	0.079	0.079	0.079	0.079	0.079	0.075	0.069	0.069	0.069	0.069	0.069	0.069	0.069	0.069	0.069	0.069	0.069	0.069	0.069	0.071	0.071	0.071	0.071	0.071	0.071	0.071	
0.079	0.079	0.079	0.079	0.079	0.079	0.079	0.076	0.069	0.069	0.069	0.069	0.069	0.069	0.069	0.069	0.069	0.069	0.069	0.069	0.069	0.071	0.071	0.071	0.071	0.071	0.071	0.071	
0.079	0.079	0.079	0.079	0.079	0.079	0.079	0.077	0.069	0.069	0.069	0.069	0.069	0.069	0.069	0.069	0.069	0.069	0.069	0.069	0.069	0.071	0.071	0.071	0.071	0.071	0.071	0.071	
0.079	0.079	0.079	0.079	0.079	0.079	0.079	0.079	0.069	0.069	0.069	0.069	0.069	0.069	0.069	0.069	0.069	0.069	0.069	0.069	0.069	0.071	0.071	0.071	0.071	0.071	0.071	0.071	
0.079	0.079	0.079	0.079	0.079	0.079	0.079	0.079	0.070	0.069	0.069	0.069	0.069	0.069	0.069	0.069	0.069	0.069	0.069	0.069	0.070	0.071	0.071	0.071	0.071	0.071	0.071	0.071	
0.079	0.079	0.079	0.079	0.079	0.079	0.079	0.079	0.071	0.069	0.069	0.069	0.069	0.069	0.069	0.069	0.069	0.069	0.069	0.069	0.070	0.071	0.071	0.071	0.071	0.071	0.071	0.071	
0.079	0.079	0.079	0.079	0.079	0.079	0.079	0.079	0.072	0.069	0.069	0.069	0.069	0.069	0.069	0.069	0.069	0.069	0.069	0.069	0.070	0.071	0.071	0.071	0.071	0.071	0.071	0.071	
0.079	0.079	0.079	0.079	0.079	0.079	0.079	0.079	0.074	0.069	0.069	0.069	0.069	0.069	0.069	0.069	0.069	0.069	0.069	0.069	0.071	0.071	0.071	0.071	0.071	0.071	0.071	0.071	
0.079	0.079	0.079	0.079	0.079	0.079	0.079	0.079	0.075	0.069	0.069	0.069	0.069	0.069	0.069	0.069	0.069	0.069	0.069	0.069	0.071	0.071	0.071	0.071	0.071	0.071	0.071	0.071	
0.079	0.079	0.079	0.079	0.079	0.079	0.079	0.079	0.076	0.069	0.069	0.069	0.069	0.069	0.069	0.069	0.069	0.069	0.069	0.069	0.071	0.071	0.071	0.071	0.071	0.071	0.071	0.071	
0.079	0.079	0.079	0.079	0.079	0.079	0.079	0.079	0.077	0.069	0.069	0.069	0.069	0.069	0.069	0.069	0.069	0.069	0.069	0.069	0.071	0.071	0.071	0.071	0.071	0.071	0.071	0.071	
0.079	0.079	0.079	0.079	0.079	0.079	0.079	0.079	0.079	0.069	0.069	0.069	0.069	0.069	0.069	0.069	0.069	0.069	0.069	0.070	0.071	0.071	0.071	0.071	0.071	0.071	0.071	0.071	
0.079	0.079	0.079	0.079	0.079	0.079	0.079	0.079	0.079	0.070	0.069	0.069	0.069	0.069	0.069	0.069	0.069	0.069	0.069	0.070	0.071	0.071	0.071	0.071	0.071	0.071	0.071	0.071	
0.079	0.079	0.079	0.079	0.079	0.079	0.079	0.079	0.079	0.071	0.069	0.069	0.069	0.069	0.069	0.069	0.069	0.069	0.069	0.070	0.071	0.071	0.071	0.071	0.071	0.071	0.071	0.071	
0.079	0.079	0.079	0.079	0.079	0.079	0.079	0.079	0.079	0.072	0.069	0.069	0.069	0.069	0.069	0.069	0.069	0.069	0.069	0.070	0.071	0.071	0.071	0.071	0.071	0.071	0.071	0.071	
0.079	0.079	0.079	0.079	0.079	0.079	0.079	0.079	0.079	0.074	0.069	0.069	0.069	0.069	0.069	0.069	0.069	0.069	0.069	0.071	0.071	0.071	0.071	0.071	0.071	0.071	0.071	0.071	
0.079	0.079	0.079	0.079	0.079	0.079	0.079	0.079	0.079	0.075	0.069	0.069	0.069	0.069	0.069	0.069	0.069	0.069	0.069	0.071	0.071	0.071	0.071	0.071	0.071	0.071	0.071	0.071	
0.079	0.079	0.079	0.079	0.079	0.079	0.079	0.079	0.079	0.076	0.069	0.069	0.069	0.069	0.069	0.069	0.069	0.069	0.069	0.071	0.071	0.071	0.071	0.071	0.071	0.071	0.071	0.071	
0.079	0.079	0.079	0.079	0.079	0.079	0.079	0.079	0.079	0.077	0.069	0.069	0.069	0.069	0.069	0.069	0.069	0.069	0.069	0.071	0.071	0.071	0.071	0.071	0.071	0.071	0.071	0.071	
0.095	0.079	0.079	0.079	0.079	0.079	0.079	0.079	0.079	0.079	0.069	0.069	0.069	0.069	0.069	0.069	0.069	0.069	0.070	0.071	0.071	0.071	0.071	0.071	0.071	0.071	0.071	0.071	
0.186	0.079	0.079	0.079	0.079	0.079	0.079	0.079	0.079	0.079	0.070	0.069	0.069	0.069	0.069	0.069	0.069	0.069	0.070	0.071	0.071	0.071	0.071	0.071	0.071	0.071	0.071	0.071	
0.278	0.086	0.079	0.079	0.079	0.079	0.079	0.079	0.079	0.079	0.071	0.069	0.069	0.069	0.069	0.069	0.069	0.069	0.070	0.071	0.071	0.071	0.071	0.071	0.071	0.071	0.071	0.071	
0.298	0.166	0.079	0.079	0.079	0.079	0.079	0.079	0.079	0.079	0.072	0.069	0.069	0.069	0.069	0.069	0.069	0.069	0.070	0.071	0.071	0.071	0.071	0.071	0.071	0.071	0.071	0.071	
0.298	0.264	0.081	0.079	0.079	0.079	0.079	0.079	0.079	0.079	0.074	0.069	0.069	0.069	0.069	0.069	0.069	0.069	0.071	0.071	0.071	0.071	0.071	0.071	0.071	0.071	0.071	0.071	
0.298	0.298	0.146	0.079	0.079	0.079	0.079	0.079	0.079	0.079	0.075	0.069	0.069	0.069	0.069	0.069	0.069	0.069	0.071	0.071	0.071	0.071	0.071	0.071	0.071	0.071	0.071	0.071	
0.298	0.298	0.245	0.079	0.079	0.079	0.079	0.079	0.079	0.079	0.076	0.069	0.069	0.069	0.069	0.069	0.069	0.069	0.071	0.071	0.071	0.071	0.071	0.071	0.071	0.071	0.071	0.071	
0.298	0.298	0.298	0.126	0.079	0.079	0.079	0.079	0.079	0.079	0.077	0.069	0.069	0.069	0.069	0.069	0.069	0.070	0.071	0.071	0.071	0.071	0.071	0.071	0.071	0.071	0.071	0.071	
0.298	0.298	0.298	0.226	0.079	0.079	0.079	0.079	0.079	0.079	0.079	0.069	0.069	0.069	0.069	0.069	0.069	0.070	0.071	0.071	0.071	0.071	0.071	0.071	0.071	0.071	0.071	0.071	
0.298	0.298	0.298	0.296	0.109	0.079	0.079	0.079	0.079	0.079	0.079	0.070	0.069	0.069	0.069	0.069	0.069	0.070	0.071	0.071	0.071	0.071	0.071	0.071	0.071	0.071	0.071	0.071	
0.298	0.298	0.298	0.298	0.206	0.079	0.079	0.079	0.079	0.079	0.079	0.071	0.069	0.069	0.069	0.069	0.069	0.070	0.071	0.071	0.071	0.071	0.071	0.071	0.071	0.071	0.071	0.071	
0.298	0.298	0.298	0.298	0.289	0.095	0.079	0.079	0.079	0.079	0.079	0.072	0.069	0.069	0.069	0.069	0.069	0.071	0.071	0.071	0.071	0.071	0.071	0.071	0.071	0.071	0.071	0.071	
0.308	0.298	0.298	0.298	0.298	0.186	0.079	0.079	0.079	0.079	0.079	0.074	0.069	0.069	0.069	0.069	0.069	0.071	0.071	0.071	0.071	0.071	0.071	0.071	0.071	0.071	0.071	0.276	
0.432	0.298	0.298	0.298	0.298	0.278	0.086	0.079	0.079	0.079	0.079	0.075	0.069	0.069	0.069	0.069	0.069	0.071	0.071	0.071	0.071	0.071	0.071	0.071	0.071	0.071	0.211	0.607	
0.545	0.342	0.298	0.298	0.298	0.298	0.166	0.079	0.079	0.079	0.079	0.076	0.069	0.069	0.069	0.069	0.069	0.071	0.071	0.071	0.071	0.071	0.071	0.071	0.071	0.158	0.584	0.620	
0.550	0.493	0.300	0.298	0.298	0.298	0.264	0.081	0.079	0.079	0.079	0.077	0.069	0.069	0.069	0.069	0.070	0.071	0.071	0.071	0.071	0.071	0.071	0.071	0.118	0.547	0.620	0.620	
0.550	0.550	0.400	0.298	0.298	0.298	0.298	0.146	0.079	0.079	0.079	0.079	0.069	0.069	0.069	0.069	0.070	0.071	0.071	0.071	0.071	0.071	0.071	0.090	0.498	0.620	0.620	0.620	
0.550	0.550	0.534	0.322	0.298	0.298	0.298	0.245	0.079	0.079	0.079	0.079	0.070	0.069	0.069	0.069	0.070	0.071	0.071	0.071	0.071	0.071	0.075	0.437	0.620	0.620	0.620	0.638	
0.550	0.550	0.550	0.463	0.298	0.298	0.298	0.298	0.126	0.079	0.079	0.079	0.071	0.069	0.069	0.069	0.070	0.071	0.071	0.071	0.071	0.071	0.364	0.620	0.620	0.620	0.645	0.873	
0.550	0.550	0.550	0.550	0.369	0.298	0.298	0.298	0.226	0.079	0.079	0.079	0.072	0.069	0.069	0.069	0.071	0.071	0.071	0.071	0.071	0.288	0.620	0.620	0.620	0.652	0.884	0.937	
0.550	0.550	0.550	0.550	0.517	0.308	0.298	0.298	0.296	0.109	0.079	0.079	0.074	0.069	0.069	0.683	0.816	0.071	0.071	0.071	0.221	0.610	0.620	0.620	0.660	0.893	0.937	0.937	
0.550	0.550	0.550	0.550	0.550	0.432	0.298	0.298	0.298	0.206	0.079	0.079	0.130	0.069	0.510	3.581	2.831	0.071	0.071	0.166	0.588	0.620	0.620	0.670	0.902	0.937	0.937	0.937	
0.550	0.550	0.550	0.550	0.550	0.545	0.342	0.298	0.298	0.975	2.913	2.367	3.819	3.687	3.613	4.056	4.041	1.698	0.664	0.554	0.620	0.620	0.680	0.910	0.937	0.937	0.937	1.120	
1.052	0.587	0.550	0.550	0.550	0.550	1.644	2.245	1.100	3.078	4.577	4.575	4.386	4.385	4.592	4.474	4.339	4.582	4.138	0.639	0.620	0.691	0.917	0.937	0.937	0.963	1.259	1.443	
1.675	1.554	1.005	0.572	0.550	0.550	2.666	4.224	4.287	5.192	4.827	4.790	4.839	4.598	5.250	5.297	4.908	4.582	4.633	3.380	1.513	0.922	0.937	0.937	1.042	1.372	1.443	1.443	
1.675	1.675	1.675	1.522	0.958	1.107	3.720	4.225	4.626	5.377	5.377	5.212	5.199	5.547	5.743	5.413	5.657	5.426	4.858	4.857	3.685	0.937	0.940	1.171	1.432	1.443	1.443	1.468	
1.834	1.677	1.675	1.675	1.675	4.087	4.640	4.879	5.582	5.525	5.908	5.786	5.636	6.196	6.320	6.114	5.704	5.749	5.444	4.916	5.038	3.705	1.344	1.443	1.443	1.445	1.596	1.818	
2.286	2.185	1.929	1.705	1.774	4.444	4.640	5.172	5.643	5.809	6.295	6.315	6.464	6.444	6.285	6.153	6.041	6.041	6.079	5.539	5.097	5.103	2.020	1.443	1.519	1.759	1.855	1.855	
2.286	2.286	2.286	2.251	4.193	5.289	5.348	6.231	6.063	6.611	6.638	6.369	6.420	5.895	5.056	6.128	6.457	6.441	6.128	6.149	5.507	5.249	4.931	2.183	1.850	1.855	1.855	1.855	
2.286	2.286	2.286	2.286	4.567	5.298	5.631	6.298	6.352	6.832	6.832	6.409	6.387	4.118	3.524	4.867	6.697	6.697	6.306	6.205	5.911	5.280	5.280	2.821	1.855	1.855	1.855	1.855	
0.000	0.000	0.000	0.000	0.000	0.000	0.000	0.000	0.000	0.000	0.000	0.000	3.124	3.541	3.524	1.969	0.000	0.000	0.000	0.000	0.000	0.000	0.000	0.000	0.000	0.000	0.000	0.000	
0.000	0.000	0.000	0.000	0.000	0.000	0.000	0.000	0.000	0.000	0.000	0.000	0.815	3.282	3.323	0.837	0.000	0.000	0.000	0.000	0.000	0.000	0.000	0.000	0.000	0.000	0.000	0.000	
0.000	0.000	0.000	0.000	0.000	0.000	0.000	0.000	0.000	0.000	0.000	0.000	0.738	2.952	2.952	0.738	0.000	0.000	0.000	0.000	0.000	0.000	0.000	0.000	0.000	0.000	0.000	0.000	
0.000	0.000	0.000	0.000	0.000	0.000	0.000	0.000	0.000	0.000	0.000	0.000	0.738	2.952	2.952	0.738	0.000	0.000	0.000	0.000	0.000	0.000	0.000	0.000	0.000	0.000	0.000	0.000	
0.000	0.000	0.000	0.000	0.000	0.000	0.000	0.000	0.000	0.000	0.000	0.000	0.738	2.952	2.952	0.738	0.000	0.000	0.000	0.000	0.000	0.000	0.000	0.000	0.000	0.000	0.000	0.000	
