0.061	0.061	0.061	0.061	0.061	0.061	0.061	0.061	0.061	0.058	0.041	0.041	0.041	0.041	0.041	0.041	0.041	0.041	0.041	0.041	0.041	0.041	0.041	0.041	0.041	0.041	0.041	0.041	
0.061	0.061	0.061	0.061	0.061	0.061	0.061	0.061	0.061	0.060	0.041	0.041	0.041	0.041	0.041	0.041	0.041	0.041	0.041	0.041	0.041	0.041	0.041	0.041	0.041	0.041	0.041	0.041	
0.061	0.061	0.061	0.061	0.061	0.061	0.061	0.061	0.061	0.061	0.042	0.041	0.041	0.041	0.041	0.041	0.041	0.041	0.041	0.041	0.041	0.041	0.041	0.041	0.041	0.041	0.041	0.041	
0.061	0.061	0.061	0.061	0.061	0.061	0.061	0.061	0.061	0.061	0.043	0.041	0.041	0.041	0.041	0.041	0.041	0.041	0.041	0.041	0.041	0.041	0.041	0.041	0.041	0.041	0.041	0.041	
0.061	0.061	0.061	0.061	0.061	0.061	0.061	0.061	0.061	0.061	0.045	0.041	0.041	0.041	0.041	0.041	0.041	0.041	0.041	0.041	0.041	0.041	0.041	0.041	0.041	0.041	0.041	0.041	
0.061	0.061	0.061	0.061	0.061	0.061	0.061	0.061	0.061	0.061	0.047	0.041	0.041	0.041	0.041	0.041	0.041	0.041	0.041	0.041	0.041	0.041	0.041	0.041	0.041	0.041	0.041	0.041	
0.061	0.061	0.061	0.061	0.061	0.061	0.061	0.061	0.061	0.061	0.049	0.041	0.041	0.041	0.041	0.041	0.041	0.041	0.041	0.041	0.041	0.041	0.041	0.041	0.041	0.041	0.041	0.041	
0.061	0.061	0.061	0.061	0.061	0.061	0.061	0.061	0.061	0.061	0.051	0.041	0.041	0.041	0.041	0.041	0.041	0.041	0.041	0.041	0.041	0.041	0.041	0.041	0.041	0.041	0.041	0.041	
0.061	0.061	0.061	0.061	0.061	0.061	0.061	0.061	0.061	0.061	0.053	0.041	0.041	0.041	0.041	0.041	0.041	0.041	0.041	0.041	0.041	0.041	0.041	0.041	0.041	0.041	0.041	0.041	
0.061	0.061	0.061	0.061	0.061	0.061	0.061	0.061	0.061	0.061	0.055	0.041	0.041	0.041	0.041	0.041	0.041	0.041	0.041	0.041	0.041	0.041	0.041	0.041	0.041	0.041	0.041	0.041	
0.061	0.061	0.061	0.061	0.061	0.061	0.061	0.061	0.061	0.061	0.056	0.041	0.041	0.041	0.041	0.041	0.041	0.041	0.041	0.041	0.041	0.041	0.041	0.041	0.041	0.041	0.041	0.041	
0.061	0.061	0.061	0.061	0.061	0.061	0.061	0.061	0.061	0.061	0.058	0.041	0.041	0.041	0.041	0.041	0.041	0.041	0.041	0.041	0.041	0.041	0.041	0.041	0.041	0.041	0.041	0.041	
0.061	0.061	0.061	0.061	0.061	0.061	0.061	0.061	0.061	0.061	0.060	0.041	0.041	0.041	0.041	0.041	0.041	0.041	0.041	0.041	0.041	0.041	0.041	0.041	0.041	0.041	0.041	0.041	
0.061	0.061	0.061	0.061	0.061	0.061	0.061	0.061	0.061	0.061	0.061	0.041	0.041	0.041	0.041	0.041	0.041	0.041	0.041	0.041	0.041	0.041	0.041	0.041	0.041	0.041	0.041	0.041	
0.061	0.061	0.061	0.061	0.061	0.061	0.061	0.061	0.061	0.061	0.061	0.043	0.041	0.041	0.041	0.041	0.041	0.041	0.041	0.041	0.041	0.041	0.041	0.041	0.041	0.041	0.041	0.041	
0.061	0.061	0.061	0.061	0.061	0.061	0.061	0.061	0.061	0.061	0.061	0.045	0.041	0.041	0.041	0.041	0.041	0.041	0.041	0.041	0.041	0.041	0.041	0.041	0.041	0.041	0.041	0.041	
0.061	0.061	0.061	0.061	0.061	0.061	0.061	0.061	0.061	0.061	0.061	0.047	0.041	0.041	0.041	0.041	0.041	0.041	0.041	0.041	0.041	0.041	0.041	0.041	0.041	0.041	0.041	0.041	
0.061	0.061	0.061	0.061	0.061	0.061	0.061	0.061	0.061	0.061	0.061	0.049	0.041	0.041	0.041	0.041	0.041	0.041	0.041	0.041	0.041	0.041	0.041	0.041	0.041	0.041	0.041	0.041	
0.061	0.061	0.061	0.061	0.061	0.061	0.061	0.061	0.061	0.061	0.061	0.051	0.041	0.041	0.041	0.041	0.041	0.041	0.041	0.041	0.041	0.041	0.041	0.041	0.041	0.041	0.041	0.041	
0.067	0.061	0.061	0.061	0.061	0.061	0.061	0.061	0.061	0.061	0.061	0.053	0.041	0.041	0.041	0.041	0.041	0.041	0.041	0.041	0.041	0.041	0.041	0.041	0.041	0.041	0.041	0.041	
0.120	0.061	0.061	0.061	0.061	0.061	0.061	0.061	0.061	0.061	0.061	0.054	0.041	0.041	0.041	0.041	0.041	0.041	0.041	0.041	0.041	0.041	0.041	0.041	0.041	0.041	0.041	0.041	
0.186	0.061	0.061	0.061	0.061	0.061	0.061	0.061	0.061	0.061	0.061	0.056	0.041	0.041	0.041	0.041	0.041	0.041	0.041	0.041	0.041	0.041	0.041	0.041	0.041	0.041	0.041	0.041	
0.232	0.080	0.061	0.061	0.061	0.061	0.061	0.061	0.061	0.061	0.061	0.058	0.041	0.041	0.041	0.041	0.041	0.041	0.041	0.041	0.041	0.041	0.041	0.041	0.041	0.041	0.041	0.041	
0.234	0.144	0.061	0.061	0.061	0.061	0.061	0.061	0.061	0.061	0.061	0.060	0.041	0.041	0.041	0.041	0.041	0.041	0.041	0.041	0.041	0.041	0.041	0.041	0.041	0.041	0.041	0.057	
0.234	0.209	0.062	0.061	0.061	0.061	0.061	0.061	0.061	0.061	0.061	0.061	0.041	0.041	0.041	0.041	0.041	0.041	0.041	0.041	0.041	0.041	0.041	0.041	0.041	0.041	0.041	0.163	
0.234	0.234	0.103	0.061	0.061	0.061	0.061	0.061	0.061	0.061	0.061	0.061	0.043	0.041	0.041	0.041	0.041	0.041	0.041	0.041	0.041	0.041	0.041	0.041	0.041	0.041	0.052	0.272	
0.234	0.234	0.168	0.061	0.061	0.061	0.061	0.061	0.061	0.061	0.061	0.061	0.045	0.041	0.041	0.041	0.041	0.041	0.041	0.041	0.041	0.041	0.041	0.041	0.041	0.041	0.154	0.291	
0.234	0.234	0.226	0.070	0.061	0.061	0.061	0.061	0.061	0.061	0.061	0.061	0.047	0.041	0.041	0.041	0.041	0.041	0.041	0.041	0.041	0.041	0.041	0.041	0.041	0.049	0.266	0.291	
0.234	0.234	0.234	0.127	0.061	0.061	0.061	0.061	0.061	0.061	0.061	0.061	0.049	0.041	0.041	0.041	0.041	0.041	0.041	0.041	0.041	0.041	0.041	0.041	0.041	0.144	0.291	0.291	
0.234	0.234	0.234	0.193	0.061	0.061	0.061	0.061	0.061	0.061	0.061	0.061	0.050	0.041	0.041	0.041	0.041	0.041	0.041	0.041	0.041	0.041	0.041	0.041	0.045	0.260	0.291	0.291	
0.234	0.234	0.234	0.233	0.086	0.061	0.061	0.061	0.061	0.061	0.061	0.061	0.052	0.041	0.041	0.041	0.041	0.041	0.041	0.041	0.041	0.041	0.041	0.041	0.134	0.291	0.291	0.291	
0.234	0.234	0.234	0.234	0.151	0.061	0.061	0.061	0.061	0.061	0.061	0.061	0.054	0.041	0.041	0.041	0.041	0.041	0.041	0.041	0.041	0.041	0.041	0.043	0.252	0.291	0.291	0.291	
0.234	0.234	0.234	0.234	0.215	0.063	0.061	0.061	0.061	0.061	0.061	0.061	0.056	0.041	0.041	0.041	0.041	0.041	0.041	0.041	0.041	0.041	0.041	0.125	0.291	0.291	0.291	0.291	
0.234	0.234	0.234	0.234	0.234	0.110	0.061	0.061	0.061	0.061	0.061	0.061	0.058	0.041	0.041	0.041	0.041	0.041	0.041	0.041	0.041	0.041	0.042	0.244	0.291	0.291	0.291	0.291	
0.234	0.234	0.234	0.234	0.234	0.175	0.061	0.061	0.061	0.061	0.061	0.061	0.060	0.041	0.041	0.041	0.041	0.041	0.041	0.041	0.041	0.041	0.115	0.291	0.291	0.291	0.291	0.291	
0.234	0.234	0.234	0.234	0.234	0.229	0.073	0.061	0.061	0.061	0.061	0.061	0.061	0.041	0.041	0.041	0.041	0.041	0.041	0.041	0.041	0.041	0.235	0.291	0.291	0.291	0.291	0.291	
0.234	0.234	0.234	0.234	0.234	0.234	0.134	0.061	0.061	0.061	0.061	0.061	0.061	0.043	0.041	0.041	0.041	0.041	0.041	0.041	0.041	0.105	0.291	0.291	0.291	0.291	0.291	0.295	
0.234	0.234	0.234	0.234	0.234	0.234	0.199	0.061	0.061	0.061	0.061	0.061	0.061	0.045	0.041	0.041	0.041	0.041	0.041	0.041	0.041	0.226	0.291	0.291	0.291	0.291	0.291	0.474	
0.234	0.234	0.234	0.234	0.234	0.234	0.234	0.092	0.061	0.061	0.061	0.061	0.061	0.047	0.041	0.041	0.041	0.041	0.041	0.041	0.096	0.291	0.291	0.291	0.291	0.291	0.420	0.613	
0.489	0.234	0.234	0.234	0.234	0.234	0.234	0.158	0.061	0.061	0.061	0.061	0.061	0.048	0.041	0.041	0.041	0.041	0.041	0.041	0.216	0.291	0.291	0.291	0.291	0.373	0.607	0.614	
0.742	0.515	0.236	0.234	0.234	0.234	0.234	0.220	0.065	0.061	0.061	0.061	0.061	0.050	0.041	0.041	0.041	0.041	0.041	0.087	0.290	0.291	0.291	0.291	0.336	0.590	0.614	0.614	
0.742	0.742	0.540	0.239	0.234	0.234	0.234	0.234	0.117	0.061	0.061	0.061	0.061	0.345	0.041	0.041	0.041	0.041	0.041	0.206	0.291	0.291	0.291	0.310	0.562	0.614	0.614	0.614	
0.742	0.742	0.742	0.563	0.243	0.234	0.234	0.234	0.182	0.061	0.061	0.061	0.282	3.037	0.945	0.041	0.041	0.041	0.079	0.289	0.291	0.291	0.295	0.523	0.614	0.614	0.614	0.614	
0.742	0.742	0.742	0.742	0.585	0.249	0.234	0.234	0.231	0.078	0.061	0.061	1.968	3.405	3.430	0.742	0.041	0.041	0.197	0.291	0.291	0.291	0.474	0.614	0.614	0.614	0.614	0.614	
0.742	0.742	0.742	0.742	0.742	0.605	0.256	0.234	0.234	0.141	0.061	0.680	3.306	3.392	3.629	3.316	0.761	0.512	0.286	0.291	0.291	0.420	0.613	0.614	0.614	0.614	0.614	0.658	
0.890	0.748	0.742	0.742	0.742	0.742	0.624	0.264	0.235	1.284	2.895	3.507	3.347	3.379	3.629	3.645	4.174	4.193	1.331	0.422	0.373	0.607	0.614	0.614	0.614	0.623	0.852	1.128	
1.203	1.146	0.953	0.773	0.742	0.742	0.742	1.437	4.225	4.919	4.889	4.880	4.374	4.374	4.588	4.519	4.268	4.268	4.588	4.649	2.142	0.614	0.614	0.614	0.761	1.072	1.164	1.164	
1.203	1.203	1.203	1.183	1.016	0.818	0.742	2.569	4.924	4.924	4.925	4.999	5.405	5.360	5.084	5.084	4.871	4.667	4.680	4.660	3.438	0.771	0.686	0.989	1.163	1.164	1.164	1.164	
1.203	1.203	1.203	1.203	1.203	1.201	1.737	5.065	5.141	5.132	5.321	5.339	5.198	5.078	4.532	5.459	5.990	6.160	6.114	5.319	5.143	4.499	1.146	1.164	1.164	1.164	1.164	1.164	
1.203	1.203	1.203	1.203	1.203	1.203	2.256	5.208	5.208	5.276	5.322	5.113	3.933	3.801	2.280	4.024	5.990	6.184	6.299	5.730	5.146	4.877	1.164	1.164	1.164	1.164	1.164	1.164	
0.000	0.000	0.000	0.000	0.000	0.000	0.000	0.000	0.000	0.000	0.000	0.000	2.089	3.558	2.280	1.245	0.000	0.000	0.000	0.000	0.000	0.000	0.000	0.000	0.000	0.000	0.000	0.000	
0.000	0.000	0.000	0.000	0.000	0.000	0.000	0.000	0.000	0.000	0.000	0.000	0.983	3.315	2.280	0.570	0.000	0.000	0.000	0.000	0.000	0.000	0.000	0.000	0.000	0.000	0.000	0.000	
0.000	0.000	0.000	0.000	0.000	0.000	0.000	0.000	0.000	0.000	0.000	0.000	0.983	3.071	2.280	0.570	0.000	0.000	0.000	0.000	0.000	0.000	0.000	0.000	0.000	0.000	0.000	0.000	
0.000	0.000	0.000	0.000	0.000	0.000	0.000	0.000	0.000	0.000	0.000	0.000	0.983	2.828	2.280	0.570	0.000	0.000	0.000	0.000	0.000	0.000	0.000	0.000	0.000	0.000	0.000	0.000	
0.000	0.000	0.000	0.000	0.000	0.000	0.000	0.000	0.000	0.000	0.000	0.000	0.983	2.585	2.280	0.570	0.000	0.000	0.000	0.000	0.000	0.000	0.000	0.000	0.000	0.000	0.000	0.000	
