0.107	0.107	0.107	0.107	0.107	0.101	0.081	0.081	0.081	0.081	0.081	0.081	0.081	0.081	0.081	0.081	0.081	0.081	0.081	0.081	0.081	0.081	0.116	0.147	0.147	0.147	0.147	0.147	
0.107	0.107	0.107	0.107	0.107	0.105	0.081	0.081	0.081	0.081	0.081	0.081	0.081	0.081	0.081	0.081	0.081	0.081	0.081	0.081	0.081	0.081	0.135	0.147	0.147	0.147	0.147	0.147	
0.107	0.107	0.107	0.107	0.107	0.107	0.084	0.081	0.081	0.081	0.081	0.081	0.081	0.081	0.081	0.081	0.081	0.081	0.081	0.081	0.081	0.088	0.147	0.147	0.147	0.147	0.147	0.147	
0.107	0.107	0.107	0.107	0.107	0.107	0.088	0.081	0.081	0.081	0.081	0.081	0.081	0.081	0.081	0.081	0.081	0.081	0.081	0.081	0.081	0.107	0.147	0.147	0.147	0.147	0.147	0.144	
0.107	0.107	0.107	0.107	0.107	0.107	0.092	0.081	0.081	0.081	0.081	0.081	0.081	0.081	0.081	0.081	0.081	0.081	0.081	0.081	0.081	0.126	0.147	0.147	0.147	0.147	0.147	0.141	
0.107	0.107	0.107	0.107	0.107	0.107	0.097	0.081	0.081	0.081	0.081	0.081	0.081	0.081	0.081	0.081	0.081	0.081	0.081	0.081	0.082	0.143	0.147	0.147	0.147	0.147	0.147	0.138	
0.107	0.107	0.107	0.107	0.107	0.107	0.101	0.081	0.081	0.081	0.081	0.081	0.081	0.081	0.081	0.081	0.081	0.081	0.081	0.081	0.097	0.147	0.147	0.147	0.147	0.147	0.144	0.138	
0.107	0.107	0.107	0.107	0.107	0.107	0.105	0.081	0.081	0.081	0.081	0.081	0.081	0.081	0.081	0.081	0.081	0.081	0.081	0.081	0.116	0.147	0.147	0.147	0.147	0.147	0.141	0.138	
0.107	0.107	0.107	0.107	0.107	0.107	0.107	0.084	0.081	0.081	0.081	0.081	0.081	0.081	0.081	0.081	0.081	0.081	0.081	0.081	0.135	0.147	0.147	0.147	0.147	0.146	0.138	0.138	
0.107	0.107	0.107	0.107	0.107	0.107	0.107	0.088	0.081	0.081	0.081	0.081	0.081	0.081	0.081	0.081	0.081	0.081	0.081	0.088	0.147	0.147	0.147	0.147	0.147	0.143	0.138	0.138	
0.107	0.107	0.107	0.107	0.107	0.107	0.107	0.092	0.081	0.081	0.081	0.081	0.081	0.081	0.081	0.081	0.081	0.081	0.081	0.107	0.147	0.147	0.147	0.147	0.147	0.140	0.138	0.138	
0.107	0.107	0.107	0.107	0.107	0.107	0.107	0.097	0.081	0.081	0.081	0.081	0.081	0.081	0.081	0.081	0.081	0.081	0.081	0.126	0.147	0.147	0.147	0.147	0.146	0.138	0.138	0.138	
0.107	0.107	0.107	0.107	0.107	0.107	0.107	0.101	0.081	0.081	0.081	0.081	0.081	0.081	0.081	0.081	0.081	0.081	0.082	0.143	0.147	0.147	0.147	0.147	0.143	0.138	0.138	0.138	
0.107	0.107	0.107	0.107	0.107	0.107	0.107	0.105	0.081	0.081	0.081	0.081	0.081	0.081	0.081	0.081	0.081	0.081	0.097	0.147	0.147	0.147	0.147	0.147	0.140	0.138	0.138	0.138	
0.107	0.107	0.107	0.107	0.107	0.107	0.107	0.107	0.084	0.081	0.081	0.081	0.081	0.081	0.081	0.081	0.081	0.081	0.116	0.147	0.147	0.147	0.147	0.146	0.138	0.138	0.138	0.138	
0.107	0.107	0.107	0.107	0.107	0.107	0.107	0.107	0.088	0.081	0.081	0.081	0.081	0.081	0.081	0.081	0.081	0.081	0.135	0.147	0.147	0.147	0.147	0.143	0.138	0.138	0.138	0.138	
0.107	0.107	0.107	0.107	0.107	0.107	0.107	0.107	0.092	0.081	0.081	0.081	0.081	0.081	0.081	0.081	0.081	0.088	0.147	0.147	0.147	0.147	0.147	0.139	0.138	0.138	0.138	0.138	
0.107	0.107	0.107	0.107	0.107	0.107	0.107	0.107	0.097	0.081	0.081	0.081	0.081	0.081	0.081	0.081	0.081	0.107	0.147	0.147	0.147	0.147	0.145	0.138	0.138	0.138	0.138	0.138	
0.107	0.107	0.107	0.107	0.107	0.107	0.107	0.107	0.101	0.081	0.081	0.081	0.081	0.081	0.081	0.081	0.081	0.126	0.147	0.147	0.147	0.147	0.142	0.138	0.138	0.138	0.138	0.138	
0.107	0.107	0.107	0.107	0.107	0.107	0.107	0.107	0.105	0.081	0.081	0.081	0.081	0.081	0.081	0.081	0.082	0.143	0.147	0.147	0.147	0.147	0.139	0.138	0.138	0.138	0.138	0.138	
0.107	0.107	0.107	0.107	0.107	0.107	0.107	0.107	0.107	0.084	0.081	0.081	0.081	0.081	0.081	0.081	0.097	0.147	0.147	0.147	0.147	0.145	0.138	0.138	0.138	0.138	0.138	0.138	
0.107	0.107	0.107	0.107	0.107	0.107	0.107	0.107	0.107	0.088	0.081	0.081	0.081	0.081	0.081	0.081	0.116	0.147	0.147	0.147	0.147	0.142	0.138	0.138	0.138	0.138	0.138	0.138	
0.107	0.107	0.107	0.107	0.107	0.107	0.107	0.107	0.107	0.092	0.081	0.081	0.081	0.081	0.081	0.081	0.135	0.147	0.147	0.147	0.147	0.139	0.138	0.138	0.138	0.138	0.138	0.138	
0.226	0.107	0.107	0.107	0.107	0.107	0.107	0.107	0.107	0.097	0.081	0.081	0.081	0.081	0.081	0.088	0.147	0.147	0.147	0.147	0.144	0.138	0.138	0.138	0.138	0.138	0.138	0.138	
0.374	0.196	0.107	0.107	0.107	0.107	0.107	0.107	0.107	0.101	0.081	0.081	0.081	0.081	0.081	0.107	0.147	0.147	0.147	0.147	0.141	0.138	0.138	0.138	0.138	0.138	0.138	0.138	
0.376	0.368	0.170	0.107	0.107	0.107	0.107	0.107	0.107	0.105	0.081	0.081	0.081	0.081	0.081	0.126	0.147	0.147	0.147	0.147	0.138	0.138	0.138	0.138	0.138	0.138	0.138	0.138	
0.376	0.376	0.357	0.149	0.107	0.107	0.107	0.107	0.107	0.107	0.084	0.081	0.081	0.081	0.082	0.143	0.147	0.147	0.147	0.144	0.138	0.138	0.138	0.138	0.138	0.138	0.138	0.138	
0.376	0.376	0.376	0.342	0.132	0.107	0.107	0.107	0.107	0.107	0.088	0.081	0.081	0.081	0.097	0.147	0.147	0.147	0.147	0.141	0.138	0.138	0.138	0.138	0.138	0.138	0.138	0.138	
0.376	0.376	0.376	0.376	0.322	0.119	0.107	0.107	0.107	0.107	0.092	0.081	0.081	0.081	0.116	0.147	0.147	0.147	0.146	0.138	0.138	0.138	0.138	0.138	0.138	0.138	0.138	0.138	
0.376	0.376	0.376	0.376	0.376	0.298	0.111	0.107	0.107	0.107	0.097	0.081	0.081	0.081	0.135	0.147	0.147	0.147	0.171	0.138	0.138	0.138	0.138	0.138	0.138	0.138	0.138	0.138	
0.376	0.376	0.376	0.376	0.376	0.376	0.269	0.107	0.107	0.107	0.101	0.081	0.081	0.088	0.147	0.147	0.147	0.525	1.141	0.138	0.138	0.138	0.138	0.138	0.138	0.138	0.138	0.138	
0.376	0.376	0.376	0.376	0.376	0.376	0.376	0.237	0.107	0.107	0.105	0.081	0.081	0.107	0.147	0.147	0.435	2.066	1.393	0.138	0.138	0.138	0.138	0.138	0.138	0.138	0.138	0.138	
0.376	0.376	0.376	0.376	0.376	0.376	0.376	0.375	0.236	0.367	0.621	1.362	1.412	0.955	0.147	0.357	1.989	2.275	1.502	0.138	0.138	0.138	0.138	0.138	0.138	0.138	0.138	0.138	
0.376	0.376	0.376	0.376	0.376	0.376	0.376	0.376	1.542	2.709	2.698	2.609	2.609	2.600	2.038	2.145	2.275	2.275	1.610	0.138	0.138	0.138	0.138	0.138	0.138	0.138	0.138	0.138	
0.376	0.376	0.376	0.376	0.376	0.376	0.376	0.522	2.563	2.709	2.708	2.612	2.609	2.667	2.842	2.824	2.403	2.275	1.719	0.138	0.138	0.138	0.138	0.138	0.138	0.138	0.138	0.138	
0.376	0.376	0.382	0.457	0.551	0.645	0.739	0.901	2.175	2.709	2.707	2.623	2.609	2.757	2.842	2.842	2.767	2.677	1.993	0.537	0.506	0.476	0.446	0.415	0.385	0.354	0.324	0.294	
0.665	0.759	0.847	0.866	0.866	0.866	0.866	0.866	0.905	2.138	2.642	2.628	2.626	2.802	2.844	2.807	2.746	2.746	1.781	0.649	0.649	0.649	0.649	0.649	0.649	0.649	0.649	0.649	
0.866	0.866	0.866	0.866	0.866	0.866	0.866	0.866	0.867	1.925	2.628	2.628	2.630	2.929	2.980	2.844	2.746	2.746	1.491	0.649	0.649	0.649	0.649	0.649	0.649	0.649	0.649	0.649	
0.787	0.811	0.836	0.859	0.866	0.866	0.866	1.203	2.263	2.759	2.657	2.633	2.782	2.984	2.984	2.974	2.887	2.872	1.438	0.649	0.649	0.649	0.649	0.649	0.649	0.649	0.649	0.649	
0.665	0.665	0.665	0.666	0.684	0.708	0.982	2.678	2.767	2.767	2.913	3.389	3.413	3.052	2.984	3.004	3.028	3.028	2.436	0.829	0.815	0.802	0.789	0.776	0.763	0.749	0.736	0.723	
0.665	0.665	0.665	0.665	0.665	0.665	0.665	1.280	2.714	2.767	3.116	3.436	3.436	3.447	3.506	3.284	3.028	3.028	1.671	0.909	0.909	0.909	0.909	0.909	0.909	0.909	0.909	0.909	
0.665	0.665	0.665	0.665	0.665	0.665	0.665	0.665	2.048	3.450	3.533	3.499	3.586	3.678	3.702	3.682	3.278	3.298	1.304	0.909	0.909	0.909	0.909	0.909	0.909	0.906	0.897	0.889	
0.665	0.665	0.665	0.665	0.665	0.665	0.665	0.665	2.574	3.548	3.548	3.906	4.007	3.879	3.702	3.670	3.490	3.489	2.749	0.911	0.908	0.900	0.891	0.882	0.873	0.867	0.867	0.867	
0.665	0.665	0.711	0.840	0.971	1.103	1.234	1.365	2.476	3.659	3.716	3.999	4.007	4.015	4.010	3.977	3.522	3.493	3.522	1.020	0.868	0.867	0.867	0.867	0.867	0.867	0.867	0.856	
0.892	1.291	1.563	1.567	1.567	1.567	1.567	1.567	2.158	4.098	4.098	4.176	4.286	4.217	4.076	4.076	4.055	4.188	4.215	0.993	0.867	0.867	0.867	0.867	0.867	0.859	0.828	0.807	
0.859	0.859	0.978	1.282	1.538	1.567	1.570	1.850	2.819	4.098	4.109	4.343	4.423	4.402	4.165	4.578	4.682	4.248	4.246	1.668	0.867	0.867	0.867	0.861	0.831	0.807	0.806	0.806	
0.859	0.859	0.859	0.859	0.908	1.967	3.337	3.512	3.512	4.361	4.839	4.769	4.467	4.709	4.932	5.007	5.005	4.405	4.039	3.873	2.460	0.992	0.834	0.808	0.806	0.806	0.806	0.806	
0.859	0.859	0.859	0.859	0.859	0.912	2.834	3.512	3.512	4.602	4.884	5.094	5.346	4.900	4.906	5.411	5.459	4.855	3.980	3.976	4.273	2.209	0.806	0.806	0.806	0.806	0.806	0.806	
0.859	0.859	0.859	0.859	0.859	0.859	2.242	5.429	5.429	6.139	5.904	5.848	5.876	4.873	4.845	5.871	5.889	5.921	5.422	4.636	4.877	2.437	0.806	0.806	0.806	0.806	0.806	0.806	
0.859	0.859	0.859	0.859	0.859	0.859	2.472	5.584	5.589	6.172	6.173	5.950	4.669	2.530	3.868	4.477	5.736	5.924	5.924	4.911	4.877	2.603	0.806	0.806	0.806	0.806	0.806	0.806	
0.000	0.000	0.000	0.000	0.000	0.000	0.000	0.000	0.000	0.000	0.000	0.000	1.311	2.449	3.675	2.098	0.000	0.000	0.000	0.000	0.000	0.000	0.000	0.000	0.000	0.000	0.000	0.000	
0.000	0.000	0.000	0.000	0.000	0.000	0.000	0.000	0.000	0.000	0.000	0.000	0.612	2.449	3.481	0.987	0.000	0.000	0.000	0.000	0.000	0.000	0.000	0.000	0.000	0.000	0.000	0.000	
0.000	0.000	0.000	0.000	0.000	0.000	0.000	0.000	0.000	0.000	0.000	0.000	0.612	2.449	3.288	0.987	0.000	0.000	0.000	0.000	0.000	0.000	0.000	0.000	0.000	0.000	0.000	0.000	
0.000	0.000	0.000	0.000	0.000	0.000	0.000	0.000	0.000	0.000	0.000	0.000	0.612	2.449	3.094	0.987	0.000	0.000	0.000	0.000	0.000	0.000	0.000	0.000	0.000	0.000	0.000	0.000	
0.000	0.000	0.000	0.000	0.000	0.000	0.000	0.000	0.000	0.000	0.000	0.000	0.612	2.449	2.900	0.987	0.000	0.000	0.000	0.000	0.000	0.000	0.000	0.000	0.000	0.000	0.000	0.000	
