0.404	0.404	0.404	0.404	0.417	0.499	0.499	0.499	0.499	0.499	0.499	0.499	0.487	0.450	0.450	0.450	0.450	0.450	0.442	0.282	0.282	0.282	0.282	0.282	0.282	0.282	0.282	0.282	
0.404	0.404	0.404	0.404	0.404	0.488	0.499	0.499	0.499	0.499	0.499	0.499	0.480	0.450	0.450	0.450	0.450	0.450	0.426	0.282	0.282	0.282	0.282	0.282	0.282	0.282	0.282	0.282	
0.404	0.404	0.404	0.404	0.404	0.464	0.499	0.499	0.499	0.499	0.499	0.499	0.473	0.450	0.450	0.450	0.450	0.450	0.411	0.282	0.282	0.282	0.282	0.282	0.282	0.282	0.282	0.282	
0.404	0.404	0.404	0.404	0.404	0.441	0.499	0.499	0.499	0.499	0.499	0.499	0.466	0.450	0.450	0.450	0.450	0.450	0.395	0.282	0.282	0.282	0.282	0.282	0.282	0.282	0.282	0.282	
0.404	0.404	0.404	0.404	0.404	0.419	0.500	0.499	0.499	0.499	0.499	0.499	0.459	0.450	0.450	0.450	0.450	0.450	0.379	0.282	0.282	0.282	0.282	0.282	0.282	0.282	0.282	0.282	
0.404	0.404	0.404	0.404	0.404	0.524	0.797	0.499	0.499	0.499	0.499	0.498	0.452	0.450	0.450	0.450	0.450	0.450	0.683	0.316	0.282	0.282	0.282	0.282	0.282	0.282	0.282	0.282	
0.404	0.404	0.404	0.404	0.404	0.685	1.056	0.768	0.499	0.499	0.499	0.493	0.450	0.450	0.450	0.450	0.450	0.543	0.932	0.722	0.284	0.282	0.282	0.282	0.282	0.282	0.282	0.282	
0.404	0.404	0.404	0.404	0.404	0.846	1.056	1.055	0.740	0.499	0.499	0.486	0.450	0.450	0.450	0.450	0.450	0.780	0.934	0.934	0.587	0.282	0.282	0.282	0.282	0.282	0.282	0.282	
0.404	0.404	0.404	0.404	0.407	1.004	1.056	1.056	1.053	0.767	0.827	0.977	0.589	0.450	0.450	0.450	0.537	0.931	0.934	0.934	0.926	0.458	0.282	0.282	0.282	0.282	0.282	0.282	
0.404	0.404	0.404	0.404	0.516	1.056	1.056	1.056	1.056	1.226	1.321	1.321	1.299	0.894	0.782	0.903	0.994	0.934	0.934	0.934	0.934	0.884	0.363	0.282	0.282	0.282	0.282	0.282	
0.404	0.404	0.404	0.404	0.677	1.056	1.056	1.056	1.088	1.316	1.321	1.321	1.321	1.202	1.119	1.119	1.117	0.959	0.934	0.934	0.934	0.934	0.802	0.327	0.313	0.305	0.297	0.289	
0.444	0.438	0.432	0.425	0.841	1.056	1.056	1.057	1.199	1.321	1.321	1.321	1.312	1.131	1.119	1.119	1.119	1.042	0.934	0.934	0.934	0.870	0.628	0.536	0.536	0.536	0.536	0.536	
0.735	0.735	0.735	0.735	0.783	1.037	1.074	1.078	1.094	1.239	1.321	1.321	1.244	1.119	1.119	1.119	1.119	1.088	1.027	0.998	0.793	0.547	0.536	0.536	0.536	0.536	0.536	0.536	
0.735	0.735	0.735	0.735	0.735	0.971	1.078	1.078	1.078	1.078	1.168	1.229	1.127	1.119	1.119	1.119	1.110	1.057	1.054	1.054	0.803	0.536	0.536	0.536	0.536	0.536	0.536	0.536	
0.735	0.735	0.735	0.735	0.735	0.908	1.078	1.078	1.078	1.078	1.065	1.007	1.007	1.043	1.105	1.119	1.070	1.054	1.054	1.054	0.938	0.536	0.536	0.536	0.536	0.536	0.536	0.536	
0.735	0.735	0.735	0.735	0.735	0.904	1.081	1.078	1.078	1.078	1.037	1.007	1.007	1.007	1.011	1.055	1.054	1.054	1.054	1.054	1.045	0.563	0.536	0.536	0.536	0.536	0.536	0.536	
0.735	0.735	0.735	0.735	0.823	1.519	1.487	1.144	1.078	1.076	1.012	1.007	1.007	1.007	1.007	1.018	1.054	1.054	1.054	1.054	1.054	0.689	0.536	0.536	0.536	0.536	0.536	0.536	
0.735	0.735	0.735	0.787	1.466	1.634	1.634	1.603	1.242	1.115	1.007	1.007	1.007	1.007	1.007	1.040	1.083	1.077	1.072	1.066	1.060	0.808	0.533	0.533	0.532	0.531	0.531	0.530	
0.736	0.741	0.751	1.398	1.634	1.634	1.634	1.560	1.259	1.249	1.128	1.007	1.007	1.033	1.218	1.224	1.087	1.087	1.087	1.087	1.087	0.655	0.522	0.522	0.522	0.522	0.522	0.522	
0.815	0.816	0.816	1.063	1.587	1.634	1.618	1.309	1.249	1.249	1.249	1.210	1.210	1.361	1.387	1.367	1.103	1.087	1.087	1.087	1.028	0.527	0.522	0.522	0.522	0.522	0.522	0.522	
0.816	0.816	0.816	0.816	0.941	1.504	1.400	1.249	1.249	1.249	1.278	1.397	1.398	1.388	1.387	1.387	1.233	1.087	1.087	1.087	0.846	0.522	0.522	0.522	0.522	0.522	0.522	0.522	
0.816	0.816	0.816	0.816	0.816	0.863	1.239	1.249	1.249	1.251	1.370	1.399	1.399	1.391	1.387	1.387	1.367	1.103	1.087	1.087	0.660	0.522	0.522	0.522	0.522	0.522	0.522	0.522	
0.816	0.816	0.816	0.816	0.816	0.816	1.138	1.249	1.249	1.320	1.399	1.399	1.399	1.396	1.387	1.387	1.387	1.238	1.124	1.110	0.539	0.522	0.522	0.522	0.522	0.522	0.522	0.522	
0.816	0.816	0.816	0.816	0.816	0.822	1.066	1.163	1.145	1.225	1.392	1.399	1.399	1.399	1.389	1.387	1.341	1.248	1.238	1.238	1.141	0.926	0.713	0.539	0.522	0.522	0.522	0.522	
0.801	0.802	0.803	0.804	0.922	1.276	1.304	1.124	1.124	1.124	1.189	1.378	1.399	1.248	1.019	1.028	1.228	1.238	1.238	1.238	1.284	1.295	1.295	1.256	1.060	0.847	0.592	0.518	
0.784	0.784	0.784	0.784	1.027	1.372	1.371	1.174	1.124	1.124	1.124	1.161	1.105	0.966	0.966	0.966	1.149	1.238	1.238	1.238	1.288	1.295	1.295	1.295	1.293	0.965	0.534	0.508	
0.784	0.784	0.784	0.784	0.999	1.372	1.372	1.292	1.124	1.124	1.124	1.116	0.966	0.966	0.966	0.966	1.059	1.238	1.238	1.238	1.292	1.295	1.295	1.235	0.751	0.508	0.508	0.508	
0.784	0.784	0.784	0.784	0.971	1.372	1.372	1.370	1.163	1.124	1.124	1.089	0.966	0.966	0.966	0.966	0.979	1.229	1.238	1.240	1.295	1.295	1.097	0.593	0.508	0.508	0.508	0.508	
0.784	0.784	0.784	0.784	0.944	1.372	1.372	1.372	1.285	1.134	1.124	1.063	0.966	0.966	0.966	0.966	0.966	1.152	1.114	0.898	0.861	0.891	0.516	0.508	0.508	0.508	0.508	0.508	
0.784	0.784	0.784	0.784	0.916	1.372	1.374	1.399	1.428	1.433	1.398	1.308	1.150	0.974	0.971	0.970	0.970	0.869	0.792	0.792	0.792	0.792	0.583	0.508	0.508	0.508	0.508	0.508	
0.784	0.784	0.784	0.753	0.680	0.879	1.414	1.434	1.434	1.434	1.389	1.329	1.329	1.005	0.997	0.997	0.997	0.854	0.792	0.792	0.792	0.792	0.733	0.509	0.508	0.508	0.508	0.508	
0.784	0.722	0.604	0.517	0.513	0.513	1.039	1.434	1.434	1.434	1.356	1.329	1.329	1.005	0.997	0.997	0.997	0.923	0.792	0.792	0.792	0.792	0.792	0.601	0.508	0.508	0.508	0.508	
0.569	0.513	0.513	0.513	0.513	0.513	0.573	1.357	1.434	1.427	1.331	1.329	1.329	1.005	0.997	0.997	0.997	0.847	0.637	0.781	0.792	0.792	0.792	0.748	0.512	0.508	0.508	0.508	
0.513	0.513	0.513	0.513	0.513	0.513	0.513	0.875	1.434	1.396	1.329	1.329	1.329	1.005	0.997	0.997	0.953	0.479	0.416	0.456	0.629	0.778	0.792	0.792	0.618	0.508	0.508	0.508	
0.513	0.513	0.513	0.513	0.513	0.513	0.513	0.521	1.285	1.352	1.329	1.329	1.329	1.005	0.997	0.996	0.595	0.416	0.416	0.416	0.416	0.451	0.621	0.775	0.760	0.517	0.508	0.508	
0.513	0.513	0.513	0.513	0.513	0.513	0.524	0.990	1.322	1.322	1.323	1.327	1.329	1.005	0.997	0.753	0.416	0.416	0.416	0.416	0.416	0.416	0.416	0.446	0.614	0.616	0.508	0.508	
0.000	0.513	0.513	0.513	0.513	0.551	1.084	1.322	1.322	1.322	1.322	1.317	1.290	1.194	0.967	0.435	0.416	0.416	0.416	0.416	0.416	0.416	0.416	0.416	0.416	0.429	0.483	0.508	
0.513	0.513	0.513	0.517	0.582	1.048	1.322	1.322	1.322	1.322	1.320	1.291	1.283	1.283	1.217	0.482	0.425	0.416	0.416	0.416	0.416	0.416	0.416	0.416	0.416	0.416	0.418	0.471	
0.526	0.601	0.684	0.762	0.781	0.781	0.876	1.085	1.280	1.322	1.296	1.283	1.283	1.283	1.107	0.608	0.602	0.552	0.492	0.433	0.416	0.416	0.416	0.416	0.416	0.416	0.416	0.416	
0.773	0.781	0.781	0.781	0.781	0.781	0.781	0.781	0.795	1.040	1.283	1.283	1.283	1.283	0.902	0.608	0.608	0.608	0.608	0.607	0.564	0.504	0.444	0.416	0.416	0.416	0.416	0.424	
0.781	0.781	0.781	0.781	0.781	0.781	0.781	0.781	0.781	0.863	1.368	1.283	1.283	1.315	0.786	0.608	0.608	0.608	0.608	0.608	0.608	0.608	0.608	0.577	0.515	0.441	0.456	0.467	
0.570	0.607	0.644	0.681	0.718	0.755	0.780	0.781	0.781	1.583	2.175	2.023	1.752	1.750	1.561	0.666	0.608	0.608	0.608	0.608	0.608	0.608	0.608	0.602	0.512	0.467	0.467	0.467	
0.549	0.549	0.549	0.549	0.549	0.549	0.561	0.597	0.841	2.175	2.177	2.177	2.029	1.806	1.806	1.475	0.634	0.608	0.608	0.608	0.608	0.608	0.613	0.495	0.467	0.467	0.467	0.467	
0.549	0.549	0.549	0.549	0.549	0.549	0.549	0.549	0.553	1.948	2.177	2.177	1.958	1.806	1.806	1.806	1.377	0.615	0.681	0.802	0.922	1.043	0.756	0.467	0.467	0.467	0.467	0.467	
0.549	0.549	0.549	0.549	0.549	0.549	0.549	0.549	0.556	1.834	2.282	2.281	2.306	2.027	1.815	1.806	1.691	1.123	1.115	1.115	1.115	1.110	0.536	0.467	0.467	0.467	0.467	0.467	
0.549	0.549	0.549	0.549	0.549	0.549	0.549	0.553	1.643	2.474	2.474	2.420	2.397	2.397	2.314	2.011	1.185	1.115	1.115	1.115	1.115	1.064	0.467	0.467	0.467	0.467	0.467	0.467	
0.549	0.549	0.549	0.557	0.594	0.635	0.676	1.249	2.474	2.474	2.474	2.436	2.397	2.397	2.401	2.419	1.473	1.115	1.115	1.115	1.448	1.885	0.467	0.467	0.467	0.467	0.467	0.467	
0.778	0.819	0.859	0.893	0.896	0.896	0.896	0.896	1.544	2.443	2.759	3.245	2.599	2.487	2.431	2.421	2.149	1.119	1.115	1.473	2.463	2.021	0.467	0.467	0.467	0.467	0.467	0.467	
0.896	0.896	0.896	0.896	0.896	0.896	0.896	0.896	0.896	2.540	4.020	4.020	2.935	2.608	2.498	2.421	2.421	1.525	1.500	2.474	2.527	2.082	0.467	0.467	0.467	0.467	0.467	0.467	
0.896	0.896	0.896	0.896	0.896	0.896	0.896	0.896	0.896	2.636	4.020	4.020	2.820	2.608	2.567	2.421	2.421	2.284	2.483	2.527	2.527	2.142	0.467	0.467	0.467	0.467	0.467	0.467	
0.000	0.000	0.000	0.000	0.000	0.000	0.000	0.000	0.000	0.000	0.000	0.000	1.393	2.608	2.607	1.313	0.000	0.000	0.000	0.000	0.000	0.000	0.000	0.000	0.000	0.000	0.000	0.000	
0.000	0.000	0.000	0.000	0.000	0.000	0.000	0.000	0.000	0.000	0.000	0.000	0.674	2.720	2.759	0.696	0.000	0.000	0.000	0.000	0.000	0.000	0.000	0.000	0.000	0.000	0.000	0.000	
0.000	0.000	0.000	0.000	0.000	0.000	0.000	0.000	0.000	0.000	0.000	0.000	0.727	2.908	2.908	0.727	0.000	0.000	0.000	0.000	0.000	0.000	0.000	0.000	0.000	0.000	0.000	0.000	
0.000	0.000	0.000	0.000	0.000	0.000	0.000	0.000	0.000	0.000	0.000	0.000	0.727	2.908	2.908	0.727	0.000	0.000	0.000	0.000	0.000	0.000	0.000	0.000	0.000	0.000	0.000	0.000	
0.000	0.000	0.000	0.000	0.000	0.000	0.000	0.000	0.000	0.000	0.000	0.000	0.727	2.908	2.908	0.727	0.000	0.000	0.000	0.000	0.000	0.000	0.000	0.000	0.000	0.000	0.000	0.000	
