0.044	0.044	0.044	0.044	0.044	0.044	0.044	0.044	0.044	0.044	0.044	0.044	0.044	0.044	0.044	0.044	0.044	0.044	0.047	0.056	0.056	0.056	0.056	0.056	0.056	0.056	0.056	0.056	
0.044	0.044	0.044	0.044	0.044	0.044	0.044	0.044	0.044	0.044	0.044	0.044	0.044	0.044	0.044	0.044	0.044	0.044	0.048	0.056	0.056	0.056	0.056	0.056	0.056	0.056	0.056	0.056	
0.044	0.044	0.044	0.044	0.044	0.044	0.044	0.044	0.044	0.044	0.044	0.044	0.044	0.044	0.044	0.044	0.044	0.044	0.049	0.056	0.056	0.056	0.056	0.056	0.056	0.056	0.056	0.056	
0.044	0.044	0.044	0.044	0.044	0.044	0.044	0.044	0.044	0.044	0.044	0.044	0.044	0.044	0.044	0.044	0.044	0.044	0.050	0.056	0.056	0.056	0.056	0.056	0.056	0.056	0.056	0.056	
0.044	0.044	0.044	0.044	0.044	0.044	0.044	0.044	0.044	0.044	0.044	0.044	0.044	0.044	0.044	0.044	0.044	0.044	0.050	0.056	0.056	0.056	0.056	0.056	0.056	0.056	0.056	0.056	
0.044	0.044	0.044	0.044	0.044	0.044	0.044	0.044	0.044	0.044	0.044	0.044	0.044	0.044	0.044	0.044	0.044	0.044	0.051	0.056	0.056	0.056	0.056	0.056	0.056	0.056	0.056	0.056	
0.044	0.044	0.044	0.044	0.044	0.044	0.044	0.044	0.044	0.044	0.044	0.044	0.044	0.044	0.044	0.044	0.044	0.044	0.052	0.056	0.056	0.056	0.056	0.056	0.056	0.056	0.056	0.056	
0.044	0.044	0.044	0.044	0.044	0.044	0.044	0.044	0.044	0.044	0.044	0.044	0.044	0.044	0.044	0.044	0.044	0.044	0.053	0.056	0.056	0.056	0.056	0.056	0.056	0.056	0.056	0.056	
0.044	0.044	0.044	0.044	0.044	0.044	0.044	0.044	0.044	0.044	0.044	0.044	0.044	0.044	0.044	0.044	0.044	0.044	0.054	0.056	0.056	0.056	0.056	0.056	0.056	0.056	0.056	0.056	
0.044	0.044	0.044	0.044	0.044	0.044	0.044	0.044	0.044	0.044	0.044	0.044	0.044	0.044	0.044	0.044	0.044	0.044	0.054	0.056	0.056	0.056	0.056	0.056	0.056	0.056	0.056	0.056	
0.044	0.044	0.044	0.044	0.044	0.044	0.044	0.044	0.044	0.044	0.044	0.044	0.044	0.044	0.044	0.044	0.044	0.044	0.055	0.056	0.056	0.056	0.056	0.056	0.056	0.056	0.056	0.056	
0.060	0.044	0.044	0.044	0.044	0.044	0.044	0.044	0.044	0.044	0.044	0.044	0.044	0.044	0.044	0.044	0.044	0.044	0.056	0.056	0.056	0.056	0.056	0.056	0.056	0.056	0.056	0.056	
0.119	0.044	0.044	0.044	0.044	0.044	0.044	0.044	0.044	0.044	0.044	0.044	0.044	0.044	0.044	0.044	0.044	0.045	0.056	0.056	0.056	0.056	0.056	0.056	0.056	0.056	0.056	0.056	
0.179	0.045	0.044	0.044	0.044	0.044	0.044	0.044	0.044	0.044	0.044	0.044	0.044	0.044	0.044	0.044	0.044	0.046	0.056	0.056	0.056	0.056	0.056	0.056	0.056	0.056	0.056	0.056	
0.203	0.081	0.044	0.044	0.044	0.044	0.044	0.044	0.044	0.044	0.044	0.044	0.044	0.044	0.044	0.044	0.044	0.047	0.056	0.056	0.056	0.056	0.056	0.056	0.056	0.056	0.056	0.056	
0.203	0.142	0.044	0.044	0.044	0.044	0.044	0.044	0.044	0.044	0.044	0.044	0.044	0.044	0.044	0.044	0.044	0.047	0.056	0.056	0.056	0.056	0.056	0.056	0.056	0.056	0.056	0.056	
0.203	0.195	0.052	0.044	0.044	0.044	0.044	0.044	0.044	0.044	0.044	0.044	0.044	0.044	0.044	0.044	0.044	0.048	0.056	0.056	0.056	0.056	0.056	0.056	0.056	0.056	0.056	0.056	
0.203	0.203	0.104	0.044	0.044	0.044	0.044	0.044	0.044	0.044	0.044	0.044	0.044	0.044	0.044	0.044	0.044	0.049	0.056	0.056	0.056	0.056	0.056	0.056	0.056	0.056	0.056	0.056	
0.203	0.203	0.165	0.044	0.044	0.044	0.044	0.044	0.044	0.044	0.044	0.044	0.044	0.044	0.044	0.044	0.044	0.050	0.056	0.056	0.056	0.056	0.056	0.056	0.056	0.056	0.056	0.056	
0.203	0.203	0.203	0.067	0.044	0.044	0.044	0.044	0.044	0.044	0.044	0.044	0.044	0.044	0.044	0.044	0.044	0.051	0.056	0.056	0.056	0.056	0.056	0.056	0.056	0.056	0.056	0.056	
0.203	0.203	0.203	0.128	0.044	0.044	0.044	0.044	0.044	0.044	0.044	0.044	0.044	0.044	0.044	0.044	0.044	0.051	0.056	0.056	0.056	0.056	0.056	0.056	0.056	0.056	0.056	0.056	
0.203	0.203	0.203	0.186	0.046	0.044	0.044	0.044	0.044	0.044	0.044	0.044	0.044	0.044	0.044	0.044	0.044	0.052	0.056	0.056	0.056	0.056	0.056	0.056	0.056	0.056	0.056	0.056	
0.203	0.203	0.203	0.203	0.090	0.044	0.044	0.044	0.044	0.044	0.044	0.044	0.044	0.044	0.044	0.044	0.044	0.053	0.056	0.056	0.056	0.056	0.056	0.056	0.056	0.056	0.056	0.056	
0.203	0.203	0.203	0.203	0.151	0.044	0.044	0.044	0.044	0.044	0.044	0.044	0.044	0.044	0.044	0.044	0.044	0.054	0.056	0.056	0.056	0.056	0.056	0.056	0.056	0.056	0.056	0.056	
0.206	0.203	0.203	0.203	0.199	0.057	0.044	0.044	0.044	0.044	0.044	0.044	0.044	0.044	0.044	0.044	0.044	0.055	0.056	0.056	0.056	0.056	0.056	0.056	0.056	0.056	0.056	0.056	
0.237	0.203	0.203	0.203	0.203	0.113	0.044	0.044	0.044	0.044	0.044	0.044	0.044	0.044	0.044	0.044	0.044	0.055	0.056	0.056	0.056	0.056	0.056	0.056	0.056	0.056	0.056	0.056	
0.273	0.205	0.203	0.203	0.203	0.174	0.044	0.044	0.044	0.044	0.044	0.044	0.044	0.044	0.044	0.044	0.044	0.056	0.056	0.056	0.056	0.056	0.056	0.056	0.056	0.056	0.056	0.056	
0.283	0.234	0.203	0.203	0.203	0.203	0.076	0.044	0.044	0.044	0.044	0.044	0.044	0.044	0.044	0.044	0.045	0.056	0.056	0.056	0.056	0.056	0.056	0.056	0.056	0.056	0.056	0.056	
0.283	0.271	0.204	0.203	0.203	0.203	0.136	0.044	0.044	0.044	0.044	0.044	0.044	0.044	0.044	0.044	0.046	0.056	0.056	0.056	0.056	0.056	0.056	0.056	0.056	0.056	0.056	0.056	
0.283	0.283	0.230	0.203	0.203	0.203	0.192	0.049	0.044	0.044	0.044	0.044	0.044	0.044	0.044	0.044	0.047	0.056	0.056	0.056	0.056	0.056	0.056	0.056	0.056	0.056	0.056	0.056	
0.283	0.283	0.268	0.204	0.203	0.203	0.203	0.099	0.044	0.044	0.044	0.044	0.044	0.044	0.044	0.044	0.048	0.056	0.056	0.056	0.056	0.056	0.056	0.056	0.056	0.056	0.056	0.056	
0.283	0.283	0.283	0.227	0.203	0.203	0.203	0.159	0.044	0.044	0.044	0.044	0.044	0.044	0.044	0.044	0.048	0.056	0.056	0.056	0.056	0.056	0.056	0.056	0.056	0.056	0.056	0.056	
0.283	0.283	0.283	0.265	0.203	0.203	0.203	0.202	0.063	0.044	0.044	0.044	0.044	0.044	0.044	0.044	0.049	0.056	0.056	0.056	0.056	0.056	0.056	0.056	0.056	0.056	0.056	0.056	
0.283	0.283	0.283	0.283	0.224	0.203	0.203	0.203	0.122	0.044	0.044	0.044	0.044	0.044	0.044	0.044	0.050	0.056	0.056	0.056	0.056	0.056	0.056	0.056	0.056	0.056	0.056	0.056	
0.283	0.283	0.283	0.283	0.262	0.203	0.203	0.203	0.182	0.045	0.044	0.044	0.044	0.044	0.044	0.044	0.051	0.056	0.056	0.056	0.056	0.056	0.056	0.056	0.056	0.056	0.056	0.089	
0.283	0.283	0.283	0.283	0.283	0.220	0.203	0.203	0.203	0.084	0.044	0.044	0.044	0.044	0.044	0.044	0.052	0.056	0.056	0.056	0.056	0.056	0.056	0.056	0.056	0.056	0.057	0.275	
0.283	0.283	0.283	0.283	0.283	0.258	0.203	0.203	0.203	0.145	0.044	0.044	0.044	0.044	0.044	0.044	0.052	0.056	0.056	0.056	0.056	0.056	0.056	0.056	0.056	0.056	0.175	0.364	
0.348	0.283	0.283	0.283	0.283	0.283	0.217	0.203	0.203	0.197	0.053	0.044	0.044	0.044	0.044	0.044	0.053	0.056	0.056	0.056	0.056	0.056	0.056	0.056	0.056	0.092	0.347	0.364	
0.439	0.304	0.283	0.283	0.283	0.283	0.255	0.203	0.203	0.203	0.107	0.044	0.044	0.044	0.044	0.044	0.054	0.056	0.056	0.056	0.056	0.056	0.056	0.056	0.057	0.281	0.364	0.364	
0.448	0.406	0.284	0.283	0.283	0.283	0.282	0.215	0.203	0.203	0.168	0.044	0.044	0.044	0.044	0.044	0.055	0.056	0.056	0.056	0.056	0.056	0.056	0.056	0.181	0.364	0.364	0.364	
0.448	0.448	0.355	0.283	0.283	0.283	0.283	0.252	0.203	0.203	0.203	0.070	0.044	0.044	0.044	0.044	0.056	0.056	0.056	0.056	0.056	0.056	0.056	0.184	0.349	0.364	0.364	0.364	
0.448	0.448	0.442	0.309	0.283	0.283	0.283	0.281	0.212	0.203	0.203	0.130	0.044	0.044	0.044	0.045	0.056	0.056	0.056	0.056	0.056	0.056	0.376	0.819	0.364	0.364	0.364	0.364	
0.448	0.448	0.448	0.413	0.285	0.283	0.283	0.283	0.248	0.203	0.203	0.188	0.047	0.044	0.044	0.045	0.056	0.056	0.056	0.056	0.056	0.456	1.455	0.451	0.364	0.364	0.364	0.364	
0.448	0.448	0.448	0.448	0.363	0.283	0.283	0.283	0.280	0.210	0.203	0.203	0.093	0.044	0.044	0.046	0.056	0.056	0.056	0.056	0.544	1.537	1.083	0.364	0.364	0.364	0.364	0.364	
0.448	0.448	0.448	0.448	0.444	0.314	0.283	0.283	0.283	0.245	0.203	0.203	0.154	0.044	0.044	0.047	0.056	0.056	0.056	0.641	1.560	1.574	0.555	0.364	0.364	0.364	0.364	0.364	
0.448	0.448	0.448	0.448	0.448	0.418	0.287	0.283	0.283	0.278	0.208	0.203	0.208	1.137	0.580	1.185	0.792	0.056	0.747	1.575	1.581	1.230	0.364	0.364	0.364	0.364	0.364	0.364	
0.448	0.448	0.448	0.448	0.448	0.448	0.370	0.283	0.283	0.283	0.242	0.298	1.936	4.452	4.452	4.427	4.418	3.038	1.580	1.581	1.581	0.696	0.364	0.364	0.364	0.364	0.364	0.364	
0.448	0.448	0.448	0.448	0.448	0.448	0.446	2.270	0.906	0.329	2.398	4.244	4.428	4.450	4.454	4.465	4.422	4.204	1.824	1.684	2.479	0.368	0.364	0.364	0.364	0.364	0.364	0.364	
0.448	0.448	0.448	0.448	0.448	0.448	0.448	4.457	4.822	4.787	5.598	4.703	4.426	4.403	4.851	5.023	4.994	5.510	5.137	4.639	4.871	1.132	0.364	0.364	0.364	0.364	0.364	0.364	
0.448	0.448	0.448	0.448	0.448	0.448	0.448	4.547	4.838	5.308	5.602	5.378	4.047	3.244	4.296	5.039	5.198	5.531	5.465	4.871	4.871	2.728	0.364	0.364	0.364	0.364	0.364	0.364	
0.000	0.000	0.000	0.000	0.000	0.000	0.000	0.000	0.000	0.000	0.000	0.000	1.648	3.091	3.155	2.400	0.000	0.000	0.000	0.000	0.000	0.000	0.000	0.000	0.000	0.000	0.000	0.000	
0.000	0.000	0.000	0.000	0.000	0.000	0.000	0.000	0.000	0.000	0.000	0.000	0.773	3.091	3.091	0.773	0.000	0.000	0.000	0.000	0.000	0.000	0.000	0.000	0.000	0.000	0.000	0.000	
0.000	0.000	0.000	0.000	0.000	0.000	0.000	0.000	0.000	0.000	0.000	0.000	0.867	3.507	3.570	0.902	0.000	0.000	0.000	0.000	0.000	0.000	0.000	0.000	0.000	0.000	0.000	0.000	
0.000	0.000	0.000	0.000	0.000	0.000	0.000	0.000	0.000	0.000	0.000	0.000	1.017	4.068	4.068	1.017	0.000	0.000	0.000	0.000	0.000	0.000	0.000	0.000	0.000	0.000	0.000	0.000	
0.000	0.000	0.000	0.000	0.000	0.000	0.000	0.000	0.000	0.000	0.000	0.000	1.017	4.068	4.068	1.017	0.000	0.000	0.000	0.000	0.000	0.000	0.000	0.000	0.000	0.000	0.000	0.000	
