0.046	0.046	0.046	0.046	0.046	0.046	0.046	0.046	0.046	0.046	0.046	0.046	0.046	0.137	0.195	0.083	0.052	0.052	0.052	0.052	0.052	0.052	0.052	0.052	0.052	0.052	0.052	0.052	
0.046	0.046	0.046	0.046	0.046	0.046	0.046	0.046	0.046	0.046	0.046	0.046	0.046	0.138	0.195	0.088	0.052	0.052	0.052	0.052	0.052	0.052	0.052	0.052	0.052	0.052	0.052	0.052	
0.046	0.046	0.046	0.046	0.046	0.046	0.046	0.046	0.046	0.046	0.046	0.046	0.046	0.140	0.195	0.094	0.052	0.052	0.052	0.052	0.052	0.052	0.052	0.052	0.052	0.052	0.052	0.052	
0.046	0.046	0.046	0.046	0.046	0.046	0.046	0.046	0.046	0.046	0.046	0.046	0.046	0.141	0.195	0.099	0.052	0.052	0.052	0.052	0.052	0.052	0.052	0.052	0.052	0.052	0.052	0.052	
0.046	0.046	0.046	0.046	0.046	0.046	0.046	0.046	0.046	0.046	0.046	0.046	0.046	0.143	0.195	0.104	0.052	0.052	0.052	0.052	0.052	0.052	0.052	0.052	0.052	0.052	0.052	0.052	
0.046	0.046	0.046	0.046	0.046	0.046	0.046	0.046	0.046	0.046	0.046	0.046	0.046	0.144	0.195	0.109	0.052	0.052	0.052	0.052	0.052	0.052	0.052	0.052	0.052	0.052	0.052	0.052	
0.046	0.046	0.046	0.046	0.046	0.046	0.046	0.046	0.046	0.046	0.046	0.046	0.046	0.146	0.195	0.114	0.052	0.052	0.052	0.052	0.052	0.052	0.052	0.052	0.052	0.052	0.052	0.052	
0.046	0.046	0.046	0.046	0.046	0.046	0.046	0.046	0.046	0.046	0.046	0.046	0.046	0.147	0.195	0.120	0.052	0.052	0.052	0.052	0.052	0.052	0.052	0.052	0.052	0.052	0.052	0.052	
0.046	0.046	0.046	0.046	0.046	0.046	0.046	0.046	0.046	0.046	0.046	0.046	0.046	0.149	0.195	0.125	0.052	0.052	0.052	0.052	0.052	0.052	0.052	0.052	0.052	0.052	0.052	0.052	
0.046	0.046	0.046	0.046	0.046	0.046	0.046	0.046	0.046	0.046	0.046	0.046	0.046	0.150	0.195	0.130	0.052	0.052	0.052	0.052	0.052	0.052	0.052	0.052	0.052	0.052	0.052	0.052	
0.046	0.046	0.046	0.046	0.046	0.046	0.046	0.046	0.046	0.046	0.046	0.046	0.046	0.152	0.195	0.135	0.052	0.052	0.052	0.052	0.052	0.052	0.052	0.052	0.052	0.052	0.052	0.052	
0.046	0.046	0.046	0.046	0.046	0.046	0.046	0.046	0.046	0.046	0.046	0.046	0.046	0.153	0.195	0.141	0.052	0.052	0.052	0.052	0.052	0.052	0.052	0.052	0.052	0.052	0.052	0.052	
0.046	0.046	0.046	0.046	0.046	0.046	0.046	0.046	0.046	0.046	0.046	0.046	0.046	0.155	0.195	0.146	0.052	0.052	0.052	0.052	0.052	0.052	0.052	0.052	0.052	0.052	0.052	0.052	
0.046	0.046	0.046	0.046	0.046	0.046	0.046	0.046	0.046	0.046	0.046	0.046	0.046	0.156	0.195	0.151	0.052	0.052	0.052	0.052	0.052	0.052	0.052	0.052	0.052	0.052	0.052	0.052	
0.046	0.046	0.046	0.046	0.046	0.046	0.046	0.046	0.046	0.046	0.046	0.046	0.046	0.158	0.195	0.156	0.052	0.052	0.052	0.052	0.052	0.052	0.052	0.052	0.052	0.052	0.052	0.052	
0.046	0.046	0.046	0.046	0.046	0.046	0.046	0.046	0.046	0.046	0.046	0.046	0.046	0.159	0.195	0.162	0.052	0.052	0.052	0.052	0.052	0.052	0.052	0.052	0.052	0.052	0.052	0.052	
0.046	0.046	0.046	0.046	0.046	0.046	0.046	0.046	0.046	0.046	0.046	0.046	0.046	0.161	0.195	0.167	0.052	0.052	0.052	0.052	0.052	0.052	0.052	0.052	0.052	0.052	0.052	0.052	
0.046	0.046	0.046	0.046	0.046	0.046	0.046	0.046	0.046	0.046	0.046	0.046	0.046	0.162	0.195	0.172	0.052	0.052	0.052	0.052	0.052	0.052	0.052	0.052	0.052	0.052	0.052	0.052	
0.046	0.046	0.046	0.046	0.046	0.046	0.046	0.046	0.046	0.046	0.046	0.046	0.046	0.164	0.195	0.177	0.052	0.052	0.052	0.052	0.052	0.052	0.052	0.052	0.052	0.052	0.052	0.052	
0.046	0.046	0.046	0.046	0.046	0.046	0.046	0.046	0.046	0.046	0.046	0.046	0.046	0.165	0.195	0.182	0.052	0.052	0.052	0.052	0.052	0.052	0.052	0.052	0.052	0.052	0.052	0.052	
0.046	0.046	0.046	0.046	0.046	0.046	0.046	0.046	0.046	0.046	0.046	0.046	0.046	0.167	0.195	0.188	0.052	0.052	0.052	0.052	0.052	0.052	0.052	0.052	0.052	0.052	0.052	0.052	
0.046	0.046	0.046	0.046	0.046	0.046	0.046	0.046	0.046	0.046	0.046	0.046	0.046	0.168	0.195	0.193	0.052	0.052	0.052	0.052	0.052	0.052	0.052	0.052	0.052	0.052	0.052	0.052	
0.046	0.046	0.046	0.046	0.046	0.046	0.046	0.046	0.046	0.046	0.046	0.046	0.046	0.170	0.195	0.195	0.054	0.052	0.052	0.052	0.052	0.052	0.052	0.052	0.052	0.052	0.052	0.052	
0.046	0.046	0.046	0.046	0.046	0.046	0.046	0.046	0.046	0.046	0.046	0.046	0.046	0.171	0.195	0.195	0.060	0.052	0.052	0.052	0.052	0.052	0.052	0.052	0.052	0.052	0.052	0.052	
0.046	0.046	0.046	0.046	0.046	0.046	0.046	0.046	0.046	0.046	0.046	0.046	0.046	0.173	0.195	0.195	0.065	0.052	0.052	0.052	0.052	0.052	0.052	0.052	0.052	0.052	0.052	0.052	
0.046	0.046	0.046	0.046	0.046	0.046	0.046	0.046	0.046	0.046	0.046	0.046	0.046	0.174	0.195	0.195	0.070	0.052	0.052	0.052	0.052	0.052	0.052	0.052	0.052	0.052	0.052	0.052	
0.046	0.046	0.046	0.046	0.046	0.046	0.046	0.046	0.046	0.046	0.046	0.046	0.046	0.176	0.195	0.195	0.075	0.052	0.052	0.052	0.052	0.052	0.052	0.052	0.052	0.052	0.052	0.052	
0.046	0.046	0.046	0.046	0.046	0.046	0.046	0.046	0.046	0.046	0.046	0.046	0.046	0.177	0.195	0.195	0.081	0.052	0.052	0.052	0.052	0.052	0.052	0.052	0.052	0.052	0.052	0.052	
0.046	0.046	0.046	0.046	0.046	0.046	0.046	0.046	0.046	0.046	0.046	0.046	0.046	0.179	0.195	0.195	0.086	0.052	0.052	0.052	0.052	0.052	0.052	0.052	0.052	0.052	0.052	0.052	
0.046	0.046	0.046	0.046	0.046	0.046	0.046	0.046	0.046	0.046	0.046	0.046	0.046	0.180	0.195	0.195	0.091	0.052	0.052	0.052	0.052	0.052	0.052	0.052	0.052	0.052	0.052	0.052	
0.046	0.046	0.046	0.046	0.046	0.046	0.046	0.046	0.046	0.046	0.046	0.046	0.046	0.182	0.195	0.195	0.096	0.052	0.052	0.052	0.052	0.052	0.052	0.052	0.052	0.052	0.052	0.094	
0.115	0.046	0.046	0.046	0.046	0.046	0.046	0.046	0.046	0.046	0.046	0.046	0.046	0.183	0.195	0.195	0.101	0.052	0.052	0.052	0.052	0.052	0.052	0.052	0.052	0.052	0.052	0.235	
0.248	0.048	0.046	0.046	0.046	0.046	0.046	0.046	0.046	0.046	0.046	0.046	0.046	0.185	0.195	0.195	0.107	0.052	0.052	0.052	0.052	0.052	0.052	0.052	0.052	0.052	0.104	0.328	
0.296	0.136	0.046	0.046	0.046	0.046	0.046	0.046	0.046	0.046	0.046	0.046	0.046	0.186	0.195	0.195	0.112	0.052	0.052	0.052	0.052	0.052	0.052	0.052	0.052	0.052	0.247	0.329	
0.296	0.264	0.053	0.046	0.046	0.046	0.046	0.046	0.046	0.046	0.046	0.046	0.046	0.188	0.195	0.195	0.117	0.052	0.052	0.052	0.052	0.052	0.052	0.052	0.052	0.114	0.329	0.329	
0.296	0.296	0.157	0.046	0.046	0.046	0.046	0.046	0.046	0.046	0.046	0.046	0.046	0.189	0.195	0.195	0.122	0.052	0.052	0.052	0.052	0.052	0.052	0.052	0.052	0.258	0.329	0.329	
0.296	0.296	0.277	0.062	0.046	0.046	0.046	0.046	0.046	0.046	0.046	0.046	0.046	0.191	0.195	0.195	0.128	0.052	0.052	0.052	0.052	0.052	0.052	0.052	0.125	0.329	0.329	0.329	
0.296	0.296	0.296	0.178	0.046	0.046	0.046	0.046	0.046	0.046	0.046	0.046	0.046	0.192	0.195	0.195	0.133	0.052	0.052	0.052	0.052	0.052	0.052	0.052	0.269	0.329	0.329	0.329	
0.296	0.296	0.296	0.286	0.073	0.046	0.046	0.046	0.046	0.046	0.046	0.046	0.046	0.194	0.195	0.195	0.138	0.052	0.052	0.052	0.052	0.052	0.052	0.136	0.329	0.329	0.329	0.329	
0.296	0.296	0.296	0.296	0.199	0.046	0.046	0.046	0.046	0.046	0.046	0.046	0.046	0.195	0.195	0.195	0.143	0.052	0.052	0.052	0.052	0.052	0.054	0.279	0.329	0.329	0.329	0.329	
0.296	0.296	0.296	0.296	0.293	0.088	0.046	0.046	0.046	0.046	0.046	0.046	0.048	0.195	0.195	0.195	0.148	0.052	0.052	0.052	0.052	0.052	0.148	0.329	0.329	0.329	0.329	0.329	
0.296	0.296	0.296	0.296	0.296	0.221	0.046	0.046	0.046	0.046	0.046	0.046	0.295	0.384	0.195	0.195	0.154	0.052	0.052	0.052	0.052	0.056	0.288	0.329	0.329	0.329	0.329	0.329	
0.296	0.296	0.296	0.296	0.296	0.295	0.107	0.046	0.046	0.046	0.046	0.046	1.171	1.236	0.195	0.195	0.159	0.052	0.052	0.052	0.052	0.159	0.329	0.329	0.329	0.329	0.329	0.329	
0.296	0.296	0.296	0.296	0.296	0.296	0.390	0.200	0.046	0.046	0.046	0.046	2.074	2.144	0.195	0.195	0.164	0.052	0.052	0.052	0.059	0.296	0.329	0.329	0.329	0.329	0.329	0.329	
0.296	0.296	0.296	0.296	0.296	0.296	0.482	2.369	0.483	0.046	0.046	0.224	2.801	2.825	0.423	0.195	0.169	0.052	0.052	0.052	0.171	0.329	0.329	0.329	0.329	0.329	0.329	0.329	
0.296	0.296	0.296	0.296	0.296	0.296	0.298	2.683	2.648	0.911	0.182	1.832	2.864	2.864	1.474	0.213	1.421	1.180	0.483	2.442	1.754	0.329	0.329	0.329	0.329	0.329	0.329	0.329	
0.296	0.296	0.296	0.296	0.296	0.296	0.296	2.389	2.796	2.783	4.070	4.468	3.568	3.164	4.572	4.476	4.693	4.708	4.228	4.156	2.563	0.329	0.329	0.329	0.329	0.329	0.329	0.329	
0.296	0.296	0.296	0.296	0.296	0.296	0.428	2.617	2.796	3.183	4.492	4.468	4.367	4.161	4.721	4.738	4.710	4.708	4.306	4.156	3.281	0.499	0.605	0.711	0.817	0.923	1.029	1.135	
0.296	0.296	0.296	0.296	0.296	1.044	3.388	3.968	4.777	5.546	5.586	5.747	4.892	3.967	4.178	4.625	4.535	4.555	4.768	4.852	4.239	1.431	1.431	1.431	1.431	1.431	1.431	1.431	
0.296	0.296	0.296	0.352	2.106	3.903	3.972	3.972	5.115	5.549	5.738	5.927	5.269	3.967	3.967	4.429	4.520	4.520	4.811	4.887	4.307	1.431	1.431	1.431	1.431	1.431	1.431	1.431	
0.000	0.000	0.000	0.000	0.000	0.000	0.000	0.000	0.000	0.000	0.000	0.000	2.464	2.845	2.513	1.756	0.000	0.000	0.000	0.000	0.000	0.000	0.000	0.000	0.000	0.000	0.000	0.000	
0.000	0.000	0.000	0.000	0.000	0.000	0.000	0.000	0.000	0.000	0.000	0.000	0.530	2.121	2.121	0.530	0.000	0.000	0.000	0.000	0.000	0.000	0.000	0.000	0.000	0.000	0.000	0.000	
0.000	0.000	0.000	0.000	0.000	0.000	0.000	0.000	0.000	0.000	0.000	0.000	0.530	2.121	2.121	0.530	0.000	0.000	0.000	0.000	0.000	0.000	0.000	0.000	0.000	0.000	0.000	0.000	
0.000	0.000	0.000	0.000	0.000	0.000	0.000	0.000	0.000	0.000	0.000	0.000	0.530	2.121	2.121	0.530	0.000	0.000	0.000	0.000	0.000	0.000	0.000	0.000	0.000	0.000	0.000	0.000	
0.000	0.000	0.000	0.000	0.000	0.000	0.000	0.000	0.000	0.000	0.000	0.000	0.530	2.121	2.121	0.530	0.000	0.000	0.000	0.000	0.000	0.000	0.000	0.000	0.000	0.000	0.000	0.000	
