0.043	0.043	0.043	0.043	0.043	0.043	0.043	0.043	0.043	0.043	0.043	0.043	0.043	0.043	0.045	0.047	0.047	0.047	0.047	0.047	0.047	0.047	0.047	0.047	0.047	0.047	0.047	0.047	
0.043	0.043	0.043	0.043	0.043	0.043	0.043	0.043	0.043	0.043	0.043	0.043	0.043	0.043	0.045	0.047	0.047	0.047	0.047	0.047	0.047	0.047	0.047	0.047	0.047	0.047	0.047	0.047	
0.043	0.043	0.043	0.043	0.043	0.043	0.043	0.043	0.043	0.043	0.043	0.043	0.043	0.043	0.045	0.047	0.047	0.047	0.047	0.047	0.047	0.047	0.047	0.047	0.047	0.047	0.047	0.047	
0.043	0.043	0.043	0.043	0.043	0.043	0.043	0.043	0.043	0.043	0.043	0.043	0.043	0.043	0.045	0.047	0.047	0.047	0.047	0.047	0.047	0.047	0.047	0.047	0.047	0.047	0.047	0.047	
0.043	0.043	0.043	0.043	0.043	0.043	0.043	0.043	0.043	0.043	0.043	0.043	0.043	0.043	0.045	0.047	0.047	0.047	0.047	0.047	0.047	0.047	0.047	0.047	0.047	0.047	0.047	0.047	
0.043	0.043	0.043	0.043	0.043	0.043	0.043	0.043	0.043	0.043	0.043	0.043	0.043	0.043	0.045	0.047	0.047	0.047	0.047	0.047	0.047	0.047	0.047	0.047	0.047	0.047	0.047	0.047	
0.043	0.043	0.043	0.043	0.043	0.043	0.043	0.043	0.043	0.043	0.043	0.043	0.043	0.043	0.045	0.047	0.047	0.047	0.047	0.047	0.047	0.047	0.047	0.047	0.047	0.047	0.047	0.047	
0.043	0.043	0.043	0.043	0.043	0.043	0.043	0.043	0.043	0.043	0.043	0.043	0.043	0.043	0.045	0.047	0.047	0.047	0.047	0.047	0.047	0.047	0.047	0.047	0.047	0.047	0.047	0.047	
0.043	0.043	0.043	0.043	0.043	0.043	0.043	0.043	0.043	0.043	0.043	0.043	0.043	0.043	0.045	0.047	0.047	0.047	0.047	0.047	0.047	0.047	0.047	0.047	0.047	0.047	0.047	0.047	
0.043	0.043	0.043	0.043	0.043	0.043	0.043	0.043	0.043	0.043	0.043	0.043	0.043	0.043	0.045	0.047	0.047	0.047	0.047	0.047	0.047	0.047	0.047	0.047	0.047	0.047	0.047	0.047	
0.043	0.043	0.043	0.043	0.043	0.043	0.043	0.043	0.043	0.043	0.043	0.043	0.043	0.043	0.045	0.047	0.047	0.047	0.047	0.047	0.047	0.047	0.047	0.047	0.047	0.047	0.047	0.047	
0.043	0.043	0.043	0.043	0.043	0.043	0.043	0.043	0.043	0.043	0.043	0.043	0.043	0.043	0.045	0.047	0.047	0.047	0.047	0.047	0.047	0.047	0.047	0.047	0.047	0.047	0.047	0.047	
0.043	0.043	0.043	0.043	0.043	0.043	0.043	0.043	0.043	0.043	0.043	0.043	0.043	0.043	0.045	0.047	0.047	0.047	0.047	0.047	0.047	0.047	0.047	0.047	0.047	0.047	0.047	0.047	
0.043	0.043	0.043	0.043	0.043	0.043	0.043	0.043	0.043	0.043	0.043	0.043	0.043	0.043	0.045	0.047	0.047	0.047	0.047	0.047	0.047	0.047	0.047	0.047	0.047	0.047	0.047	0.047	
0.043	0.043	0.043	0.043	0.043	0.043	0.043	0.043	0.043	0.043	0.043	0.043	0.043	0.043	0.054	0.047	0.047	0.047	0.047	0.047	0.047	0.047	0.047	0.047	0.047	0.047	0.047	0.047	
0.043	0.043	0.043	0.043	0.043	0.043	0.043	0.043	0.043	0.043	0.043	0.043	0.043	0.043	0.096	0.047	0.047	0.047	0.047	0.047	0.047	0.047	0.047	0.047	0.047	0.047	0.047	0.047	
0.043	0.043	0.043	0.043	0.043	0.043	0.043	0.043	0.043	0.043	0.043	0.043	0.043	0.043	0.142	0.047	0.047	0.047	0.047	0.047	0.047	0.047	0.047	0.047	0.047	0.047	0.047	0.047	
0.043	0.043	0.043	0.043	0.043	0.043	0.043	0.043	0.043	0.043	0.043	0.043	0.043	0.043	0.188	0.047	0.047	0.047	0.047	0.047	0.047	0.047	0.047	0.047	0.047	0.047	0.047	0.047	
0.043	0.043	0.043	0.043	0.043	0.043	0.043	0.043	0.043	0.043	0.043	0.043	0.043	0.043	0.233	0.047	0.047	0.047	0.047	0.047	0.047	0.047	0.047	0.047	0.047	0.047	0.047	0.047	
0.043	0.043	0.043	0.043	0.043	0.043	0.043	0.043	0.043	0.043	0.043	0.043	0.043	0.043	0.279	0.047	0.047	0.047	0.047	0.047	0.047	0.047	0.047	0.047	0.047	0.047	0.047	0.047	
0.043	0.043	0.043	0.043	0.043	0.043	0.043	0.043	0.043	0.043	0.043	0.043	0.043	0.043	0.325	0.047	0.047	0.047	0.047	0.047	0.047	0.047	0.047	0.047	0.047	0.047	0.047	0.047	
0.043	0.043	0.043	0.043	0.043	0.043	0.043	0.043	0.043	0.043	0.043	0.043	0.043	0.043	0.371	0.047	0.047	0.047	0.047	0.047	0.047	0.047	0.047	0.047	0.047	0.047	0.047	0.047	
0.043	0.043	0.043	0.043	0.043	0.043	0.043	0.043	0.043	0.043	0.043	0.043	0.043	0.043	0.413	0.051	0.047	0.047	0.047	0.047	0.047	0.047	0.047	0.047	0.047	0.047	0.047	0.047	
0.043	0.043	0.043	0.043	0.043	0.043	0.043	0.043	0.043	0.043	0.043	0.043	0.043	0.044	0.432	0.076	0.047	0.047	0.047	0.047	0.047	0.047	0.047	0.047	0.047	0.047	0.047	0.047	
0.043	0.043	0.043	0.043	0.043	0.043	0.043	0.043	0.043	0.043	0.043	0.043	0.043	0.059	0.436	0.104	0.047	0.047	0.047	0.047	0.047	0.047	0.047	0.047	0.047	0.047	0.047	0.047	
0.043	0.043	0.043	0.043	0.043	0.043	0.043	0.043	0.043	0.043	0.043	0.043	0.043	0.077	0.436	0.132	0.047	0.047	0.047	0.047	0.047	0.047	0.047	0.047	0.047	0.047	0.047	0.047	
0.043	0.043	0.043	0.043	0.043	0.043	0.043	0.043	0.043	0.043	0.043	0.043	0.043	0.095	0.436	0.160	0.047	0.047	0.047	0.047	0.047	0.047	0.047	0.047	0.047	0.047	0.047	0.047	
0.043	0.043	0.043	0.043	0.043	0.043	0.043	0.043	0.043	0.043	0.043	0.043	0.043	0.113	0.436	0.187	0.047	0.047	0.047	0.047	0.047	0.047	0.047	0.047	0.047	0.047	0.047	0.047	
0.043	0.043	0.043	0.043	0.043	0.043	0.043	0.043	0.043	0.043	0.043	0.043	0.043	0.131	0.436	0.215	0.047	0.047	0.047	0.047	0.047	0.047	0.047	0.047	0.047	0.047	0.047	0.047	
0.043	0.043	0.043	0.043	0.043	0.043	0.043	0.043	0.043	0.043	0.043	0.043	0.043	0.149	0.436	0.243	0.047	0.047	0.047	0.047	0.047	0.047	0.047	0.047	0.047	0.047	0.047	0.047	
0.043	0.043	0.043	0.043	0.043	0.043	0.043	0.043	0.043	0.043	0.043	0.043	0.043	0.167	0.436	0.271	0.047	0.047	0.047	0.047	0.047	0.047	0.047	0.047	0.047	0.047	0.047	0.047	
0.043	0.043	0.043	0.043	0.043	0.043	0.043	0.043	0.043	0.043	0.043	0.043	0.043	0.185	0.436	0.299	0.047	0.047	0.047	0.047	0.047	0.047	0.047	0.047	0.047	0.047	0.047	0.080	
0.044	0.043	0.043	0.043	0.043	0.043	0.043	0.043	0.043	0.043	0.043	0.043	0.043	0.203	0.436	0.326	0.047	0.047	0.047	0.047	0.047	0.047	0.047	0.047	0.047	0.047	0.047	0.213	
0.149	0.043	0.043	0.043	0.043	0.043	0.043	0.043	0.043	0.043	0.043	0.043	0.043	0.221	0.436	0.354	0.047	0.047	0.047	0.047	0.047	0.047	0.047	0.047	0.047	0.047	0.093	0.307	
0.314	0.060	0.043	0.043	0.043	0.043	0.043	0.043	0.043	0.043	0.043	0.043	0.043	0.239	0.436	0.382	0.047	0.047	0.047	0.047	0.047	0.047	0.047	0.047	0.047	0.047	0.231	0.310	
0.343	0.214	0.043	0.043	0.043	0.043	0.043	0.043	0.043	0.043	0.043	0.043	0.043	0.257	0.436	0.410	0.047	0.047	0.047	0.047	0.047	0.047	0.047	0.047	0.047	0.108	0.310	0.310	
0.343	0.339	0.100	0.043	0.043	0.043	0.043	0.043	0.043	0.043	0.043	0.043	0.043	0.275	0.436	0.433	0.051	0.047	0.047	0.047	0.047	0.047	0.047	0.047	0.047	0.248	0.310	0.310	
0.343	0.343	0.276	0.045	0.043	0.043	0.043	0.043	0.043	0.043	0.043	0.043	0.043	0.293	0.436	0.436	0.076	0.047	0.047	0.047	0.047	0.047	0.047	0.047	0.126	0.310	0.310	0.310	
0.343	0.343	0.343	0.313	0.043	0.043	0.043	0.043	0.043	0.043	0.043	0.043	0.043	0.312	0.436	0.436	0.104	0.047	0.047	0.047	0.047	0.047	0.047	0.050	0.264	0.310	0.310	0.310	
0.343	0.343	0.343	0.566	0.465	0.043	0.043	0.043	0.043	0.043	0.043	0.043	0.043	0.330	0.436	0.436	0.132	0.047	0.047	0.047	0.047	0.047	0.047	0.144	0.310	0.310	0.310	0.310	
0.343	0.343	0.343	0.344	1.086	0.330	0.043	0.043	0.043	0.043	0.043	0.043	0.043	0.348	0.436	0.436	0.160	0.047	0.047	0.047	0.047	0.047	0.054	0.277	0.310	0.310	0.310	0.310	
0.343	0.343	0.343	0.343	0.728	1.198	0.222	0.043	0.043	0.043	0.043	0.043	0.043	0.366	0.436	0.436	0.187	0.047	0.047	0.047	0.047	0.047	0.162	0.310	0.310	0.310	0.310	0.310	
0.343	0.343	0.343	0.343	0.386	1.239	1.114	0.139	0.043	0.043	0.043	0.043	0.043	0.384	0.436	0.436	0.215	0.047	0.047	0.047	0.047	0.061	0.288	0.310	0.310	0.310	0.310	0.310	
0.343	0.343	0.343	0.343	0.343	0.882	1.297	1.004	0.081	0.043	0.043	0.043	0.087	0.588	0.436	0.436	0.243	0.047	0.047	0.047	0.047	0.180	0.310	0.310	0.310	0.310	0.310	0.310	
0.343	0.343	0.343	0.343	0.343	0.486	1.292	1.297	0.868	0.050	0.043	0.043	1.693	2.408	0.436	0.436	0.271	0.047	0.047	0.047	1.137	0.451	0.310	0.310	0.310	0.310	0.310	0.310	
0.343	0.343	0.343	0.343	0.343	0.343	1.035	1.297	1.297	0.708	0.043	0.428	3.715	3.891	1.014	0.436	1.528	0.440	0.286	2.148	3.223	0.394	0.310	0.310	0.310	0.310	0.310	0.310	
0.343	0.343	0.343	0.343	0.343	0.343	0.636	1.297	1.297	1.354	3.999	4.531	4.014	3.956	3.378	2.957	4.350	4.163	3.064	3.223	3.157	0.310	0.310	0.310	0.310	0.310	0.310	0.310	
0.343	0.343	0.343	0.343	0.343	0.343	0.383	2.258	1.390	2.408	4.637	4.624	4.379	4.361	4.557	4.485	4.352	4.366	3.689	3.223	3.185	0.636	0.310	0.310	0.310	0.310	0.310	0.310	
0.343	0.343	0.343	0.343	0.343	0.343	1.842	4.796	4.661	5.364	5.242	4.635	4.351	4.469	4.557	4.858	5.008	5.055	5.270	4.590	3.741	3.518	1.569	0.313	0.310	0.310	0.310	0.310	
0.343	0.343	0.343	0.343	0.343	0.390	4.071	4.795	4.871	5.397	5.397	4.659	4.333	4.344	4.618	5.071	5.078	5.196	5.274	4.972	3.763	3.763	3.763	2.745	0.682	0.310	0.310	0.310	
0.000	0.000	0.000	0.000	0.000	0.000	0.000	0.000	0.000	0.000	0.000	0.000	2.273	3.537	2.894	2.395	0.000	0.000	0.000	0.000	0.000	0.000	0.000	0.000	0.000	0.000	0.000	0.000	
0.000	0.000	0.000	0.000	0.000	0.000	0.000	0.000	0.000	0.000	0.000	0.000	0.557	2.226	2.226	0.556	0.000	0.000	0.000	0.000	0.000	0.000	0.000	0.000	0.000	0.000	0.000	0.000	
0.000	0.000	0.000	0.000	0.000	0.000	0.000	0.000	0.000	0.000	0.000	0.000	0.556	2.226	2.226	0.556	0.000	0.000	0.000	0.000	0.000	0.000	0.000	0.000	0.000	0.000	0.000	0.000	
0.000	0.000	0.000	0.000	0.000	0.000	0.000	0.000	0.000	0.000	0.000	0.000	0.556	2.226	2.226	0.556	0.000	0.000	0.000	0.000	0.000	0.000	0.000	0.000	0.000	0.000	0.000	0.000	
0.000	0.000	0.000	0.000	0.000	0.000	0.000	0.000	0.000	0.000	0.000	0.000	0.556	2.226	2.226	0.556	0.000	0.000	0.000	0.000	0.000	0.000	0.000	0.000	0.000	0.000	0.000	0.000	
