0.047	0.047	0.047	0.047	0.047	0.047	0.047	0.047	0.047	0.047	0.047	0.074	0.100	0.100	0.100	0.100	0.100	0.080	0.050	0.050	0.050	0.050	0.050	0.050	0.050	0.050	0.050	0.050	
0.047	0.047	0.047	0.047	0.047	0.047	0.047	0.047	0.047	0.047	0.047	0.074	0.100	0.100	0.100	0.100	0.100	0.079	0.050	0.050	0.050	0.050	0.050	0.050	0.050	0.050	0.050	0.050	
0.047	0.047	0.047	0.047	0.047	0.047	0.047	0.047	0.047	0.047	0.047	0.073	0.100	0.100	0.100	0.100	0.100	0.078	0.050	0.050	0.050	0.050	0.050	0.050	0.050	0.050	0.050	0.050	
0.047	0.047	0.047	0.047	0.047	0.047	0.047	0.047	0.047	0.047	0.047	0.072	0.100	0.100	0.100	0.100	0.100	0.077	0.050	0.050	0.050	0.050	0.050	0.050	0.050	0.050	0.050	0.050	
0.047	0.047	0.047	0.047	0.047	0.047	0.047	0.047	0.047	0.047	0.047	0.072	0.100	0.100	0.100	0.100	0.100	0.076	0.050	0.050	0.050	0.050	0.050	0.050	0.050	0.050	0.050	0.050	
0.047	0.047	0.047	0.047	0.047	0.047	0.047	0.047	0.047	0.047	0.047	0.071	0.100	0.100	0.100	0.100	0.100	0.075	0.050	0.050	0.050	0.050	0.050	0.050	0.050	0.050	0.050	0.050	
0.047	0.047	0.047	0.047	0.047	0.047	0.047	0.047	0.047	0.047	0.047	0.071	0.100	0.100	0.100	0.100	0.100	0.074	0.050	0.050	0.050	0.050	0.050	0.050	0.050	0.050	0.050	0.050	
0.047	0.047	0.047	0.047	0.047	0.047	0.047	0.047	0.047	0.047	0.047	0.070	0.100	0.100	0.100	0.100	0.100	0.073	0.050	0.050	0.050	0.050	0.050	0.050	0.050	0.050	0.050	0.050	
0.047	0.047	0.047	0.047	0.047	0.047	0.047	0.047	0.047	0.047	0.047	0.069	0.100	0.100	0.100	0.100	0.100	0.072	0.050	0.050	0.050	0.050	0.050	0.050	0.050	0.050	0.050	0.050	
0.047	0.047	0.047	0.047	0.047	0.047	0.047	0.047	0.047	0.047	0.047	0.069	0.100	0.100	0.100	0.100	0.100	0.071	0.050	0.050	0.050	0.050	0.050	0.050	0.050	0.050	0.050	0.050	
0.047	0.047	0.047	0.047	0.047	0.047	0.047	0.047	0.047	0.047	0.047	0.068	0.100	0.100	0.100	0.100	0.100	0.070	0.050	0.050	0.050	0.050	0.050	0.050	0.050	0.050	0.050	0.050	
0.047	0.047	0.047	0.047	0.047	0.047	0.047	0.047	0.047	0.047	0.047	0.068	0.100	0.100	0.100	0.100	0.100	0.069	0.050	0.050	0.050	0.050	0.050	0.050	0.050	0.050	0.050	0.050	
0.047	0.047	0.047	0.047	0.047	0.047	0.047	0.047	0.047	0.047	0.047	0.067	0.100	0.100	0.100	0.100	0.100	0.068	0.050	0.050	0.050	0.050	0.050	0.050	0.050	0.050	0.050	0.050	
0.047	0.047	0.047	0.047	0.047	0.047	0.047	0.047	0.047	0.047	0.047	0.066	0.100	0.100	0.100	0.100	0.100	0.066	0.050	0.050	0.050	0.050	0.050	0.050	0.050	0.050	0.050	0.050	
0.047	0.047	0.047	0.047	0.047	0.047	0.047	0.047	0.047	0.047	0.047	0.066	0.100	0.100	0.100	0.100	0.100	0.065	0.050	0.050	0.050	0.050	0.050	0.050	0.050	0.050	0.050	0.050	
0.047	0.047	0.047	0.047	0.047	0.047	0.047	0.047	0.047	0.047	0.047	0.065	0.100	0.100	0.100	0.100	0.100	0.064	0.050	0.050	0.050	0.050	0.050	0.050	0.050	0.050	0.050	0.050	
0.047	0.047	0.047	0.047	0.047	0.047	0.047	0.047	0.047	0.047	0.047	0.065	0.100	0.100	0.100	0.100	0.100	0.063	0.050	0.050	0.050	0.050	0.050	0.050	0.050	0.050	0.050	0.050	
0.047	0.047	0.047	0.047	0.047	0.047	0.047	0.047	0.047	0.047	0.047	0.064	0.100	0.100	0.100	0.100	0.100	0.062	0.050	0.050	0.050	0.050	0.050	0.050	0.050	0.050	0.050	0.050	
0.047	0.047	0.047	0.047	0.047	0.047	0.047	0.047	0.047	0.047	0.047	0.064	0.100	0.100	0.100	0.100	0.100	0.061	0.050	0.050	0.050	0.050	0.050	0.050	0.050	0.050	0.050	0.050	
0.047	0.047	0.047	0.047	0.047	0.047	0.047	0.047	0.047	0.047	0.047	0.063	0.100	0.100	0.100	0.100	0.100	0.060	0.050	0.050	0.050	0.050	0.050	0.050	0.050	0.050	0.050	0.050	
0.047	0.047	0.047	0.047	0.047	0.047	0.047	0.047	0.047	0.047	0.047	0.062	0.100	0.100	0.100	0.100	0.100	0.059	0.050	0.050	0.050	0.050	0.050	0.050	0.050	0.050	0.050	0.050	
0.047	0.047	0.047	0.047	0.047	0.047	0.047	0.047	0.047	0.047	0.047	0.062	0.100	0.100	0.100	0.100	0.100	0.058	0.050	0.050	0.050	0.050	0.050	0.050	0.050	0.050	0.050	0.050	
0.047	0.047	0.047	0.047	0.047	0.047	0.047	0.047	0.047	0.047	0.047	0.061	0.100	0.100	0.100	0.100	0.100	0.057	0.050	0.050	0.050	0.050	0.050	0.050	0.050	0.050	0.050	0.050	
0.047	0.047	0.047	0.047	0.047	0.047	0.047	0.047	0.047	0.047	0.047	0.061	0.100	0.100	0.100	0.100	0.100	0.056	0.050	0.050	0.050	0.050	0.050	0.050	0.050	0.050	0.050	0.050	
0.047	0.047	0.047	0.047	0.047	0.047	0.047	0.047	0.047	0.047	0.047	0.060	0.100	0.100	0.100	0.100	0.100	0.055	0.050	0.050	0.050	0.050	0.050	0.050	0.050	0.050	0.050	0.050	
0.047	0.047	0.047	0.047	0.047	0.047	0.047	0.047	0.047	0.047	0.047	0.059	0.100	0.100	0.100	0.100	0.100	0.054	0.050	0.050	0.050	0.050	0.050	0.050	0.050	0.050	0.050	0.050	
0.047	0.047	0.047	0.047	0.047	0.047	0.047	0.047	0.047	0.047	0.047	0.059	0.100	0.100	0.100	0.100	0.100	0.053	0.050	0.050	0.050	0.050	0.050	0.050	0.050	0.050	0.050	0.050	
0.047	0.047	0.047	0.047	0.047	0.047	0.047	0.047	0.047	0.047	0.047	0.058	0.100	0.100	0.100	0.100	0.100	0.052	0.050	0.050	0.050	0.050	0.050	0.050	0.050	0.050	0.050	0.050	
0.047	0.047	0.047	0.047	0.047	0.047	0.047	0.047	0.047	0.047	0.047	0.058	0.100	0.100	0.100	0.100	0.100	0.051	0.050	0.050	0.050	0.050	0.050	0.050	0.050	0.050	0.050	0.050	
0.047	0.047	0.047	0.047	0.047	0.047	0.047	0.047	0.047	0.047	0.047	0.057	0.100	0.100	0.100	0.100	0.100	0.050	0.050	0.050	0.050	0.050	0.050	0.050	0.050	0.050	0.050	0.050	
0.047	0.047	0.047	0.047	0.047	0.047	0.047	0.047	0.047	0.047	0.047	0.056	0.100	0.100	0.100	0.100	0.099	0.050	0.050	0.050	0.050	0.050	0.050	0.050	0.050	0.050	0.050	0.050	
0.047	0.047	0.047	0.047	0.047	0.047	0.047	0.047	0.047	0.047	0.047	0.056	0.100	0.100	0.100	0.100	0.098	0.050	0.050	0.050	0.050	0.050	0.050	0.050	0.050	0.050	0.050	0.050	
0.047	0.047	0.047	0.047	0.047	0.047	0.047	0.047	0.047	0.047	0.047	0.055	0.100	0.100	0.100	0.100	0.097	0.050	0.050	0.050	0.050	0.050	0.050	0.050	0.050	0.050	0.050	0.050	
0.047	0.047	0.047	0.047	0.047	0.047	0.047	0.047	0.047	0.047	0.047	0.055	0.100	0.100	0.100	0.100	0.095	0.050	0.050	0.050	0.050	0.050	0.050	0.050	0.050	0.050	0.050	0.050	
0.047	0.047	0.047	0.047	0.047	0.047	0.047	0.047	0.047	0.047	0.047	0.054	0.100	0.100	0.100	0.100	0.094	0.050	0.050	0.050	0.050	0.050	0.050	0.050	0.050	0.050	0.050	0.050	
0.047	0.047	0.047	0.047	0.047	0.047	0.047	0.047	0.047	0.047	0.047	0.053	0.100	0.100	0.100	0.100	0.093	0.050	0.050	0.050	0.050	0.050	0.050	0.050	0.050	0.050	0.050	0.050	
0.047	0.047	0.047	0.047	0.047	0.047	0.047	0.047	0.047	0.047	0.047	0.053	0.100	0.100	0.100	0.100	0.092	0.050	0.050	0.050	0.050	0.050	0.050	0.050	0.050	0.050	0.050	0.050	
0.047	0.047	0.047	0.047	0.047	0.047	0.047	0.047	0.047	0.047	0.047	0.052	0.100	0.100	0.100	0.100	0.091	0.050	0.050	0.050	0.050	0.050	0.050	0.050	0.050	0.050	0.050	0.050	
0.047	0.047	0.047	0.047	0.047	0.047	0.047	0.047	0.047	0.047	0.047	0.052	0.100	0.100	0.100	0.100	0.090	0.050	0.050	0.050	0.050	0.050	0.050	0.050	0.050	0.050	0.050	0.050	
0.047	0.047	0.047	0.047	0.047	0.047	0.047	0.047	0.047	0.047	0.047	0.051	0.100	0.100	0.100	0.100	0.089	0.050	0.050	0.050	0.050	0.050	0.050	0.050	0.050	0.050	0.050	0.050	
0.047	0.047	0.047	0.047	0.047	0.047	0.047	0.047	0.047	0.047	0.047	0.050	0.100	0.100	0.100	0.100	0.101	0.050	0.050	0.050	0.050	0.050	0.050	0.050	0.050	0.050	0.050	0.050	
0.047	0.047	0.047	0.047	0.047	0.047	0.047	0.047	0.047	0.047	0.047	0.050	0.100	0.100	0.100	0.100	0.666	0.050	0.050	0.050	0.050	0.050	0.050	0.050	0.050	0.050	0.050	0.050	
0.298	0.060	0.047	0.047	0.047	0.047	0.047	0.047	0.047	0.047	0.047	0.049	0.100	0.100	0.100	0.100	1.468	0.102	0.050	0.050	0.050	0.050	0.050	0.050	0.050	0.050	0.050	0.050	
0.548	0.466	0.163	0.047	0.047	0.047	0.047	0.047	0.047	0.047	0.047	0.049	0.100	0.100	0.100	0.100	2.012	0.412	0.050	0.050	0.050	0.050	0.050	0.050	0.050	0.050	0.072	0.345	
0.548	0.548	0.545	0.340	0.075	0.047	0.047	0.047	0.047	0.047	0.047	0.231	0.259	0.100	0.100	0.331	2.291	0.757	0.050	0.050	0.050	0.050	0.050	0.050	0.053	0.266	0.585	0.655	
0.548	0.548	0.548	0.548	0.494	0.202	0.047	0.047	0.047	0.047	0.047	1.314	1.627	0.100	0.100	0.840	2.291	1.102	0.050	0.050	0.050	0.050	0.050	0.189	0.526	0.655	0.655	0.655	
0.548	0.548	0.548	0.548	0.548	0.548	0.383	0.095	0.047	0.047	0.047	2.506	3.124	0.223	0.100	1.350	2.291	1.447	0.050	0.050	0.050	0.127	0.450	0.653	0.655	0.655	0.655	0.655	
0.548	0.548	0.548	0.548	0.548	0.548	0.548	0.516	0.244	0.049	0.709	3.392	3.426	1.541	0.100	1.860	2.291	2.198	0.191	0.083	0.371	0.636	0.655	0.655	0.655	0.655	0.655	0.655	
0.548	0.548	0.548	0.548	0.548	0.548	0.548	0.548	0.548	1.775	4.610	4.258	3.458	2.994	1.947	2.558	3.567	4.582	3.774	0.601	0.655	0.655	0.655	0.655	0.655	0.655	0.655	0.655	
0.548	0.548	0.548	0.548	0.548	0.548	0.548	0.548	0.548	2.363	4.691	4.691	4.116	2.926	2.907	2.932	4.516	4.633	4.362	0.655	0.655	0.655	0.655	0.655	0.655	0.655	0.655	0.655	
0.000	0.000	0.000	0.000	0.000	0.000	0.000	0.000	0.000	0.000	0.000	0.000	1.867	2.907	2.907	1.544	0.000	0.000	0.000	0.000	0.000	0.000	0.000	0.000	0.000	0.000	0.000	0.000	
0.000	0.000	0.000	0.000	0.000	0.000	0.000	0.000	0.000	0.000	0.000	0.000	0.716	2.873	2.885	0.723	0.000	0.000	0.000	0.000	0.000	0.000	0.000	0.000	0.000	0.000	0.000	0.000	
0.000	0.000	0.000	0.000	0.000	0.000	0.000	0.000	0.000	0.000	0.000	0.000	0.713	2.852	2.852	0.713	0.000	0.000	0.000	0.000	0.000	0.000	0.000	0.000	0.000	0.000	0.000	0.000	
0.000	0.000	0.000	0.000	0.000	0.000	0.000	0.000	0.000	0.000	0.000	0.000	0.713	2.852	2.852	0.713	0.000	0.000	0.000	0.000	0.000	0.000	0.000	0.000	0.000	0.000	0.000	0.000	
0.000	0.000	0.000	0.000	0.000	0.000	0.000	0.000	0.000	0.000	0.000	0.000	0.713	2.852	2.852	0.713	0.000	0.000	0.000	0.000	0.000	0.000	0.000	0.000	0.000	0.000	0.000	0.000	
