0.053	0.053	0.053	0.053	0.053	0.053	0.053	0.053	0.053	0.148	0.151	0.151	0.150	0.042	0.041	0.041	0.041	0.041	0.041	0.041	0.041	0.041	0.041	0.041	0.041	0.041	0.041	0.041	
0.053	0.053	0.053	0.053	0.053	0.053	0.053	0.053	0.053	0.141	0.151	0.151	0.151	0.046	0.041	0.041	0.041	0.041	0.041	0.041	0.041	0.041	0.041	0.041	0.041	0.041	0.041	0.041	
0.053	0.053	0.053	0.053	0.053	0.053	0.053	0.053	0.053	0.134	0.151	0.151	0.151	0.051	0.041	0.041	0.041	0.041	0.041	0.041	0.041	0.041	0.041	0.041	0.041	0.041	0.041	0.041	
0.053	0.053	0.053	0.053	0.053	0.053	0.053	0.053	0.053	0.127	0.151	0.151	0.151	0.057	0.041	0.041	0.041	0.041	0.041	0.041	0.041	0.041	0.041	0.041	0.041	0.041	0.041	0.041	
0.053	0.053	0.053	0.053	0.053	0.053	0.053	0.053	0.053	0.120	0.151	0.151	0.151	0.062	0.041	0.041	0.041	0.041	0.041	0.041	0.041	0.041	0.041	0.041	0.041	0.041	0.041	0.041	
0.053	0.053	0.053	0.053	0.053	0.053	0.053	0.053	0.053	0.113	0.151	0.151	0.151	0.068	0.041	0.041	0.041	0.041	0.041	0.041	0.041	0.041	0.041	0.041	0.041	0.041	0.041	0.041	
0.053	0.053	0.053	0.053	0.053	0.053	0.053	0.053	0.053	0.106	0.151	0.151	0.151	0.073	0.041	0.041	0.041	0.041	0.041	0.041	0.041	0.041	0.041	0.041	0.041	0.041	0.041	0.041	
0.053	0.053	0.053	0.053	0.053	0.053	0.053	0.053	0.053	0.099	0.151	0.151	0.151	0.078	0.041	0.041	0.041	0.041	0.041	0.041	0.041	0.041	0.041	0.041	0.041	0.041	0.041	0.041	
0.053	0.053	0.053	0.053	0.053	0.053	0.053	0.053	0.053	0.092	0.151	0.151	0.151	0.084	0.041	0.041	0.041	0.041	0.041	0.041	0.041	0.041	0.041	0.041	0.041	0.041	0.041	0.041	
0.053	0.053	0.053	0.053	0.053	0.053	0.053	0.053	0.053	0.085	0.151	0.151	0.151	0.089	0.041	0.041	0.041	0.041	0.041	0.041	0.041	0.041	0.041	0.041	0.041	0.041	0.041	0.041	
0.053	0.053	0.053	0.053	0.053	0.053	0.053	0.053	0.053	0.078	0.151	0.151	0.151	0.094	0.041	0.041	0.041	0.041	0.041	0.041	0.041	0.041	0.041	0.041	0.041	0.041	0.041	0.041	
0.053	0.053	0.053	0.053	0.053	0.053	0.053	0.053	0.053	0.071	0.151	0.151	0.151	0.100	0.041	0.041	0.041	0.041	0.041	0.041	0.041	0.041	0.041	0.041	0.041	0.041	0.041	0.041	
0.053	0.053	0.053	0.053	0.053	0.053	0.053	0.053	0.053	0.064	0.151	0.151	0.151	0.105	0.041	0.041	0.041	0.041	0.041	0.041	0.041	0.041	0.041	0.041	0.041	0.041	0.041	0.041	
0.053	0.053	0.053	0.053	0.053	0.053	0.053	0.053	0.053	0.057	0.151	0.151	0.151	0.111	0.041	0.041	0.041	0.041	0.041	0.041	0.041	0.041	0.041	0.041	0.041	0.041	0.041	0.041	
0.053	0.053	0.053	0.053	0.053	0.053	0.053	0.053	0.053	0.053	0.148	0.151	0.151	0.116	0.041	0.041	0.041	0.041	0.041	0.041	0.041	0.041	0.041	0.041	0.041	0.041	0.041	0.041	
0.053	0.053	0.053	0.053	0.053	0.053	0.053	0.053	0.053	0.053	0.141	0.151	0.151	0.121	0.041	0.041	0.041	0.041	0.041	0.041	0.041	0.041	0.041	0.041	0.041	0.041	0.041	0.041	
0.053	0.053	0.053	0.053	0.053	0.053	0.053	0.053	0.053	0.053	0.134	0.151	0.151	0.127	0.041	0.041	0.041	0.041	0.041	0.041	0.041	0.041	0.041	0.041	0.041	0.041	0.041	0.041	
0.053	0.053	0.053	0.053	0.053	0.053	0.053	0.053	0.053	0.053	0.127	0.151	0.151	0.132	0.041	0.041	0.041	0.041	0.041	0.041	0.041	0.041	0.041	0.041	0.041	0.041	0.041	0.041	
0.053	0.053	0.053	0.053	0.053	0.053	0.053	0.053	0.053	0.053	0.120	0.151	0.151	0.138	0.041	0.041	0.041	0.041	0.041	0.041	0.041	0.041	0.041	0.041	0.041	0.041	0.041	0.041	
0.053	0.053	0.053	0.053	0.053	0.053	0.053	0.053	0.053	0.053	0.113	0.151	0.151	0.143	0.041	0.041	0.041	0.041	0.041	0.041	0.041	0.041	0.041	0.041	0.041	0.041	0.041	0.041	
0.053	0.053	0.053	0.053	0.053	0.053	0.053	0.053	0.053	0.053	0.106	0.151	0.151	0.148	0.041	0.041	0.041	0.041	0.041	0.041	0.041	0.041	0.041	0.041	0.041	0.041	0.041	0.041	
0.053	0.053	0.053	0.053	0.053	0.053	0.053	0.053	0.053	0.053	0.099	0.151	0.151	0.151	0.044	0.041	0.041	0.041	0.041	0.041	0.041	0.041	0.041	0.041	0.041	0.041	0.041	0.041	
0.053	0.053	0.053	0.053	0.053	0.053	0.053	0.053	0.053	0.053	0.092	0.151	0.151	0.151	0.050	0.041	0.041	0.041	0.041	0.041	0.041	0.041	0.041	0.041	0.041	0.041	0.041	0.041	
0.053	0.053	0.053	0.053	0.053	0.053	0.053	0.053	0.053	0.053	0.085	0.151	0.151	0.151	0.055	0.041	0.041	0.041	0.041	0.041	0.041	0.041	0.041	0.041	0.041	0.041	0.041	0.041	
0.053	0.053	0.053	0.053	0.053	0.053	0.053	0.053	0.053	0.053	0.078	0.151	0.151	0.151	0.060	0.041	0.041	0.041	0.041	0.041	0.041	0.041	0.041	0.041	0.041	0.041	0.041	0.041	
0.053	0.053	0.053	0.053	0.053	0.053	0.053	0.053	0.053	0.053	0.071	0.151	0.151	0.151	0.066	0.041	0.041	0.041	0.041	0.041	0.041	0.041	0.041	0.041	0.041	0.041	0.041	0.041	
0.053	0.053	0.053	0.053	0.053	0.053	0.053	0.053	0.053	0.053	0.064	0.151	0.151	0.151	0.071	0.041	0.041	0.041	0.041	0.041	0.041	0.041	0.041	0.041	0.041	0.041	0.041	0.041	
0.053	0.053	0.053	0.053	0.053	0.053	0.053	0.053	0.053	0.053	0.057	0.151	0.151	0.151	0.077	0.041	0.041	0.041	0.041	0.041	0.041	0.041	0.041	0.041	0.041	0.041	0.041	0.041	
0.053	0.053	0.053	0.053	0.053	0.053	0.053	0.053	0.053	0.053	0.053	0.148	0.151	0.151	0.082	0.041	0.041	0.041	0.041	0.041	0.041	0.041	0.041	0.041	0.041	0.041	0.041	0.041	
0.053	0.053	0.053	0.053	0.053	0.053	0.053	0.053	0.053	0.053	0.053	0.141	0.151	0.151	0.087	0.041	0.041	0.041	0.041	0.041	0.041	0.041	0.041	0.041	0.041	0.041	0.041	0.041	
0.053	0.053	0.053	0.053	0.053	0.053	0.053	0.053	0.053	0.053	0.053	0.134	0.151	0.151	0.093	0.041	0.041	0.041	0.041	0.041	0.041	0.041	0.041	0.041	0.041	0.041	0.041	0.041	
0.053	0.053	0.053	0.053	0.053	0.053	0.053	0.053	0.053	0.053	0.053	0.127	0.151	0.151	0.098	0.041	0.041	0.041	0.041	0.041	0.041	0.041	0.041	0.041	0.041	0.041	0.041	0.041	
0.053	0.053	0.053	0.053	0.053	0.053	0.053	0.053	0.053	0.053	0.053	0.120	0.151	0.151	0.103	0.041	0.041	0.041	0.041	0.041	0.041	0.041	0.041	0.041	0.041	0.041	0.041	0.041	
0.053	0.053	0.053	0.053	0.053	0.053	0.053	0.053	0.053	0.053	0.053	0.113	0.151	0.151	0.109	0.041	0.041	0.041	0.041	0.041	0.041	0.041	0.041	0.041	0.041	0.041	0.041	0.041	
0.053	0.053	0.053	0.053	0.053	0.053	0.053	0.053	0.053	0.053	0.053	0.106	0.151	0.151	0.114	0.041	0.041	0.041	0.041	0.041	0.041	0.041	0.041	0.041	0.041	0.041	0.041	0.041	
0.053	0.053	0.053	0.053	0.053	0.053	0.053	0.053	0.053	0.053	0.053	0.099	0.151	0.151	0.120	0.041	0.041	0.041	0.041	0.041	0.041	0.041	0.041	0.041	0.041	0.041	0.041	0.041	
0.053	0.053	0.053	0.053	0.053	0.053	0.053	0.053	0.053	0.053	0.053	0.092	0.151	0.151	0.125	0.041	0.041	0.041	0.041	0.041	0.041	0.041	0.041	0.041	0.041	0.041	0.041	0.041	
0.053	0.053	0.053	0.053	0.053	0.053	0.053	0.053	0.053	0.053	0.053	0.085	0.151	0.151	0.130	0.041	0.041	0.041	0.041	0.041	0.041	0.041	0.041	0.041	0.041	0.041	0.041	0.154	
0.053	0.053	0.053	0.053	0.053	0.053	0.053	0.053	0.053	0.053	0.053	0.078	0.151	0.151	0.136	0.041	0.041	0.041	0.041	0.041	0.041	0.041	0.041	0.041	0.041	0.041	0.134	0.330	
0.053	0.053	0.053	0.053	0.053	0.053	0.053	0.053	0.053	0.053	0.053	0.071	0.151	0.151	0.141	0.041	0.041	0.041	0.041	0.041	0.041	0.041	0.041	0.041	0.041	0.115	0.325	0.334	
0.196	0.053	0.053	0.053	0.053	0.053	0.053	0.053	0.053	0.053	0.053	0.064	0.151	0.151	0.147	0.041	0.041	0.041	0.041	0.041	0.041	0.041	0.041	0.041	0.099	0.318	0.334	0.334	
0.412	0.277	0.065	0.053	0.053	0.053	0.053	0.053	0.053	0.053	0.053	0.057	0.151	0.151	0.150	0.043	0.041	0.041	0.041	0.041	0.041	0.041	0.041	0.084	0.309	0.334	0.334	0.334	
0.412	0.412	0.345	0.102	0.053	0.053	0.053	0.053	0.053	0.053	0.053	0.053	0.148	0.151	0.151	0.048	0.041	0.041	0.041	0.041	0.041	0.041	0.072	0.298	0.334	0.334	0.334	0.334	
0.412	0.412	0.412	0.389	0.162	0.053	0.053	0.053	0.053	0.053	0.053	0.053	0.141	0.151	0.151	0.053	0.041	0.041	0.041	0.041	0.041	0.062	0.285	0.334	0.334	0.334	0.334	0.334	
0.412	0.412	0.412	0.412	0.410	0.241	0.057	0.053	0.053	0.053	0.053	0.053	0.134	0.151	0.151	0.059	0.041	0.041	0.041	0.041	0.054	0.269	0.334	0.334	0.334	0.334	0.334	0.334	
0.412	0.412	0.412	0.412	0.412	0.412	0.317	0.083	0.053	0.053	0.053	0.053	0.127	0.151	0.151	0.064	0.041	0.041	0.041	0.048	0.252	0.334	0.334	0.334	0.334	0.334	0.334	0.334	
0.412	0.412	0.412	0.412	0.412	0.412	0.412	0.372	0.132	0.053	0.053	0.053	0.120	0.151	0.151	0.069	0.041	0.041	0.043	0.233	0.334	0.334	0.334	0.334	0.334	0.334	0.334	0.334	
0.412	0.412	0.412	0.412	0.412	0.412	0.412	0.412	0.404	0.205	0.053	0.065	0.899	0.151	0.151	0.453	0.408	0.224	0.211	0.334	0.334	0.334	0.334	0.334	0.334	0.334	0.334	0.334	
0.412	0.412	0.412	0.412	0.412	0.412	0.412	0.412	0.412	0.412	0.369	3.027	4.276	3.107	0.975	4.120	4.321	4.277	0.334	0.334	0.334	0.334	0.334	0.334	0.334	0.334	0.334	0.334	
0.412	0.412	0.412	0.412	0.412	0.412	0.412	0.412	0.412	0.412	0.746	4.276	4.276	3.208	1.688	3.195	4.321	4.321	0.367	0.334	0.334	0.334	0.334	0.334	0.334	0.334	0.334	0.334	
0.000	0.000	0.000	0.000	0.000	0.000	0.000	0.000	0.000	0.000	0.000	0.000	2.083	1.876	1.688	0.974	0.000	0.000	0.000	0.000	0.000	0.000	0.000	0.000	0.000	0.000	0.000	0.000	
0.000	0.000	0.000	0.000	0.000	0.000	0.000	0.000	0.000	0.000	0.000	0.000	0.422	1.688	1.688	0.422	0.000	0.000	0.000	0.000	0.000	0.000	0.000	0.000	0.000	0.000	0.000	0.000	
0.000	0.000	0.000	0.000	0.000	0.000	0.000	0.000	0.000	0.000	0.000	0.000	0.422	1.688	1.688	0.422	0.000	0.000	0.000	0.000	0.000	0.000	0.000	0.000	0.000	0.000	0.000	0.000	
0.000	0.000	0.000	0.000	0.000	0.000	0.000	0.000	0.000	0.000	0.000	0.000	0.422	1.688	1.688	0.422	0.000	0.000	0.000	0.000	0.000	0.000	0.000	0.000	0.000	0.000	0.000	0.000	
0.000	0.000	0.000	0.000	0.000	0.000	0.000	0.000	0.000	0.000	0.000	0.000	0.422	1.688	1.688	0.422	0.000	0.000	0.000	0.000	0.000	0.000	0.000	0.000	0.000	0.000	0.000	0.000	
