0.053	0.053	0.053	0.053	0.053	0.053	0.053	0.053	0.053	0.053	0.053	0.094	0.123	0.123	0.123	0.123	0.123	0.061	0.056	0.056	0.056	0.056	0.056	0.056	0.056	0.056	0.056	0.056	
0.053	0.053	0.053	0.053	0.053	0.053	0.053	0.053	0.053	0.053	0.053	0.093	0.123	0.123	0.123	0.123	0.123	0.060	0.056	0.056	0.056	0.056	0.056	0.056	0.056	0.056	0.056	0.056	
0.053	0.053	0.053	0.053	0.053	0.053	0.053	0.053	0.053	0.053	0.053	0.091	0.123	0.123	0.123	0.123	0.123	0.058	0.056	0.056	0.056	0.056	0.056	0.056	0.056	0.056	0.056	0.056	
0.053	0.053	0.053	0.053	0.053	0.053	0.053	0.053	0.053	0.053	0.053	0.090	0.123	0.123	0.123	0.123	0.123	0.057	0.056	0.056	0.056	0.056	0.056	0.056	0.056	0.056	0.056	0.056	
0.053	0.053	0.053	0.053	0.053	0.053	0.053	0.053	0.053	0.053	0.053	0.089	0.123	0.123	0.123	0.123	0.123	0.056	0.056	0.056	0.056	0.056	0.056	0.056	0.056	0.056	0.056	0.056	
0.053	0.053	0.053	0.053	0.053	0.053	0.053	0.053	0.053	0.053	0.053	0.087	0.123	0.123	0.123	0.123	0.122	0.056	0.056	0.056	0.056	0.056	0.056	0.056	0.056	0.056	0.056	0.056	
0.053	0.053	0.053	0.053	0.053	0.053	0.053	0.053	0.053	0.053	0.053	0.086	0.123	0.123	0.123	0.123	0.120	0.056	0.056	0.056	0.056	0.056	0.056	0.056	0.056	0.056	0.056	0.056	
0.053	0.053	0.053	0.053	0.053	0.053	0.053	0.053	0.053	0.053	0.053	0.085	0.123	0.123	0.123	0.123	0.119	0.056	0.056	0.056	0.056	0.056	0.056	0.056	0.056	0.056	0.056	0.056	
0.053	0.053	0.053	0.053	0.053	0.053	0.053	0.053	0.053	0.053	0.053	0.083	0.123	0.123	0.123	0.123	0.118	0.056	0.056	0.056	0.056	0.056	0.056	0.056	0.056	0.056	0.056	0.056	
0.053	0.053	0.053	0.053	0.053	0.053	0.053	0.053	0.053	0.053	0.053	0.082	0.123	0.123	0.123	0.123	0.117	0.056	0.056	0.056	0.056	0.056	0.056	0.056	0.056	0.056	0.056	0.056	
0.053	0.053	0.053	0.053	0.053	0.053	0.053	0.053	0.053	0.053	0.053	0.081	0.123	0.123	0.123	0.123	0.115	0.056	0.056	0.056	0.056	0.056	0.056	0.056	0.056	0.056	0.056	0.056	
0.053	0.053	0.053	0.053	0.053	0.053	0.053	0.053	0.053	0.053	0.053	0.079	0.123	0.123	0.123	0.123	0.114	0.056	0.056	0.056	0.056	0.056	0.056	0.056	0.056	0.056	0.056	0.056	
0.053	0.053	0.053	0.053	0.053	0.053	0.053	0.053	0.053	0.053	0.053	0.078	0.123	0.123	0.123	0.123	0.113	0.056	0.056	0.056	0.056	0.056	0.056	0.056	0.056	0.056	0.056	0.056	
0.053	0.053	0.053	0.053	0.053	0.053	0.053	0.053	0.053	0.053	0.053	0.077	0.123	0.123	0.123	0.123	0.112	0.056	0.056	0.056	0.056	0.056	0.056	0.056	0.056	0.056	0.056	0.056	
0.053	0.053	0.053	0.053	0.053	0.053	0.053	0.053	0.053	0.053	0.053	0.075	0.123	0.123	0.123	0.123	0.110	0.056	0.056	0.056	0.056	0.056	0.056	0.056	0.056	0.056	0.056	0.056	
0.053	0.053	0.053	0.053	0.053	0.053	0.053	0.053	0.053	0.053	0.053	0.074	0.123	0.123	0.123	0.123	0.109	0.056	0.056	0.056	0.056	0.056	0.056	0.056	0.056	0.056	0.056	0.056	
0.053	0.053	0.053	0.053	0.053	0.053	0.053	0.053	0.053	0.053	0.053	0.073	0.123	0.123	0.123	0.123	0.108	0.056	0.056	0.056	0.056	0.056	0.056	0.056	0.056	0.056	0.056	0.056	
0.053	0.053	0.053	0.053	0.053	0.053	0.053	0.053	0.053	0.053	0.053	0.071	0.123	0.123	0.123	0.123	0.107	0.056	0.056	0.056	0.056	0.056	0.056	0.056	0.056	0.056	0.056	0.056	
0.053	0.053	0.053	0.053	0.053	0.053	0.053	0.053	0.053	0.053	0.053	0.070	0.123	0.123	0.123	0.123	0.105	0.056	0.056	0.056	0.056	0.056	0.056	0.056	0.056	0.056	0.056	0.056	
0.053	0.053	0.053	0.053	0.053	0.053	0.053	0.053	0.053	0.053	0.053	0.069	0.123	0.123	0.123	0.123	0.104	0.056	0.056	0.056	0.056	0.056	0.056	0.056	0.056	0.056	0.056	0.056	
0.053	0.053	0.053	0.053	0.053	0.053	0.053	0.053	0.053	0.053	0.053	0.067	0.123	0.123	0.123	0.123	0.103	0.056	0.056	0.056	0.056	0.056	0.056	0.056	0.056	0.056	0.056	0.056	
0.053	0.053	0.053	0.053	0.053	0.053	0.053	0.053	0.053	0.053	0.053	0.072	0.123	0.123	0.123	0.123	0.102	0.056	0.056	0.056	0.056	0.056	0.056	0.056	0.056	0.056	0.056	0.056	
0.053	0.053	0.053	0.053	0.053	0.053	0.053	0.053	0.053	0.053	0.053	0.133	0.123	0.123	0.123	0.123	0.100	0.056	0.056	0.056	0.056	0.056	0.056	0.056	0.056	0.056	0.056	0.056	
0.053	0.053	0.053	0.053	0.053	0.053	0.053	0.053	0.053	0.053	0.053	0.206	0.123	0.123	0.123	0.123	0.099	0.056	0.056	0.056	0.056	0.056	0.056	0.056	0.056	0.056	0.056	0.056	
0.053	0.053	0.053	0.053	0.053	0.053	0.053	0.053	0.053	0.053	0.053	0.252	0.151	0.123	0.123	0.123	0.098	0.056	0.056	0.056	0.056	0.056	0.056	0.056	0.056	0.056	0.056	0.056	
0.053	0.053	0.053	0.053	0.053	0.053	0.053	0.053	0.053	0.053	0.053	0.276	0.199	0.123	0.123	0.123	0.097	0.056	0.056	0.056	0.056	0.056	0.056	0.056	0.056	0.056	0.056	0.056	
0.053	0.053	0.053	0.053	0.053	0.053	0.053	0.053	0.053	0.053	0.053	0.301	0.247	0.123	0.123	0.123	0.096	0.056	0.056	0.056	0.056	0.056	0.056	0.056	0.056	0.056	0.056	0.056	
0.053	0.053	0.053	0.053	0.053	0.053	0.053	0.053	0.053	0.053	0.053	0.326	0.295	0.123	0.123	0.123	0.094	0.056	0.056	0.056	0.056	0.056	0.056	0.056	0.056	0.056	0.056	0.073	
0.053	0.053	0.053	0.053	0.053	0.053	0.053	0.053	0.053	0.053	0.053	0.351	0.343	0.123	0.123	0.123	0.093	0.056	0.056	0.056	0.056	0.056	0.056	0.056	0.056	0.056	0.056	0.169	
0.053	0.053	0.053	0.053	0.053	0.053	0.053	0.053	0.053	0.053	0.053	0.376	0.391	0.123	0.123	0.123	0.092	0.056	0.056	0.056	0.056	0.056	0.056	0.056	0.056	0.056	0.062	0.272	
0.053	0.053	0.053	0.053	0.053	0.053	0.053	0.053	0.053	0.053	0.053	0.401	0.440	0.123	0.123	0.123	0.091	0.056	0.056	0.056	0.056	0.056	0.056	0.056	0.056	0.056	0.143	0.297	
0.053	0.053	0.053	0.053	0.053	0.053	0.053	0.053	0.053	0.053	0.053	0.426	0.488	0.123	0.123	0.123	0.089	0.056	0.056	0.056	0.056	0.056	0.056	0.056	0.056	0.057	0.250	0.297	
0.053	0.053	0.053	0.053	0.053	0.053	0.053	0.053	0.053	0.053	0.053	0.451	0.536	0.123	0.123	0.123	0.088	0.056	0.056	0.056	0.056	0.056	0.056	0.056	0.056	0.117	0.297	0.297	
0.161	0.053	0.053	0.053	0.053	0.053	0.053	0.053	0.053	0.053	0.053	0.476	0.584	0.123	0.123	0.123	0.087	0.056	0.056	0.056	0.056	0.056	0.056	0.056	0.056	0.224	0.297	0.297	
0.350	0.075	0.053	0.053	0.053	0.053	0.053	0.053	0.053	0.053	0.053	0.500	0.632	0.123	0.123	0.123	0.086	0.056	0.056	0.056	0.056	0.056	0.056	0.056	0.092	0.296	0.297	0.297	
0.380	0.256	0.053	0.053	0.053	0.053	0.053	0.053	0.053	0.053	0.053	0.525	0.680	0.123	0.123	0.123	0.084	0.056	0.056	0.056	0.056	0.056	0.056	0.056	0.198	0.297	0.297	0.297	
0.380	0.379	0.140	0.053	0.053	0.053	0.053	0.053	0.053	0.053	0.053	0.550	0.726	0.126	0.123	0.123	0.083	0.056	0.056	0.056	0.056	0.056	0.056	0.074	0.288	0.297	0.297	0.297	
0.380	0.380	0.337	0.066	0.053	0.053	0.053	0.053	0.053	0.053	0.053	0.575	0.737	0.163	0.123	0.123	0.082	0.056	0.056	0.056	0.056	0.056	0.056	0.172	0.297	0.297	0.297	0.297	
0.380	0.380	0.380	0.234	0.053	0.053	0.053	0.053	0.053	0.053	0.053	0.600	0.737	0.211	0.123	0.123	0.081	0.056	0.056	0.056	0.056	0.056	0.062	0.273	0.297	0.297	0.297	0.297	
0.380	0.380	0.380	0.376	0.121	0.053	0.053	0.053	0.053	0.053	0.053	0.625	0.737	0.259	0.123	0.123	0.079	0.056	0.056	0.056	0.056	0.056	0.146	0.297	0.297	0.297	0.297	0.297	
0.380	0.380	0.380	0.380	0.321	0.060	0.053	0.053	0.053	0.053	0.053	0.650	0.737	0.307	0.123	0.123	0.078	0.056	0.056	0.056	0.056	0.057	0.253	0.297	0.297	0.297	0.297	0.297	
0.380	0.380	0.380	0.380	0.380	0.211	0.053	0.053	0.053	0.053	0.053	0.675	0.737	0.355	0.123	0.123	0.077	0.056	0.056	0.056	0.056	0.120	0.297	0.297	0.297	0.297	0.297	0.297	
0.380	0.380	0.380	0.380	0.380	0.371	0.104	0.053	0.053	0.053	0.053	0.699	0.737	0.403	0.123	0.123	0.076	0.056	0.056	0.056	0.056	0.247	0.297	0.297	0.297	0.297	0.297	0.297	
0.380	0.380	0.380	0.380	0.380	0.380	0.304	0.055	0.053	0.053	0.053	0.724	0.737	0.452	0.123	0.123	0.074	0.056	0.056	0.056	1.344	0.568	0.297	0.297	0.297	0.297	0.297	0.297	
0.380	0.380	0.380	0.380	0.380	0.380	0.380	0.189	0.053	0.053	0.065	0.737	0.737	0.500	0.123	0.123	0.073	0.056	0.056	1.091	2.946	0.459	0.297	0.297	0.297	0.297	0.297	0.297	
0.380	0.380	0.380	0.380	0.380	0.380	0.380	0.363	1.162	0.513	0.929	1.692	0.742	1.403	0.663	1.628	1.423	0.685	1.071	2.901	2.963	0.350	0.297	0.297	0.297	0.297	0.297	0.297	
0.477	0.383	0.380	0.380	0.380	0.380	0.380	0.563	4.499	4.562	4.873	5.003	4.320	4.383	4.862	5.174	5.106	5.025	4.107	2.963	2.907	0.297	0.297	0.297	0.297	0.302	0.500	0.799	
1.275	1.229	1.092	0.951	0.811	0.670	0.530	1.450	4.562	4.562	4.893	5.003	4.632	4.383	4.760	5.174	5.094	5.025	4.702	3.115	3.362	0.559	0.431	0.730	1.029	1.323	1.424	1.424	
1.275	1.275	1.275	1.275	1.275	1.275	1.275	2.924	5.108	5.024	5.007	5.027	4.855	4.167	4.727	5.033	5.072	5.725	5.926	4.938	4.799	3.192	1.424	1.424	1.424	1.424	1.424	1.424	
1.275	1.275	1.275	1.275	1.275	1.275	1.275	3.073	5.155	5.155	5.050	5.031	4.512	2.965	3.831	5.019	5.120	5.956	5.956	4.991	4.799	3.280	1.424	1.424	1.424	1.424	1.424	1.424	
0.000	0.000	0.000	0.000	0.000	0.000	0.000	0.000	0.000	0.000	0.000	0.000	1.728	2.964	2.984	2.333	0.000	0.000	0.000	0.000	0.000	0.000	0.000	0.000	0.000	0.000	0.000	0.000	
0.000	0.000	0.000	0.000	0.000	0.000	0.000	0.000	0.000	0.000	0.000	0.000	0.741	2.964	2.964	0.741	0.000	0.000	0.000	0.000	0.000	0.000	0.000	0.000	0.000	0.000	0.000	0.000	
0.000	0.000	0.000	0.000	0.000	0.000	0.000	0.000	0.000	0.000	0.000	0.000	0.855	3.452	3.503	0.883	0.000	0.000	0.000	0.000	0.000	0.000	0.000	0.000	0.000	0.000	0.000	0.000	
0.000	0.000	0.000	0.000	0.000	0.000	0.000	0.000	0.000	0.000	0.000	0.000	1.007	4.029	4.029	1.007	0.000	0.000	0.000	0.000	0.000	0.000	0.000	0.000	0.000	0.000	0.000	0.000	
0.000	0.000	0.000	0.000	0.000	0.000	0.000	0.000	0.000	0.000	0.000	0.000	1.007	4.029	4.029	1.007	0.000	0.000	0.000	0.000	0.000	0.000	0.000	0.000	0.000	0.000	0.000	0.000	
