0.131	0.131	0.131	0.131	0.131	0.131	0.131	0.131	0.131	0.131	0.131	0.131	0.131	0.131	0.131	0.131	0.131	0.131	0.150	0.384	0.252	0.156	0.156	0.156	0.156	0.156	0.156	0.156	
0.131	0.131	0.131	0.131	0.131	0.131	0.131	0.131	0.131	0.131	0.131	0.131	0.131	0.131	0.131	0.131	0.131	0.131	0.265	0.396	0.215	0.156	0.156	0.156	0.156	0.156	0.156	0.156	
0.131	0.131	0.131	0.131	0.131	0.131	0.131	0.131	0.131	0.131	0.131	0.131	0.131	0.131	0.131	0.131	0.131	0.145	0.378	0.396	0.179	0.156	0.156	0.156	0.156	0.156	0.156	0.156	
0.193	0.131	0.131	0.131	0.131	0.131	0.131	0.131	0.131	0.131	0.131	0.131	0.131	0.131	0.131	0.131	0.131	0.254	0.396	0.382	0.157	0.156	0.156	0.156	0.156	0.156	0.156	0.156	
0.302	0.140	0.131	0.131	0.131	0.131	0.131	0.131	0.131	0.131	0.131	0.131	0.131	0.131	0.131	0.131	0.140	0.372	0.396	0.346	0.156	0.156	0.156	0.156	0.156	0.156	0.156	0.156	
0.323	0.237	0.131	0.131	0.131	0.131	0.131	0.131	0.131	0.131	0.131	0.131	0.131	0.131	0.131	0.131	0.243	0.396	0.396	0.309	0.156	0.156	0.156	0.156	0.156	0.156	0.156	0.156	
0.323	0.320	0.166	0.131	0.131	0.131	0.131	0.131	0.131	0.131	0.131	0.131	0.131	0.131	0.131	0.136	0.365	0.396	0.396	0.273	0.156	0.156	0.156	0.156	0.156	0.156	0.156	0.156	
0.323	0.323	0.280	0.132	0.131	0.131	0.131	0.131	0.131	0.131	0.131	0.131	0.131	0.131	0.131	0.232	0.396	0.396	0.396	0.237	0.156	0.156	0.156	0.156	0.156	0.156	0.156	0.156	
0.323	0.323	0.323	0.207	0.131	0.131	0.131	0.131	0.131	0.131	0.131	0.131	0.131	0.131	0.134	0.357	0.396	0.396	0.402	0.316	0.156	0.156	0.156	0.156	0.156	0.156	0.156	0.156	
0.323	0.323	0.323	0.309	0.147	0.131	0.131	0.131	0.131	0.131	0.131	0.131	0.131	0.131	0.221	0.396	0.396	0.396	0.510	0.427	0.156	0.156	0.156	0.156	0.156	0.156	0.156	0.156	
0.323	0.323	0.323	0.323	0.251	0.131	0.131	0.131	0.131	0.131	0.131	0.131	0.131	0.132	0.348	0.396	0.396	0.396	0.657	0.501	0.156	0.156	0.156	0.156	0.156	0.156	0.156	0.156	
0.323	0.323	0.323	0.323	0.322	0.177	0.131	0.131	0.131	0.131	0.131	0.131	0.131	0.210	0.396	0.396	0.396	0.417	0.783	0.574	0.156	0.156	0.156	0.156	0.156	0.156	0.156	0.156	
0.323	0.323	0.323	0.323	0.323	0.291	0.135	0.131	0.131	0.131	0.131	0.131	0.131	0.337	0.396	0.396	0.396	0.547	0.799	0.648	0.156	0.156	0.156	0.156	0.156	0.156	0.156	0.156	
0.323	0.323	0.323	0.323	0.323	0.323	0.489	0.181	0.131	0.131	0.131	0.131	0.199	0.396	0.396	0.396	0.396	0.693	0.799	0.721	0.156	0.156	0.156	0.156	0.156	0.156	0.156	0.156	
0.323	0.323	0.323	0.323	0.323	0.323	0.875	1.167	0.474	0.131	0.131	0.131	0.327	0.396	0.396	0.396	0.440	0.796	0.799	0.788	0.164	0.156	0.156	0.156	0.156	0.156	0.156	0.156	
0.323	0.323	0.323	0.323	0.323	0.323	0.833	1.317	1.316	0.916	0.246	0.189	0.396	0.396	0.396	0.396	0.583	0.799	0.799	0.799	0.225	0.156	0.156	0.156	0.156	0.156	0.156	0.156	
0.323	0.323	0.323	0.323	0.323	0.323	0.792	1.317	1.317	1.317	1.247	0.857	0.428	0.396	0.396	0.397	0.730	0.799	0.799	0.799	0.299	0.156	0.156	0.156	0.156	0.156	0.156	0.156	
0.323	0.323	0.323	0.323	0.323	0.323	0.751	1.317	1.317	1.317	1.413	1.499	1.335	0.692	0.396	0.473	0.799	0.799	0.799	0.799	0.372	0.156	0.156	0.156	0.156	0.156	0.156	0.156	
0.323	0.323	0.323	0.323	0.323	0.323	0.709	1.317	1.317	1.365	1.497	1.499	1.499	1.497	1.149	1.033	0.811	0.799	0.799	0.799	0.446	0.156	0.156	0.156	0.156	0.156	0.156	0.156	
0.323	0.323	0.323	0.323	0.323	0.323	0.668	1.314	1.305	1.475	1.499	1.499	1.499	1.493	1.467	1.466	1.275	0.947	0.895	0.798	0.558	0.391	0.349	0.306	0.264	0.221	0.178	0.156	
0.521	0.525	0.529	0.533	0.537	0.541	0.696	1.241	1.240	1.296	1.464	1.499	1.497	1.470	1.466	1.466	1.390	1.248	1.248	0.919	0.568	0.568	0.568	0.568	0.568	0.568	0.568	0.548	
0.562	0.562	0.562	0.562	0.562	0.562	0.612	1.240	1.240	1.240	1.255	1.409	1.476	1.466	1.466	1.466	1.328	1.248	1.248	0.957	0.568	0.568	0.568	0.568	0.568	0.568	0.568	0.568	
0.562	0.562	0.562	0.562	0.562	0.562	0.563	1.199	1.240	1.240	1.240	1.250	1.452	1.466	1.466	1.464	1.267	1.248	1.248	0.995	0.568	0.568	0.568	0.568	0.568	0.568	0.568	0.568	
0.562	0.562	0.562	0.562	0.562	0.562	0.562	1.109	1.240	1.240	1.240	1.345	1.401	1.419	1.450	1.420	1.248	1.248	1.248	1.034	0.568	0.568	0.568	0.568	0.568	0.568	0.568	0.568	
0.562	0.562	0.562	0.562	0.562	0.562	0.570	1.088	1.240	1.240	1.310	1.401	1.401	1.401	1.401	1.363	1.248	1.248	1.248	1.072	0.568	0.568	0.567	0.566	0.565	0.563	0.562	0.561	
0.562	0.562	0.562	0.562	0.567	0.828	1.230	1.363	1.438	1.667	1.628	1.411	1.401	1.401	1.401	1.400	1.295	1.284	1.283	0.713	0.508	0.507	0.507	0.507	0.507	0.507	0.507	0.507	
0.562	0.562	0.565	0.811	1.215	1.363	1.363	1.363	1.468	1.707	1.707	1.614	1.407	1.401	1.409	1.410	1.326	1.326	1.326	0.721	0.507	0.507	0.507	0.507	0.507	0.507	0.507	0.507	
0.645	0.654	0.666	0.924	1.302	1.363	1.363	1.363	1.451	1.707	1.707	1.707	1.599	1.524	1.618	1.565	1.326	1.326	1.326	0.920	0.507	0.507	0.507	0.507	0.507	0.507	0.507	0.507	
0.667	0.667	0.667	0.667	0.712	1.073	1.356	1.363	1.434	1.707	1.707	1.706	1.676	1.637	1.637	1.635	1.358	1.326	1.326	1.119	0.507	0.507	0.507	0.507	0.507	0.507	0.507	0.507	
0.667	0.667	0.667	0.667	0.667	0.667	0.807	1.217	1.418	1.707	1.696	1.678	1.673	1.642	1.637	1.637	1.458	1.326	1.326	1.297	0.527	0.507	0.507	0.507	0.507	0.507	0.507	0.507	
0.667	0.667	0.667	0.667	0.667	0.667	0.667	0.673	1.300	1.683	1.674	1.674	1.674	1.660	1.637	1.637	1.560	1.326	1.253	0.878	0.672	0.635	0.595	0.555	0.516	0.507	0.507	0.507	
0.667	0.667	0.667	0.667	0.667	0.667	0.691	1.279	1.692	1.685	1.674	1.674	1.674	1.674	1.643	1.638	1.657	1.410	0.712	0.679	0.679	0.679	0.679	0.679	0.677	0.647	0.607	0.567	
0.658	0.662	0.666	0.667	0.667	0.765	1.456	1.692	1.692	1.721	1.952	1.822	1.700	1.674	1.661	1.695	1.709	1.707	0.921	0.679	0.679	0.679	0.679	0.679	0.679	0.679	0.679	0.679	
0.571	0.571	0.571	0.574	0.577	0.896	1.682	1.692	1.692	1.829	2.078	2.078	2.069	1.688	1.635	1.702	1.709	1.709	1.487	0.683	0.679	0.679	0.679	0.679	0.679	0.679	0.677	0.626	
0.571	0.571	0.571	0.571	0.571	0.571	1.105	1.692	1.692	1.941	2.078	2.078	1.987	1.633	1.633	1.673	1.709	1.709	1.709	1.034	0.679	0.679	0.666	0.601	0.530	0.460	0.391	0.371	
0.571	0.571	0.571	0.571	0.571	0.571	0.575	1.313	1.735	2.014	2.078	2.078	1.822	1.633	1.633	1.643	1.708	1.703	1.659	1.566	0.905	0.434	0.377	0.371	0.371	0.371	0.371	0.371	
0.571	0.571	0.571	0.571	0.571	0.571	0.571	1.088	1.917	1.917	1.946	2.009	1.671	1.633	1.633	1.633	1.637	1.599	1.593	1.593	0.763	0.371	0.371	0.371	0.371	0.371	0.371	0.371	
0.571	0.571	0.571	0.571	0.571	0.571	0.581	1.626	1.917	1.917	1.917	1.978	2.046	1.826	1.648	1.629	1.594	1.593	1.593	1.592	0.488	0.371	0.371	0.371	0.371	0.371	0.371	0.371	
0.571	0.571	0.571	0.571	0.585	0.632	0.671	0.870	1.766	1.917	1.923	2.091	2.119	2.119	2.074	1.907	1.616	1.593	1.593	1.433	0.371	0.371	0.371	0.371	0.371	0.371	0.371	0.371	
0.571	0.571	0.591	0.639	0.673	0.674	0.674	0.674	0.803	1.721	2.061	2.119	2.119	2.119	2.124	2.127	1.888	1.362	1.449	1.120	0.371	0.371	0.371	0.371	0.371	0.371	0.371	0.371	
0.597	0.645	0.674	0.674	0.674	0.674	0.674	0.674	0.674	2.122	2.676	2.286	2.119	2.123	2.127	2.127	1.689	1.050	1.050	1.010	0.522	0.371	0.371	0.371	0.371	0.371	0.371	0.371	
0.674	0.674	0.674	0.674	0.674	0.674	0.674	0.674	1.200	2.723	2.724	2.719	2.838	2.398	2.127	2.127	1.443	1.050	1.050	1.050	1.015	0.534	0.371	0.371	0.371	0.371	0.371	0.371	
0.674	0.674	0.674	0.674	0.674	0.714	0.909	1.118	1.576	2.581	2.724	2.846	3.165	3.112	2.341	2.127	1.198	1.050	1.050	1.050	1.050	1.021	0.546	0.371	0.371	0.371	0.371	0.371	
0.674	0.674	0.763	0.973	1.182	1.352	1.367	1.367	1.367	1.515	2.574	3.070	3.165	3.165	3.070	2.368	1.154	1.068	1.050	1.050	1.050	1.050	1.019	0.504	0.406	0.395	0.385	0.375	
0.623	0.852	1.102	1.232	1.348	1.367	1.367	1.367	1.367	1.401	2.928	3.159	3.159	3.092	3.029	2.806	1.656	1.649	1.574	1.482	1.390	0.931	0.592	0.523	0.523	0.523	0.523	0.523	
0.575	0.575	0.575	0.575	0.589	0.700	0.830	0.960	1.089	1.923	3.159	3.159	3.136	3.023	3.023	2.686	1.656	1.656	1.656	1.656	1.282	0.529	0.523	0.523	0.523	0.523	0.523	0.523	
0.575	0.575	0.575	0.575	0.575	0.575	0.575	0.575	0.575	1.112	3.235	3.235	3.240	3.196	3.090	2.567	1.656	1.656	1.656	1.492	0.568	0.523	0.523	0.523	0.523	0.523	0.523	0.523	
0.575	0.575	0.575	0.575	0.575	0.575	0.575	0.575	0.575	1.855	3.413	3.412	3.582	4.040	4.040	3.957	3.100	2.591	3.334	2.334	0.523	0.523	0.523	0.523	0.523	0.523	0.523	0.523	
0.575	0.575	0.575	0.575	0.575	0.575	0.575	0.829	2.709	3.788	3.550	3.412	3.617	4.040	4.047	4.318	4.352	3.961	3.871	2.410	0.523	0.523	0.523	0.523	0.523	0.523	0.523	0.523	
0.575	0.575	0.575	0.575	0.575	0.575	1.586	3.499	3.788	3.788	3.758	3.434	3.312	3.431	3.678	4.352	4.352	3.950	3.871	2.476	0.523	0.523	0.523	0.523	0.523	0.523	0.523	0.523	
0.000	0.000	0.000	0.000	0.000	0.000	0.000	0.000	0.000	0.000	0.000	0.000	1.683	3.168	3.168	2.024	0.000	0.000	0.000	0.000	0.000	0.000	0.000	0.000	0.000	0.000	0.000	0.000	
0.000	0.000	0.000	0.000	0.000	0.000	0.000	0.000	0.000	0.000	0.000	0.000	0.792	3.168	3.168	0.792	0.000	0.000	0.000	0.000	0.000	0.000	0.000	0.000	0.000	0.000	0.000	0.000	
0.000	0.000	0.000	0.000	0.000	0.000	0.000	0.000	0.000	0.000	0.000	0.000	0.874	3.525	3.574	0.901	0.000	0.000	0.000	0.000	0.000	0.000	0.000	0.000	0.000	0.000	0.000	0.000	
0.000	0.000	0.000	0.000	0.000	0.000	0.000	0.000	0.000	0.000	0.000	0.000	0.932	3.726	3.726	0.932	0.000	0.000	0.000	0.000	0.000	0.000	0.000	0.000	0.000	0.000	0.000	0.000	
0.000	0.000	0.000	0.000	0.000	0.000	0.000	0.000	0.000	0.000	0.000	0.000	0.932	3.726	3.726	0.932	0.000	0.000	0.000	0.000	0.000	0.000	0.000	0.000	0.000	0.000	0.000	0.000	
