0.039	0.039	0.039	0.039	0.039	0.039	0.039	0.039	0.039	0.039	0.039	0.039	0.039	0.039	0.039	0.039	0.039	0.039	0.039	0.039	0.039	0.039	0.039	0.039	0.039	0.039	0.039	0.092	
0.039	0.039	0.039	0.039	0.039	0.039	0.039	0.039	0.039	0.039	0.039	0.039	0.039	0.039	0.039	0.039	0.039	0.039	0.039	0.039	0.039	0.039	0.039	0.039	0.039	0.039	0.039	0.126	
0.043	0.039	0.039	0.039	0.039	0.039	0.039	0.039	0.039	0.039	0.039	0.039	0.039	0.039	0.039	0.039	0.039	0.039	0.039	0.039	0.039	0.039	0.039	0.039	0.039	0.039	0.051	0.148	
0.064	0.039	0.039	0.039	0.039	0.039	0.039	0.039	0.039	0.039	0.039	0.039	0.039	0.039	0.039	0.039	0.039	0.039	0.039	0.039	0.039	0.039	0.039	0.039	0.039	0.039	0.085	0.148	
0.087	0.039	0.039	0.039	0.039	0.039	0.039	0.039	0.039	0.039	0.039	0.039	0.039	0.039	0.039	0.039	0.039	0.039	0.039	0.039	0.039	0.039	0.039	0.039	0.039	0.039	0.119	0.148	
0.110	0.039	0.039	0.039	0.039	0.039	0.039	0.039	0.039	0.039	0.039	0.039	0.039	0.039	0.039	0.039	0.039	0.039	0.039	0.039	0.039	0.039	0.039	0.039	0.039	0.046	0.146	0.148	
0.117	0.055	0.039	0.039	0.039	0.039	0.039	0.039	0.039	0.039	0.039	0.039	0.039	0.039	0.039	0.039	0.039	0.039	0.039	0.039	0.039	0.039	0.039	0.039	0.039	0.078	0.148	0.148	
0.117	0.078	0.039	0.039	0.039	0.039	0.039	0.039	0.039	0.039	0.039	0.039	0.039	0.039	0.039	0.039	0.039	0.039	0.039	0.039	0.039	0.039	0.039	0.039	0.039	0.112	0.148	0.148	
0.117	0.102	0.039	0.039	0.039	0.039	0.039	0.039	0.039	0.039	0.039	0.039	0.039	0.039	0.039	0.039	0.039	0.039	0.039	0.039	0.039	0.039	0.039	0.039	0.042	0.143	0.148	0.148	
0.117	0.117	0.047	0.039	0.039	0.039	0.039	0.039	0.039	0.039	0.039	0.039	0.039	0.039	0.039	0.039	0.039	0.039	0.039	0.039	0.039	0.039	0.039	0.039	0.071	0.148	0.148	0.148	
0.117	0.117	0.070	0.039	0.039	0.039	0.039	0.039	0.039	0.039	0.039	0.039	0.039	0.039	0.039	0.039	0.039	0.039	0.039	0.039	0.039	0.039	0.039	0.039	0.105	0.148	0.148	0.148	
0.117	0.117	0.093	0.039	0.039	0.039	0.039	0.039	0.039	0.039	0.039	0.039	0.039	0.039	0.039	0.039	0.039	0.039	0.039	0.039	0.039	0.039	0.039	0.040	0.138	0.148	0.148	0.148	
0.117	0.117	0.114	0.041	0.039	0.039	0.039	0.039	0.039	0.039	0.039	0.039	0.039	0.039	0.039	0.039	0.039	0.039	0.039	0.039	0.039	0.039	0.039	0.064	0.148	0.148	0.148	0.148	
0.117	0.117	0.117	0.061	0.039	0.039	0.039	0.039	0.039	0.039	0.039	0.039	0.039	0.039	0.039	0.039	0.039	0.039	0.039	0.039	0.039	0.039	0.039	0.098	0.148	0.148	0.148	0.148	
0.117	0.117	0.117	0.084	0.039	0.039	0.039	0.039	0.039	0.039	0.039	0.039	0.039	0.039	0.039	0.039	0.039	0.039	0.039	0.039	0.039	0.039	0.039	0.132	0.148	0.148	0.148	0.148	
0.117	0.117	0.117	0.107	0.039	0.039	0.039	0.039	0.039	0.039	0.039	0.039	0.039	0.039	0.039	0.039	0.039	0.039	0.039	0.039	0.039	0.039	0.057	0.148	0.148	0.148	0.148	0.148	
0.117	0.117	0.117	0.117	0.052	0.039	0.039	0.039	0.039	0.039	0.039	0.039	0.039	0.039	0.039	0.039	0.039	0.039	0.039	0.039	0.039	0.039	0.091	0.148	0.148	0.148	0.148	0.148	
0.117	0.117	0.117	0.117	0.075	0.039	0.039	0.039	0.039	0.039	0.039	0.039	0.039	0.039	0.039	0.039	0.039	0.039	0.039	0.039	0.039	0.039	0.125	0.148	0.148	0.148	0.148	0.148	
0.117	0.117	0.117	0.117	0.098	0.039	0.039	0.039	0.039	0.039	0.039	0.039	0.039	0.039	0.039	0.039	0.039	0.039	0.039	0.039	0.039	0.050	0.147	0.148	0.148	0.148	0.148	0.148	
0.117	0.117	0.117	0.117	0.116	0.044	0.039	0.039	0.039	0.039	0.039	0.039	0.039	0.039	0.039	0.039	0.039	0.039	0.039	0.039	0.039	0.083	0.148	0.148	0.148	0.148	0.148	0.157	
0.117	0.117	0.117	0.117	0.117	0.066	0.039	0.039	0.039	0.039	0.039	0.039	0.039	0.039	0.039	0.039	0.039	0.039	0.039	0.039	0.039	0.118	0.148	0.148	0.148	0.148	0.148	0.204	
0.117	0.117	0.117	0.117	0.117	0.089	0.039	0.039	0.039	0.039	0.039	0.039	0.039	0.039	0.039	0.039	0.039	0.039	0.039	0.039	0.045	0.145	0.148	0.148	0.148	0.148	0.153	0.249	
0.117	0.117	0.117	0.117	0.117	0.111	0.040	0.039	0.039	0.039	0.039	0.039	0.039	0.039	0.039	0.039	0.039	0.039	0.039	0.039	0.076	0.148	0.148	0.148	0.148	0.148	0.195	0.257	
0.117	0.117	0.117	0.117	0.117	0.117	0.057	0.039	0.039	0.039	0.039	0.039	0.039	0.039	0.039	0.039	0.039	0.039	0.039	0.039	0.110	0.148	0.148	0.148	0.148	0.150	0.244	0.257	
0.117	0.117	0.117	0.117	0.117	0.117	0.080	0.039	0.039	0.039	0.039	0.039	0.039	0.039	0.039	0.039	0.039	0.039	0.039	0.041	0.142	0.148	0.148	0.148	0.148	0.187	0.257	0.257	
0.117	0.117	0.117	0.117	0.117	0.117	0.103	0.039	0.039	0.039	0.039	0.039	0.039	0.039	0.039	0.039	0.039	0.039	0.039	0.069	0.148	0.148	0.148	0.148	0.148	0.237	0.257	0.257	
0.117	0.117	0.117	0.117	0.117	0.117	0.117	0.048	0.039	0.039	0.039	0.039	0.039	0.039	0.039	0.039	0.039	0.039	0.039	0.103	0.148	0.148	0.148	0.148	0.178	0.257	0.257	0.257	
0.117	0.117	0.117	0.117	0.117	0.117	0.117	0.071	0.039	0.039	0.039	0.039	0.039	0.039	0.039	0.039	0.039	0.039	0.039	0.137	0.148	0.148	0.148	0.148	0.229	0.257	0.257	0.257	
0.117	0.117	0.117	0.117	0.117	0.117	0.117	0.094	0.039	0.039	0.039	0.039	0.039	0.039	0.039	0.039	0.039	0.039	0.062	0.148	0.148	0.148	0.148	0.170	0.257	0.257	0.257	0.257	
0.117	0.117	0.117	0.117	0.117	0.117	0.117	0.114	0.042	0.039	0.039	0.039	0.039	0.039	0.039	0.039	0.039	0.039	0.096	0.148	0.148	0.148	0.148	0.220	0.257	0.257	0.257	0.257	
0.117	0.117	0.117	0.117	0.117	0.117	0.117	0.117	0.062	0.039	0.039	0.039	0.039	0.039	0.039	0.039	0.039	0.039	0.130	0.148	0.148	0.148	0.163	0.256	0.257	0.257	0.257	0.257	
0.117	0.117	0.117	0.117	0.117	0.117	0.117	0.117	0.085	0.039	0.039	0.039	0.039	0.039	0.039	0.039	0.039	0.055	0.148	0.148	0.148	0.148	0.212	0.257	0.257	0.257	0.257	0.257	
0.117	0.117	0.117	0.117	0.117	0.117	0.117	0.117	0.108	0.039	0.039	0.039	0.039	0.039	0.039	0.039	0.039	0.089	0.148	0.148	0.148	0.157	0.253	0.257	0.257	0.257	0.257	0.257	
0.117	0.117	0.117	0.117	0.117	0.117	0.117	0.117	0.117	0.053	0.039	0.039	0.039	0.039	0.039	0.039	0.039	0.123	0.148	0.148	0.148	0.204	0.257	0.257	0.257	0.257	0.257	0.257	
0.117	0.117	0.117	0.117	0.117	0.117	0.117	0.117	0.117	0.076	0.039	0.039	0.039	0.039	0.039	0.039	0.049	0.147	0.148	0.148	0.153	0.249	0.257	0.257	0.257	0.257	0.257	0.257	
0.117	0.117	0.117	0.117	0.117	0.117	0.117	0.117	0.117	0.099	0.039	0.039	0.039	0.039	0.039	0.039	0.082	0.148	0.148	0.148	0.195	0.257	0.257	0.257	0.257	0.257	0.257	0.275	
0.117	0.117	0.117	0.117	0.117	0.117	0.117	0.117	0.117	0.116	0.322	0.039	0.039	0.039	0.039	0.039	0.116	0.148	0.148	0.150	0.244	0.257	0.257	0.257	0.257	0.257	0.295	0.616	
0.117	0.117	0.117	0.117	0.117	0.117	0.117	0.117	0.117	0.117	1.857	0.093	0.039	0.039	0.039	0.044	0.145	0.148	0.148	0.187	0.257	0.257	0.257	0.257	0.257	0.322	0.651	0.716	
0.695	0.166	0.117	0.117	0.117	0.117	0.117	0.117	0.117	0.117	2.352	1.350	0.039	0.039	0.039	0.074	0.148	0.148	0.148	0.237	0.257	0.257	0.257	0.257	0.357	0.678	0.716	0.716	
1.068	0.947	0.359	0.117	0.117	0.117	0.117	0.117	0.117	0.117	2.352	2.453	0.689	0.039	0.039	0.109	0.148	0.148	0.178	0.257	0.257	0.257	0.257	0.399	0.698	0.716	0.716	0.716	
1.069	1.068	1.086	1.400	0.876	0.176	0.117	0.117	0.117	0.117	2.352	2.469	2.227	0.644	2.104	1.553	0.148	0.148	0.229	0.257	0.257	0.257	0.448	0.711	0.716	0.716	0.716	0.716	
1.175	1.068	1.068	1.114	1.986	2.088	1.270	0.409	0.117	1.368	3.275	2.478	2.899	3.967	4.079	3.967	1.238	1.358	0.340	0.257	0.260	0.503	0.716	0.716	0.716	0.716	0.732	0.913	
1.254	1.165	1.068	1.068	1.147	2.053	2.264	2.249	2.117	4.372	4.427	4.146	4.445	4.390	4.088	4.183	4.025	3.932	2.834	0.376	0.555	0.716	0.716	0.716	0.716	0.790	0.996	1.040	
1.254	1.254	1.156	1.068	1.068	1.189	2.110	2.264	2.541	4.515	4.439	4.512	4.454	4.460	4.775	4.840	4.346	3.932	3.933	2.549	0.716	0.716	0.716	0.723	0.885	1.036	1.040	1.040	
1.254	1.254	1.254	1.147	1.068	1.068	1.241	2.176	3.890	4.879	4.872	5.059	4.992	4.960	4.960	4.840	4.997	4.865	4.487	4.432	2.508	0.717	0.770	0.977	1.040	1.040	1.040	1.040	
1.254	1.254	1.254	1.253	1.138	1.068	1.305	3.860	4.736	4.868	4.908	5.066	5.066	5.320	5.381	5.225	5.266	5.264	4.813	4.439	4.449	2.949	1.029	1.040	1.040	1.040	1.040	1.058	
1.649	1.267	1.254	1.254	1.252	3.715	5.005	4.788	4.680	5.127	5.750	5.774	5.962	5.707	5.566	5.518	5.515	5.429	5.481	4.857	4.628	4.563	1.215	1.040	1.040	1.074	1.351	1.659	
2.411	2.240	1.699	1.280	1.667	5.038	5.092	5.036	4.747	5.610	5.791	5.978	6.106	6.466	6.647	5.825	5.563	5.628	5.649	5.426	4.663	4.669	2.601	1.095	1.392	1.684	1.733	1.733	
2.411	2.411	2.411	2.415	5.077	5.294	5.552	6.065	6.409	6.681	6.568	7.078	6.352	6.316	6.511	5.985	6.047	6.377	6.004	6.132	5.624	5.150	5.252	2.479	1.733	1.733	1.733	1.733	
2.411	2.411	2.411	2.650	5.313	5.313	5.818	6.091	6.448	6.761	7.013	7.198	6.127	5.685	5.881	5.931	6.260	6.454	6.332	6.182	6.026	5.252	5.252	2.669	1.733	1.733	1.733	1.733	
0.000	0.000	0.000	0.000	0.000	0.000	0.000	0.000	0.000	0.000	0.000	0.000	3.031	5.600	5.227	3.143	0.000	0.000	0.000	0.000	0.000	0.000	0.000	0.000	0.000	0.000	0.000	0.000	
0.000	0.000	0.000	0.000	0.000	0.000	0.000	0.000	0.000	0.000	0.000	0.000	0.871	2.754	2.487	0.635	0.000	0.000	0.000	0.000	0.000	0.000	0.000	0.000	0.000	0.000	0.000	0.000	
0.000	0.000	0.000	0.000	0.000	0.000	0.000	0.000	0.000	0.000	0.000	0.000	0.622	2.487	2.487	0.622	0.000	0.000	0.000	0.000	0.000	0.000	0.000	0.000	0.000	0.000	0.000	0.000	
0.000	0.000	0.000	0.000	0.000	0.000	0.000	0.000	0.000	0.000	0.000	0.000	0.622	2.487	2.487	0.622	0.000	0.000	0.000	0.000	0.000	0.000	0.000	0.000	0.000	0.000	0.000	0.000	
0.000	0.000	0.000	0.000	0.000	0.000	0.000	0.000	0.000	0.000	0.000	0.000	0.622	2.487	2.487	0.622	0.000	0.000	0.000	0.000	0.000	0.000	0.000	0.000	0.000	0.000	0.000	0.000	
