0.049	0.049	0.049	0.049	0.049	0.049	0.049	0.049	0.049	0.049	0.049	0.049	0.048	0.047	0.047	0.047	0.047	0.047	0.047	0.047	0.047	0.047	0.047	0.047	0.047	0.047	0.047	0.047	
0.049	0.049	0.049	0.049	0.049	0.049	0.049	0.049	0.049	0.049	0.049	0.049	0.048	0.047	0.047	0.047	0.047	0.047	0.047	0.047	0.047	0.047	0.047	0.047	0.047	0.047	0.047	0.047	
0.049	0.049	0.049	0.049	0.049	0.049	0.049	0.049	0.049	0.049	0.049	0.049	0.048	0.047	0.047	0.047	0.047	0.047	0.047	0.047	0.047	0.047	0.047	0.047	0.047	0.047	0.047	0.047	
0.049	0.049	0.049	0.049	0.049	0.049	0.049	0.049	0.049	0.049	0.049	0.049	0.048	0.047	0.047	0.047	0.047	0.047	0.047	0.047	0.047	0.047	0.047	0.047	0.047	0.047	0.047	0.047	
0.049	0.049	0.049	0.049	0.049	0.049	0.049	0.049	0.049	0.049	0.049	0.049	0.048	0.047	0.047	0.047	0.047	0.047	0.047	0.047	0.047	0.047	0.047	0.047	0.047	0.047	0.047	0.047	
0.049	0.049	0.049	0.049	0.049	0.049	0.049	0.049	0.049	0.049	0.049	0.049	0.048	0.047	0.047	0.047	0.047	0.047	0.047	0.047	0.047	0.047	0.047	0.047	0.047	0.047	0.047	0.047	
0.049	0.049	0.049	0.049	0.049	0.049	0.049	0.049	0.049	0.049	0.049	0.049	0.048	0.047	0.047	0.047	0.047	0.047	0.047	0.047	0.047	0.047	0.047	0.047	0.047	0.047	0.047	0.047	
0.049	0.049	0.049	0.049	0.049	0.049	0.049	0.049	0.049	0.049	0.049	0.049	0.048	0.047	0.047	0.047	0.047	0.047	0.047	0.047	0.047	0.047	0.047	0.047	0.047	0.047	0.047	0.047	
0.049	0.049	0.049	0.049	0.049	0.049	0.049	0.049	0.049	0.049	0.049	0.049	0.048	0.047	0.047	0.047	0.047	0.047	0.047	0.047	0.047	0.047	0.047	0.047	0.047	0.047	0.047	0.047	
0.049	0.049	0.049	0.049	0.049	0.049	0.049	0.049	0.049	0.049	0.049	0.049	0.048	0.047	0.047	0.047	0.047	0.047	0.047	0.047	0.047	0.047	0.047	0.047	0.047	0.047	0.047	0.047	
0.049	0.049	0.049	0.049	0.049	0.049	0.049	0.049	0.049	0.049	0.049	0.049	0.048	0.047	0.047	0.047	0.047	0.047	0.047	0.047	0.047	0.047	0.047	0.047	0.047	0.047	0.047	0.047	
0.049	0.049	0.049	0.049	0.049	0.049	0.049	0.049	0.049	0.049	0.049	0.049	0.048	0.047	0.047	0.047	0.047	0.047	0.047	0.047	0.047	0.047	0.047	0.047	0.047	0.047	0.047	0.047	
0.049	0.049	0.049	0.049	0.049	0.049	0.049	0.049	0.049	0.049	0.049	0.049	0.048	0.047	0.047	0.047	0.047	0.047	0.047	0.047	0.047	0.047	0.047	0.047	0.047	0.047	0.047	0.047	
0.049	0.049	0.049	0.049	0.049	0.049	0.049	0.049	0.049	0.049	0.049	0.049	0.048	0.047	0.047	0.047	0.047	0.047	0.047	0.047	0.047	0.047	0.047	0.047	0.047	0.047	0.047	0.047	
0.049	0.049	0.049	0.049	0.049	0.049	0.049	0.049	0.049	0.049	0.049	0.049	0.048	0.047	0.047	0.047	0.047	0.047	0.047	0.047	0.047	0.047	0.047	0.047	0.047	0.047	0.047	0.047	
0.049	0.049	0.049	0.049	0.049	0.049	0.049	0.049	0.049	0.049	0.049	0.049	0.049	0.047	0.047	0.047	0.047	0.047	0.047	0.047	0.047	0.047	0.047	0.047	0.047	0.047	0.047	0.047	
0.049	0.049	0.049	0.049	0.049	0.049	0.049	0.049	0.049	0.049	0.049	0.049	0.049	0.047	0.047	0.047	0.047	0.047	0.047	0.047	0.047	0.047	0.047	0.047	0.047	0.047	0.047	0.047	
0.049	0.049	0.049	0.049	0.049	0.049	0.049	0.049	0.049	0.049	0.049	0.049	0.049	0.047	0.047	0.047	0.047	0.047	0.047	0.047	0.047	0.047	0.047	0.047	0.047	0.047	0.047	0.057	
0.049	0.049	0.049	0.049	0.049	0.049	0.049	0.049	0.049	0.049	0.049	0.049	0.049	0.047	0.047	0.047	0.047	0.047	0.047	0.047	0.047	0.047	0.047	0.047	0.047	0.047	0.047	0.108	
0.049	0.049	0.049	0.049	0.049	0.049	0.049	0.049	0.049	0.049	0.049	0.049	0.049	0.047	0.047	0.047	0.047	0.047	0.047	0.047	0.047	0.047	0.047	0.047	0.047	0.047	0.047	0.164	
0.049	0.049	0.049	0.049	0.049	0.049	0.049	0.049	0.049	0.049	0.049	0.049	0.049	0.047	0.047	0.047	0.047	0.047	0.047	0.047	0.047	0.047	0.047	0.047	0.047	0.047	0.067	0.200	
0.049	0.049	0.049	0.049	0.049	0.049	0.049	0.049	0.049	0.049	0.049	0.049	0.049	0.047	0.047	0.047	0.047	0.047	0.047	0.047	0.047	0.047	0.047	0.047	0.047	0.047	0.121	0.200	
0.049	0.049	0.049	0.049	0.049	0.049	0.049	0.049	0.049	0.049	0.049	0.049	0.049	0.047	0.047	0.047	0.047	0.047	0.047	0.047	0.047	0.047	0.047	0.047	0.047	0.047	0.176	0.200	
0.049	0.049	0.049	0.049	0.049	0.049	0.049	0.049	0.049	0.049	0.049	0.049	0.049	0.047	0.047	0.047	0.047	0.047	0.047	0.047	0.047	0.047	0.047	0.047	0.047	0.079	0.200	0.200	
0.049	0.049	0.049	0.049	0.049	0.049	0.049	0.049	0.049	0.049	0.049	0.049	0.049	0.047	0.047	0.047	0.047	0.047	0.047	0.047	0.047	0.047	0.047	0.047	0.047	0.134	0.200	0.200	
0.049	0.049	0.049	0.049	0.049	0.049	0.049	0.049	0.049	0.049	0.049	0.049	0.049	0.047	0.047	0.047	0.047	0.047	0.047	0.047	0.047	0.047	0.047	0.047	0.050	0.187	0.200	0.200	
0.049	0.049	0.049	0.049	0.049	0.049	0.049	0.049	0.049	0.049	0.049	0.049	0.049	0.047	0.047	0.047	0.047	0.047	0.047	0.047	0.047	0.047	0.047	0.047	0.092	0.200	0.200	0.200	
0.049	0.049	0.049	0.049	0.049	0.049	0.049	0.049	0.049	0.049	0.049	0.049	0.049	0.047	0.047	0.047	0.047	0.047	0.047	0.047	0.047	0.047	0.047	0.047	0.147	0.200	0.200	0.200	
0.049	0.049	0.049	0.049	0.049	0.049	0.049	0.049	0.049	0.049	0.049	0.049	0.049	0.047	0.047	0.047	0.047	0.047	0.047	0.047	0.047	0.047	0.047	0.055	0.194	0.200	0.200	0.200	
0.049	0.049	0.049	0.049	0.049	0.049	0.049	0.049	0.049	0.049	0.049	0.049	0.049	0.047	0.047	0.047	0.047	0.047	0.047	0.047	0.047	0.047	0.047	0.105	0.200	0.200	0.200	0.200	
0.049	0.049	0.049	0.049	0.049	0.049	0.049	0.049	0.049	0.049	0.049	0.049	0.049	0.047	0.047	0.047	0.047	0.047	0.047	0.047	0.047	0.047	0.047	0.160	0.200	0.200	0.200	0.200	
0.049	0.049	0.049	0.049	0.049	0.049	0.049	0.049	0.049	0.049	0.049	0.049	0.049	0.047	0.047	0.047	0.047	0.047	0.047	0.047	0.047	0.047	0.064	0.199	0.200	0.200	0.200	0.200	
0.049	0.049	0.049	0.049	0.049	0.049	0.049	0.049	0.049	0.049	0.049	0.049	0.049	0.047	0.047	0.047	0.047	0.047	0.047	0.047	0.047	0.047	0.117	0.200	0.200	0.200	0.200	0.200	
0.188	0.049	0.049	0.049	0.049	0.049	0.049	0.049	0.049	0.049	0.049	0.049	0.049	0.047	0.047	0.047	0.047	0.047	0.047	0.047	0.047	0.047	0.173	0.200	0.200	0.200	0.200	0.200	
0.518	0.117	0.049	0.049	0.049	0.049	0.049	0.049	0.049	0.049	0.049	0.049	0.049	0.047	0.047	0.047	0.047	0.047	0.047	0.047	0.047	0.075	0.200	0.200	0.200	0.200	0.200	0.200	
0.553	0.463	0.071	0.049	0.049	0.049	0.049	0.049	0.049	0.049	0.049	0.049	0.049	0.047	0.047	0.047	0.047	0.047	0.047	0.047	0.047	0.130	0.200	0.200	0.200	0.200	0.200	0.200	
0.553	0.553	0.383	0.050	0.049	0.049	0.049	0.049	0.049	0.049	0.049	0.049	0.183	0.187	0.047	0.047	0.047	0.047	0.047	0.047	0.049	0.184	0.200	0.200	0.200	0.200	0.200	0.200	
0.553	0.553	0.553	0.283	0.049	0.049	0.049	0.049	0.049	0.049	0.049	0.049	0.600	0.474	0.047	0.047	0.047	0.047	0.047	0.047	0.088	0.200	0.200	0.200	0.200	0.200	0.200	0.200	
0.553	0.553	0.553	0.547	0.188	0.049	0.049	0.049	0.049	0.049	0.049	0.049	1.025	0.758	0.047	0.047	0.047	0.047	0.047	0.047	0.143	0.200	0.200	0.200	0.200	0.200	0.200	0.200	
0.553	0.553	0.553	0.553	0.518	0.117	0.049	0.049	0.049	0.049	0.049	0.054	1.446	1.042	0.047	0.047	0.047	0.047	0.047	0.053	0.193	0.200	0.200	0.200	0.200	0.200	0.200	0.200	
0.690	0.553	0.553	0.553	0.553	0.463	0.071	0.049	0.049	0.049	0.049	0.326	1.599	1.326	0.047	0.047	0.047	0.047	0.047	0.101	0.200	0.200	0.200	0.200	0.200	0.200	0.200	0.424	
0.935	0.745	0.554	0.553	0.553	0.553	0.383	0.050	0.049	0.049	0.049	0.752	1.599	1.569	0.088	0.047	0.047	0.047	0.047	0.156	0.200	0.200	0.200	0.200	0.200	0.202	0.543	0.909	
0.937	0.937	0.800	0.564	0.553	0.553	0.553	0.283	0.049	0.049	0.049	1.177	1.599	1.634	1.219	0.047	0.047	0.047	0.149	0.198	0.200	0.200	0.200	0.200	0.226	0.665	0.914	0.914	
0.937	0.937	0.937	0.846	0.583	0.553	0.553	0.547	0.188	0.049	0.104	1.547	1.599	2.368	3.889	0.883	0.047	0.811	3.126	0.257	0.200	0.200	0.200	0.275	0.766	0.914	0.914	0.914	
0.937	0.937	0.937	0.937	0.883	0.612	0.553	0.553	0.590	2.758	3.535	2.106	1.599	3.372	4.052	3.706	2.055	3.667	3.767	0.929	0.200	0.200	0.350	0.841	0.914	0.914	0.914	0.914	
1.145	0.961	0.937	0.937	0.937	0.910	0.650	0.553	1.730	4.476	4.476	4.618	4.765	4.458	4.142	4.952	4.987	3.783	3.767	2.529	0.721	0.452	0.889	0.914	0.914	0.914	0.914	1.016	
1.324	1.296	1.109	0.947	0.937	0.937	0.928	3.436	4.767	4.641	4.889	5.067	5.001	4.962	4.984	5.276	5.323	5.378	4.813	4.547	4.546	1.266	0.914	0.914	0.914	1.038	1.279	1.417	
1.324	1.324	1.324	1.275	1.074	0.939	1.239	4.640	4.776	5.130	5.776	5.683	5.057	4.929	4.925	5.151	5.633	5.888	5.580	4.548	4.571	2.056	0.915	1.059	1.301	1.418	1.418	1.418	
1.324	1.324	1.324	1.324	1.324	1.467	4.774	5.155	5.311	5.991	5.857	5.528	4.993	4.917	4.629	5.345	5.435	5.845	6.156	5.633	5.129	5.106	2.026	1.418	1.418	1.418	1.418	1.418	
1.324	1.324	1.324	1.324	1.324	1.737	5.183	5.183	5.698	6.068	6.062	5.049	4.984	4.164	3.129	4.884	5.400	5.833	6.202	6.009	5.199	5.199	2.391	1.418	1.418	1.418	1.418	1.418	
0.000	0.000	0.000	0.000	0.000	0.000	0.000	0.000	0.000	0.000	0.000	0.000	2.539	3.264	3.119	1.824	0.000	0.000	0.000	0.000	0.000	0.000	0.000	0.000	0.000	0.000	0.000	0.000	
0.000	0.000	0.000	0.000	0.000	0.000	0.000	0.000	0.000	0.000	0.000	0.000	0.780	3.119	3.119	0.780	0.000	0.000	0.000	0.000	0.000	0.000	0.000	0.000	0.000	0.000	0.000	0.000	
0.000	0.000	0.000	0.000	0.000	0.000	0.000	0.000	0.000	0.000	0.000	0.000	0.909	3.594	3.527	0.871	0.000	0.000	0.000	0.000	0.000	0.000	0.000	0.000	0.000	0.000	0.000	0.000	
0.000	0.000	0.000	0.000	0.000	0.000	0.000	0.000	0.000	0.000	0.000	0.000	0.995	3.978	3.978	0.995	0.000	0.000	0.000	0.000	0.000	0.000	0.000	0.000	0.000	0.000	0.000	0.000	
0.000	0.000	0.000	0.000	0.000	0.000	0.000	0.000	0.000	0.000	0.000	0.000	0.995	3.978	3.978	0.995	0.000	0.000	0.000	0.000	0.000	0.000	0.000	0.000	0.000	0.000	0.000	0.000	
