0.089	0.089	0.089	0.089	0.089	0.089	0.089	0.089	0.089	0.060	0.046	0.046	0.046	0.046	0.046	0.046	0.046	0.046	0.046	0.046	0.046	0.046	0.046	0.046	0.046	0.046	0.046	0.046	
0.091	0.089	0.089	0.089	0.089	0.089	0.089	0.089	0.089	0.064	0.046	0.046	0.046	0.046	0.046	0.046	0.046	0.046	0.046	0.046	0.046	0.046	0.046	0.046	0.046	0.046	0.046	0.046	
0.099	0.089	0.089	0.089	0.089	0.089	0.089	0.089	0.089	0.068	0.046	0.046	0.046	0.046	0.046	0.046	0.046	0.046	0.046	0.046	0.046	0.046	0.046	0.046	0.046	0.046	0.046	0.046	
0.108	0.089	0.089	0.089	0.089	0.089	0.089	0.089	0.089	0.072	0.046	0.046	0.046	0.046	0.046	0.046	0.046	0.046	0.046	0.046	0.046	0.046	0.046	0.046	0.046	0.046	0.046	0.046	
0.116	0.089	0.089	0.089	0.089	0.089	0.089	0.089	0.089	0.077	0.046	0.046	0.046	0.046	0.046	0.046	0.046	0.046	0.046	0.046	0.046	0.046	0.046	0.046	0.046	0.046	0.046	0.046	
0.124	0.091	0.089	0.089	0.089	0.089	0.089	0.089	0.089	0.081	0.046	0.046	0.046	0.046	0.046	0.046	0.046	0.046	0.046	0.046	0.046	0.046	0.046	0.046	0.046	0.046	0.046	0.046	
0.124	0.099	0.089	0.089	0.089	0.089	0.089	0.089	0.089	0.085	0.046	0.046	0.046	0.046	0.046	0.046	0.046	0.046	0.046	0.046	0.046	0.046	0.046	0.046	0.046	0.046	0.046	0.046	
0.124	0.108	0.089	0.089	0.089	0.089	0.089	0.089	0.089	0.089	0.047	0.046	0.046	0.046	0.046	0.046	0.046	0.046	0.046	0.046	0.046	0.046	0.046	0.046	0.046	0.046	0.046	0.046	
0.124	0.116	0.089	0.089	0.089	0.089	0.089	0.089	0.089	0.089	0.051	0.046	0.046	0.046	0.046	0.046	0.046	0.046	0.046	0.046	0.046	0.046	0.046	0.046	0.046	0.046	0.046	0.046	
0.124	0.124	0.091	0.089	0.089	0.089	0.089	0.089	0.089	0.089	0.055	0.046	0.046	0.046	0.046	0.046	0.046	0.046	0.046	0.046	0.046	0.046	0.046	0.046	0.046	0.046	0.046	0.046	
0.124	0.124	0.099	0.089	0.089	0.089	0.089	0.089	0.089	0.089	0.060	0.046	0.046	0.046	0.046	0.046	0.046	0.046	0.046	0.046	0.046	0.046	0.046	0.046	0.046	0.046	0.046	0.052	
0.124	0.124	0.108	0.089	0.089	0.089	0.089	0.089	0.089	0.089	0.064	0.046	0.046	0.046	0.046	0.046	0.046	0.046	0.046	0.046	0.046	0.046	0.046	0.046	0.046	0.046	0.046	0.092	
0.124	0.124	0.116	0.089	0.089	0.089	0.089	0.089	0.089	0.089	0.068	0.046	0.046	0.046	0.046	0.046	0.046	0.046	0.046	0.046	0.046	0.046	0.046	0.046	0.046	0.046	0.046	0.138	
0.124	0.124	0.124	0.091	0.089	0.089	0.089	0.089	0.089	0.089	0.072	0.046	0.046	0.046	0.046	0.046	0.046	0.046	0.046	0.046	0.046	0.046	0.046	0.046	0.046	0.046	0.054	0.175	
0.124	0.124	0.124	0.099	0.089	0.089	0.089	0.089	0.089	0.089	0.077	0.046	0.046	0.046	0.046	0.046	0.046	0.046	0.046	0.046	0.046	0.046	0.046	0.046	0.046	0.046	0.095	0.179	
0.124	0.124	0.124	0.108	0.089	0.089	0.089	0.089	0.089	0.089	0.081	0.046	0.046	0.046	0.046	0.046	0.046	0.046	0.046	0.046	0.046	0.046	0.046	0.046	0.046	0.046	0.140	0.179	
0.124	0.124	0.124	0.116	0.089	0.089	0.089	0.089	0.089	0.089	0.085	0.046	0.046	0.046	0.046	0.046	0.046	0.046	0.046	0.046	0.046	0.046	0.046	0.046	0.046	0.055	0.176	0.179	
0.124	0.124	0.124	0.124	0.091	0.089	0.089	0.089	0.089	0.089	0.089	0.047	0.046	0.046	0.046	0.046	0.046	0.046	0.046	0.046	0.046	0.046	0.046	0.046	0.046	0.097	0.179	0.179	
0.124	0.124	0.124	0.124	0.099	0.089	0.089	0.089	0.089	0.089	0.089	0.051	0.046	0.046	0.046	0.046	0.046	0.046	0.046	0.046	0.046	0.046	0.046	0.046	0.046	0.142	0.179	0.179	
0.124	0.124	0.124	0.124	0.108	0.089	0.089	0.089	0.089	0.089	0.089	0.055	0.046	0.046	0.046	0.046	0.046	0.046	0.046	0.046	0.046	0.046	0.046	0.046	0.057	0.177	0.179	0.179	
0.124	0.124	0.124	0.124	0.116	0.089	0.089	0.089	0.089	0.089	0.089	0.060	0.046	0.046	0.046	0.046	0.046	0.046	0.046	0.046	0.046	0.046	0.046	0.046	0.100	0.179	0.179	0.179	
0.124	0.124	0.124	0.124	0.124	0.091	0.089	0.089	0.089	0.089	0.089	0.064	0.046	0.046	0.046	0.046	0.046	0.046	0.046	0.046	0.046	0.046	0.046	0.046	0.145	0.179	0.179	0.179	
0.124	0.124	0.124	0.124	0.124	0.099	0.089	0.089	0.089	0.089	0.089	0.068	0.046	0.046	0.046	0.046	0.046	0.046	0.046	0.046	0.046	0.046	0.046	0.058	0.178	0.179	0.179	0.179	
0.124	0.124	0.124	0.124	0.124	0.108	0.089	0.089	0.089	0.089	0.089	0.072	0.046	0.046	0.046	0.046	0.046	0.046	0.046	0.046	0.046	0.046	0.046	0.102	0.179	0.179	0.179	0.179	
0.124	0.124	0.124	0.124	0.124	0.116	0.089	0.089	0.089	0.089	0.089	0.077	0.046	0.046	0.046	0.046	0.046	0.046	0.046	0.046	0.046	0.046	0.046	0.147	0.179	0.179	0.179	0.179	
0.124	0.124	0.124	0.124	0.124	0.124	0.091	0.089	0.089	0.089	0.089	0.081	0.046	0.046	0.046	0.046	0.046	0.046	0.046	0.046	0.046	0.046	0.060	0.178	0.179	0.179	0.179	0.179	
0.124	0.124	0.124	0.124	0.124	0.124	0.099	0.089	0.089	0.089	0.089	0.085	0.046	0.046	0.046	0.046	0.046	0.046	0.046	0.046	0.046	0.046	0.104	0.179	0.179	0.179	0.179	0.179	
0.124	0.124	0.124	0.124	0.124	0.124	0.108	0.089	0.089	0.089	0.089	0.089	0.047	0.046	0.046	0.046	0.046	0.046	0.046	0.046	0.046	0.046	0.149	0.179	0.179	0.179	0.179	0.179	
0.124	0.124	0.124	0.124	0.124	0.124	0.116	0.089	0.089	0.089	0.089	0.089	0.051	0.046	0.046	0.046	0.046	0.046	0.046	0.046	0.046	0.062	0.179	0.179	0.179	0.179	0.179	0.206	
0.124	0.124	0.124	0.124	0.124	0.124	0.124	0.091	0.089	0.089	0.089	0.089	0.055	0.046	0.046	0.046	0.046	0.046	0.046	0.046	0.046	0.107	0.179	0.179	0.179	0.179	0.179	0.268	
0.124	0.124	0.124	0.124	0.124	0.124	0.124	0.099	0.089	0.089	0.089	0.089	0.060	0.046	0.046	0.046	0.046	0.046	0.046	0.046	0.046	0.152	0.179	0.179	0.179	0.179	0.195	0.314	
0.124	0.124	0.124	0.124	0.124	0.124	0.124	0.108	0.089	0.089	0.089	0.089	0.064	0.046	0.046	0.046	0.046	0.046	0.046	0.046	0.064	0.179	0.179	0.179	0.179	0.179	0.255	0.317	
0.124	0.124	0.124	0.124	0.124	0.124	0.124	0.116	0.089	0.089	0.089	0.089	0.068	0.046	0.046	0.046	0.046	0.046	0.046	0.046	0.109	0.179	0.179	0.179	0.179	0.187	0.309	0.317	
0.124	0.124	0.124	0.124	0.124	0.124	0.124	0.124	0.091	0.089	0.089	0.089	0.072	0.046	0.046	0.046	0.046	0.046	0.046	0.046	0.154	0.179	0.179	0.179	0.179	0.242	0.317	0.317	
0.154	0.124	0.124	0.124	0.124	0.124	0.124	0.124	0.099	0.089	0.089	0.089	0.077	0.046	0.046	0.046	0.046	0.046	0.046	0.066	0.179	0.179	0.179	0.179	0.182	0.301	0.317	0.317	
0.364	0.126	0.124	0.124	0.124	0.124	0.124	0.124	0.108	0.089	0.089	0.089	0.081	0.046	0.046	0.046	0.046	0.046	0.046	0.111	0.179	0.179	0.179	0.179	0.229	0.317	0.317	0.317	
0.463	0.270	0.124	0.124	0.124	0.124	0.124	0.124	0.116	0.089	0.089	0.089	0.085	0.046	0.046	0.046	0.046	0.046	0.046	0.157	0.179	0.179	0.179	0.179	0.291	0.317	0.317	0.317	
0.463	0.452	0.185	0.124	0.124	0.124	0.124	0.124	0.124	0.091	0.089	0.089	0.089	0.047	0.046	0.046	0.046	0.046	0.069	0.179	0.179	0.179	0.179	0.215	0.317	0.317	0.317	0.317	
0.463	0.463	0.405	0.136	0.124	0.124	0.124	0.124	0.124	0.099	0.089	0.089	0.089	0.051	0.046	0.046	0.046	0.046	0.114	0.179	0.179	0.179	0.179	0.278	0.317	0.317	0.317	0.317	
0.463	0.463	0.463	0.321	0.124	0.124	0.124	0.124	0.124	0.108	0.089	0.089	0.089	0.055	0.046	0.046	0.046	0.046	0.159	0.179	0.179	0.179	0.203	0.316	0.317	0.317	0.317	0.317	
0.463	0.463	0.463	0.462	0.226	0.124	0.124	0.124	0.124	0.116	0.089	0.089	0.089	0.060	0.046	0.046	0.046	0.071	0.179	0.179	0.179	0.179	0.265	0.317	0.317	0.317	0.317	0.317	
0.463	0.463	0.463	0.463	0.435	0.157	0.124	0.124	0.124	0.124	0.091	0.089	0.089	0.064	0.046	0.046	0.046	0.116	0.179	0.179	0.179	0.193	0.313	0.317	0.317	0.317	0.317	0.317	
0.463	0.463	0.463	0.463	0.463	0.370	0.126	0.124	0.124	0.124	0.099	0.089	0.089	0.068	0.046	0.046	0.047	0.161	0.179	0.179	0.179	0.251	0.317	0.317	0.317	0.317	0.317	0.317	
0.463	0.463	0.463	0.463	0.463	0.463	0.276	0.124	0.124	0.124	0.108	0.089	0.089	0.072	0.046	0.046	0.073	0.179	0.179	0.179	0.186	0.307	0.317	0.317	0.317	0.317	0.317	0.317	
0.463	0.463	0.463	0.463	0.463	0.463	0.454	0.189	0.124	0.124	0.116	0.089	0.089	1.188	0.203	0.135	0.304	0.179	0.179	0.285	1.540	0.317	0.317	0.317	0.317	0.317	0.317	0.317	
0.895	0.606	0.463	0.463	0.463	0.463	0.463	0.409	0.347	0.136	1.769	2.941	3.331	4.614	4.352	4.674	3.610	0.525	0.546	2.928	3.016	0.317	0.317	0.317	0.317	0.317	0.319	0.578	
1.092	1.092	0.946	0.656	0.467	0.463	0.463	0.532	4.644	4.761	4.521	4.492	4.569	4.614	4.698	4.770	4.973	5.276	4.184	3.674	3.285	0.317	0.317	0.317	0.347	0.698	1.135	1.314	
1.092	1.092	1.092	1.092	0.992	0.707	0.480	1.634	4.873	4.868	4.732	4.493	4.560	4.672	4.743	4.807	5.251	5.300	4.810	3.684	3.806	0.877	0.407	0.818	1.227	1.314	1.314	1.314	
1.092	1.092	1.092	1.092	1.092	1.092	1.499	5.171	5.222	5.343	5.777	5.279	4.667	4.718	4.755	5.135	5.590	5.649	5.985	5.416	5.047	4.776	1.286	1.314	1.314	1.314	1.314	1.314	
1.092	1.092	1.092	1.092	1.092	1.092	1.748	5.289	5.289	5.606	5.782	5.320	4.667	4.682	4.755	5.461	5.615	5.835	6.003	5.623	5.052	4.986	1.314	1.314	1.314	1.314	1.314	1.314	
0.000	0.000	0.000	0.000	0.000	0.000	0.000	0.000	0.000	0.000	0.000	0.000	2.400	3.655	3.170	2.669	0.000	0.000	0.000	0.000	0.000	0.000	0.000	0.000	0.000	0.000	0.000	0.000	
0.000	0.000	0.000	0.000	0.000	0.000	0.000	0.000	0.000	0.000	0.000	0.000	0.559	2.235	2.235	0.559	0.000	0.000	0.000	0.000	0.000	0.000	0.000	0.000	0.000	0.000	0.000	0.000	
0.000	0.000	0.000	0.000	0.000	0.000	0.000	0.000	0.000	0.000	0.000	0.000	0.559	2.235	2.235	0.559	0.000	0.000	0.000	0.000	0.000	0.000	0.000	0.000	0.000	0.000	0.000	0.000	
0.000	0.000	0.000	0.000	0.000	0.000	0.000	0.000	0.000	0.000	0.000	0.000	0.559	2.235	2.235	0.559	0.000	0.000	0.000	0.000	0.000	0.000	0.000	0.000	0.000	0.000	0.000	0.000	
0.000	0.000	0.000	0.000	0.000	0.000	0.000	0.000	0.000	0.000	0.000	0.000	0.559	2.235	2.235	0.559	0.000	0.000	0.000	0.000	0.000	0.000	0.000	0.000	0.000	0.000	0.000	0.000	
