0.044	0.044	0.044	0.044	0.044	0.044	0.044	0.044	0.044	0.044	0.044	0.044	0.044	0.044	0.044	0.044	0.044	0.052	0.052	0.052	0.052	0.052	0.052	0.052	0.052	0.052	0.052	0.052	
0.044	0.044	0.044	0.044	0.044	0.044	0.044	0.044	0.044	0.044	0.044	0.044	0.044	0.044	0.044	0.044	0.044	0.052	0.052	0.052	0.052	0.052	0.052	0.052	0.052	0.052	0.052	0.052	
0.044	0.044	0.044	0.044	0.044	0.044	0.044	0.044	0.044	0.044	0.044	0.044	0.044	0.044	0.044	0.044	0.045	0.052	0.052	0.052	0.052	0.052	0.052	0.052	0.052	0.052	0.052	0.052	
0.044	0.044	0.044	0.044	0.044	0.044	0.044	0.044	0.044	0.044	0.044	0.044	0.044	0.044	0.044	0.044	0.045	0.052	0.052	0.052	0.052	0.052	0.052	0.052	0.052	0.052	0.052	0.052	
0.044	0.044	0.044	0.044	0.044	0.044	0.044	0.044	0.044	0.044	0.044	0.044	0.044	0.044	0.044	0.044	0.045	0.052	0.052	0.052	0.052	0.052	0.052	0.052	0.052	0.052	0.052	0.052	
0.044	0.044	0.044	0.044	0.044	0.044	0.044	0.044	0.044	0.044	0.044	0.044	0.044	0.044	0.044	0.044	0.045	0.052	0.052	0.052	0.052	0.052	0.052	0.052	0.052	0.052	0.052	0.052	
0.044	0.044	0.044	0.044	0.044	0.044	0.044	0.044	0.044	0.044	0.044	0.044	0.044	0.044	0.044	0.044	0.046	0.052	0.052	0.052	0.052	0.052	0.052	0.052	0.052	0.052	0.052	0.052	
0.044	0.044	0.044	0.044	0.044	0.044	0.044	0.044	0.044	0.044	0.044	0.044	0.044	0.044	0.044	0.044	0.046	0.052	0.052	0.052	0.052	0.052	0.052	0.052	0.052	0.052	0.052	0.052	
0.044	0.044	0.044	0.044	0.044	0.044	0.044	0.044	0.044	0.044	0.044	0.044	0.044	0.044	0.044	0.044	0.046	0.052	0.052	0.052	0.052	0.052	0.052	0.052	0.052	0.052	0.052	0.052	
0.044	0.044	0.044	0.044	0.044	0.044	0.044	0.044	0.044	0.044	0.044	0.044	0.044	0.044	0.044	0.044	0.046	0.052	0.052	0.052	0.052	0.052	0.052	0.052	0.052	0.052	0.052	0.052	
0.044	0.044	0.044	0.044	0.044	0.044	0.044	0.044	0.044	0.044	0.044	0.044	0.044	0.044	0.044	0.044	0.047	0.052	0.052	0.052	0.052	0.052	0.052	0.052	0.052	0.052	0.052	0.052	
0.044	0.044	0.044	0.044	0.044	0.044	0.044	0.044	0.044	0.044	0.044	0.044	0.044	0.044	0.044	0.044	0.047	0.052	0.052	0.052	0.052	0.052	0.052	0.052	0.052	0.052	0.052	0.052	
0.044	0.044	0.044	0.044	0.044	0.044	0.044	0.044	0.044	0.044	0.044	0.044	0.044	0.044	0.044	0.044	0.047	0.052	0.052	0.052	0.052	0.052	0.052	0.052	0.052	0.052	0.052	0.052	
0.044	0.044	0.044	0.044	0.044	0.044	0.044	0.044	0.044	0.044	0.044	0.044	0.044	0.044	0.044	0.044	0.047	0.052	0.052	0.052	0.052	0.052	0.052	0.052	0.052	0.052	0.052	0.052	
0.044	0.044	0.044	0.044	0.044	0.044	0.044	0.044	0.044	0.044	0.044	0.044	0.044	0.044	0.044	0.044	0.048	0.052	0.052	0.052	0.052	0.052	0.052	0.052	0.052	0.052	0.052	0.052	
0.044	0.044	0.044	0.044	0.044	0.044	0.044	0.044	0.044	0.044	0.044	0.044	0.044	0.044	0.044	0.044	0.048	0.052	0.052	0.052	0.052	0.052	0.052	0.052	0.052	0.052	0.052	0.052	
0.062	0.044	0.044	0.044	0.044	0.044	0.044	0.044	0.044	0.044	0.044	0.044	0.044	0.044	0.044	0.044	0.048	0.052	0.052	0.052	0.052	0.052	0.052	0.052	0.052	0.052	0.052	0.052	
0.111	0.044	0.044	0.044	0.044	0.044	0.044	0.044	0.044	0.044	0.044	0.044	0.044	0.044	0.044	0.044	0.048	0.052	0.052	0.052	0.052	0.052	0.052	0.052	0.052	0.052	0.052	0.052	
0.159	0.046	0.044	0.044	0.044	0.044	0.044	0.044	0.044	0.044	0.044	0.044	0.044	0.044	0.044	0.044	0.049	0.052	0.052	0.052	0.052	0.052	0.052	0.052	0.052	0.052	0.052	0.052	
0.173	0.083	0.044	0.044	0.044	0.044	0.044	0.044	0.044	0.044	0.044	0.044	0.044	0.044	0.044	0.044	0.049	0.052	0.052	0.052	0.052	0.052	0.052	0.052	0.052	0.052	0.052	0.052	
0.173	0.133	0.044	0.044	0.044	0.044	0.044	0.044	0.044	0.044	0.044	0.044	0.044	0.044	0.044	0.044	0.049	0.052	0.052	0.052	0.052	0.052	0.052	0.052	0.052	0.052	0.052	0.052	
0.173	0.170	0.057	0.044	0.044	0.044	0.044	0.044	0.044	0.044	0.044	0.044	0.044	0.044	0.044	0.044	0.050	0.052	0.052	0.052	0.052	0.052	0.052	0.052	0.052	0.052	0.052	0.052	
0.173	0.173	0.105	0.044	0.044	0.044	0.044	0.044	0.044	0.044	0.044	0.044	0.044	0.044	0.044	0.044	0.050	0.052	0.052	0.052	0.052	0.052	0.052	0.052	0.052	0.052	0.052	0.052	
0.173	0.173	0.154	0.045	0.044	0.044	0.044	0.044	0.044	0.044	0.044	0.044	0.044	0.044	0.044	0.044	0.050	0.052	0.052	0.052	0.052	0.052	0.052	0.052	0.052	0.052	0.052	0.052	
0.173	0.173	0.173	0.077	0.044	0.044	0.044	0.044	0.044	0.044	0.044	0.044	0.044	0.044	0.044	0.044	0.050	0.052	0.052	0.052	0.052	0.052	0.052	0.052	0.052	0.052	0.052	0.052	
0.173	0.173	0.173	0.127	0.044	0.044	0.044	0.044	0.044	0.044	0.044	0.044	0.044	0.044	0.044	0.044	0.051	0.052	0.052	0.052	0.052	0.052	0.052	0.052	0.052	0.052	0.052	0.052	
0.173	0.173	0.173	0.168	0.053	0.044	0.044	0.044	0.044	0.044	0.044	0.044	0.044	0.044	0.044	0.044	0.051	0.052	0.052	0.052	0.052	0.052	0.052	0.052	0.052	0.052	0.052	0.052	
0.173	0.173	0.173	0.173	0.098	0.044	0.044	0.044	0.044	0.044	0.044	0.044	0.044	0.044	0.044	0.044	0.051	0.052	0.052	0.052	0.052	0.052	0.052	0.052	0.052	0.052	0.052	0.052	
0.173	0.173	0.173	0.173	0.149	0.044	0.044	0.044	0.044	0.044	0.044	0.044	0.044	0.044	0.044	0.044	0.051	0.052	0.052	0.052	0.052	0.052	0.052	0.052	0.052	0.052	0.052	0.052	
0.173	0.173	0.173	0.173	0.173	0.070	0.044	0.044	0.044	0.044	0.044	0.044	0.044	0.044	0.044	0.044	0.052	0.052	0.052	0.052	0.052	0.052	0.052	0.052	0.052	0.052	0.052	0.052	
0.173	0.173	0.173	0.173	0.173	0.120	0.044	0.044	0.044	0.044	0.044	0.044	0.044	0.044	0.044	0.044	0.052	0.052	0.052	0.052	0.052	0.052	0.052	0.052	0.052	0.052	0.052	0.052	
0.173	0.173	0.173	0.173	0.173	0.165	0.049	0.044	0.044	0.044	0.044	0.044	0.044	0.044	0.044	0.044	0.052	0.052	0.052	0.052	0.052	0.052	0.052	0.052	0.052	0.052	0.052	0.052	
0.173	0.173	0.173	0.173	0.173	0.173	0.092	0.044	0.044	0.044	0.044	0.044	0.044	0.044	0.044	0.045	0.052	0.052	0.052	0.052	0.052	0.052	0.052	0.052	0.052	0.052	0.052	0.052	
0.173	0.173	0.173	0.173	0.173	0.173	0.155	0.044	0.044	0.044	0.044	0.044	0.044	0.044	0.044	0.045	0.052	0.052	0.052	0.052	0.052	0.052	0.052	0.052	0.052	0.052	0.052	0.052	
0.173	0.173	0.173	0.173	0.173	0.173	0.184	0.257	0.044	0.044	0.044	0.044	0.044	0.044	0.044	0.045	0.052	0.052	0.052	0.052	0.052	0.052	0.052	0.052	0.052	0.052	0.052	0.200	
0.173	0.173	0.173	0.173	0.173	0.173	0.173	0.568	0.044	0.044	0.044	0.044	0.044	0.044	0.044	0.045	0.052	0.052	0.052	0.052	0.052	0.052	0.052	0.052	0.052	0.052	0.140	0.672	
0.173	0.173	0.173	0.173	0.173	0.173	0.173	0.564	0.349	0.044	0.044	0.044	0.044	0.044	0.044	0.046	0.052	0.052	0.052	0.052	0.052	0.052	0.052	0.052	0.052	0.096	0.624	0.608	
0.225	0.173	0.173	0.173	0.173	0.173	0.173	0.291	0.921	0.046	0.044	0.044	0.044	0.044	0.044	0.046	0.052	0.052	0.052	0.052	0.052	0.052	0.052	0.052	0.067	0.558	0.708	0.446	
0.409	0.182	0.173	0.173	0.173	0.173	0.173	0.173	1.013	0.372	0.044	0.044	0.044	0.044	0.044	0.046	0.052	0.052	0.052	0.052	0.052	0.052	0.052	0.053	0.476	0.735	0.540	0.425	
0.459	0.333	0.173	0.173	0.173	0.173	0.173	0.173	0.740	0.943	0.048	0.044	0.044	0.044	0.044	0.046	0.052	0.052	0.052	0.052	0.052	0.052	0.052	0.382	0.735	0.660	0.426	0.425	
0.459	0.457	0.250	0.173	0.173	0.173	0.173	0.173	0.466	1.169	0.395	0.044	0.044	0.044	0.044	0.047	0.052	0.052	0.052	0.052	0.052	0.052	0.289	0.732	0.729	0.478	0.425	0.425	
0.459	0.459	0.429	0.193	0.173	0.173	0.173	0.173	0.217	1.144	0.963	0.051	0.044	0.044	0.044	0.047	0.052	0.052	0.052	0.052	0.052	0.211	0.715	0.735	0.593	0.425	0.425	0.425	
0.459	0.459	0.459	0.365	0.173	0.173	0.173	0.173	0.173	0.915	1.169	0.418	0.044	0.044	0.044	0.047	0.052	0.052	0.052	0.052	0.149	0.682	0.735	0.700	0.439	0.425	0.425	0.425	
0.459	0.459	0.459	0.459	0.280	0.173	0.173	0.173	0.173	0.642	1.169	0.982	0.055	0.044	0.044	0.048	0.052	0.052	0.052	0.102	0.633	0.735	0.735	0.526	0.425	0.425	0.425	0.425	
0.459	0.459	0.459	0.459	0.444	0.210	0.173	0.173	0.173	0.368	1.169	1.169	0.441	0.044	0.044	0.048	0.052	0.052	0.070	0.570	0.735	0.735	0.647	0.425	0.425	0.425	0.425	0.425	
0.459	0.459	0.459	0.459	0.459	0.393	0.176	0.173	0.173	0.179	1.085	1.169	1.000	0.060	0.044	0.502	0.108	0.054	0.490	0.735	0.735	0.725	0.468	0.425	0.425	0.425	0.425	0.425	
0.459	0.459	0.459	0.459	0.459	0.459	0.311	0.173	0.173	0.173	0.818	1.169	1.573	4.420	4.485	4.460	4.173	2.413	0.735	0.735	0.735	0.579	0.425	0.425	0.425	0.425	0.425	0.425	
0.459	0.459	0.459	0.459	0.459	0.459	0.453	1.790	0.695	0.318	2.516	2.635	3.745	4.695	4.718	4.512	4.461	4.128	0.991	1.004	1.908	0.434	0.425	0.425	0.425	0.425	0.425	0.425	
0.459	0.459	0.459	0.459	0.459	0.459	0.459	4.472	4.949	4.797	5.266	4.612	4.168	4.334	4.554	4.439	4.892	5.422	4.933	4.770	4.780	0.583	0.425	0.425	0.425	0.425	0.425	0.425	
0.459	0.459	0.459	0.459	0.459	0.459	0.459	4.748	4.969	5.148	5.266	4.859	4.168	4.242	4.419	4.419	5.086	5.447	5.248	4.834	4.834	1.322	0.425	0.425	0.425	0.425	0.425	0.425	
0.000	0.000	0.000	0.000	0.000	0.000	0.000	0.000	0.000	0.000	0.000	0.000	1.985	3.159	4.039	2.348	0.000	0.000	0.000	0.000	0.000	0.000	0.000	0.000	0.000	0.000	0.000	0.000	
0.000	0.000	0.000	0.000	0.000	0.000	0.000	0.000	0.000	0.000	0.000	0.000	0.577	2.307	2.317	0.646	0.000	0.000	0.000	0.000	0.000	0.000	0.000	0.000	0.000	0.000	0.000	0.000	
0.000	0.000	0.000	0.000	0.000	0.000	0.000	0.000	0.000	0.000	0.000	0.000	0.577	2.307	2.307	0.577	0.000	0.000	0.000	0.000	0.000	0.000	0.000	0.000	0.000	0.000	0.000	0.000	
0.000	0.000	0.000	0.000	0.000	0.000	0.000	0.000	0.000	0.000	0.000	0.000	0.577	2.307	2.307	0.577	0.000	0.000	0.000	0.000	0.000	0.000	0.000	0.000	0.000	0.000	0.000	0.000	
0.000	0.000	0.000	0.000	0.000	0.000	0.000	0.000	0.000	0.000	0.000	0.000	0.577	2.307	2.307	0.577	0.000	0.000	0.000	0.000	0.000	0.000	0.000	0.000	0.000	0.000	0.000	0.000	
