0.053	0.053	0.053	0.053	0.053	0.053	0.053	0.053	0.053	0.053	0.053	0.086	0.097	0.097	0.097	0.097	0.097	0.097	0.093	0.063	0.063	0.063	0.063	0.063	0.063	0.063	0.063	0.063	
0.053	0.053	0.053	0.053	0.053	0.053	0.053	0.053	0.053	0.053	0.053	0.085	0.097	0.097	0.097	0.097	0.097	0.097	0.092	0.063	0.063	0.063	0.063	0.063	0.063	0.063	0.063	0.063	
0.053	0.053	0.053	0.053	0.053	0.053	0.053	0.053	0.053	0.053	0.053	0.084	0.097	0.097	0.097	0.097	0.097	0.097	0.090	0.063	0.063	0.063	0.063	0.063	0.063	0.063	0.063	0.063	
0.053	0.053	0.053	0.053	0.053	0.053	0.053	0.053	0.053	0.053	0.053	0.082	0.097	0.097	0.097	0.097	0.097	0.097	0.088	0.063	0.063	0.063	0.063	0.063	0.063	0.063	0.063	0.063	
0.053	0.053	0.053	0.053	0.053	0.053	0.053	0.053	0.053	0.053	0.053	0.081	0.097	0.097	0.097	0.097	0.097	0.097	0.086	0.063	0.063	0.063	0.063	0.063	0.063	0.063	0.063	0.063	
0.053	0.053	0.053	0.053	0.053	0.053	0.053	0.053	0.053	0.053	0.053	0.080	0.097	0.097	0.097	0.097	0.097	0.097	0.084	0.063	0.063	0.063	0.063	0.063	0.063	0.063	0.063	0.063	
0.053	0.053	0.053	0.053	0.053	0.053	0.053	0.053	0.053	0.053	0.053	0.078	0.097	0.097	0.097	0.097	0.097	0.097	0.082	0.063	0.063	0.063	0.063	0.063	0.063	0.063	0.063	0.063	
0.053	0.053	0.053	0.053	0.053	0.053	0.053	0.053	0.053	0.053	0.053	0.077	0.097	0.097	0.097	0.097	0.097	0.097	0.080	0.063	0.063	0.063	0.063	0.063	0.063	0.063	0.063	0.063	
0.053	0.053	0.053	0.053	0.053	0.053	0.053	0.053	0.053	0.053	0.053	0.076	0.097	0.097	0.097	0.097	0.097	0.097	0.078	0.063	0.063	0.063	0.063	0.063	0.063	0.063	0.063	0.063	
0.053	0.053	0.053	0.053	0.053	0.053	0.053	0.053	0.053	0.053	0.053	0.075	0.097	0.097	0.097	0.097	0.097	0.097	0.076	0.063	0.063	0.063	0.063	0.063	0.063	0.063	0.063	0.063	
0.053	0.053	0.053	0.053	0.053	0.053	0.053	0.053	0.053	0.053	0.053	0.073	0.097	0.097	0.097	0.097	0.097	0.097	0.074	0.063	0.063	0.063	0.063	0.063	0.063	0.063	0.063	0.063	
0.053	0.053	0.053	0.053	0.053	0.053	0.053	0.053	0.053	0.053	0.053	0.072	0.097	0.097	0.097	0.097	0.097	0.097	0.073	0.063	0.063	0.063	0.063	0.063	0.063	0.063	0.063	0.063	
0.053	0.053	0.053	0.053	0.053	0.053	0.053	0.053	0.053	0.053	0.053	0.071	0.097	0.097	0.097	0.097	0.097	0.097	0.071	0.063	0.063	0.063	0.063	0.063	0.063	0.063	0.063	0.063	
0.053	0.053	0.053	0.053	0.053	0.053	0.053	0.053	0.053	0.053	0.053	0.069	0.097	0.097	0.097	0.097	0.097	0.097	0.069	0.063	0.063	0.063	0.063	0.063	0.063	0.063	0.063	0.063	
0.053	0.053	0.053	0.053	0.053	0.053	0.053	0.053	0.053	0.053	0.053	0.068	0.097	0.097	0.097	0.097	0.097	0.097	0.067	0.063	0.063	0.063	0.063	0.063	0.063	0.063	0.063	0.063	
0.053	0.053	0.053	0.053	0.053	0.053	0.053	0.053	0.053	0.053	0.053	0.067	0.097	0.097	0.097	0.097	0.097	0.097	0.065	0.063	0.063	0.063	0.063	0.063	0.063	0.063	0.063	0.063	
0.053	0.053	0.053	0.053	0.053	0.053	0.053	0.053	0.053	0.053	0.053	0.066	0.097	0.097	0.097	0.097	0.097	0.097	0.063	0.063	0.063	0.063	0.063	0.063	0.063	0.063	0.063	0.063	
0.053	0.053	0.053	0.053	0.053	0.053	0.053	0.053	0.053	0.053	0.053	0.064	0.097	0.097	0.097	0.097	0.097	0.095	0.063	0.063	0.063	0.063	0.063	0.063	0.063	0.063	0.063	0.063	
0.053	0.053	0.053	0.053	0.053	0.053	0.053	0.053	0.053	0.053	0.053	0.063	0.097	0.097	0.097	0.097	0.097	0.093	0.063	0.063	0.063	0.063	0.063	0.063	0.063	0.063	0.063	0.063	
0.053	0.053	0.053	0.053	0.053	0.053	0.053	0.053	0.053	0.053	0.053	0.062	0.097	0.097	0.097	0.097	0.097	0.092	0.063	0.063	0.063	0.063	0.063	0.063	0.063	0.063	0.063	0.063	
0.053	0.053	0.053	0.053	0.053	0.053	0.053	0.053	0.053	0.053	0.053	0.060	0.097	0.097	0.097	0.097	0.097	0.090	0.063	0.063	0.063	0.063	0.063	0.063	0.063	0.063	0.063	0.063	
0.053	0.053	0.053	0.053	0.053	0.053	0.053	0.053	0.053	0.053	0.053	0.059	0.097	0.097	0.097	0.097	0.097	0.088	0.063	0.063	0.063	0.063	0.063	0.063	0.063	0.063	0.063	0.063	
0.053	0.053	0.053	0.053	0.053	0.053	0.053	0.053	0.053	0.053	0.053	0.058	0.097	0.097	0.097	0.097	0.097	0.086	0.063	0.063	0.063	0.063	0.063	0.063	0.063	0.063	0.063	0.063	
0.053	0.053	0.053	0.053	0.053	0.053	0.053	0.053	0.053	0.053	0.053	0.056	0.097	0.097	0.097	0.097	0.097	0.084	0.063	0.063	0.063	0.063	0.063	0.063	0.063	0.063	0.063	0.063	
0.053	0.053	0.053	0.053	0.053	0.053	0.053	0.053	0.053	0.053	0.053	0.055	0.097	0.097	0.097	0.097	0.097	0.082	0.063	0.063	0.063	0.063	0.063	0.063	0.063	0.063	0.063	0.063	
0.053	0.053	0.053	0.053	0.053	0.053	0.053	0.053	0.053	0.053	0.053	0.054	0.097	0.097	0.097	0.097	0.097	0.080	0.063	0.063	0.063	0.063	0.063	0.063	0.063	0.063	0.063	0.063	
0.053	0.053	0.053	0.053	0.053	0.053	0.053	0.053	0.053	0.053	0.053	0.053	0.097	0.097	0.097	0.097	0.097	0.078	0.063	0.063	0.063	0.063	0.063	0.063	0.063	0.063	0.063	0.063	
0.053	0.053	0.053	0.053	0.053	0.053	0.053	0.053	0.053	0.053	0.053	0.053	0.096	0.097	0.097	0.097	0.097	0.076	0.063	0.063	0.063	0.063	0.063	0.063	0.063	0.063	0.063	0.068	
0.053	0.053	0.053	0.053	0.053	0.053	0.053	0.053	0.053	0.053	0.053	0.053	0.094	0.097	0.097	0.097	0.097	0.074	0.063	0.063	0.063	0.063	0.063	0.063	0.063	0.063	0.063	0.147	
0.053	0.053	0.053	0.053	0.053	0.053	0.053	0.053	0.053	0.053	0.053	0.053	0.093	0.097	0.097	0.097	0.097	0.073	0.063	0.063	0.063	0.063	0.063	0.063	0.063	0.063	0.063	0.252	
0.094	0.053	0.053	0.053	0.053	0.053	0.053	0.053	0.053	0.053	0.053	0.053	0.092	0.097	0.097	0.097	0.097	0.071	0.063	0.063	0.063	0.063	0.063	0.063	0.063	0.063	0.125	0.295	
0.220	0.053	0.053	0.053	0.053	0.053	0.053	0.053	0.053	0.053	0.053	0.053	0.090	0.097	0.097	0.097	0.097	0.069	0.063	0.063	0.063	0.063	0.063	0.063	0.063	0.063	0.231	0.295	
0.301	0.102	0.053	0.053	0.053	0.053	0.053	0.053	0.053	0.053	0.053	0.053	0.089	0.097	0.097	0.097	0.097	0.067	0.063	0.063	0.063	0.063	0.063	0.063	0.063	0.104	0.295	0.295	
0.302	0.230	0.053	0.053	0.053	0.053	0.053	0.053	0.053	0.053	0.053	0.053	0.088	0.097	0.097	0.097	0.097	0.065	0.063	0.063	0.063	0.063	0.063	0.063	0.063	0.208	0.295	0.295	
0.302	0.301	0.111	0.053	0.053	0.053	0.053	0.053	0.053	0.053	0.053	0.053	0.087	0.097	0.097	0.097	0.097	0.063	0.063	0.063	0.063	0.063	0.063	0.063	0.087	0.290	0.295	0.295	
0.302	0.302	0.240	0.053	0.053	0.053	0.053	0.053	0.053	0.053	0.053	0.053	0.085	0.097	0.097	0.097	0.095	0.063	0.063	0.063	0.063	0.063	0.063	0.063	0.186	0.295	0.295	0.295	
0.302	0.302	0.302	0.120	0.053	0.053	0.053	0.053	0.053	0.053	0.053	0.053	0.084	0.097	0.097	0.097	0.093	0.063	0.063	0.063	0.063	0.063	0.063	0.074	0.280	0.295	0.295	0.295	
0.302	0.302	0.302	0.249	0.053	0.053	0.053	0.053	0.053	0.053	0.053	0.053	0.083	0.097	0.097	0.097	0.092	0.063	0.063	0.063	0.063	0.063	0.063	0.164	0.295	0.295	0.295	0.295	
0.302	0.302	0.302	0.302	0.130	0.053	0.053	0.053	0.053	0.053	0.053	0.053	0.156	0.097	0.097	0.097	0.090	0.063	0.063	0.063	0.063	0.063	0.066	0.266	0.295	0.295	0.295	0.295	
0.302	0.302	0.302	0.302	0.257	0.054	0.053	0.053	0.053	0.053	0.053	0.053	0.842	0.097	0.097	0.097	0.088	0.063	0.063	0.063	0.063	0.063	0.142	0.295	0.295	0.295	0.295	0.295	
0.302	0.302	0.302	0.302	0.302	0.140	0.053	0.053	0.053	0.053	0.053	0.070	1.645	0.097	0.097	0.097	0.086	0.063	0.063	0.063	0.063	0.063	0.247	0.295	0.295	0.295	0.295	0.295	
0.302	0.302	0.302	0.302	0.302	0.265	0.056	0.053	0.053	0.053	0.053	0.330	2.061	0.241	0.097	0.097	0.084	0.063	0.063	0.063	0.063	0.120	0.295	0.295	0.295	0.295	0.295	0.295	
0.302	0.302	0.302	0.302	0.302	0.302	0.149	0.053	0.053	0.053	0.053	0.667	2.073	0.713	0.097	0.097	0.082	0.063	0.063	0.063	0.063	0.225	0.295	0.295	0.295	0.295	0.295	0.295	
0.302	0.302	0.302	0.302	0.302	0.302	0.272	0.059	0.053	0.053	0.053	1.004	2.073	1.197	0.097	0.097	0.080	0.063	0.063	0.063	0.099	0.294	0.295	0.295	0.295	0.295	0.295	0.295	
0.302	0.302	0.302	0.302	0.302	0.302	0.302	0.191	0.053	0.053	0.053	1.341	2.073	1.681	0.097	0.097	0.078	0.063	0.063	0.413	1.569	0.295	0.295	0.295	0.295	0.295	0.295	0.295	
0.302	0.302	0.302	0.302	0.302	0.302	0.302	1.780	2.486	0.583	0.573	2.387	2.073	2.052	1.107	1.246	1.287	0.473	0.761	3.239	2.570	0.295	0.295	0.295	0.295	0.295	0.295	0.295	
0.302	0.302	0.302	0.302	0.302	0.302	0.302	2.213	3.834	3.764	4.366	4.530	3.474	3.391	4.451	4.451	4.747	4.876	3.994	3.634	2.842	0.295	0.295	0.295	0.295	0.295	0.391	0.624	
0.302	0.302	0.302	0.302	0.302	0.303	0.524	2.658	3.834	3.924	4.547	4.545	4.601	4.643	4.493	4.451	4.788	4.878	4.300	3.666	3.444	0.398	0.539	0.774	1.009	1.244	1.383	1.384	
0.302	0.376	0.733	1.117	1.500	1.883	2.045	2.326	5.067	5.273	5.150	5.155	4.837	4.647	4.408	4.172	4.963	5.481	5.493	4.991	5.025	2.330	1.384	1.384	1.384	1.384	1.384	1.384	
1.709	2.018	2.045	2.045	2.045	2.045	2.045	2.288	5.280	5.280	5.250	5.235	5.119	4.549	4.083	4.063	4.902	5.637	5.565	5.025	5.025	2.412	1.384	1.384	1.384	1.384	1.384	1.384	
0.000	0.000	0.000	0.000	0.000	0.000	0.000	0.000	0.000	0.000	0.000	0.000	2.644	3.779	4.038	2.159	0.000	0.000	0.000	0.000	0.000	0.000	0.000	0.000	0.000	0.000	0.000	0.000	
0.000	0.000	0.000	0.000	0.000	0.000	0.000	0.000	0.000	0.000	0.000	0.000	0.615	2.460	2.629	0.752	0.000	0.000	0.000	0.000	0.000	0.000	0.000	0.000	0.000	0.000	0.000	0.000	
0.000	0.000	0.000	0.000	0.000	0.000	0.000	0.000	0.000	0.000	0.000	0.000	0.615	2.460	2.460	0.615	0.000	0.000	0.000	0.000	0.000	0.000	0.000	0.000	0.000	0.000	0.000	0.000	
0.000	0.000	0.000	0.000	0.000	0.000	0.000	0.000	0.000	0.000	0.000	0.000	0.615	2.460	2.460	0.615	0.000	0.000	0.000	0.000	0.000	0.000	0.000	0.000	0.000	0.000	0.000	0.000	
0.000	0.000	0.000	0.000	0.000	0.000	0.000	0.000	0.000	0.000	0.000	0.000	0.615	2.460	2.460	0.615	0.000	0.000	0.000	0.000	0.000	0.000	0.000	0.000	0.000	0.000	0.000	0.000	
