0.068	0.068	0.068	0.068	0.068	0.068	0.068	0.057	0.049	0.049	0.049	0.049	0.049	0.049	0.049	0.049	0.049	0.049	0.049	0.049	0.049	0.049	0.049	0.049	0.049	0.049	0.049	0.109	
0.068	0.068	0.068	0.068	0.068	0.068	0.068	0.059	0.049	0.049	0.049	0.049	0.049	0.049	0.049	0.049	0.049	0.049	0.049	0.049	0.049	0.049	0.049	0.049	0.049	0.049	0.053	0.126	
0.068	0.068	0.068	0.068	0.068	0.068	0.068	0.061	0.049	0.049	0.049	0.049	0.049	0.049	0.049	0.049	0.049	0.049	0.049	0.049	0.049	0.049	0.049	0.049	0.049	0.049	0.071	0.127	
0.068	0.068	0.068	0.068	0.068	0.068	0.068	0.064	0.049	0.049	0.049	0.049	0.049	0.049	0.049	0.049	0.049	0.049	0.049	0.049	0.049	0.049	0.049	0.049	0.049	0.049	0.091	0.127	
0.068	0.068	0.068	0.068	0.068	0.068	0.068	0.066	0.049	0.049	0.049	0.049	0.049	0.049	0.049	0.049	0.049	0.049	0.049	0.049	0.049	0.049	0.049	0.049	0.049	0.049	0.111	0.127	
0.068	0.068	0.068	0.068	0.068	0.068	0.068	0.068	0.049	0.049	0.049	0.049	0.049	0.049	0.049	0.049	0.049	0.049	0.049	0.049	0.049	0.049	0.049	0.049	0.049	0.053	0.126	0.127	
0.068	0.068	0.068	0.068	0.068	0.068	0.068	0.068	0.051	0.049	0.049	0.049	0.049	0.049	0.049	0.049	0.049	0.049	0.049	0.049	0.049	0.049	0.049	0.049	0.049	0.072	0.127	0.127	
0.068	0.068	0.068	0.068	0.068	0.068	0.068	0.068	0.053	0.049	0.049	0.049	0.049	0.049	0.049	0.049	0.049	0.049	0.049	0.049	0.049	0.049	0.049	0.049	0.049	0.092	0.127	0.127	
0.068	0.068	0.068	0.068	0.068	0.068	0.068	0.068	0.056	0.049	0.049	0.049	0.049	0.049	0.049	0.049	0.049	0.049	0.049	0.049	0.049	0.049	0.049	0.049	0.049	0.112	0.127	0.127	
0.068	0.068	0.068	0.068	0.068	0.068	0.068	0.068	0.058	0.049	0.049	0.049	0.049	0.049	0.049	0.049	0.049	0.049	0.049	0.049	0.049	0.049	0.049	0.049	0.054	0.126	0.127	0.127	
0.068	0.068	0.068	0.068	0.068	0.068	0.068	0.068	0.060	0.049	0.049	0.049	0.049	0.049	0.049	0.049	0.049	0.049	0.049	0.049	0.049	0.049	0.049	0.049	0.074	0.127	0.127	0.127	
0.068	0.068	0.068	0.068	0.068	0.068	0.068	0.068	0.063	0.049	0.049	0.049	0.049	0.049	0.049	0.049	0.049	0.049	0.049	0.049	0.049	0.049	0.049	0.049	0.094	0.127	0.127	0.127	
0.068	0.068	0.068	0.068	0.068	0.068	0.068	0.068	0.065	0.049	0.049	0.049	0.049	0.049	0.049	0.049	0.049	0.049	0.049	0.049	0.049	0.049	0.049	0.049	0.114	0.127	0.127	0.127	
0.068	0.068	0.068	0.068	0.068	0.068	0.068	0.068	0.067	0.049	0.049	0.049	0.049	0.049	0.049	0.049	0.049	0.049	0.049	0.049	0.049	0.049	0.049	0.056	0.127	0.127	0.127	0.127	
0.068	0.068	0.068	0.068	0.068	0.068	0.068	0.068	0.068	0.050	0.049	0.049	0.049	0.049	0.049	0.049	0.049	0.049	0.049	0.049	0.049	0.049	0.049	0.075	0.127	0.127	0.127	0.127	
0.068	0.068	0.068	0.068	0.068	0.068	0.068	0.068	0.068	0.053	0.049	0.049	0.049	0.049	0.049	0.049	0.049	0.049	0.049	0.049	0.049	0.049	0.049	0.095	0.127	0.127	0.127	0.127	
0.068	0.068	0.068	0.068	0.068	0.068	0.068	0.068	0.068	0.055	0.049	0.049	0.049	0.049	0.049	0.049	0.049	0.049	0.049	0.049	0.049	0.049	0.049	0.115	0.127	0.127	0.127	0.127	
0.068	0.068	0.068	0.068	0.068	0.068	0.068	0.068	0.068	0.057	0.049	0.049	0.049	0.049	0.049	0.049	0.049	0.049	0.049	0.049	0.049	0.049	0.057	0.127	0.127	0.127	0.127	0.127	
0.068	0.068	0.068	0.068	0.068	0.068	0.068	0.068	0.068	0.060	0.049	0.049	0.049	0.049	0.049	0.049	0.049	0.049	0.049	0.049	0.049	0.049	0.077	0.127	0.127	0.127	0.127	0.127	
0.068	0.068	0.068	0.068	0.068	0.068	0.068	0.068	0.068	0.062	0.049	0.049	0.049	0.049	0.049	0.049	0.049	0.049	0.049	0.049	0.049	0.049	0.096	0.127	0.127	0.127	0.127	0.127	
0.068	0.068	0.068	0.068	0.068	0.068	0.068	0.068	0.068	0.064	0.049	0.049	0.049	0.049	0.049	0.049	0.049	0.049	0.049	0.049	0.049	0.049	0.116	0.127	0.127	0.127	0.127	0.127	
0.068	0.068	0.068	0.068	0.068	0.068	0.068	0.068	0.068	0.067	0.049	0.049	0.049	0.049	0.049	0.049	0.049	0.049	0.049	0.049	0.049	0.058	0.127	0.127	0.127	0.127	0.127	0.127	
0.068	0.068	0.068	0.068	0.068	0.068	0.068	0.068	0.068	0.068	0.050	0.049	0.049	0.049	0.049	0.049	0.049	0.049	0.049	0.049	0.049	0.078	0.127	0.127	0.127	0.127	0.127	0.127	
0.068	0.068	0.068	0.068	0.068	0.068	0.068	0.068	0.068	0.068	0.052	0.049	0.049	0.049	0.049	0.049	0.049	0.049	0.049	0.049	0.049	0.098	0.127	0.127	0.127	0.127	0.127	0.127	
0.068	0.068	0.068	0.068	0.068	0.068	0.068	0.068	0.068	0.068	0.054	0.049	0.049	0.049	0.049	0.049	0.049	0.049	0.049	0.049	0.049	0.118	0.127	0.127	0.127	0.127	0.127	0.139	
0.068	0.068	0.068	0.068	0.068	0.068	0.068	0.068	0.068	0.068	0.057	0.049	0.049	0.049	0.049	0.049	0.049	0.049	0.049	0.049	0.060	0.127	0.127	0.127	0.127	0.127	0.127	0.197	
0.068	0.068	0.068	0.068	0.068	0.068	0.068	0.068	0.068	0.068	0.059	0.049	0.049	0.049	0.049	0.049	0.049	0.049	0.049	0.049	0.079	0.127	0.127	0.127	0.127	0.127	0.127	0.259	
0.076	0.068	0.068	0.068	0.068	0.068	0.068	0.068	0.068	0.068	0.061	0.049	0.049	0.049	0.049	0.049	0.049	0.049	0.049	0.049	0.099	0.127	0.127	0.127	0.127	0.127	0.163	0.286	
0.188	0.068	0.068	0.068	0.068	0.068	0.068	0.068	0.068	0.068	0.064	0.049	0.049	0.049	0.049	0.049	0.049	0.049	0.049	0.049	0.119	0.127	0.127	0.127	0.127	0.127	0.226	0.286	
0.323	0.078	0.068	0.068	0.068	0.068	0.068	0.068	0.068	0.068	0.066	0.049	0.049	0.049	0.049	0.049	0.049	0.049	0.049	0.061	0.127	0.127	0.127	0.127	0.127	0.137	0.280	0.286	
0.352	0.192	0.068	0.068	0.068	0.068	0.068	0.068	0.068	0.068	0.068	0.049	0.049	0.049	0.049	0.049	0.049	0.049	0.049	0.081	0.127	0.127	0.127	0.127	0.127	0.193	0.286	0.286	
0.352	0.325	0.079	0.068	0.068	0.068	0.068	0.068	0.068	0.068	0.068	0.051	0.049	0.049	0.049	0.049	0.049	0.049	0.049	0.101	0.127	0.127	0.127	0.127	0.127	0.256	0.286	0.286	
0.352	0.352	0.197	0.068	0.068	0.068	0.068	0.068	0.068	0.068	0.068	0.054	0.049	0.049	0.049	0.049	0.049	0.049	0.049	0.120	0.127	0.127	0.127	0.127	0.160	0.286	0.286	0.286	
0.352	0.352	0.328	0.081	0.068	0.068	0.068	0.068	0.068	0.068	0.068	0.056	0.049	0.049	0.049	0.049	0.049	0.049	0.062	0.127	0.127	0.127	0.127	0.127	0.223	0.286	0.286	0.286	
0.352	0.352	0.352	0.201	0.068	0.068	0.068	0.068	0.068	0.068	0.068	0.058	0.049	0.049	0.049	0.049	0.049	0.049	0.082	0.127	0.127	0.127	0.127	0.135	0.278	0.286	0.286	0.286	
0.352	0.352	0.352	0.330	0.083	0.068	0.068	0.068	0.068	0.068	0.068	0.061	0.049	0.049	0.049	0.049	0.049	0.049	0.102	0.127	0.127	0.127	0.127	0.190	0.286	0.286	0.286	0.286	
0.352	0.352	0.352	0.352	0.205	0.068	0.068	0.068	0.068	0.068	0.068	0.093	0.049	0.049	0.049	0.049	0.049	0.050	0.121	0.127	0.127	0.127	0.127	0.253	0.286	0.286	0.286	0.286	
0.352	0.352	0.352	0.352	0.333	0.085	0.068	0.068	0.068	0.068	0.068	0.617	0.176	0.049	0.049	0.049	0.049	0.064	0.127	0.127	0.127	0.127	0.157	0.286	0.286	0.286	0.286	0.286	
0.352	0.352	0.352	0.352	0.352	0.210	0.068	0.068	0.068	0.068	0.068	0.844	0.842	0.049	0.049	0.049	0.049	0.084	0.127	0.127	0.127	0.127	0.220	0.286	0.286	0.286	0.286	0.286	
0.352	0.352	0.352	0.352	0.352	0.335	0.087	0.068	0.068	0.068	0.068	1.010	1.569	0.049	0.049	0.049	0.049	0.104	0.127	0.127	0.127	0.133	0.277	0.286	0.286	0.286	0.286	0.286	
0.352	0.352	0.352	0.352	0.352	0.352	0.214	0.068	0.068	0.068	0.068	1.176	2.022	0.323	0.049	0.049	0.050	0.122	0.127	0.127	0.127	0.187	0.286	0.286	0.286	0.286	0.286	0.286	
0.352	0.352	0.352	0.352	0.352	0.352	0.337	0.089	0.068	0.068	0.068	1.342	2.028	1.044	0.049	0.049	0.065	0.127	0.127	0.127	0.405	0.947	0.286	0.286	0.286	0.286	0.286	0.286	
0.792	0.378	0.352	0.352	0.352	0.352	0.352	0.218	0.068	0.068	0.068	1.508	2.028	1.763	0.057	0.049	0.085	0.127	0.127	0.293	2.371	1.232	0.286	0.286	0.286	0.286	0.286	0.286	
1.265	1.135	0.618	0.352	0.352	0.352	0.352	0.339	0.762	0.069	0.482	2.354	2.028	2.028	2.089	2.558	1.750	0.127	0.210	2.187	2.868	1.185	0.286	0.286	0.286	0.286	0.286	0.286	
1.265	1.265	1.265	0.987	0.473	0.352	0.352	0.983	4.534	3.829	4.487	4.776	3.867	4.587	4.565	4.420	4.511	4.204	3.351	2.868	2.868	1.138	0.286	0.286	0.286	0.286	0.286	0.360	
1.286	1.265	1.265	1.265	1.234	0.812	0.411	2.705	4.538	4.538	4.806	4.826	5.179	5.319	4.991	4.438	4.726	4.890	4.642	3.067	2.918	2.013	0.368	0.286	0.286	0.348	0.830	1.318	
1.574	1.434	1.289	1.265	1.265	1.265	3.046	4.819	4.728	5.261	5.483	5.621	5.760	5.391	5.445	5.431	5.688	5.393	5.097	5.138	4.285	3.925	3.493	1.749	0.804	1.305	1.385	1.385	
1.593	1.593	1.577	1.441	1.294	1.286	3.937	4.824	4.967	5.669	5.669	5.856	5.867	5.228	5.459	5.521	6.003	6.003	5.277	5.155	4.567	3.925	4.062	3.280	1.385	1.385	1.385	1.385	
1.593	1.593	1.593	1.593	1.580	3.611	5.250	5.123	5.859	5.987	5.900	6.042	5.152	4.274	4.717	5.232	5.544	6.319	6.348	5.879	6.023	5.083	5.191	3.734	1.385	1.385	1.385	1.385	
1.593	1.593	1.593	1.593	1.593	4.093	5.258	5.369	6.099	6.099	6.075	6.067	5.238	4.274	4.623	5.196	5.271	6.501	6.501	6.137	6.068	5.489	5.210	3.973	1.385	1.385	1.385	1.385	
0.000	0.000	0.000	0.000	0.000	0.000	0.000	0.000	0.000	0.000	0.000	0.000	2.573	3.777	3.989	2.710	0.000	0.000	0.000	0.000	0.000	0.000	0.000	0.000	0.000	0.000	0.000	0.000	
0.000	0.000	0.000	0.000	0.000	0.000	0.000	0.000	0.000	0.000	0.000	0.000	0.588	2.351	2.351	0.588	0.000	0.000	0.000	0.000	0.000	0.000	0.000	0.000	0.000	0.000	0.000	0.000	
0.000	0.000	0.000	0.000	0.000	0.000	0.000	0.000	0.000	0.000	0.000	0.000	0.588	2.351	2.351	0.588	0.000	0.000	0.000	0.000	0.000	0.000	0.000	0.000	0.000	0.000	0.000	0.000	
0.000	0.000	0.000	0.000	0.000	0.000	0.000	0.000	0.000	0.000	0.000	0.000	0.588	2.351	2.351	0.588	0.000	0.000	0.000	0.000	0.000	0.000	0.000	0.000	0.000	0.000	0.000	0.000	
0.000	0.000	0.000	0.000	0.000	0.000	0.000	0.000	0.000	0.000	0.000	0.000	0.588	2.351	2.351	0.588	0.000	0.000	0.000	0.000	0.000	0.000	0.000	0.000	0.000	0.000	0.000	0.000	
