0.039	0.039	0.039	0.039	0.039	0.039	0.039	0.039	0.039	0.039	0.039	0.039	0.039	0.039	0.039	0.039	0.039	0.039	0.039	0.039	0.039	0.039	0.039	0.039	0.039	0.039	0.040	0.131	
0.044	0.039	0.039	0.039	0.039	0.039	0.039	0.039	0.039	0.039	0.039	0.039	0.039	0.039	0.039	0.039	0.039	0.039	0.039	0.039	0.039	0.039	0.039	0.039	0.039	0.039	0.059	0.141	
0.064	0.039	0.039	0.039	0.039	0.039	0.039	0.039	0.039	0.039	0.039	0.039	0.039	0.039	0.039	0.039	0.039	0.039	0.039	0.039	0.039	0.039	0.039	0.039	0.039	0.039	0.090	0.141	
0.085	0.039	0.039	0.039	0.039	0.039	0.039	0.039	0.039	0.039	0.039	0.039	0.039	0.039	0.039	0.039	0.039	0.039	0.039	0.039	0.039	0.039	0.039	0.039	0.039	0.039	0.120	0.141	
0.106	0.039	0.039	0.039	0.039	0.039	0.039	0.039	0.039	0.039	0.039	0.039	0.039	0.039	0.039	0.039	0.039	0.039	0.039	0.039	0.039	0.039	0.039	0.039	0.039	0.048	0.140	0.141	
0.114	0.053	0.039	0.039	0.039	0.039	0.039	0.039	0.039	0.039	0.039	0.039	0.039	0.039	0.039	0.039	0.039	0.039	0.039	0.039	0.039	0.039	0.039	0.039	0.039	0.078	0.141	0.141	
0.114	0.075	0.039	0.039	0.039	0.039	0.039	0.039	0.039	0.039	0.039	0.039	0.039	0.039	0.039	0.039	0.039	0.039	0.039	0.039	0.039	0.039	0.039	0.039	0.039	0.108	0.141	0.141	
0.114	0.096	0.039	0.039	0.039	0.039	0.039	0.039	0.039	0.039	0.039	0.039	0.039	0.039	0.039	0.039	0.039	0.039	0.039	0.039	0.039	0.039	0.039	0.039	0.042	0.136	0.141	0.141	
0.114	0.113	0.044	0.039	0.039	0.039	0.039	0.039	0.039	0.039	0.039	0.039	0.039	0.039	0.039	0.039	0.039	0.039	0.039	0.039	0.039	0.039	0.039	0.039	0.066	0.141	0.141	0.141	
0.114	0.114	0.064	0.039	0.039	0.039	0.039	0.039	0.039	0.039	0.039	0.039	0.039	0.039	0.039	0.039	0.039	0.039	0.039	0.039	0.039	0.039	0.039	0.039	0.096	0.141	0.141	0.141	
0.114	0.114	0.086	0.039	0.039	0.039	0.039	0.039	0.039	0.039	0.039	0.039	0.039	0.039	0.039	0.039	0.039	0.039	0.039	0.039	0.039	0.039	0.039	0.039	0.126	0.141	0.141	0.141	
0.114	0.114	0.107	0.040	0.039	0.039	0.039	0.039	0.039	0.039	0.039	0.039	0.039	0.039	0.039	0.039	0.039	0.039	0.039	0.039	0.039	0.039	0.039	0.054	0.141	0.141	0.141	0.141	
0.114	0.114	0.114	0.054	0.039	0.039	0.039	0.039	0.039	0.039	0.039	0.039	0.039	0.039	0.039	0.039	0.039	0.039	0.039	0.039	0.039	0.039	0.039	0.085	0.141	0.141	0.141	0.141	
0.114	0.114	0.114	0.076	0.039	0.039	0.039	0.039	0.039	0.039	0.039	0.039	0.039	0.039	0.039	0.039	0.039	0.039	0.039	0.039	0.039	0.039	0.039	0.115	0.141	0.141	0.141	0.141	
0.114	0.114	0.114	0.097	0.039	0.039	0.039	0.039	0.039	0.039	0.039	0.039	0.039	0.039	0.039	0.039	0.039	0.039	0.039	0.039	0.039	0.039	0.045	0.139	0.141	0.141	0.141	0.141	
0.114	0.114	0.114	0.113	0.045	0.039	0.039	0.039	0.039	0.039	0.039	0.039	0.039	0.039	0.039	0.039	0.039	0.039	0.039	0.039	0.039	0.039	0.073	0.141	0.141	0.141	0.141	0.141	
0.114	0.114	0.114	0.114	0.065	0.039	0.039	0.039	0.039	0.039	0.039	0.039	0.039	0.039	0.039	0.039	0.039	0.039	0.039	0.039	0.039	0.039	0.103	0.141	0.141	0.141	0.141	0.141	
0.114	0.114	0.114	0.114	0.087	0.039	0.039	0.039	0.039	0.039	0.039	0.039	0.039	0.039	0.039	0.039	0.039	0.039	0.039	0.039	0.039	0.040	0.132	0.141	0.141	0.141	0.141	0.141	
0.114	0.114	0.114	0.114	0.108	0.040	0.039	0.039	0.039	0.039	0.039	0.039	0.039	0.039	0.039	0.039	0.039	0.039	0.039	0.039	0.039	0.061	0.141	0.141	0.141	0.141	0.141	0.141	
0.114	0.114	0.114	0.114	0.114	0.055	0.039	0.039	0.039	0.039	0.039	0.039	0.039	0.039	0.039	0.039	0.039	0.039	0.039	0.039	0.039	0.091	0.141	0.141	0.141	0.141	0.141	0.145	
0.114	0.114	0.114	0.114	0.114	0.076	0.039	0.039	0.039	0.039	0.039	0.039	0.039	0.039	0.039	0.039	0.039	0.039	0.039	0.039	0.039	0.121	0.141	0.141	0.141	0.141	0.141	0.188	
0.114	0.114	0.114	0.114	0.114	0.098	0.039	0.039	0.039	0.039	0.039	0.039	0.039	0.039	0.039	0.039	0.039	0.039	0.039	0.039	0.050	0.141	0.141	0.141	0.141	0.141	0.142	0.241	
0.114	0.114	0.114	0.114	0.114	0.113	0.045	0.039	0.039	0.039	0.039	0.039	0.039	0.039	0.039	0.039	0.039	0.039	0.039	0.039	0.080	0.141	0.141	0.141	0.141	0.141	0.177	0.259	
0.114	0.114	0.114	0.114	0.114	0.114	0.066	0.039	0.039	0.039	0.039	0.039	0.039	0.039	0.039	0.039	0.039	0.039	0.039	0.039	0.110	0.141	0.141	0.141	0.141	0.141	0.230	0.259	
0.114	0.114	0.114	0.114	0.114	0.114	0.087	0.039	0.039	0.039	0.039	0.039	0.039	0.039	0.039	0.039	0.039	0.039	0.039	0.042	0.137	0.141	0.141	0.141	0.141	0.166	0.259	0.259	
0.114	0.114	0.114	0.114	0.114	0.114	0.108	0.040	0.039	0.039	0.039	0.039	0.039	0.039	0.039	0.039	0.039	0.039	0.039	0.068	0.141	0.141	0.141	0.141	0.141	0.219	0.259	0.259	
0.114	0.114	0.114	0.114	0.114	0.114	0.114	0.055	0.039	0.039	0.039	0.039	0.039	0.039	0.039	0.039	0.039	0.039	0.039	0.098	0.141	0.141	0.141	0.141	0.156	0.257	0.259	0.259	
0.114	0.114	0.114	0.114	0.114	0.114	0.114	0.077	0.039	0.039	0.039	0.039	0.039	0.039	0.039	0.039	0.039	0.039	0.039	0.128	0.141	0.141	0.141	0.141	0.208	0.259	0.259	0.259	
0.114	0.114	0.114	0.114	0.114	0.114	0.114	0.098	0.039	0.039	0.039	0.039	0.039	0.039	0.039	0.039	0.039	0.039	0.056	0.141	0.141	0.141	0.141	0.149	0.253	0.259	0.259	0.259	
0.114	0.114	0.114	0.114	0.114	0.114	0.114	0.113	0.046	0.039	0.039	0.039	0.039	0.039	0.039	0.039	0.039	0.039	0.086	0.141	0.141	0.141	0.141	0.197	0.259	0.259	0.259	0.259	
0.114	0.114	0.114	0.114	0.114	0.114	0.114	0.114	0.067	0.039	0.039	0.039	0.039	0.039	0.039	0.039	0.039	0.039	0.116	0.141	0.141	0.141	0.144	0.247	0.259	0.259	0.259	0.259	
0.114	0.114	0.114	0.114	0.114	0.114	0.114	0.114	0.088	0.039	0.039	0.039	0.039	0.039	0.039	0.039	0.039	0.046	0.139	0.141	0.141	0.141	0.186	0.259	0.259	0.259	0.259	0.259	
0.114	0.114	0.114	0.114	0.114	0.114	0.114	0.114	0.109	0.040	0.039	0.039	0.039	0.039	0.039	0.039	0.039	0.075	0.141	0.141	0.141	0.141	0.239	0.259	0.259	0.259	0.259	0.259	
0.114	0.114	0.114	0.114	0.114	0.114	0.114	0.114	0.114	0.056	0.039	0.039	0.039	0.039	0.039	0.039	0.039	0.105	0.141	0.141	0.141	0.174	0.259	0.259	0.259	0.259	0.259	0.259	
0.114	0.114	0.114	0.114	0.114	0.114	0.114	0.114	0.114	0.078	0.039	0.039	0.039	0.039	0.039	0.039	0.040	0.133	0.141	0.141	0.141	0.228	0.259	0.259	0.259	0.259	0.259	0.259	
0.114	0.114	0.114	0.114	0.114	0.114	0.114	0.114	0.114	0.209	0.056	0.039	0.039	0.039	0.039	0.039	0.063	0.141	0.141	0.141	0.163	0.259	0.259	0.259	0.259	0.259	0.259	0.259	
0.114	0.114	0.114	0.114	0.114	0.114	0.114	0.114	0.114	0.401	0.894	0.039	0.039	0.039	0.039	0.039	0.093	0.141	0.141	0.141	0.217	0.259	0.259	0.259	0.259	0.259	0.259	0.453	
0.205	0.114	0.114	0.114	0.114	0.114	0.114	0.114	0.114	0.305	1.992	0.237	0.039	0.039	0.039	0.039	0.123	0.141	0.141	0.154	0.257	0.259	0.259	0.259	0.259	0.261	0.511	0.749	
0.900	0.333	0.114	0.114	0.114	0.114	0.114	0.114	0.114	0.210	2.122	1.403	0.039	0.039	0.039	0.051	0.141	0.141	0.141	0.206	0.259	0.259	0.259	0.259	0.269	0.568	0.750	0.750	
0.978	0.965	0.514	0.117	0.114	0.114	0.114	0.114	0.114	0.126	2.110	2.120	0.619	0.039	0.039	0.081	0.141	0.141	0.148	0.252	0.259	0.259	0.259	0.286	0.618	0.750	0.750	0.750	
0.978	0.978	0.978	0.704	0.237	0.114	0.114	0.114	0.114	0.114	2.026	2.122	1.838	0.113	0.895	1.204	0.141	0.141	0.194	0.259	0.259	0.259	0.311	0.660	0.750	0.750	0.750	0.750	
1.126	0.978	0.978	0.978	1.557	1.811	0.777	0.124	0.114	0.613	2.691	2.122	2.253	3.319	4.167	3.988	0.822	0.617	0.328	0.259	0.259	0.343	0.693	0.750	0.750	0.750	0.750	0.827	
1.287	1.110	0.978	0.978	0.979	2.157	2.726	2.345	1.507	3.905	4.424	3.754	4.289	4.403	4.170	4.168	4.002	4.077	2.650	0.268	0.384	0.719	0.750	0.750	0.750	0.763	0.948	1.111	
1.288	1.286	1.095	0.978	0.978	1.110	2.551	2.726	2.819	4.457	4.427	4.453	4.466	4.466	4.814	4.988	4.467	4.078	4.079	2.602	0.744	0.750	0.750	0.750	0.838	1.062	1.116	1.116	
1.288	1.288	1.284	1.081	0.978	0.978	1.466	2.719	3.791	5.034	4.912	5.109	4.943	4.821	5.077	5.045	5.060	4.764	4.409	4.448	2.364	0.750	0.768	0.962	1.114	1.116	1.116	1.116	
1.288	1.288	1.288	1.281	1.068	0.978	1.349	3.928	4.847	5.044	5.059	5.167	5.167	5.310	5.338	5.224	5.346	5.352	4.772	4.448	4.387	2.249	1.071	1.116	1.116	1.116	1.116	1.126	
1.527	1.288	1.288	1.288	1.301	4.106	5.029	4.787	4.738	5.226	5.772	5.746	5.982	5.591	5.351	5.627	5.645	5.494	5.509	4.846	4.633	4.424	1.162	1.116	1.116	1.142	1.372	1.635	
2.468	2.205	1.703	1.314	2.102	5.070	5.062	4.961	4.747	5.665	5.886	6.120	6.293	6.226	6.158	5.871	5.816	5.761	5.732	5.394	4.653	4.667	2.227	1.167	1.419	1.666	1.710	1.710	
2.468	2.468	2.468	2.496	5.147	5.277	5.489	5.972	6.239	6.708	6.292	6.284	6.300	6.191	6.222	6.264	6.274	6.488	6.033	6.174	5.486	5.162	5.201	2.014	1.710	1.710	1.710	1.710	
2.468	2.468	2.468	2.702	5.304	5.304	5.729	5.984	6.353	6.789	6.573	6.308	5.926	4.741	6.546	6.741	6.642	6.620	6.371	6.221	5.907	5.234	5.234	2.205	1.710	1.710	1.710	1.710	
0.000	0.000	0.000	0.000	0.000	0.000	0.000	0.000	0.000	0.000	0.000	0.000	2.455	4.352	5.459	3.581	0.000	0.000	0.000	0.000	0.000	0.000	0.000	0.000	0.000	0.000	0.000	0.000	
0.000	0.000	0.000	0.000	0.000	0.000	0.000	0.000	0.000	0.000	0.000	0.000	1.088	4.352	4.439	1.444	0.000	0.000	0.000	0.000	0.000	0.000	0.000	0.000	0.000	0.000	0.000	0.000	
0.000	0.000	0.000	0.000	0.000	0.000	0.000	0.000	0.000	0.000	0.000	0.000	0.946	3.704	3.574	0.878	0.000	0.000	0.000	0.000	0.000	0.000	0.000	0.000	0.000	0.000	0.000	0.000	
0.000	0.000	0.000	0.000	0.000	0.000	0.000	0.000	0.000	0.000	0.000	0.000	0.878	3.511	3.511	0.878	0.000	0.000	0.000	0.000	0.000	0.000	0.000	0.000	0.000	0.000	0.000	0.000	
0.000	0.000	0.000	0.000	0.000	0.000	0.000	0.000	0.000	0.000	0.000	0.000	0.878	3.511	3.511	0.878	0.000	0.000	0.000	0.000	0.000	0.000	0.000	0.000	0.000	0.000	0.000	0.000	
