0.051	0.051	0.051	0.051	0.051	0.051	0.051	0.051	0.051	0.051	0.051	0.062	0.100	0.100	0.100	0.100	0.100	0.100	0.100	0.063	0.063	0.063	0.063	0.063	0.063	0.063	0.063	0.063	
0.051	0.051	0.051	0.051	0.051	0.051	0.051	0.051	0.051	0.051	0.051	0.061	0.100	0.100	0.100	0.100	0.100	0.100	0.098	0.063	0.063	0.063	0.063	0.063	0.063	0.063	0.063	0.063	
0.051	0.051	0.051	0.051	0.051	0.051	0.051	0.051	0.051	0.051	0.051	0.060	0.100	0.100	0.100	0.100	0.100	0.100	0.096	0.063	0.063	0.063	0.063	0.063	0.063	0.063	0.063	0.063	
0.051	0.051	0.051	0.051	0.051	0.051	0.051	0.051	0.051	0.051	0.051	0.059	0.100	0.100	0.100	0.100	0.100	0.100	0.094	0.063	0.063	0.063	0.063	0.063	0.063	0.063	0.063	0.063	
0.051	0.051	0.051	0.051	0.051	0.051	0.051	0.051	0.051	0.051	0.051	0.058	0.100	0.100	0.100	0.100	0.100	0.100	0.092	0.063	0.063	0.063	0.063	0.063	0.063	0.063	0.063	0.063	
0.051	0.051	0.051	0.051	0.051	0.051	0.051	0.051	0.051	0.051	0.051	0.058	0.100	0.100	0.100	0.100	0.100	0.100	0.090	0.063	0.063	0.063	0.063	0.063	0.063	0.063	0.063	0.063	
0.051	0.051	0.051	0.051	0.051	0.051	0.051	0.051	0.051	0.051	0.051	0.057	0.100	0.100	0.100	0.100	0.100	0.100	0.088	0.063	0.063	0.063	0.063	0.063	0.063	0.063	0.063	0.063	
0.051	0.051	0.051	0.051	0.051	0.051	0.051	0.051	0.051	0.051	0.051	0.056	0.100	0.100	0.100	0.100	0.100	0.100	0.086	0.063	0.063	0.063	0.063	0.063	0.063	0.063	0.063	0.063	
0.051	0.051	0.051	0.051	0.051	0.051	0.051	0.051	0.051	0.051	0.051	0.055	0.100	0.100	0.100	0.100	0.100	0.100	0.084	0.063	0.063	0.063	0.063	0.063	0.063	0.063	0.063	0.063	
0.051	0.051	0.051	0.051	0.051	0.051	0.051	0.051	0.051	0.051	0.051	0.054	0.100	0.100	0.100	0.100	0.100	0.100	0.082	0.063	0.063	0.063	0.063	0.063	0.063	0.063	0.063	0.063	
0.051	0.051	0.051	0.051	0.051	0.051	0.051	0.051	0.051	0.051	0.051	0.053	0.100	0.100	0.100	0.100	0.100	0.100	0.080	0.063	0.063	0.063	0.063	0.063	0.063	0.063	0.063	0.063	
0.051	0.051	0.051	0.051	0.051	0.051	0.051	0.051	0.051	0.051	0.051	0.052	0.100	0.100	0.100	0.100	0.100	0.100	0.078	0.063	0.063	0.063	0.063	0.063	0.063	0.063	0.063	0.063	
0.051	0.051	0.051	0.051	0.051	0.051	0.051	0.051	0.051	0.051	0.051	0.051	0.100	0.100	0.100	0.100	0.100	0.100	0.076	0.063	0.063	0.063	0.063	0.063	0.063	0.063	0.063	0.063	
0.051	0.051	0.051	0.051	0.051	0.051	0.051	0.051	0.051	0.051	0.051	0.051	0.099	0.100	0.100	0.100	0.100	0.100	0.074	0.063	0.063	0.063	0.063	0.063	0.063	0.063	0.063	0.063	
0.051	0.051	0.051	0.051	0.051	0.051	0.051	0.051	0.051	0.051	0.051	0.051	0.098	0.100	0.100	0.100	0.100	0.100	0.071	0.063	0.063	0.063	0.063	0.063	0.063	0.063	0.063	0.063	
0.051	0.051	0.051	0.051	0.051	0.051	0.051	0.051	0.051	0.051	0.051	0.051	0.097	0.100	0.100	0.100	0.100	0.100	0.069	0.063	0.063	0.063	0.063	0.063	0.063	0.063	0.063	0.063	
0.051	0.051	0.051	0.051	0.051	0.051	0.051	0.051	0.051	0.051	0.051	0.051	0.096	0.100	0.100	0.100	0.100	0.100	0.067	0.063	0.063	0.063	0.063	0.063	0.063	0.063	0.063	0.063	
0.051	0.051	0.051	0.051	0.051	0.051	0.051	0.051	0.051	0.051	0.051	0.051	0.095	0.100	0.100	0.100	0.100	0.100	0.065	0.063	0.063	0.063	0.063	0.063	0.063	0.063	0.063	0.063	
0.051	0.051	0.051	0.051	0.051	0.051	0.051	0.051	0.051	0.051	0.051	0.051	0.094	0.100	0.100	0.100	0.100	0.100	0.063	0.063	0.063	0.063	0.063	0.063	0.063	0.063	0.063	0.063	
0.051	0.051	0.051	0.051	0.051	0.051	0.051	0.051	0.051	0.051	0.051	0.051	0.093	0.100	0.100	0.100	0.100	0.098	0.063	0.063	0.063	0.063	0.063	0.063	0.063	0.063	0.063	0.063	
0.051	0.051	0.051	0.051	0.051	0.051	0.051	0.051	0.051	0.051	0.051	0.051	0.093	0.100	0.100	0.100	0.100	0.096	0.063	0.063	0.063	0.063	0.063	0.063	0.063	0.063	0.063	0.063	
0.051	0.051	0.051	0.051	0.051	0.051	0.051	0.051	0.051	0.051	0.051	0.051	0.092	0.100	0.100	0.100	0.100	0.094	0.063	0.063	0.063	0.063	0.063	0.063	0.063	0.063	0.063	0.063	
0.051	0.051	0.051	0.051	0.051	0.051	0.051	0.051	0.051	0.051	0.051	0.051	0.091	0.100	0.100	0.100	0.100	0.092	0.063	0.063	0.063	0.063	0.063	0.063	0.063	0.063	0.063	0.063	
0.051	0.051	0.051	0.051	0.051	0.051	0.051	0.051	0.051	0.051	0.051	0.051	0.090	0.100	0.100	0.100	0.100	0.090	0.063	0.063	0.063	0.063	0.063	0.063	0.063	0.063	0.063	0.063	
0.051	0.051	0.051	0.051	0.051	0.051	0.051	0.051	0.051	0.051	0.051	0.051	0.089	0.100	0.100	0.100	0.100	0.088	0.063	0.063	0.063	0.063	0.063	0.063	0.063	0.063	0.063	0.063	
0.051	0.051	0.051	0.051	0.051	0.051	0.051	0.051	0.051	0.051	0.051	0.051	0.088	0.100	0.100	0.100	0.100	0.086	0.063	0.063	0.063	0.063	0.063	0.063	0.063	0.063	0.063	0.063	
0.051	0.051	0.051	0.051	0.051	0.051	0.051	0.051	0.051	0.051	0.051	0.051	0.087	0.100	0.100	0.100	0.100	0.084	0.063	0.063	0.063	0.063	0.063	0.063	0.063	0.063	0.063	0.063	
0.051	0.051	0.051	0.051	0.051	0.051	0.051	0.051	0.051	0.051	0.051	0.051	0.086	0.100	0.100	0.100	0.100	0.082	0.063	0.063	0.063	0.063	0.063	0.063	0.063	0.063	0.063	0.063	
0.051	0.051	0.051	0.051	0.051	0.051	0.051	0.051	0.051	0.051	0.051	0.051	0.085	0.100	0.100	0.100	0.100	0.080	0.063	0.063	0.063	0.063	0.063	0.063	0.063	0.063	0.063	0.122	
0.051	0.051	0.051	0.051	0.051	0.051	0.051	0.051	0.051	0.051	0.051	0.051	0.084	0.100	0.100	0.100	0.100	0.078	0.063	0.063	0.063	0.063	0.063	0.063	0.063	0.063	0.063	0.230	
0.077	0.051	0.051	0.051	0.051	0.051	0.051	0.051	0.051	0.051	0.051	0.051	0.083	0.100	0.100	0.100	0.100	0.076	0.063	0.063	0.063	0.063	0.063	0.063	0.063	0.063	0.103	0.297	
0.196	0.051	0.051	0.051	0.051	0.051	0.051	0.051	0.051	0.051	0.051	0.051	0.082	0.100	0.100	0.100	0.100	0.074	0.063	0.063	0.063	0.063	0.063	0.063	0.063	0.063	0.209	0.298	
0.290	0.085	0.051	0.051	0.051	0.051	0.051	0.051	0.051	0.051	0.051	0.051	0.081	0.100	0.100	0.100	0.100	0.071	0.063	0.063	0.063	0.063	0.063	0.063	0.063	0.088	0.292	0.298	
0.294	0.208	0.051	0.051	0.051	0.051	0.051	0.051	0.051	0.051	0.051	0.051	0.080	0.100	0.100	0.100	0.100	0.069	0.063	0.063	0.063	0.063	0.063	0.063	0.063	0.189	0.298	0.298	
0.294	0.292	0.094	0.051	0.051	0.051	0.051	0.051	0.051	0.051	0.051	0.051	0.079	0.100	0.100	0.100	0.100	0.067	0.063	0.063	0.063	0.063	0.063	0.063	0.076	0.284	0.298	0.298	
0.294	0.294	0.220	0.051	0.051	0.051	0.051	0.051	0.051	0.051	0.051	0.051	0.078	0.100	0.100	0.100	0.100	0.065	0.063	0.063	0.063	0.063	0.063	0.063	0.169	0.298	0.298	0.298	
0.294	0.294	0.294	0.105	0.051	0.051	0.051	0.051	0.051	0.051	0.051	0.051	0.077	0.100	0.100	0.100	0.100	0.063	0.063	0.063	0.063	0.063	0.063	0.068	0.271	0.298	0.298	0.298	
0.294	0.294	0.294	0.232	0.051	0.051	0.051	0.051	0.051	0.051	0.051	0.051	0.076	0.100	0.100	0.100	0.098	0.063	0.063	0.063	0.063	0.063	0.063	0.149	0.298	0.298	0.298	0.298	
0.294	0.294	0.294	0.294	0.117	0.051	0.051	0.051	0.051	0.051	0.051	0.051	0.075	0.100	0.100	0.100	0.096	0.063	0.063	0.063	0.063	0.063	0.064	0.255	0.298	0.298	0.298	0.298	
0.294	0.294	0.294	0.294	0.244	0.052	0.051	0.051	0.051	0.051	0.051	0.051	0.254	0.100	0.100	0.100	0.094	0.063	0.063	0.063	0.063	0.063	0.128	0.298	0.298	0.298	0.298	0.298	
0.294	0.294	0.294	0.294	0.294	0.129	0.051	0.051	0.051	0.051	0.051	0.051	1.189	0.100	0.100	0.100	0.092	0.063	0.063	0.063	0.063	0.063	0.236	0.298	0.298	0.298	0.298	0.298	
0.294	0.294	0.294	0.294	0.294	0.254	0.054	0.051	0.051	0.051	0.051	0.051	2.025	0.283	0.100	0.100	0.090	0.063	0.063	0.063	0.063	0.108	0.298	0.298	0.298	0.298	0.298	0.298	
0.294	0.294	0.294	0.294	0.294	0.294	0.141	0.051	0.051	0.051	0.051	0.284	2.252	0.842	0.100	0.100	0.088	0.063	0.063	0.063	0.063	0.215	0.298	0.298	0.298	0.298	0.298	0.298	
0.294	0.294	0.294	0.294	0.294	0.294	0.263	0.057	0.051	0.051	0.051	0.733	2.252	1.413	0.100	0.100	0.086	0.063	0.063	0.063	0.092	0.294	0.298	0.298	0.298	0.298	0.298	0.298	
0.294	0.294	0.294	0.294	0.294	0.294	0.294	0.348	0.051	0.051	0.051	1.181	2.252	1.984	0.101	0.100	0.084	0.063	0.063	0.149	0.794	0.298	0.298	0.298	0.298	0.298	0.298	0.298	
0.294	0.294	0.294	0.294	0.294	0.294	0.294	2.002	2.644	0.639	0.426	2.302	2.252	2.252	1.169	0.883	1.221	0.422	0.619	3.090	2.278	0.298	0.298	0.298	0.298	0.298	0.298	0.298	
0.294	0.294	0.294	0.294	0.294	0.294	0.294	2.255	3.710	3.648	4.336	4.547	3.400	3.258	4.306	4.307	4.774	4.837	3.977	3.860	2.706	0.298	0.298	0.298	0.298	0.298	0.335	0.531	
0.294	0.294	0.294	0.294	0.294	0.294	0.480	2.638	3.710	3.847	4.581	4.573	4.777	4.939	4.400	4.307	4.815	4.886	4.270	3.872	3.397	0.374	0.552	0.766	0.979	1.192	1.368	1.386	
0.294	0.294	0.294	0.480	1.202	1.958	2.529	2.596	5.012	5.482	5.448	5.546	5.204	4.985	4.604	4.035	5.055	5.136	5.074	5.020	5.074	1.981	1.386	1.386	1.386	1.386	1.386	1.386	
0.480	1.202	1.958	2.529	2.564	2.564	2.564	2.564	5.274	5.493	5.622	5.705	5.521	4.451	3.500	3.434	4.988	5.191	5.163	5.074	5.074	2.058	1.386	1.386	1.386	1.386	1.386	1.386	
0.000	0.000	0.000	0.000	0.000	0.000	0.000	0.000	0.000	0.000	0.000	0.000	2.730	3.433	3.431	1.823	0.000	0.000	0.000	0.000	0.000	0.000	0.000	0.000	0.000	0.000	0.000	0.000	
0.000	0.000	0.000	0.000	0.000	0.000	0.000	0.000	0.000	0.000	0.000	0.000	0.796	3.247	3.346	0.852	0.000	0.000	0.000	0.000	0.000	0.000	0.000	0.000	0.000	0.000	0.000	0.000	
0.000	0.000	0.000	0.000	0.000	0.000	0.000	0.000	0.000	0.000	0.000	0.000	0.753	3.012	3.012	0.753	0.000	0.000	0.000	0.000	0.000	0.000	0.000	0.000	0.000	0.000	0.000	0.000	
0.000	0.000	0.000	0.000	0.000	0.000	0.000	0.000	0.000	0.000	0.000	0.000	0.753	3.012	3.012	0.753	0.000	0.000	0.000	0.000	0.000	0.000	0.000	0.000	0.000	0.000	0.000	0.000	
0.000	0.000	0.000	0.000	0.000	0.000	0.000	0.000	0.000	0.000	0.000	0.000	0.753	3.012	3.012	0.753	0.000	0.000	0.000	0.000	0.000	0.000	0.000	0.000	0.000	0.000	0.000	0.000	
