0.062	0.062	0.062	0.062	0.062	0.062	0.061	0.060	0.060	0.060	0.060	0.060	0.060	0.060	0.060	0.060	0.060	0.060	0.060	0.060	0.057	0.057	0.057	0.057	0.057	0.057	0.057	0.057	
0.062	0.062	0.062	0.062	0.062	0.062	0.061	0.060	0.060	0.060	0.060	0.060	0.060	0.060	0.060	0.060	0.060	0.060	0.060	0.060	0.057	0.057	0.057	0.057	0.057	0.057	0.057	0.057	
0.062	0.062	0.062	0.062	0.062	0.062	0.061	0.060	0.060	0.060	0.060	0.060	0.060	0.060	0.060	0.060	0.060	0.060	0.060	0.059	0.057	0.057	0.057	0.057	0.057	0.057	0.057	0.057	
0.062	0.062	0.062	0.062	0.062	0.062	0.061	0.060	0.060	0.060	0.060	0.060	0.060	0.060	0.060	0.060	0.060	0.060	0.060	0.059	0.057	0.057	0.057	0.057	0.057	0.057	0.057	0.057	
0.062	0.062	0.062	0.062	0.062	0.062	0.061	0.060	0.060	0.060	0.060	0.060	0.060	0.060	0.060	0.060	0.060	0.060	0.060	0.059	0.057	0.057	0.057	0.057	0.057	0.057	0.057	0.057	
0.062	0.062	0.062	0.062	0.062	0.062	0.061	0.060	0.060	0.060	0.060	0.060	0.060	0.060	0.060	0.060	0.060	0.060	0.060	0.059	0.057	0.057	0.057	0.057	0.057	0.057	0.057	0.057	
0.062	0.062	0.062	0.062	0.062	0.062	0.062	0.060	0.060	0.060	0.060	0.060	0.060	0.060	0.060	0.060	0.060	0.060	0.060	0.058	0.057	0.057	0.057	0.057	0.057	0.057	0.057	0.057	
0.062	0.062	0.062	0.062	0.062	0.062	0.062	0.060	0.060	0.060	0.060	0.060	0.060	0.060	0.060	0.060	0.060	0.060	0.060	0.058	0.057	0.057	0.057	0.057	0.057	0.057	0.057	0.057	
0.062	0.062	0.062	0.062	0.062	0.062	0.062	0.060	0.060	0.060	0.060	0.060	0.060	0.060	0.060	0.060	0.060	0.060	0.060	0.058	0.057	0.057	0.057	0.057	0.057	0.057	0.057	0.057	
0.062	0.062	0.062	0.062	0.062	0.062	0.062	0.061	0.060	0.060	0.060	0.060	0.060	0.060	0.060	0.060	0.060	0.060	0.060	0.058	0.057	0.057	0.057	0.057	0.057	0.057	0.057	0.057	
0.062	0.062	0.062	0.062	0.062	0.062	0.062	0.061	0.060	0.060	0.060	0.060	0.060	0.060	0.060	0.060	0.060	0.060	0.060	0.058	0.057	0.057	0.057	0.057	0.057	0.057	0.057	0.057	
0.062	0.062	0.062	0.062	0.062	0.062	0.062	0.061	0.060	0.060	0.060	0.060	0.060	0.060	0.060	0.060	0.060	0.060	0.060	0.057	0.057	0.057	0.057	0.057	0.057	0.057	0.057	0.057	
0.062	0.062	0.062	0.062	0.062	0.062	0.062	0.061	0.060	0.060	0.060	0.060	0.060	0.060	0.060	0.060	0.060	0.060	0.060	0.057	0.057	0.057	0.057	0.057	0.057	0.057	0.057	0.057	
0.062	0.062	0.062	0.062	0.062	0.062	0.062	0.061	0.060	0.060	0.060	0.060	0.060	0.060	0.060	0.060	0.060	0.060	0.060	0.057	0.057	0.057	0.057	0.057	0.057	0.057	0.057	0.057	
0.062	0.062	0.062	0.062	0.062	0.062	0.062	0.061	0.060	0.060	0.060	0.060	0.060	0.060	0.060	0.060	0.060	0.060	0.059	0.057	0.057	0.057	0.057	0.057	0.057	0.057	0.057	0.057	
0.062	0.062	0.062	0.062	0.062	0.062	0.062	0.062	0.060	0.060	0.060	0.060	0.060	0.060	0.060	0.060	0.060	0.060	0.059	0.057	0.057	0.057	0.057	0.057	0.057	0.057	0.057	0.057	
0.062	0.062	0.062	0.062	0.062	0.062	0.062	0.062	0.060	0.060	0.060	0.060	0.060	0.060	0.060	0.060	0.060	0.060	0.059	0.057	0.057	0.057	0.057	0.057	0.057	0.057	0.057	0.057	
0.062	0.062	0.062	0.062	0.062	0.062	0.062	0.062	0.060	0.060	0.060	0.060	0.060	0.060	0.060	0.060	0.060	0.060	0.059	0.057	0.057	0.057	0.057	0.057	0.057	0.057	0.057	0.057	
0.062	0.062	0.062	0.062	0.062	0.062	0.062	0.062	0.061	0.060	0.060	0.060	0.060	0.060	0.060	0.060	0.060	0.060	0.059	0.057	0.057	0.057	0.057	0.057	0.057	0.057	0.057	0.057	
0.062	0.062	0.062	0.062	0.062	0.062	0.062	0.062	0.061	0.060	0.060	0.060	0.060	0.060	0.060	0.060	0.060	0.060	0.058	0.057	0.057	0.057	0.057	0.057	0.057	0.057	0.057	0.057	
0.062	0.062	0.062	0.062	0.062	0.062	0.062	0.062	0.061	0.060	0.060	0.060	0.060	0.060	0.060	0.060	0.060	0.060	0.058	0.057	0.057	0.057	0.057	0.057	0.057	0.057	0.057	0.057	
0.062	0.062	0.062	0.062	0.062	0.062	0.062	0.062	0.061	0.060	0.060	0.060	0.060	0.060	0.060	0.060	0.060	0.060	0.058	0.057	0.057	0.057	0.057	0.057	0.057	0.057	0.057	0.057	
0.062	0.062	0.062	0.062	0.062	0.062	0.062	0.062	0.061	0.060	0.060	0.060	0.060	0.060	0.060	0.060	0.060	0.060	0.058	0.057	0.057	0.057	0.057	0.057	0.057	0.057	0.057	0.057	
0.062	0.062	0.062	0.062	0.062	0.062	0.062	0.062	0.061	0.060	0.060	0.060	0.060	0.060	0.060	0.060	0.060	0.060	0.058	0.057	0.057	0.057	0.057	0.057	0.057	0.057	0.057	0.057	
0.062	0.062	0.062	0.062	0.062	0.062	0.062	0.062	0.062	0.060	0.060	0.060	0.060	0.060	0.060	0.060	0.060	0.060	0.057	0.057	0.057	0.057	0.057	0.057	0.057	0.057	0.057	0.057	
0.062	0.062	0.062	0.062	0.062	0.062	0.062	0.062	0.062	0.060	0.060	0.060	0.060	0.060	0.060	0.060	0.060	0.060	0.057	0.057	0.057	0.057	0.057	0.057	0.057	0.057	0.057	0.057	
0.062	0.062	0.062	0.062	0.062	0.062	0.062	0.062	0.062	0.060	0.060	0.060	0.060	0.060	0.060	0.060	0.060	0.060	0.057	0.057	0.057	0.057	0.057	0.057	0.057	0.057	0.057	0.057	
0.062	0.062	0.062	0.062	0.062	0.062	0.062	0.062	0.062	0.061	0.060	0.060	0.060	0.060	0.060	0.060	0.060	0.124	0.057	0.057	0.057	0.057	0.057	0.057	0.057	0.057	0.057	0.057	
0.062	0.062	0.062	0.062	0.062	0.062	0.062	0.062	0.062	0.061	0.060	0.060	0.060	0.060	0.060	0.060	0.060	0.230	0.057	0.057	0.057	0.057	0.057	0.057	0.057	0.057	0.057	0.057	
0.062	0.062	0.062	0.062	0.062	0.062	0.062	0.062	0.062	0.061	0.060	0.060	0.060	0.060	0.060	0.060	0.060	0.336	0.057	0.057	0.057	0.057	0.057	0.057	0.057	0.057	0.057	0.057	
0.062	0.062	0.062	0.062	0.062	0.062	0.062	0.062	0.062	0.061	0.060	0.060	0.060	0.060	0.060	0.060	0.060	0.443	0.057	0.057	0.057	0.057	0.057	0.057	0.057	0.057	0.057	0.057	
0.062	0.062	0.062	0.062	0.062	0.062	0.062	0.062	0.062	0.061	0.060	0.060	0.060	0.060	0.060	0.060	0.060	0.549	0.057	0.057	0.057	0.057	0.057	0.057	0.057	0.057	0.057	0.057	
0.062	0.062	0.062	0.062	0.062	0.062	0.062	0.062	0.062	0.061	0.060	0.060	0.060	0.060	0.060	0.060	0.103	0.612	0.057	0.057	0.057	0.057	0.057	0.057	0.057	0.057	0.057	0.057	
0.062	0.062	0.062	0.062	0.062	0.062	0.062	0.062	0.062	0.062	0.060	0.060	0.060	0.060	0.060	0.060	0.223	0.599	0.057	0.057	0.057	0.057	0.057	0.057	0.057	0.057	0.057	0.057	
0.062	0.062	0.062	0.062	0.062	0.062	0.062	0.062	0.062	0.062	0.060	0.060	0.060	0.060	0.060	0.060	0.344	0.584	0.057	0.057	0.057	0.057	0.057	0.057	0.057	0.057	0.057	0.057	
0.062	0.062	0.062	0.062	0.062	0.062	0.062	0.062	0.062	0.062	0.060	0.060	0.060	0.060	0.060	0.060	0.465	0.569	0.057	0.057	0.057	0.057	0.057	0.057	0.057	0.057	0.057	0.057	
0.062	0.062	0.062	0.062	0.062	0.062	0.062	0.062	0.062	0.062	0.061	0.060	0.060	0.060	0.060	0.060	0.586	0.554	0.057	0.057	0.057	0.057	0.057	0.057	0.057	0.057	0.057	0.057	
0.062	0.062	0.062	0.062	0.062	0.062	0.062	0.062	0.062	0.062	0.061	0.060	0.060	0.060	0.060	0.060	0.707	0.540	0.057	0.057	0.057	0.057	0.057	0.057	0.057	0.057	0.057	0.057	
0.062	0.062	0.062	0.062	0.062	0.062	0.062	0.062	0.062	0.062	0.061	0.060	0.060	0.060	0.060	0.061	0.827	0.525	0.057	0.057	0.057	0.057	0.057	0.057	0.057	0.057	0.057	0.057	
0.062	0.062	0.062	0.062	0.062	0.062	0.062	0.062	0.062	0.062	0.061	0.060	0.060	0.060	0.060	0.136	0.873	0.510	0.057	0.057	0.057	0.057	0.057	0.057	0.057	0.057	0.057	0.057	
0.062	0.062	0.062	0.062	0.062	0.062	0.062	0.062	0.062	0.062	0.061	0.060	0.060	0.060	0.060	0.257	0.873	0.495	0.057	0.057	0.057	0.057	0.057	0.057	0.057	0.057	0.057	0.079	
0.062	0.062	0.062	0.062	0.062	0.062	0.062	0.062	0.062	0.062	0.061	0.060	0.060	0.060	0.060	0.378	0.873	0.480	0.057	0.057	0.057	0.057	0.057	0.057	0.057	0.057	0.102	0.435	
0.062	0.062	0.062	0.062	0.062	0.062	0.062	0.062	0.062	0.062	0.062	0.060	0.060	0.060	0.060	0.500	0.873	0.465	0.057	0.057	0.057	0.057	0.057	0.057	0.057	0.134	0.471	0.531	
0.365	0.094	0.062	0.062	0.062	0.062	0.062	0.062	0.062	0.062	0.062	0.060	0.060	0.060	0.060	0.621	0.873	0.451	0.057	0.057	0.057	0.057	0.057	0.057	0.174	0.499	0.531	0.531	
0.636	0.589	0.304	0.072	0.062	0.062	0.062	0.062	0.062	0.062	0.062	0.960	0.060	0.060	0.060	0.742	0.873	0.436	0.057	0.057	0.057	0.057	0.057	0.223	0.518	0.531	0.531	0.531	
0.636	0.636	0.636	0.549	0.243	0.062	0.062	0.062	0.062	0.062	0.544	3.134	0.212	0.060	0.071	0.853	0.873	0.421	0.057	0.057	0.057	0.058	0.279	0.528	0.531	0.531	0.531	0.531	
0.636	0.636	0.636	0.636	0.636	0.498	0.184	0.062	0.062	0.062	1.438	3.499	1.825	0.060	0.171	0.873	0.873	0.406	0.057	0.057	0.064	0.338	0.531	0.531	0.531	0.531	0.531	0.531	
0.636	0.636	0.636	0.636	0.636	0.636	0.633	0.438	0.136	0.081	2.567	3.499	3.380	0.577	0.633	1.489	1.489	1.483	0.588	0.080	0.391	0.531	0.531	0.531	0.531	0.531	0.531	0.531	
0.636	0.636	0.636	0.636	0.636	0.636	0.636	0.636	0.620	3.123	4.871	4.224	3.404	3.075	3.543	4.391	4.391	4.782	4.881	2.912	0.531	0.531	0.531	0.531	0.531	0.531	0.531	0.531	
0.636	0.636	0.636	0.636	0.636	0.636	0.636	0.636	0.636	3.795	4.919	4.919	3.318	3.060	3.211	4.391	4.391	4.804	4.881	3.208	0.531	0.531	0.531	0.531	0.531	0.531	0.531	0.531	
0.000	0.000	0.000	0.000	0.000	0.000	0.000	0.000	0.000	0.000	0.000	0.000	1.629	3.060	3.060	2.150	0.000	0.000	0.000	0.000	0.000	0.000	0.000	0.000	0.000	0.000	0.000	0.000	
0.000	0.000	0.000	0.000	0.000	0.000	0.000	0.000	0.000	0.000	0.000	0.000	0.713	2.832	2.800	0.695	0.000	0.000	0.000	0.000	0.000	0.000	0.000	0.000	0.000	0.000	0.000	0.000	
0.000	0.000	0.000	0.000	0.000	0.000	0.000	0.000	0.000	0.000	0.000	0.000	0.677	2.708	2.708	0.677	0.000	0.000	0.000	0.000	0.000	0.000	0.000	0.000	0.000	0.000	0.000	0.000	
0.000	0.000	0.000	0.000	0.000	0.000	0.000	0.000	0.000	0.000	0.000	0.000	0.677	2.708	2.708	0.677	0.000	0.000	0.000	0.000	0.000	0.000	0.000	0.000	0.000	0.000	0.000	0.000	
0.000	0.000	0.000	0.000	0.000	0.000	0.000	0.000	0.000	0.000	0.000	0.000	0.677	2.708	2.708	0.677	0.000	0.000	0.000	0.000	0.000	0.000	0.000	0.000	0.000	0.000	0.000	0.000	
