0.134	0.134	0.134	0.128	0.086	0.086	0.086	0.086	0.086	0.086	0.086	0.086	0.086	0.086	0.086	0.086	0.086	0.086	0.086	0.086	0.117	0.153	0.153	0.153	0.153	0.153	0.151	0.126	
0.134	0.134	0.134	0.134	0.091	0.086	0.086	0.086	0.086	0.086	0.086	0.086	0.086	0.086	0.086	0.086	0.086	0.086	0.086	0.086	0.133	0.153	0.153	0.153	0.153	0.153	0.143	0.126	
0.134	0.134	0.134	0.134	0.103	0.086	0.086	0.086	0.086	0.086	0.086	0.086	0.086	0.086	0.086	0.086	0.086	0.086	0.086	0.087	0.149	0.153	0.153	0.153	0.153	0.153	0.135	0.126	
0.134	0.134	0.134	0.134	0.115	0.086	0.086	0.086	0.086	0.086	0.086	0.086	0.086	0.086	0.086	0.086	0.086	0.086	0.086	0.099	0.153	0.153	0.153	0.153	0.153	0.152	0.127	0.126	
0.134	0.134	0.134	0.134	0.126	0.086	0.086	0.086	0.086	0.086	0.086	0.086	0.086	0.086	0.086	0.086	0.086	0.086	0.086	0.115	0.153	0.153	0.153	0.153	0.153	0.145	0.126	0.126	
0.134	0.134	0.134	0.134	0.134	0.090	0.086	0.086	0.086	0.086	0.086	0.086	0.086	0.086	0.086	0.086	0.086	0.086	0.086	0.131	0.153	0.153	0.153	0.153	0.153	0.136	0.126	0.126	
0.134	0.134	0.134	0.134	0.134	0.101	0.086	0.086	0.086	0.086	0.086	0.086	0.086	0.086	0.086	0.086	0.086	0.086	0.086	0.147	0.153	0.153	0.153	0.153	0.152	0.128	0.126	0.126	
0.134	0.134	0.134	0.134	0.134	0.113	0.086	0.086	0.086	0.086	0.086	0.086	0.086	0.086	0.086	0.086	0.086	0.086	0.097	0.153	0.153	0.153	0.153	0.153	0.146	0.126	0.126	0.126	
0.134	0.134	0.134	0.134	0.134	0.125	0.086	0.086	0.086	0.086	0.086	0.086	0.086	0.086	0.086	0.086	0.086	0.086	0.113	0.153	0.153	0.153	0.153	0.153	0.138	0.126	0.126	0.126	
0.134	0.134	0.134	0.134	0.134	0.134	0.088	0.086	0.086	0.086	0.086	0.086	0.086	0.086	0.086	0.086	0.086	0.086	0.129	0.153	0.153	0.153	0.153	0.153	0.129	0.126	0.126	0.126	
0.134	0.134	0.134	0.134	0.134	0.134	0.100	0.086	0.086	0.086	0.086	0.086	0.086	0.086	0.086	0.086	0.086	0.086	0.145	0.153	0.153	0.153	0.153	0.148	0.126	0.126	0.126	0.126	
0.134	0.134	0.134	0.134	0.134	0.134	0.111	0.086	0.086	0.086	0.086	0.086	0.086	0.086	0.086	0.086	0.086	0.094	0.153	0.153	0.153	0.153	0.153	0.139	0.126	0.126	0.126	0.126	
0.134	0.134	0.134	0.134	0.134	0.134	0.123	0.086	0.086	0.086	0.086	0.086	0.086	0.086	0.086	0.086	0.086	0.110	0.153	0.153	0.153	0.153	0.153	0.131	0.126	0.126	0.126	0.126	
0.134	0.134	0.134	0.134	0.134	0.134	0.133	0.087	0.086	0.086	0.086	0.086	0.086	0.086	0.086	0.086	0.086	0.127	0.153	0.153	0.153	0.153	0.149	0.126	0.126	0.126	0.126	0.126	
0.134	0.134	0.134	0.134	0.134	0.134	0.134	0.098	0.086	0.086	0.086	0.086	0.086	0.086	0.086	0.086	0.086	0.143	0.153	0.153	0.153	0.153	0.141	0.126	0.126	0.126	0.126	0.126	
0.134	0.134	0.134	0.134	0.134	0.134	0.134	0.110	0.086	0.086	0.086	0.086	0.086	0.086	0.086	0.086	0.092	0.153	0.153	0.153	0.153	0.153	0.133	0.126	0.126	0.126	0.126	0.126	
0.134	0.134	0.134	0.134	0.134	0.134	0.134	0.121	0.086	0.086	0.086	0.086	0.086	0.086	0.086	0.086	0.108	0.153	0.153	0.153	0.153	0.151	0.126	0.126	0.126	0.126	0.126	0.126	
0.134	0.134	0.134	0.134	0.134	0.134	0.134	0.132	0.087	0.086	0.086	0.086	0.086	0.086	0.086	0.086	0.124	0.153	0.153	0.153	0.153	0.143	0.126	0.126	0.126	0.126	0.126	0.126	
0.134	0.134	0.134	0.134	0.134	0.134	0.134	0.134	0.096	0.086	0.086	0.086	0.086	0.086	0.086	0.086	0.140	0.153	0.153	0.153	0.153	0.134	0.126	0.126	0.126	0.126	0.126	0.126	
0.134	0.134	0.134	0.134	0.134	0.134	0.134	0.134	0.108	0.086	0.086	0.086	0.086	0.086	0.086	0.090	0.152	0.153	0.153	0.153	0.152	0.127	0.126	0.126	0.126	0.126	0.126	0.126	
0.203	0.134	0.134	0.134	0.134	0.134	0.134	0.134	0.120	0.086	0.086	0.086	0.086	0.086	0.086	0.106	0.153	0.153	0.153	0.153	0.144	0.126	0.126	0.126	0.126	0.126	0.126	0.126	
0.346	0.167	0.134	0.134	0.134	0.134	0.134	0.134	0.131	0.086	0.086	0.086	0.086	0.086	0.086	0.122	0.153	0.153	0.153	0.153	0.136	0.126	0.126	0.126	0.126	0.126	0.126	0.126	
0.360	0.320	0.144	0.134	0.134	0.134	0.134	0.134	0.134	0.095	0.086	0.086	0.086	0.086	0.086	0.138	0.153	0.153	0.153	0.152	0.128	0.126	0.126	0.126	0.126	0.126	0.126	0.126	
0.360	0.360	0.281	0.135	0.134	0.134	0.134	0.134	0.134	0.106	0.086	0.086	0.086	0.086	0.089	0.151	0.153	0.153	0.153	0.146	0.126	0.126	0.126	0.126	0.126	0.126	0.126	0.126	
0.360	0.360	0.360	0.233	0.134	0.134	0.134	0.134	0.134	0.118	0.086	0.086	0.086	0.086	0.103	0.153	0.153	0.153	0.153	0.137	0.126	0.126	0.126	0.126	0.126	0.126	0.126	0.126	
0.360	0.360	0.360	0.356	0.188	0.134	0.134	0.134	0.134	0.130	0.086	0.086	0.086	0.086	0.120	0.153	0.153	0.153	0.153	0.129	0.126	0.126	0.126	0.126	0.126	0.126	0.126	0.126	
0.360	0.360	0.360	0.360	0.338	0.157	0.134	0.134	0.134	0.134	0.093	0.086	0.086	0.086	0.136	0.153	0.153	0.153	0.147	0.126	0.126	0.126	0.126	0.126	0.126	0.126	0.126	0.126	
0.360	0.360	0.360	0.360	0.360	0.308	0.139	0.134	0.134	0.134	0.105	0.086	0.086	0.087	0.150	0.153	0.153	0.153	0.139	0.126	0.126	0.126	0.126	0.126	0.126	0.126	0.126	0.126	
0.360	0.360	0.360	0.360	0.360	0.360	0.264	0.134	0.134	0.134	0.116	0.086	0.086	0.101	0.153	0.153	0.153	0.295	0.349	0.126	0.126	0.126	0.126	0.126	0.126	0.126	0.126	0.126	
0.360	0.360	0.360	0.360	0.360	0.360	0.360	0.215	0.134	0.134	0.128	0.086	0.086	0.117	0.153	0.153	0.334	1.837	0.886	0.126	0.126	0.126	0.126	0.126	0.126	0.126	0.126	0.126	
0.360	0.360	0.360	0.360	0.360	0.360	0.360	0.351	0.175	0.134	0.139	0.583	0.716	0.444	0.153	0.377	1.894	2.214	1.262	0.126	0.126	0.126	0.126	0.126	0.126	0.126	0.126	0.126	
0.360	0.360	0.360	0.360	0.360	0.360	0.360	0.360	1.034	1.907	2.082	2.300	2.300	2.200	1.519	2.013	2.214	2.214	1.639	0.126	0.126	0.126	0.126	0.126	0.126	0.126	0.126	0.126	
0.360	0.360	0.360	0.360	0.360	0.360	0.360	0.542	2.323	2.483	2.468	2.300	2.300	2.334	2.662	2.616	2.275	2.214	2.015	0.126	0.126	0.126	0.126	0.126	0.126	0.126	0.126	0.126	
0.360	0.360	0.361	0.396	0.451	0.506	0.561	1.140	2.458	2.483	2.483	2.308	2.300	2.444	2.665	2.665	2.596	2.374	1.508	0.590	0.555	0.520	0.485	0.450	0.415	0.380	0.345	0.310	
0.602	0.657	0.711	0.730	0.730	0.730	0.730	0.730	1.322	2.451	2.454	2.364	2.326	2.557	2.665	2.652	2.565	2.549	1.331	0.634	0.634	0.634	0.634	0.634	0.634	0.634	0.634	0.634	
0.730	0.730	0.730	0.730	0.730	0.730	0.730	0.730	0.730	1.812	2.398	2.398	2.398	2.594	2.653	2.572	2.549	2.549	1.461	0.634	0.634	0.634	0.634	0.634	0.634	0.634	0.634	0.634	
0.730	0.730	0.730	0.730	0.730	0.730	0.730	0.730	1.058	2.228	2.398	2.398	2.432	2.643	2.644	2.608	2.549	2.549	1.591	0.634	0.634	0.634	0.634	0.634	0.634	0.634	0.634	0.634	
0.699	0.705	0.711	0.717	0.722	0.728	0.917	1.822	2.470	2.484	2.427	2.490	2.624	2.644	2.644	2.666	2.744	2.730	1.697	0.683	0.681	0.678	0.675	0.673	0.670	0.667	0.664	0.662	
0.651	0.651	0.651	0.651	0.651	0.652	1.113	2.397	2.486	2.486	2.692	3.138	3.114	2.750	2.644	2.756	2.795	2.795	1.441	0.709	0.709	0.709	0.709	0.709	0.709	0.709	0.709	0.709	
0.651	0.651	0.651	0.651	0.651	0.651	0.651	1.058	2.369	2.490	2.914	3.138	3.138	3.223	3.349	2.999	2.795	2.795	1.128	0.709	0.709	0.709	0.709	0.709	0.709	0.709	0.709	0.709	
0.651	0.651	0.651	0.651	0.651	0.651	0.651	0.651	1.756	3.215	3.247	3.161	3.243	3.376	3.398	3.376	2.952	2.944	1.318	0.709	0.709	0.709	0.709	0.709	0.709	0.717	0.731	0.744	
0.651	0.651	0.651	0.651	0.651	0.651	0.651	0.651	2.442	3.274	3.274	3.609	3.734	3.554	3.398	3.304	3.054	3.054	2.881	0.849	0.805	0.819	0.832	0.845	0.858	0.863	0.863	0.863	
0.651	0.653	0.701	0.772	0.843	0.914	0.985	1.056	2.294	3.275	3.316	3.718	3.734	3.730	3.664	3.497	3.056	3.054	2.299	0.863	0.863	0.863	0.863	0.863	0.863	0.863	0.862	0.791	
1.083	1.152	1.175	1.175	1.175	1.175	1.175	1.175	1.516	3.684	3.697	3.775	3.890	3.874	3.813	3.813	3.545	3.608	2.872	0.863	0.863	0.863	0.863	0.863	0.845	0.742	0.630	0.587	
1.039	1.135	1.175	1.175	1.175	1.175	1.175	1.175	2.073	3.697	3.697	3.926	4.109	4.078	3.819	3.876	3.947	3.846	3.839	1.512	0.863	0.863	0.808	0.694	0.598	0.587	0.587	0.587	
0.855	0.855	0.912	1.112	1.888	2.078	2.222	2.367	2.544	3.671	3.829	4.014	4.109	4.178	4.351	4.599	4.524	3.893	3.785	3.179	1.225	0.646	0.587	0.587	0.587	0.587	0.587	0.587	
0.855	0.855	0.855	0.855	1.139	2.154	2.430	2.430	2.430	3.810	3.975	3.979	4.363	4.479	4.515	4.619	4.619	3.867	3.583	3.583	1.476	0.587	0.587	0.587	0.587	0.587	0.587	0.587	
0.855	0.855	0.855	0.855	0.855	0.903	1.736	2.876	3.351	4.186	4.026	4.898	5.304	4.495	4.579	5.217	5.273	4.170	3.583	3.658	1.583	0.587	0.587	0.587	0.587	0.587	0.587	0.587	
0.855	0.855	0.855	0.855	0.855	0.855	0.907	4.778	4.778	5.655	5.986	5.715	5.681	4.428	4.235	5.240	5.389	5.874	5.327	4.439	4.245	1.386	0.587	0.587	0.587	0.587	0.587	0.587	
0.855	0.855	0.855	0.855	0.855	0.855	0.987	4.778	4.778	5.713	5.997	5.670	3.662	2.390	3.442	3.683	5.218	5.920	5.860	4.528	4.528	4.288	1.462	0.587	0.587	0.587	0.587	0.587	
0.000	0.000	0.000	0.000	0.000	0.000	0.000	0.000	0.000	0.000	0.000	0.000	1.267	2.384	3.312	1.857	0.000	0.000	0.000	0.000	0.000	0.000	0.000	0.000	0.000	0.000	0.000	0.000	
0.000	0.000	0.000	0.000	0.000	0.000	0.000	0.000	0.000	0.000	0.000	0.000	0.596	2.384	3.181	0.874	0.000	0.000	0.000	0.000	0.000	0.000	0.000	0.000	0.000	0.000	0.000	0.000	
0.000	0.000	0.000	0.000	0.000	0.000	0.000	0.000	0.000	0.000	0.000	0.000	0.596	2.384	3.051	0.874	0.000	0.000	0.000	0.000	0.000	0.000	0.000	0.000	0.000	0.000	0.000	0.000	
0.000	0.000	0.000	0.000	0.000	0.000	0.000	0.000	0.000	0.000	0.000	0.000	0.596	2.384	2.920	0.874	0.000	0.000	0.000	0.000	0.000	0.000	0.000	0.000	0.000	0.000	0.000	0.000	
0.000	0.000	0.000	0.000	0.000	0.000	0.000	0.000	0.000	0.000	0.000	0.000	0.596	2.384	2.789	0.874	0.000	0.000	0.000	0.000	0.000	0.000	0.000	0.000	0.000	0.000	0.000	0.000	
