0.056	0.039	0.039	0.039	0.039	0.039	0.039	0.039	0.039	0.039	0.039	0.039	0.039	0.039	0.039	0.039	0.039	0.039	0.039	0.039	0.039	0.039	0.039	0.039	0.039	0.039	0.041	0.127	
0.077	0.039	0.039	0.039	0.039	0.039	0.039	0.039	0.039	0.039	0.039	0.039	0.039	0.039	0.039	0.039	0.039	0.039	0.039	0.039	0.039	0.039	0.039	0.039	0.039	0.039	0.063	0.131	
0.097	0.039	0.039	0.039	0.039	0.039	0.039	0.039	0.039	0.039	0.039	0.039	0.039	0.039	0.039	0.039	0.039	0.039	0.039	0.039	0.039	0.039	0.039	0.039	0.039	0.039	0.088	0.131	
0.112	0.044	0.039	0.039	0.039	0.039	0.039	0.039	0.039	0.039	0.039	0.039	0.039	0.039	0.039	0.039	0.039	0.039	0.039	0.039	0.039	0.039	0.039	0.039	0.039	0.039	0.114	0.131	
0.113	0.064	0.039	0.039	0.039	0.039	0.039	0.039	0.039	0.039	0.039	0.039	0.039	0.039	0.039	0.039	0.039	0.039	0.039	0.039	0.039	0.039	0.039	0.039	0.039	0.048	0.131	0.131	
0.113	0.084	0.039	0.039	0.039	0.039	0.039	0.039	0.039	0.039	0.039	0.039	0.039	0.039	0.039	0.039	0.039	0.039	0.039	0.039	0.039	0.039	0.039	0.039	0.039	0.074	0.131	0.131	
0.113	0.104	0.039	0.039	0.039	0.039	0.039	0.039	0.039	0.039	0.039	0.039	0.039	0.039	0.039	0.039	0.039	0.039	0.039	0.039	0.039	0.039	0.039	0.039	0.039	0.100	0.131	0.131	
0.113	0.113	0.051	0.039	0.039	0.039	0.039	0.039	0.039	0.039	0.039	0.039	0.039	0.039	0.039	0.039	0.039	0.039	0.039	0.039	0.039	0.039	0.039	0.039	0.040	0.125	0.131	0.131	
0.113	0.113	0.071	0.039	0.039	0.039	0.039	0.039	0.039	0.039	0.039	0.039	0.039	0.039	0.039	0.039	0.039	0.039	0.039	0.039	0.039	0.039	0.039	0.039	0.060	0.131	0.131	0.131	
0.113	0.113	0.091	0.039	0.039	0.039	0.039	0.039	0.039	0.039	0.039	0.039	0.039	0.039	0.039	0.039	0.039	0.039	0.039	0.039	0.039	0.039	0.039	0.039	0.086	0.131	0.131	0.131	
0.113	0.113	0.109	0.041	0.039	0.039	0.039	0.039	0.039	0.039	0.039	0.039	0.039	0.039	0.039	0.039	0.039	0.039	0.039	0.039	0.039	0.039	0.039	0.039	0.111	0.131	0.131	0.131	
0.113	0.113	0.113	0.058	0.039	0.039	0.039	0.039	0.039	0.039	0.039	0.039	0.039	0.039	0.039	0.039	0.039	0.039	0.039	0.039	0.039	0.039	0.039	0.046	0.130	0.131	0.131	0.131	
0.113	0.113	0.113	0.078	0.039	0.039	0.039	0.039	0.039	0.039	0.039	0.039	0.039	0.039	0.039	0.039	0.039	0.039	0.039	0.039	0.039	0.039	0.039	0.071	0.131	0.131	0.131	0.131	
0.113	0.113	0.113	0.098	0.039	0.039	0.039	0.039	0.039	0.039	0.039	0.039	0.039	0.039	0.039	0.039	0.039	0.039	0.039	0.039	0.039	0.039	0.039	0.097	0.131	0.131	0.131	0.131	
0.113	0.113	0.113	0.112	0.045	0.039	0.039	0.039	0.039	0.039	0.039	0.039	0.039	0.039	0.039	0.039	0.039	0.039	0.039	0.039	0.039	0.039	0.040	0.123	0.131	0.131	0.131	0.131	
0.113	0.113	0.113	0.113	0.065	0.039	0.039	0.039	0.039	0.039	0.039	0.039	0.039	0.039	0.039	0.039	0.039	0.039	0.039	0.039	0.039	0.039	0.057	0.131	0.131	0.131	0.131	0.131	
0.113	0.113	0.113	0.113	0.085	0.039	0.039	0.039	0.039	0.039	0.039	0.039	0.039	0.039	0.039	0.039	0.039	0.039	0.039	0.039	0.039	0.039	0.083	0.131	0.131	0.131	0.131	0.131	
0.113	0.113	0.113	0.113	0.105	0.039	0.039	0.039	0.039	0.039	0.039	0.039	0.039	0.039	0.039	0.039	0.039	0.039	0.039	0.039	0.039	0.039	0.109	0.131	0.131	0.131	0.131	0.131	
0.113	0.113	0.113	0.113	0.113	0.052	0.039	0.039	0.039	0.039	0.039	0.039	0.039	0.039	0.039	0.039	0.039	0.039	0.039	0.039	0.039	0.044	0.130	0.131	0.131	0.131	0.131	0.131	
0.113	0.113	0.113	0.113	0.113	0.072	0.039	0.039	0.039	0.039	0.039	0.039	0.039	0.039	0.039	0.039	0.039	0.039	0.039	0.039	0.039	0.068	0.131	0.131	0.131	0.131	0.131	0.131	
0.113	0.113	0.113	0.113	0.113	0.092	0.039	0.039	0.039	0.039	0.039	0.039	0.039	0.039	0.039	0.039	0.039	0.039	0.039	0.039	0.039	0.094	0.131	0.131	0.131	0.131	0.131	0.131	
0.113	0.113	0.113	0.113	0.113	0.110	0.042	0.039	0.039	0.039	0.039	0.039	0.039	0.039	0.039	0.039	0.039	0.039	0.039	0.039	0.039	0.120	0.131	0.131	0.131	0.131	0.131	0.131	
0.113	0.113	0.113	0.113	0.113	0.113	0.059	0.039	0.039	0.039	0.039	0.039	0.039	0.039	0.039	0.039	0.039	0.039	0.039	0.039	0.054	0.131	0.131	0.131	0.131	0.131	0.131	0.140	
0.113	0.113	0.113	0.113	0.113	0.113	0.079	0.039	0.039	0.039	0.039	0.039	0.039	0.039	0.039	0.039	0.039	0.039	0.039	0.039	0.080	0.131	0.131	0.131	0.131	0.131	0.131	0.209	
0.113	0.113	0.113	0.113	0.113	0.113	0.099	0.039	0.039	0.039	0.039	0.039	0.039	0.039	0.039	0.039	0.039	0.039	0.039	0.039	0.106	0.131	0.131	0.131	0.131	0.131	0.138	0.284	
0.113	0.113	0.113	0.113	0.113	0.113	0.112	0.046	0.039	0.039	0.039	0.039	0.039	0.039	0.039	0.039	0.039	0.039	0.039	0.043	0.128	0.131	0.131	0.131	0.131	0.131	0.206	0.299	
0.113	0.113	0.113	0.113	0.113	0.113	0.113	0.066	0.039	0.039	0.039	0.039	0.039	0.039	0.039	0.039	0.039	0.039	0.039	0.065	0.131	0.131	0.131	0.131	0.131	0.137	0.282	0.299	
0.113	0.113	0.113	0.113	0.113	0.113	0.113	0.086	0.039	0.039	0.039	0.039	0.039	0.039	0.039	0.039	0.039	0.039	0.039	0.091	0.131	0.131	0.131	0.131	0.131	0.203	0.299	0.299	
0.113	0.113	0.113	0.113	0.113	0.113	0.113	0.106	0.040	0.039	0.039	0.039	0.039	0.039	0.039	0.039	0.039	0.039	0.039	0.117	0.131	0.131	0.131	0.131	0.136	0.280	0.299	0.299	
0.113	0.113	0.113	0.113	0.113	0.113	0.113	0.113	0.053	0.039	0.039	0.039	0.039	0.039	0.039	0.039	0.039	0.039	0.051	0.131	0.131	0.131	0.131	0.131	0.199	0.299	0.299	0.299	
0.113	0.113	0.113	0.113	0.113	0.113	0.113	0.113	0.073	0.039	0.039	0.039	0.039	0.039	0.039	0.039	0.039	0.039	0.077	0.131	0.131	0.131	0.131	0.135	0.278	0.299	0.299	0.299	
0.113	0.113	0.113	0.113	0.113	0.113	0.113	0.113	0.093	0.039	0.039	0.039	0.039	0.039	0.039	0.039	0.039	0.039	0.103	0.131	0.131	0.131	0.131	0.196	0.299	0.299	0.299	0.299	
0.113	0.113	0.113	0.113	0.113	0.113	0.113	0.113	0.111	0.042	0.039	0.039	0.039	0.039	0.039	0.039	0.039	0.041	0.127	0.131	0.131	0.131	0.134	0.276	0.299	0.299	0.299	0.299	
0.113	0.113	0.113	0.113	0.113	0.113	0.113	0.113	0.113	0.287	0.039	0.039	0.039	0.039	0.039	0.039	0.039	0.063	0.131	0.131	0.131	0.131	0.193	0.299	0.299	0.299	0.299	0.299	
0.113	0.113	0.113	0.113	0.113	0.113	0.113	0.113	0.113	0.848	0.057	0.039	0.039	0.039	0.039	0.039	0.039	0.088	0.131	0.131	0.131	0.133	0.273	0.299	0.299	0.299	0.299	0.299	
0.305	0.113	0.113	0.113	0.113	0.113	0.113	0.113	0.113	0.915	0.573	0.039	0.039	0.039	0.039	0.039	0.039	0.114	0.131	0.131	0.131	0.190	0.299	0.299	0.299	0.299	0.299	0.299	
0.655	0.237	0.113	0.113	0.113	0.113	0.113	0.113	0.113	0.758	1.299	0.051	0.039	0.039	0.039	0.039	0.048	0.131	0.131	0.131	0.133	0.270	0.299	0.299	0.299	0.299	0.299	0.299	
0.674	0.625	0.184	0.113	0.113	0.113	0.113	0.113	0.113	0.601	1.548	0.542	0.039	0.039	0.039	0.039	0.074	0.131	0.131	0.131	0.186	0.299	0.299	0.299	0.299	0.299	0.300	0.560	
0.674	0.674	0.579	0.145	0.113	0.113	0.113	0.113	0.113	0.444	1.548	1.274	0.046	0.039	0.039	0.039	0.100	0.131	0.131	0.132	0.268	0.299	0.299	0.299	0.299	0.308	0.620	0.820	
0.674	0.674	0.674	0.519	0.122	0.113	0.113	0.113	0.113	0.287	1.548	1.548	0.511	0.039	0.039	0.040	0.125	0.131	0.131	0.183	0.299	0.299	0.299	0.299	0.324	0.672	0.820	0.820	
0.674	0.674	0.674	0.674	0.445	0.113	0.113	0.113	0.113	0.142	1.536	1.548	1.246	0.043	0.039	0.275	0.131	0.131	0.132	0.265	0.299	0.299	0.299	0.348	0.716	0.820	0.820	0.820	
0.674	0.674	0.674	0.674	0.674	0.361	0.113	0.113	0.113	0.118	1.581	1.548	1.548	1.261	2.885	4.162	0.736	0.131	0.180	0.299	0.299	0.299	0.380	0.753	0.820	0.820	0.820	0.820	
0.719	0.674	0.674	0.674	0.674	0.668	2.001	1.069	0.164	2.216	4.220	2.680	3.234	4.417	4.363	4.362	3.540	2.829	1.898	0.299	0.299	0.420	0.782	0.820	0.820	0.820	0.827	1.035	
1.462	0.910	0.674	0.674	0.674	0.674	2.826	3.598	3.343	4.444	4.481	4.483	4.489	4.489	4.763	4.956	4.627	4.447	4.278	1.324	0.567	0.802	0.820	0.820	0.820	0.925	1.214	1.304	
1.574	1.570	1.207	0.719	0.674	0.674	2.358	3.598	3.944	5.166	4.839	5.063	4.837	4.554	5.398	5.454	5.203	4.666	4.489	4.533	2.491	0.820	0.820	0.851	1.107	1.301	1.304	1.304	
1.574	1.574	1.574	1.462	0.910	1.424	3.360	4.022	5.061	5.381	5.365	5.307	5.307	5.465	5.524	5.492	5.627	5.640	4.759	4.533	3.944	1.134	0.994	1.261	1.304	1.304	1.304	1.306	
1.616	1.574	1.574	1.574	1.744	4.468	4.471	5.077	5.354	5.559	5.981	5.847	6.326	5.830	5.548	5.757	5.748	5.686	5.544	4.844	4.796	4.381	1.304	1.304	1.304	1.309	1.459	1.674	
2.425	2.158	1.850	1.598	2.097	4.538	4.471	5.202	5.352	5.898	6.221	6.591	7.000	6.556	5.933	6.043	6.048	5.911	5.890	5.404	4.819	4.833	1.756	1.314	1.478	1.690	1.757	1.757	
2.461	2.461	2.461	2.404	4.617	5.174	5.459	6.149	6.099	6.823	6.515	6.184	6.509	6.261	6.216	6.091	6.159	6.160	6.055	6.219	5.450	5.255	5.030	1.806	1.757	1.757	1.757	1.757	
2.461	2.461	2.461	2.461	4.863	5.183	5.670	6.193	6.413	6.925	6.741	6.107	6.107	5.543	5.122	5.297	6.246	6.246	6.277	6.287	5.875	5.301	5.301	1.960	1.757	1.757	1.757	1.757	
0.000	0.000	0.000	0.000	0.000	0.000	0.000	0.000	0.000	0.000	0.000	0.000	2.977	4.478	4.477	2.392	0.000	0.000	0.000	0.000	0.000	0.000	0.000	0.000	0.000	0.000	0.000	0.000	
0.000	0.000	0.000	0.000	0.000	0.000	0.000	0.000	0.000	0.000	0.000	0.000	0.819	3.540	3.961	1.056	0.000	0.000	0.000	0.000	0.000	0.000	0.000	0.000	0.000	0.000	0.000	0.000	
0.000	0.000	0.000	0.000	0.000	0.000	0.000	0.000	0.000	0.000	0.000	0.000	0.723	2.892	2.892	0.723	0.000	0.000	0.000	0.000	0.000	0.000	0.000	0.000	0.000	0.000	0.000	0.000	
0.000	0.000	0.000	0.000	0.000	0.000	0.000	0.000	0.000	0.000	0.000	0.000	0.723	2.892	2.892	0.723	0.000	0.000	0.000	0.000	0.000	0.000	0.000	0.000	0.000	0.000	0.000	0.000	
0.000	0.000	0.000	0.000	0.000	0.000	0.000	0.000	0.000	0.000	0.000	0.000	0.723	2.892	2.892	0.723	0.000	0.000	0.000	0.000	0.000	0.000	0.000	0.000	0.000	0.000	0.000	0.000	
