0.056	0.056	0.056	0.056	0.056	0.056	0.056	0.056	0.056	0.056	0.056	0.056	0.056	0.050	0.045	0.045	0.045	0.045	0.045	0.045	0.045	0.045	0.045	0.045	0.045	0.045	0.045	0.045	
0.056	0.056	0.056	0.056	0.056	0.056	0.056	0.056	0.056	0.056	0.056	0.056	0.056	0.050	0.045	0.045	0.045	0.045	0.045	0.045	0.045	0.045	0.045	0.045	0.045	0.045	0.045	0.045	
0.056	0.056	0.056	0.056	0.056	0.056	0.056	0.056	0.056	0.056	0.056	0.056	0.056	0.051	0.045	0.045	0.045	0.045	0.045	0.045	0.045	0.045	0.045	0.045	0.045	0.045	0.045	0.045	
0.056	0.056	0.056	0.056	0.056	0.056	0.056	0.056	0.056	0.056	0.056	0.056	0.056	0.051	0.045	0.045	0.045	0.045	0.045	0.045	0.045	0.045	0.045	0.045	0.045	0.045	0.045	0.045	
0.056	0.056	0.056	0.056	0.056	0.056	0.056	0.056	0.056	0.056	0.056	0.056	0.056	0.052	0.045	0.045	0.045	0.045	0.045	0.045	0.045	0.045	0.045	0.045	0.045	0.045	0.045	0.045	
0.056	0.056	0.056	0.056	0.056	0.056	0.056	0.056	0.056	0.056	0.056	0.056	0.056	0.052	0.045	0.045	0.045	0.045	0.045	0.045	0.045	0.045	0.045	0.045	0.045	0.045	0.045	0.045	
0.056	0.056	0.056	0.056	0.056	0.056	0.056	0.056	0.056	0.056	0.056	0.056	0.056	0.052	0.045	0.045	0.045	0.045	0.045	0.045	0.045	0.045	0.045	0.045	0.045	0.045	0.045	0.045	
0.056	0.056	0.056	0.056	0.056	0.056	0.056	0.056	0.056	0.056	0.056	0.056	0.056	0.053	0.045	0.045	0.045	0.045	0.045	0.045	0.045	0.045	0.045	0.045	0.045	0.045	0.045	0.045	
0.056	0.056	0.056	0.056	0.056	0.056	0.056	0.056	0.056	0.056	0.056	0.056	0.056	0.053	0.045	0.045	0.045	0.045	0.045	0.045	0.045	0.045	0.045	0.045	0.045	0.045	0.045	0.045	
0.069	0.056	0.056	0.056	0.056	0.056	0.056	0.056	0.056	0.056	0.056	0.056	0.056	0.054	0.045	0.045	0.045	0.045	0.045	0.045	0.045	0.045	0.045	0.045	0.045	0.045	0.045	0.045	
0.091	0.056	0.056	0.056	0.056	0.056	0.056	0.056	0.056	0.056	0.056	0.056	0.056	0.054	0.045	0.045	0.045	0.045	0.045	0.045	0.045	0.045	0.045	0.045	0.045	0.045	0.045	0.045	
0.113	0.056	0.056	0.056	0.056	0.056	0.056	0.056	0.056	0.056	0.056	0.056	0.056	0.054	0.045	0.045	0.045	0.045	0.045	0.045	0.045	0.045	0.045	0.045	0.045	0.045	0.045	0.045	
0.128	0.063	0.056	0.056	0.056	0.056	0.056	0.056	0.056	0.056	0.056	0.056	0.056	0.055	0.045	0.045	0.045	0.045	0.045	0.045	0.045	0.045	0.045	0.045	0.045	0.045	0.045	0.045	
0.129	0.084	0.056	0.056	0.056	0.056	0.056	0.056	0.056	0.056	0.056	0.056	0.056	0.055	0.045	0.045	0.045	0.045	0.045	0.045	0.045	0.045	0.045	0.045	0.045	0.045	0.045	0.045	
0.129	0.107	0.056	0.056	0.056	0.056	0.056	0.056	0.056	0.056	0.056	0.056	0.056	0.056	0.045	0.045	0.045	0.045	0.045	0.045	0.045	0.045	0.045	0.045	0.045	0.045	0.045	0.045	
0.129	0.126	0.059	0.056	0.056	0.056	0.056	0.056	0.056	0.056	0.056	0.056	0.056	0.056	0.045	0.045	0.045	0.045	0.045	0.045	0.045	0.045	0.045	0.045	0.045	0.045	0.045	0.045	
0.129	0.129	0.078	0.056	0.056	0.056	0.056	0.056	0.056	0.056	0.056	0.056	0.056	0.056	0.045	0.045	0.045	0.045	0.045	0.045	0.045	0.045	0.045	0.045	0.045	0.045	0.045	0.045	
0.129	0.129	0.100	0.056	0.056	0.056	0.056	0.056	0.056	0.056	0.056	0.056	0.056	0.056	0.045	0.045	0.045	0.045	0.045	0.045	0.045	0.045	0.045	0.045	0.045	0.045	0.045	0.045	
0.129	0.129	0.122	0.057	0.056	0.056	0.056	0.056	0.056	0.056	0.056	0.056	0.056	0.056	0.046	0.045	0.045	0.045	0.045	0.045	0.045	0.045	0.045	0.045	0.045	0.045	0.045	0.045	
0.129	0.129	0.129	0.072	0.056	0.056	0.056	0.056	0.056	0.056	0.056	0.056	0.056	0.056	0.046	0.045	0.045	0.045	0.045	0.045	0.045	0.045	0.045	0.045	0.045	0.045	0.045	0.045	
0.129	0.129	0.129	0.094	0.056	0.056	0.056	0.056	0.056	0.056	0.056	0.056	0.056	0.056	0.047	0.045	0.045	0.045	0.045	0.045	0.045	0.045	0.045	0.045	0.045	0.045	0.045	0.045	
0.129	0.129	0.129	0.116	0.056	0.056	0.056	0.056	0.056	0.056	0.056	0.056	0.056	0.056	0.047	0.045	0.045	0.045	0.045	0.045	0.045	0.045	0.045	0.045	0.045	0.045	0.045	0.045	
0.129	0.129	0.129	0.129	0.066	0.056	0.056	0.056	0.056	0.056	0.056	0.056	0.056	0.056	0.047	0.045	0.045	0.045	0.045	0.045	0.045	0.045	0.045	0.045	0.045	0.045	0.045	0.045	
0.129	0.129	0.129	0.129	0.088	0.056	0.056	0.056	0.056	0.056	0.056	0.056	0.056	0.056	0.048	0.045	0.045	0.045	0.045	0.045	0.045	0.045	0.045	0.045	0.045	0.045	0.045	0.045	
0.129	0.129	0.129	0.129	0.110	0.056	0.056	0.056	0.056	0.056	0.056	0.056	0.056	0.056	0.048	0.045	0.045	0.045	0.045	0.045	0.045	0.045	0.045	0.045	0.045	0.045	0.045	0.045	
0.129	0.129	0.129	0.129	0.127	0.061	0.056	0.056	0.056	0.056	0.056	0.056	0.056	0.056	0.049	0.045	0.045	0.045	0.045	0.045	0.045	0.045	0.045	0.045	0.045	0.045	0.045	0.045	
0.129	0.129	0.129	0.129	0.129	0.081	0.056	0.056	0.056	0.056	0.056	0.056	0.056	0.056	0.049	0.045	0.045	0.045	0.045	0.045	0.045	0.045	0.045	0.045	0.045	0.045	0.045	0.045	
0.129	0.129	0.129	0.129	0.129	0.103	0.056	0.056	0.056	0.056	0.056	0.056	0.056	0.056	0.049	0.045	0.045	0.045	0.045	0.045	0.045	0.045	0.045	0.045	0.045	0.045	0.045	0.045	
0.129	0.129	0.129	0.129	0.129	0.124	0.057	0.056	0.056	0.056	0.056	0.056	0.056	0.056	0.050	0.045	0.045	0.045	0.045	0.045	0.045	0.045	0.045	0.045	0.045	0.045	0.045	0.045	
0.129	0.129	0.129	0.129	0.129	0.129	0.075	0.056	0.056	0.056	0.056	0.056	0.056	0.056	0.050	0.045	0.045	0.045	0.045	0.045	0.045	0.045	0.045	0.045	0.045	0.045	0.045	0.045	
0.129	0.129	0.129	0.129	0.129	0.129	0.097	0.056	0.056	0.056	0.056	0.056	0.056	0.056	0.050	0.045	0.045	0.045	0.045	0.045	0.045	0.045	0.045	0.045	0.045	0.045	0.045	0.045	
0.129	0.129	0.129	0.129	0.129	0.129	0.119	0.056	0.056	0.056	0.056	0.056	0.056	0.056	0.051	0.045	0.045	0.045	0.045	0.045	0.045	0.045	0.045	0.045	0.045	0.045	0.045	0.142	
0.129	0.129	0.129	0.129	0.129	0.129	0.129	0.069	0.056	0.056	0.056	0.056	0.056	0.056	0.051	0.045	0.045	0.045	0.045	0.045	0.045	0.045	0.045	0.045	0.045	0.045	0.069	0.383	
0.129	0.129	0.129	0.129	0.129	0.129	0.129	0.091	0.056	0.056	0.056	0.056	0.056	0.056	0.052	0.045	0.045	0.045	0.045	0.045	0.045	0.045	0.045	0.045	0.045	0.045	0.294	0.427	
0.129	0.129	0.129	0.129	0.129	0.129	0.129	0.113	0.056	0.056	0.056	0.056	0.056	0.056	0.052	0.045	0.045	0.045	0.045	0.045	0.045	0.045	0.045	0.045	0.045	0.180	0.427	0.427	
0.129	0.129	0.129	0.129	0.129	0.129	0.129	0.128	0.063	0.056	0.056	0.056	0.056	0.056	0.052	0.045	0.045	0.045	0.045	0.045	0.045	0.045	0.045	0.045	0.090	0.403	0.427	0.427	
0.129	0.129	0.129	0.129	0.129	0.129	0.129	0.129	0.084	0.056	0.056	0.056	0.056	0.056	0.053	0.045	0.045	0.045	0.045	0.045	0.045	0.045	0.045	0.048	0.331	0.427	0.427	0.427	
0.129	0.129	0.129	0.129	0.129	0.129	0.129	0.129	0.107	0.056	0.056	0.056	0.056	0.056	0.053	0.045	0.045	0.045	0.045	0.045	0.045	0.045	0.045	0.221	0.427	0.427	0.427	0.428	
0.129	0.129	0.129	0.129	0.129	0.129	0.129	0.129	0.126	0.059	0.056	0.056	0.056	0.056	0.054	0.045	0.045	0.045	0.045	0.045	0.045	0.045	0.117	0.418	0.427	0.427	0.427	0.445	
0.238	0.129	0.129	0.129	0.129	0.129	0.129	0.129	0.129	0.078	0.056	0.056	0.056	0.056	0.054	0.045	0.045	0.045	0.045	0.045	0.045	0.058	0.363	0.427	0.427	0.427	0.438	0.458	
0.495	0.202	0.129	0.129	0.129	0.129	0.129	0.129	0.129	0.100	0.056	0.056	0.056	0.056	0.054	0.045	0.045	0.045	0.045	0.045	0.045	0.261	0.427	0.427	0.427	0.432	0.456	0.458	
0.514	0.475	0.174	0.129	0.129	0.129	0.129	0.129	0.129	0.122	0.057	0.056	0.056	0.056	0.055	0.045	0.045	0.045	0.045	0.045	0.149	0.425	0.427	0.427	0.428	0.452	0.458	0.458	
0.514	0.514	0.448	0.153	0.129	0.129	0.129	0.129	0.129	0.129	0.072	0.056	0.056	0.056	0.055	0.045	0.045	0.045	0.045	0.073	0.388	0.427	0.427	0.427	0.446	0.458	0.458	0.458	
0.514	0.514	0.514	0.415	0.138	0.129	0.129	0.129	0.129	0.129	0.324	0.056	0.056	0.056	0.056	0.045	0.045	0.045	0.045	0.302	0.427	0.427	0.427	0.438	0.458	0.458	0.458	0.458	
0.514	0.514	0.514	0.514	0.374	0.130	0.129	0.129	0.129	0.129	1.762	1.010	0.056	0.056	0.056	0.045	0.045	0.045	0.188	0.427	0.427	0.427	0.432	0.457	0.458	0.458	0.458	0.458	
0.514	0.514	0.514	0.514	0.514	0.328	0.129	0.129	0.129	0.129	2.087	3.059	0.595	0.056	0.056	0.045	0.045	0.095	0.407	0.427	0.427	0.428	0.453	0.458	0.458	0.458	0.458	0.458	
0.514	0.514	0.514	0.514	0.514	0.514	0.280	0.129	0.129	0.129	2.385	3.227	2.833	2.209	2.956	3.665	2.845	0.950	0.427	0.427	0.427	0.446	0.458	0.458	0.458	0.458	0.458	0.458	
0.514	0.514	0.514	0.514	0.514	0.514	0.508	1.083	1.034	0.536	3.274	3.238	3.637	4.488	4.490	4.528	4.528	2.730	0.438	1.097	1.246	0.458	0.458	0.458	0.458	0.458	0.458	0.458	
0.514	0.514	0.514	0.514	0.514	0.514	0.514	3.223	4.931	5.096	5.509	5.242	4.583	4.568	4.488	4.542	4.724	4.857	4.653	4.972	3.058	0.458	0.458	0.458	0.458	0.458	0.458	0.458	
0.514	0.514	0.514	0.514	0.514	0.514	0.514	3.313	4.931	5.109	5.509	5.374	4.750	4.750	4.526	4.690	4.859	4.859	4.946	4.972	3.239	0.458	0.458	0.458	0.458	0.458	0.458	0.458	
0.000	0.000	0.000	0.000	0.000	0.000	0.000	0.000	0.000	0.000	0.000	0.000	2.523	3.893	2.403	1.510	0.000	0.000	0.000	0.000	0.000	0.000	0.000	0.000	0.000	0.000	0.000	0.000	
0.000	0.000	0.000	0.000	0.000	0.000	0.000	0.000	0.000	0.000	0.000	0.000	0.577	2.136	2.136	0.534	0.000	0.000	0.000	0.000	0.000	0.000	0.000	0.000	0.000	0.000	0.000	0.000	
0.000	0.000	0.000	0.000	0.000	0.000	0.000	0.000	0.000	0.000	0.000	0.000	0.534	2.136	2.136	0.534	0.000	0.000	0.000	0.000	0.000	0.000	0.000	0.000	0.000	0.000	0.000	0.000	
0.000	0.000	0.000	0.000	0.000	0.000	0.000	0.000	0.000	0.000	0.000	0.000	0.534	2.136	2.136	0.534	0.000	0.000	0.000	0.000	0.000	0.000	0.000	0.000	0.000	0.000	0.000	0.000	
0.000	0.000	0.000	0.000	0.000	0.000	0.000	0.000	0.000	0.000	0.000	0.000	0.534	2.136	2.136	0.534	0.000	0.000	0.000	0.000	0.000	0.000	0.000	0.000	0.000	0.000	0.000	0.000	
