0.089	0.089	0.089	0.089	0.089	0.089	0.089	0.087	0.037	0.036	0.036	0.036	0.036	0.036	0.036	0.036	0.036	0.036	0.036	0.036	0.036	0.036	0.036	0.036	0.036	0.036	0.036	0.036	
0.089	0.089	0.089	0.089	0.089	0.089	0.089	0.089	0.043	0.036	0.036	0.036	0.036	0.036	0.036	0.036	0.036	0.036	0.036	0.036	0.036	0.036	0.036	0.036	0.036	0.036	0.036	0.036	
0.091	0.089	0.089	0.089	0.089	0.089	0.089	0.089	0.051	0.036	0.036	0.036	0.036	0.036	0.036	0.036	0.036	0.036	0.036	0.036	0.036	0.036	0.036	0.036	0.036	0.036	0.036	0.036	
0.096	0.089	0.089	0.089	0.089	0.089	0.089	0.089	0.060	0.036	0.036	0.036	0.036	0.036	0.036	0.036	0.036	0.036	0.036	0.036	0.036	0.036	0.036	0.036	0.036	0.036	0.036	0.036	
0.100	0.089	0.089	0.089	0.089	0.089	0.089	0.089	0.068	0.036	0.036	0.036	0.036	0.036	0.036	0.036	0.036	0.036	0.036	0.036	0.036	0.036	0.036	0.036	0.036	0.036	0.036	0.036	
0.105	0.089	0.089	0.089	0.089	0.089	0.089	0.089	0.076	0.036	0.036	0.036	0.036	0.036	0.036	0.036	0.036	0.036	0.036	0.036	0.036	0.036	0.036	0.036	0.036	0.036	0.036	0.036	
0.106	0.091	0.089	0.089	0.089	0.089	0.089	0.089	0.084	0.036	0.036	0.036	0.036	0.036	0.036	0.036	0.036	0.036	0.036	0.036	0.036	0.036	0.036	0.036	0.036	0.036	0.036	0.036	
0.106	0.096	0.089	0.089	0.089	0.089	0.089	0.089	0.089	0.040	0.036	0.036	0.036	0.036	0.036	0.036	0.036	0.036	0.036	0.036	0.036	0.036	0.036	0.036	0.036	0.036	0.036	0.036	
0.106	0.100	0.089	0.089	0.089	0.089	0.089	0.089	0.089	0.049	0.036	0.036	0.036	0.036	0.036	0.036	0.036	0.036	0.036	0.036	0.036	0.036	0.036	0.036	0.036	0.036	0.036	0.036	
0.106	0.105	0.089	0.089	0.089	0.089	0.089	0.089	0.089	0.057	0.036	0.036	0.036	0.036	0.036	0.036	0.036	0.036	0.036	0.036	0.036	0.036	0.036	0.036	0.036	0.036	0.036	0.036	
0.106	0.106	0.092	0.089	0.089	0.089	0.089	0.089	0.089	0.065	0.036	0.036	0.036	0.036	0.036	0.036	0.036	0.036	0.036	0.036	0.036	0.036	0.036	0.036	0.036	0.036	0.036	0.036	
0.106	0.106	0.096	0.089	0.089	0.089	0.089	0.089	0.089	0.073	0.036	0.036	0.036	0.036	0.036	0.036	0.036	0.036	0.036	0.036	0.036	0.036	0.036	0.036	0.036	0.036	0.036	0.036	
0.106	0.106	0.101	0.089	0.089	0.089	0.089	0.089	0.089	0.082	0.036	0.036	0.036	0.036	0.036	0.036	0.036	0.036	0.036	0.036	0.036	0.036	0.036	0.036	0.036	0.036	0.036	0.036	
0.106	0.106	0.105	0.089	0.089	0.089	0.089	0.089	0.089	0.088	0.038	0.036	0.036	0.036	0.036	0.036	0.036	0.036	0.036	0.036	0.036	0.036	0.036	0.036	0.036	0.036	0.036	0.036	
0.106	0.106	0.106	0.092	0.089	0.089	0.089	0.089	0.089	0.089	0.046	0.036	0.036	0.036	0.036	0.036	0.036	0.036	0.036	0.036	0.036	0.036	0.036	0.036	0.036	0.036	0.036	0.036	
0.106	0.106	0.106	0.097	0.089	0.089	0.089	0.089	0.089	0.089	0.054	0.036	0.036	0.036	0.036	0.036	0.036	0.036	0.036	0.036	0.036	0.036	0.036	0.036	0.036	0.036	0.036	0.036	
0.106	0.106	0.106	0.101	0.089	0.089	0.089	0.089	0.089	0.089	0.062	0.036	0.036	0.036	0.036	0.036	0.036	0.036	0.036	0.036	0.036	0.036	0.036	0.036	0.036	0.036	0.036	0.036	
0.106	0.106	0.106	0.105	0.089	0.089	0.089	0.089	0.089	0.089	0.071	0.036	0.036	0.036	0.036	0.036	0.036	0.036	0.036	0.036	0.036	0.036	0.036	0.036	0.036	0.036	0.036	0.036	
0.106	0.106	0.106	0.106	0.093	0.089	0.089	0.089	0.089	0.089	0.079	0.036	0.036	0.036	0.036	0.036	0.036	0.036	0.036	0.036	0.036	0.036	0.036	0.036	0.036	0.036	0.036	0.036	
0.106	0.106	0.106	0.106	0.097	0.089	0.089	0.089	0.089	0.089	0.087	0.037	0.036	0.036	0.036	0.036	0.036	0.036	0.036	0.036	0.036	0.036	0.036	0.036	0.036	0.036	0.036	0.036	
0.106	0.106	0.106	0.106	0.102	0.089	0.089	0.089	0.089	0.089	0.089	0.043	0.036	0.036	0.036	0.036	0.036	0.036	0.036	0.036	0.036	0.036	0.036	0.036	0.036	0.036	0.036	0.036	
0.106	0.106	0.106	0.106	0.106	0.089	0.089	0.089	0.089	0.089	0.089	0.051	0.036	0.036	0.036	0.036	0.036	0.036	0.036	0.036	0.036	0.036	0.036	0.036	0.036	0.036	0.036	0.036	
0.106	0.106	0.106	0.106	0.106	0.093	0.089	0.089	0.089	0.089	0.089	0.060	0.036	0.036	0.036	0.036	0.036	0.036	0.036	0.036	0.036	0.036	0.036	0.036	0.036	0.036	0.036	0.036	
0.106	0.106	0.106	0.106	0.106	0.097	0.089	0.089	0.089	0.089	0.089	0.068	0.036	0.036	0.036	0.036	0.036	0.036	0.036	0.036	0.036	0.036	0.036	0.036	0.036	0.036	0.036	0.036	
0.106	0.106	0.106	0.106	0.106	0.102	0.089	0.089	0.089	0.089	0.089	0.076	0.036	0.036	0.036	0.036	0.036	0.036	0.036	0.036	0.036	0.036	0.036	0.036	0.036	0.036	0.036	0.036	
0.106	0.106	0.106	0.106	0.106	0.106	0.089	0.089	0.089	0.089	0.089	0.084	0.036	0.036	0.036	0.036	0.036	0.036	0.036	0.036	0.036	0.036	0.036	0.036	0.036	0.036	0.036	0.036	
0.106	0.106	0.106	0.106	0.106	0.106	0.093	0.089	0.089	0.089	0.089	0.089	0.040	0.036	0.036	0.036	0.036	0.036	0.036	0.036	0.036	0.036	0.036	0.036	0.036	0.036	0.036	0.036	
0.106	0.106	0.106	0.106	0.106	0.106	0.098	0.089	0.089	0.089	0.089	0.089	0.049	0.036	0.036	0.036	0.036	0.036	0.036	0.036	0.036	0.036	0.036	0.036	0.036	0.036	0.036	0.036	
0.106	0.106	0.106	0.106	0.106	0.106	0.102	0.089	0.089	0.089	0.089	0.089	0.057	0.036	0.036	0.036	0.036	0.036	0.036	0.036	0.036	0.036	0.036	0.036	0.036	0.036	0.036	0.036	
0.106	0.106	0.106	0.106	0.106	0.106	0.106	0.090	0.089	0.089	0.089	0.089	0.065	0.036	0.036	0.036	0.036	0.036	0.036	0.036	0.036	0.036	0.036	0.036	0.036	0.036	0.036	0.036	
0.106	0.106	0.106	0.106	0.106	0.106	0.106	0.094	0.089	0.089	0.089	0.089	0.073	0.036	0.036	0.036	0.036	0.036	0.036	0.036	0.036	0.036	0.036	0.036	0.036	0.036	0.036	0.036	
0.106	0.106	0.106	0.106	0.106	0.106	0.106	0.098	0.089	0.089	0.089	0.089	0.082	0.036	0.036	0.036	0.036	0.036	0.036	0.036	0.036	0.036	0.036	0.036	0.036	0.036	0.036	0.036	
0.106	0.106	0.106	0.106	0.106	0.106	0.106	0.103	0.089	0.089	0.089	0.089	0.088	0.038	0.036	0.036	0.036	0.036	0.036	0.036	0.036	0.036	0.036	0.036	0.036	0.036	0.036	0.042	
0.106	0.106	0.106	0.106	0.106	0.106	0.106	0.106	0.090	0.089	0.089	0.089	0.089	0.046	0.036	0.036	0.036	0.036	0.036	0.036	0.036	0.036	0.036	0.036	0.036	0.036	0.036	0.283	
0.106	0.106	0.106	0.106	0.106	0.106	0.106	0.106	0.094	0.089	0.089	0.089	0.089	0.054	0.036	0.036	0.036	0.036	0.036	0.036	0.036	0.036	0.036	0.036	0.036	0.036	0.194	0.489	
0.106	0.106	0.106	0.106	0.106	0.106	0.106	0.106	0.099	0.089	0.089	0.089	0.089	0.062	0.036	0.036	0.036	0.036	0.036	0.036	0.036	0.036	0.036	0.036	0.036	0.120	0.471	0.490	
0.106	0.106	0.106	0.106	0.106	0.106	0.106	0.106	0.103	0.089	0.089	0.089	0.089	0.071	0.036	0.036	0.036	0.036	0.036	0.036	0.036	0.036	0.036	0.036	0.070	0.431	0.490	0.490	
0.106	0.106	0.106	0.106	0.106	0.106	0.106	0.106	0.106	0.090	0.089	0.089	0.089	0.079	0.036	0.036	0.036	0.036	0.036	0.036	0.036	0.036	0.036	0.042	0.368	0.490	0.490	0.490	
0.106	0.106	0.106	0.106	0.106	0.106	0.106	0.106	0.106	0.094	0.089	0.089	0.089	0.087	0.037	0.036	0.036	0.036	0.036	0.036	0.036	0.036	0.036	0.283	0.490	0.490	0.490	0.476	
0.106	0.106	0.106	0.106	0.106	0.106	0.106	0.106	0.106	0.099	0.089	0.089	0.089	0.089	0.043	0.036	0.036	0.036	0.036	0.036	0.036	0.036	0.194	0.489	0.490	0.490	0.483	0.457	
0.310	0.106	0.106	0.106	0.106	0.106	0.106	0.106	0.106	0.103	0.089	0.089	0.089	0.089	0.051	0.036	0.036	0.036	0.036	0.036	0.036	0.120	0.471	0.490	0.490	0.487	0.459	0.456	
0.537	0.301	0.106	0.106	0.106	0.106	0.106	0.106	0.106	0.106	0.090	0.089	0.089	0.089	0.060	0.036	0.036	0.036	0.036	0.036	0.070	0.431	0.490	0.490	0.489	0.464	0.456	0.456	
0.537	0.537	0.293	0.106	0.106	0.106	0.106	0.106	0.106	0.106	0.095	0.089	0.089	0.089	0.068	0.036	0.036	0.036	0.036	0.042	0.368	0.490	0.490	0.490	0.471	0.456	0.456	0.456	
0.537	0.537	0.536	0.285	0.106	0.106	0.106	0.106	0.106	0.106	0.557	0.089	0.089	0.089	0.076	0.036	0.036	0.036	0.036	0.283	0.490	0.490	0.490	0.478	0.456	0.456	0.456	0.456	
0.537	0.537	0.537	0.535	0.277	0.106	0.106	0.106	0.106	0.106	1.763	1.234	0.089	0.089	0.084	0.036	0.036	0.036	0.194	0.489	0.490	0.490	0.483	0.457	0.456	0.456	0.456	0.456	
0.537	0.537	0.537	0.537	0.534	0.270	0.106	0.106	0.106	0.106	2.116	3.013	0.512	0.089	0.089	0.096	0.036	0.120	0.471	0.490	0.490	0.487	0.460	0.456	0.456	0.456	0.456	0.456	
0.537	0.537	0.537	0.537	0.537	0.533	0.262	0.106	0.106	0.106	2.470	3.172	2.515	1.154	2.105	4.266	3.303	0.888	0.490	0.490	0.489	0.465	0.456	0.456	0.456	0.456	0.456	0.456	
0.537	0.537	0.537	0.537	0.537	0.537	0.532	0.432	0.701	0.701	2.973	3.174	3.539	4.186	4.252	4.455	4.456	2.244	0.540	1.215	0.892	0.456	0.456	0.456	0.456	0.456	0.456	0.456	
0.537	0.537	0.537	0.537	0.537	0.537	0.537	1.948	4.864	4.864	4.908	4.842	4.471	4.186	4.189	4.527	4.821	4.885	4.894	5.082	2.077	0.456	0.456	0.456	0.456	0.456	0.456	0.456	
0.537	0.537	0.537	0.537	0.537	0.537	0.537	2.121	4.864	4.864	4.908	4.912	4.488	3.589	3.589	4.640	4.930	4.930	5.077	5.082	2.266	0.456	0.456	0.456	0.456	0.456	0.456	0.456	
0.000	0.000	0.000	0.000	0.000	0.000	0.000	0.000	0.000	0.000	0.000	0.000	1.848	3.267	3.267	1.950	0.000	0.000	0.000	0.000	0.000	0.000	0.000	0.000	0.000	0.000	0.000	0.000	
0.000	0.000	0.000	0.000	0.000	0.000	0.000	0.000	0.000	0.000	0.000	0.000	0.817	3.267	3.267	0.817	0.000	0.000	0.000	0.000	0.000	0.000	0.000	0.000	0.000	0.000	0.000	0.000	
0.000	0.000	0.000	0.000	0.000	0.000	0.000	0.000	0.000	0.000	0.000	0.000	0.876	3.524	3.558	0.895	0.000	0.000	0.000	0.000	0.000	0.000	0.000	0.000	0.000	0.000	0.000	0.000	
0.000	0.000	0.000	0.000	0.000	0.000	0.000	0.000	0.000	0.000	0.000	0.000	0.908	3.630	3.630	0.908	0.000	0.000	0.000	0.000	0.000	0.000	0.000	0.000	0.000	0.000	0.000	0.000	
0.000	0.000	0.000	0.000	0.000	0.000	0.000	0.000	0.000	0.000	0.000	0.000	0.908	3.630	3.630	0.908	0.000	0.000	0.000	0.000	0.000	0.000	0.000	0.000	0.000	0.000	0.000	0.000	
