0.131	0.103	0.051	0.051	0.051	0.051	0.051	0.051	0.051	0.051	0.051	0.051	0.051	0.051	0.051	0.051	0.051	0.051	0.051	0.051	0.051	0.051	0.051	0.051	0.051	0.051	0.051	0.144	
0.131	0.124	0.051	0.051	0.051	0.051	0.051	0.051	0.051	0.051	0.051	0.051	0.051	0.051	0.051	0.051	0.051	0.051	0.051	0.051	0.051	0.051	0.051	0.051	0.051	0.051	0.080	0.159	
0.131	0.131	0.067	0.051	0.051	0.051	0.051	0.051	0.051	0.051	0.051	0.051	0.051	0.051	0.051	0.051	0.051	0.051	0.051	0.051	0.051	0.051	0.051	0.051	0.051	0.051	0.123	0.159	
0.131	0.131	0.089	0.051	0.051	0.051	0.051	0.051	0.051	0.051	0.051	0.051	0.051	0.051	0.051	0.051	0.051	0.051	0.051	0.051	0.051	0.051	0.051	0.051	0.051	0.060	0.156	0.159	
0.131	0.131	0.111	0.051	0.051	0.051	0.051	0.051	0.051	0.051	0.051	0.051	0.051	0.051	0.051	0.051	0.051	0.051	0.051	0.051	0.051	0.051	0.051	0.051	0.051	0.100	0.159	0.159	
0.131	0.131	0.129	0.055	0.051	0.051	0.051	0.051	0.051	0.051	0.051	0.051	0.051	0.051	0.051	0.051	0.051	0.051	0.051	0.051	0.051	0.051	0.051	0.051	0.051	0.143	0.159	0.159	
0.131	0.131	0.131	0.075	0.051	0.051	0.051	0.051	0.051	0.051	0.051	0.051	0.051	0.051	0.051	0.051	0.051	0.051	0.051	0.051	0.051	0.051	0.051	0.051	0.078	0.159	0.159	0.159	
0.131	0.131	0.131	0.097	0.051	0.051	0.051	0.051	0.051	0.051	0.051	0.051	0.051	0.051	0.051	0.051	0.051	0.051	0.051	0.051	0.051	0.051	0.051	0.051	0.121	0.159	0.159	0.159	
0.131	0.131	0.131	0.119	0.051	0.051	0.051	0.051	0.051	0.051	0.051	0.051	0.051	0.051	0.051	0.051	0.051	0.051	0.051	0.051	0.051	0.051	0.051	0.059	0.156	0.159	0.159	0.159	
0.131	0.131	0.131	0.131	0.062	0.051	0.051	0.051	0.051	0.051	0.051	0.051	0.051	0.051	0.051	0.051	0.051	0.051	0.051	0.051	0.051	0.051	0.051	0.098	0.159	0.159	0.159	0.159	
0.131	0.131	0.131	0.131	0.084	0.051	0.051	0.051	0.051	0.051	0.051	0.051	0.051	0.051	0.051	0.051	0.051	0.051	0.051	0.051	0.051	0.051	0.051	0.141	0.159	0.159	0.159	0.159	
0.131	0.131	0.131	0.131	0.106	0.051	0.051	0.051	0.051	0.051	0.051	0.051	0.051	0.051	0.051	0.051	0.051	0.051	0.051	0.051	0.051	0.051	0.076	0.159	0.159	0.159	0.159	0.159	
0.131	0.131	0.131	0.131	0.126	0.052	0.051	0.051	0.051	0.051	0.051	0.051	0.051	0.051	0.051	0.051	0.051	0.051	0.051	0.051	0.051	0.051	0.119	0.159	0.159	0.159	0.159	0.159	
0.131	0.131	0.131	0.131	0.131	0.070	0.051	0.051	0.051	0.051	0.051	0.051	0.051	0.051	0.051	0.051	0.051	0.051	0.051	0.051	0.051	0.057	0.155	0.159	0.159	0.159	0.159	0.159	
0.131	0.131	0.131	0.131	0.131	0.092	0.051	0.051	0.051	0.051	0.051	0.051	0.051	0.051	0.051	0.051	0.051	0.051	0.051	0.051	0.051	0.096	0.159	0.159	0.159	0.159	0.159	0.167	
0.131	0.131	0.131	0.131	0.131	0.114	0.051	0.051	0.051	0.051	0.051	0.051	0.051	0.051	0.051	0.051	0.051	0.051	0.051	0.051	0.051	0.139	0.159	0.159	0.159	0.159	0.159	0.177	
0.131	0.131	0.131	0.131	0.131	0.130	0.057	0.051	0.051	0.051	0.051	0.051	0.051	0.051	0.051	0.051	0.051	0.051	0.051	0.051	0.074	0.159	0.159	0.159	0.159	0.159	0.165	0.182	
0.131	0.131	0.131	0.131	0.131	0.131	0.078	0.051	0.051	0.051	0.051	0.051	0.051	0.051	0.051	0.051	0.051	0.051	0.051	0.051	0.117	0.159	0.159	0.159	0.159	0.159	0.176	0.182	
0.131	0.131	0.131	0.131	0.131	0.131	0.100	0.051	0.051	0.051	0.051	0.051	0.051	0.051	0.051	0.051	0.051	0.051	0.051	0.056	0.154	0.159	0.159	0.159	0.159	0.163	0.182	0.182	
0.131	0.131	0.131	0.131	0.131	0.131	0.122	0.051	0.051	0.051	0.051	0.051	0.051	0.051	0.051	0.051	0.051	0.051	0.051	0.094	0.159	0.159	0.159	0.159	0.159	0.174	0.182	0.182	
0.131	0.131	0.131	0.131	0.131	0.131	0.131	0.064	0.051	0.051	0.051	0.051	0.051	0.051	0.051	0.051	0.051	0.051	0.051	0.137	0.159	0.159	0.159	0.159	0.162	0.181	0.182	0.182	
0.131	0.131	0.131	0.131	0.131	0.131	0.131	0.086	0.051	0.051	0.051	0.051	0.051	0.051	0.051	0.051	0.051	0.051	0.072	0.159	0.159	0.159	0.159	0.159	0.172	0.182	0.182	0.182	
0.131	0.131	0.131	0.131	0.131	0.131	0.131	0.108	0.051	0.051	0.051	0.051	0.051	0.051	0.051	0.051	0.051	0.051	0.115	0.159	0.159	0.159	0.159	0.161	0.181	0.182	0.182	0.182	
0.131	0.131	0.131	0.131	0.131	0.131	0.131	0.128	0.053	0.051	0.051	0.051	0.051	0.051	0.051	0.051	0.051	0.055	0.153	0.159	0.159	0.159	0.159	0.171	0.182	0.182	0.182	0.182	
0.131	0.131	0.131	0.131	0.131	0.131	0.131	0.131	0.073	0.051	0.051	0.051	0.051	0.051	0.051	0.051	0.051	0.092	0.159	0.159	0.159	0.159	0.164	0.180	0.182	0.182	0.182	0.182	
0.131	0.131	0.131	0.131	0.131	0.131	0.131	0.131	0.095	0.051	0.051	0.051	0.051	0.051	0.051	0.051	0.051	0.135	0.159	0.159	0.159	0.159	0.345	0.182	0.182	0.182	0.182	0.182	
0.224	0.131	0.131	0.131	0.131	0.131	0.131	0.131	0.117	0.051	0.051	0.051	0.051	0.051	0.051	0.051	0.070	0.159	0.159	0.159	0.159	0.342	0.437	0.182	0.182	0.182	0.182	0.182	
0.381	0.194	0.131	0.131	0.131	0.131	0.131	0.131	0.130	0.059	0.051	0.051	0.051	0.051	0.051	0.051	0.113	0.159	0.159	0.159	0.167	0.847	0.201	0.182	0.182	0.182	0.182	0.182	
0.388	0.369	0.169	0.131	0.131	0.131	0.131	0.131	0.131	0.081	0.051	0.051	0.051	0.051	0.051	0.054	0.152	0.159	0.159	0.159	0.554	0.754	0.182	0.182	0.182	0.182	0.182	0.182	
0.388	0.388	0.352	0.151	0.131	0.131	0.131	0.131	0.131	0.103	0.051	0.051	0.051	0.051	0.051	0.090	0.159	0.159	0.159	0.247	1.061	0.434	0.182	0.182	0.182	0.182	0.182	0.182	
0.388	0.388	0.388	0.328	0.138	0.131	0.131	0.131	0.131	0.124	0.051	0.051	0.051	0.051	0.051	0.133	0.159	0.159	0.159	0.780	1.043	0.195	0.182	0.182	0.182	0.182	0.182	0.182	
0.388	0.388	0.388	0.388	0.299	0.132	0.131	0.131	0.131	0.131	0.067	0.051	0.051	0.051	0.068	0.159	0.159	0.159	0.412	1.122	0.737	0.182	0.182	0.182	0.182	0.182	0.182	0.182	
0.388	0.388	0.388	0.388	0.388	0.264	0.131	0.131	0.131	0.131	0.089	0.051	0.051	0.051	0.110	0.159	0.159	0.186	0.979	1.124	0.418	0.182	0.182	0.182	0.182	0.182	0.182	0.182	
0.388	0.388	0.388	0.388	0.388	0.387	0.229	0.131	0.131	0.131	0.111	0.051	0.051	0.054	0.150	0.159	0.159	0.636	1.124	1.031	0.191	0.182	0.182	0.182	0.182	0.182	0.182	0.182	
0.388	0.388	0.388	0.388	0.388	0.388	0.382	0.198	0.131	0.131	0.129	0.055	0.051	0.088	0.159	0.159	0.297	1.093	1.124	0.720	0.182	0.182	0.182	0.182	0.182	0.182	0.182	0.182	
0.388	0.388	0.388	0.388	0.388	0.388	0.388	0.371	0.172	0.131	0.297	1.974	1.993	1.113	0.159	0.160	0.861	1.124	1.124	0.401	0.182	0.182	0.182	0.182	0.182	0.182	0.182	0.182	
0.388	0.388	0.388	0.388	0.388	0.388	0.388	0.388	0.770	1.842	2.435	3.061	3.061	2.970	1.985	1.604	1.124	1.124	1.018	0.187	0.182	0.182	0.182	0.182	0.182	0.182	0.182	0.182	
0.388	0.388	0.388	0.388	0.388	0.388	0.388	0.388	2.245	2.989	2.997	3.059	3.061	3.159	3.262	3.259	1.987	1.569	0.900	0.182	0.182	0.182	0.182	0.182	0.182	0.182	0.182	0.182	
0.496	0.519	0.542	0.565	0.588	0.611	0.635	0.914	2.958	2.989	3.048	3.456	3.388	3.282	3.262	3.260	3.194	3.186	2.748	0.308	0.182	0.182	0.182	0.182	0.182	0.182	0.182	0.182	
0.935	0.935	0.935	0.935	0.935	0.935	0.935	0.935	1.826	3.061	3.375	3.551	3.551	3.514	3.455	3.359	3.186	3.186	2.855	0.945	0.843	0.783	0.724	0.664	0.604	0.545	0.485	0.425	
0.935	0.935	0.935	0.935	0.935	0.935	0.935	0.935	2.166	3.560	3.556	3.586	3.640	3.603	3.606	3.598	3.387	3.362	1.790	0.887	0.887	0.887	0.887	0.887	0.887	0.887	0.887	0.887	
0.984	0.977	0.969	0.962	0.954	0.947	0.940	1.130	3.398	3.560	3.629	4.036	4.036	3.735	3.606	3.607	3.611	3.611	2.481	0.887	0.887	0.887	0.887	0.887	0.887	0.887	0.887	0.910	
1.103	1.103	1.103	1.103	1.103	1.103	1.103	1.247	3.190	3.678	3.826	4.036	4.036	4.134	4.228	4.151	3.619	3.611	3.145	1.583	1.566	1.548	1.531	1.513	1.342	1.009	1.046	1.069	
1.103	1.103	1.103	1.103	1.103	1.103	1.103	1.103	2.856	4.009	4.009	4.319	4.455	4.382	4.300	4.306	4.341	4.306	2.866	1.990	1.990	1.990	1.937	1.478	1.086	1.069	1.069	1.054	
1.359	1.541	1.468	1.387	1.306	1.225	1.144	1.103	3.067	4.011	4.150	4.613	4.629	4.586	4.532	4.560	4.398	4.398	3.240	1.990	1.986	1.647	1.154	1.069	1.069	1.069	1.033	0.979	
1.028	1.150	1.526	1.693	1.693	1.693	1.693	1.653	3.651	4.705	4.791	4.800	5.113	5.195	4.803	4.803	4.552	4.504	4.496	2.815	1.275	1.069	1.069	1.069	1.064	1.008	0.975	0.975	
1.028	1.028	1.029	1.247	1.609	1.693	1.693	2.215	4.906	4.852	4.793	5.261	5.798	5.779	4.995	5.010	5.140	4.561	4.564	4.076	1.109	1.069	1.069	1.050	0.988	0.975	0.975	0.975	
1.028	1.028	1.028	1.028	1.051	1.352	2.098	4.124	4.962	4.978	5.337	5.497	5.695	5.992	6.088	5.402	5.366	5.013	5.036	5.169	3.322	1.633	1.027	0.977	0.975	0.975	0.975	0.975	
1.028	1.028	1.028	1.028	1.028	1.028	4.071	5.148	5.143	5.784	5.801	5.495	5.356	5.968	6.047	5.350	5.440	5.550	5.277	5.160	5.058	5.024	0.997	0.975	0.975	0.975	0.975	0.975	
1.028	1.028	1.028	1.028	1.028	1.028	4.153	5.154	5.389	5.989	5.989	5.346	4.678	4.766	4.816	4.702	5.399	5.558	5.520	5.104	5.044	5.044	1.143	0.975	0.975	0.975	0.975	0.975	
0.000	0.000	0.000	0.000	0.000	0.000	0.000	0.000	0.000	0.000	0.000	0.000	2.482	4.673	4.702	2.498	0.000	0.000	0.000	0.000	0.000	0.000	0.000	0.000	0.000	0.000	0.000	0.000	
0.000	0.000	0.000	0.000	0.000	0.000	0.000	0.000	0.000	0.000	0.000	0.000	1.168	4.621	4.666	1.176	0.000	0.000	0.000	0.000	0.000	0.000	0.000	0.000	0.000	0.000	0.000	0.000	
0.000	0.000	0.000	0.000	0.000	0.000	0.000	0.000	0.000	0.000	0.000	0.000	0.884	3.385	3.392	0.884	0.000	0.000	0.000	0.000	0.000	0.000	0.000	0.000	0.000	0.000	0.000	0.000	
0.000	0.000	0.000	0.000	0.000	0.000	0.000	0.000	0.000	0.000	0.000	0.000	0.839	3.356	3.356	0.839	0.000	0.000	0.000	0.000	0.000	0.000	0.000	0.000	0.000	0.000	0.000	0.000	
0.000	0.000	0.000	0.000	0.000	0.000	0.000	0.000	0.000	0.000	0.000	0.000	0.839	3.356	3.356	0.839	0.000	0.000	0.000	0.000	0.000	0.000	0.000	0.000	0.000	0.000	0.000	0.000	
