0.050	0.050	0.050	0.050	0.050	0.050	0.050	0.050	0.050	0.050	0.050	0.050	0.050	0.047	0.047	0.047	0.047	0.047	0.047	0.047	0.047	0.047	0.047	0.047	0.047	0.047	0.047	0.047	
0.050	0.050	0.050	0.050	0.050	0.050	0.050	0.050	0.050	0.050	0.050	0.050	0.050	0.047	0.047	0.047	0.047	0.047	0.047	0.047	0.047	0.047	0.047	0.047	0.047	0.047	0.047	0.047	
0.050	0.050	0.050	0.050	0.050	0.050	0.050	0.050	0.050	0.050	0.050	0.050	0.050	0.047	0.047	0.047	0.047	0.047	0.047	0.047	0.047	0.047	0.047	0.047	0.047	0.047	0.047	0.047	
0.050	0.050	0.050	0.050	0.050	0.050	0.050	0.050	0.050	0.050	0.050	0.050	0.050	0.047	0.047	0.047	0.047	0.047	0.047	0.047	0.047	0.047	0.047	0.047	0.047	0.047	0.047	0.047	
0.050	0.050	0.050	0.050	0.050	0.050	0.050	0.050	0.050	0.050	0.050	0.050	0.050	0.047	0.047	0.047	0.047	0.047	0.047	0.047	0.047	0.047	0.047	0.047	0.047	0.047	0.047	0.047	
0.050	0.050	0.050	0.050	0.050	0.050	0.050	0.050	0.050	0.050	0.050	0.050	0.050	0.048	0.047	0.047	0.047	0.047	0.047	0.047	0.047	0.047	0.047	0.047	0.047	0.047	0.047	0.047	
0.050	0.050	0.050	0.050	0.050	0.050	0.050	0.050	0.050	0.050	0.050	0.050	0.050	0.048	0.047	0.047	0.047	0.047	0.047	0.047	0.047	0.047	0.047	0.047	0.047	0.047	0.047	0.047	
0.050	0.050	0.050	0.050	0.050	0.050	0.050	0.050	0.050	0.050	0.050	0.050	0.050	0.048	0.047	0.047	0.047	0.047	0.047	0.047	0.047	0.047	0.047	0.047	0.047	0.047	0.047	0.047	
0.050	0.050	0.050	0.050	0.050	0.050	0.050	0.050	0.050	0.050	0.050	0.050	0.050	0.048	0.047	0.047	0.047	0.047	0.047	0.047	0.047	0.047	0.047	0.047	0.047	0.047	0.047	0.047	
0.050	0.050	0.050	0.050	0.050	0.050	0.050	0.050	0.050	0.050	0.050	0.050	0.050	0.048	0.047	0.047	0.047	0.047	0.047	0.047	0.047	0.047	0.047	0.047	0.047	0.047	0.047	0.047	
0.050	0.050	0.050	0.050	0.050	0.050	0.050	0.050	0.050	0.050	0.050	0.050	0.050	0.048	0.047	0.047	0.047	0.047	0.047	0.047	0.047	0.047	0.047	0.047	0.047	0.047	0.047	0.047	
0.050	0.050	0.050	0.050	0.050	0.050	0.050	0.050	0.050	0.050	0.050	0.050	0.050	0.048	0.047	0.047	0.047	0.047	0.047	0.047	0.047	0.047	0.047	0.047	0.047	0.047	0.047	0.047	
0.050	0.050	0.050	0.050	0.050	0.050	0.050	0.050	0.050	0.050	0.050	0.050	0.050	0.048	0.047	0.047	0.047	0.047	0.047	0.047	0.047	0.047	0.047	0.047	0.047	0.047	0.047	0.047	
0.050	0.050	0.050	0.050	0.050	0.050	0.050	0.050	0.050	0.050	0.050	0.050	0.050	0.048	0.047	0.047	0.047	0.047	0.047	0.047	0.047	0.047	0.047	0.047	0.047	0.047	0.047	0.047	
0.050	0.050	0.050	0.050	0.050	0.050	0.050	0.050	0.050	0.050	0.050	0.050	0.050	0.048	0.047	0.047	0.047	0.047	0.047	0.047	0.047	0.047	0.047	0.047	0.047	0.047	0.047	0.047	
0.050	0.050	0.050	0.050	0.050	0.050	0.050	0.050	0.050	0.050	0.050	0.050	0.050	0.048	0.047	0.047	0.047	0.047	0.047	0.047	0.047	0.047	0.047	0.047	0.047	0.047	0.047	0.047	
0.050	0.050	0.050	0.050	0.050	0.050	0.050	0.050	0.050	0.050	0.050	0.050	0.050	0.048	0.047	0.047	0.047	0.047	0.047	0.047	0.047	0.047	0.047	0.047	0.047	0.047	0.047	0.047	
0.050	0.050	0.050	0.050	0.050	0.050	0.050	0.050	0.050	0.050	0.050	0.050	0.050	0.048	0.047	0.047	0.047	0.047	0.047	0.047	0.047	0.047	0.047	0.047	0.047	0.047	0.047	0.047	
0.050	0.050	0.050	0.050	0.050	0.050	0.050	0.050	0.050	0.050	0.050	0.050	0.050	0.048	0.047	0.047	0.047	0.047	0.047	0.047	0.047	0.047	0.047	0.047	0.047	0.047	0.047	0.047	
0.050	0.050	0.050	0.050	0.050	0.050	0.050	0.050	0.050	0.050	0.050	0.050	0.050	0.048	0.047	0.047	0.047	0.047	0.047	0.047	0.047	0.047	0.047	0.047	0.047	0.047	0.047	0.047	
0.050	0.050	0.050	0.050	0.050	0.050	0.050	0.050	0.050	0.050	0.050	0.050	0.050	0.085	0.047	0.047	0.047	0.047	0.047	0.047	0.047	0.047	0.047	0.047	0.047	0.047	0.047	0.047	
0.050	0.050	0.050	0.050	0.050	0.050	0.050	0.050	0.050	0.050	0.050	0.050	0.050	0.174	0.047	0.047	0.047	0.047	0.047	0.047	0.047	0.047	0.047	0.047	0.047	0.047	0.047	0.047	
0.050	0.050	0.050	0.050	0.050	0.050	0.050	0.050	0.050	0.050	0.050	0.050	0.050	0.263	0.047	0.047	0.047	0.047	0.047	0.047	0.047	0.047	0.047	0.047	0.047	0.047	0.047	0.047	
0.050	0.050	0.050	0.050	0.050	0.050	0.050	0.050	0.050	0.050	0.050	0.050	0.050	0.350	0.050	0.047	0.047	0.047	0.047	0.047	0.047	0.047	0.047	0.047	0.047	0.047	0.047	0.047	
0.050	0.050	0.050	0.050	0.050	0.050	0.050	0.050	0.050	0.050	0.050	0.050	0.050	0.387	0.102	0.047	0.047	0.047	0.047	0.047	0.047	0.047	0.047	0.047	0.047	0.047	0.047	0.047	
0.050	0.050	0.050	0.050	0.050	0.050	0.050	0.050	0.050	0.050	0.050	0.050	0.050	0.408	0.171	0.047	0.047	0.047	0.047	0.047	0.047	0.047	0.047	0.047	0.047	0.047	0.047	0.047	
0.050	0.050	0.050	0.050	0.050	0.050	0.050	0.050	0.050	0.050	0.050	0.050	0.050	0.428	0.240	0.047	0.047	0.047	0.047	0.047	0.047	0.047	0.047	0.047	0.047	0.047	0.047	0.047	
0.087	0.050	0.050	0.050	0.050	0.050	0.050	0.050	0.050	0.050	0.050	0.050	0.050	0.449	0.308	0.047	0.047	0.047	0.047	0.047	0.047	0.047	0.047	0.047	0.047	0.047	0.047	0.047	
0.229	0.050	0.050	0.050	0.050	0.050	0.050	0.050	0.050	0.050	0.050	0.050	0.050	0.470	0.377	0.047	0.047	0.047	0.047	0.047	0.047	0.047	0.047	0.047	0.047	0.047	0.047	0.069	
0.333	0.094	0.050	0.050	0.050	0.050	0.050	0.050	0.050	0.050	0.050	0.050	0.050	0.491	0.445	0.047	0.047	0.047	0.047	0.047	0.047	0.047	0.047	0.047	0.047	0.047	0.047	0.257	
0.337	0.238	0.050	0.050	0.050	0.050	0.050	0.050	0.050	0.050	0.050	0.050	0.050	0.512	0.514	0.047	0.047	0.047	0.047	0.047	0.047	0.047	0.047	0.047	0.047	0.047	0.104	0.422	
0.337	0.334	0.101	0.050	0.050	0.050	0.050	0.050	0.050	0.050	0.050	0.050	0.050	0.533	0.570	0.059	0.047	0.047	0.047	0.047	0.047	0.047	0.047	0.047	0.047	0.047	0.318	0.431	
0.337	0.337	0.247	0.050	0.050	0.050	0.050	0.050	0.050	0.050	0.050	0.050	0.050	0.553	0.576	0.122	0.047	0.047	0.047	0.047	0.047	0.047	0.047	0.047	0.047	0.156	0.431	0.431	
0.337	0.337	0.336	0.108	0.050	0.050	0.050	0.050	0.050	0.050	0.050	0.050	0.051	0.573	0.576	0.191	0.047	0.047	0.047	0.047	0.047	0.047	0.047	0.047	0.055	0.371	0.431	0.431	
0.337	0.337	0.337	0.256	0.050	0.050	0.050	0.050	0.050	0.050	0.050	0.050	0.069	0.576	0.576	0.259	0.047	0.047	0.047	0.047	0.047	0.047	0.047	0.047	0.217	0.431	0.431	0.431	
0.337	0.337	0.337	0.336	0.117	0.050	0.050	0.050	0.050	0.050	0.050	0.050	0.090	0.576	0.576	0.328	0.047	0.047	0.047	0.047	0.047	0.047	0.047	0.079	0.407	0.431	0.431	0.431	
0.337	0.337	0.337	0.337	0.264	0.050	0.050	0.050	0.050	0.050	0.050	0.050	0.334	0.580	0.576	0.396	0.047	0.047	0.047	0.047	0.047	0.047	0.047	0.277	0.431	0.431	0.431	0.431	
0.337	0.337	0.337	0.337	0.337	0.126	0.050	0.050	0.050	0.050	0.050	0.050	0.801	0.718	0.576	0.465	0.047	0.047	0.047	0.047	0.047	0.047	0.120	0.427	0.431	0.431	0.431	0.453	
0.337	0.337	0.337	0.337	0.337	0.273	0.050	0.050	0.050	0.050	0.050	0.050	1.204	0.925	0.576	0.534	0.047	0.047	0.047	0.047	0.047	0.048	0.337	0.431	0.431	0.431	0.434	0.641	
0.337	0.337	0.337	0.337	0.337	0.337	0.134	0.050	0.050	0.050	0.050	0.050	1.607	1.131	0.576	0.576	0.073	0.047	0.047	0.047	0.047	0.176	0.431	0.431	0.431	0.431	0.577	0.724	
0.337	0.337	0.337	0.337	0.337	0.337	0.281	0.051	0.050	0.050	0.050	0.110	1.950	1.337	0.576	0.576	0.142	0.047	0.047	0.047	0.061	0.385	0.431	0.431	0.431	0.514	0.721	0.724	
0.380	0.337	0.337	0.337	0.337	0.337	0.337	0.143	0.050	0.050	0.050	0.471	1.991	1.544	0.576	0.576	0.210	0.047	0.047	0.047	0.237	0.431	0.431	0.431	0.468	0.702	0.724	0.724	
1.078	0.575	0.337	0.337	0.337	0.337	0.337	0.289	0.052	0.050	0.050	0.874	1.991	1.750	0.576	0.576	0.279	0.047	0.047	0.091	0.416	0.431	0.431	0.440	0.664	0.724	0.724	0.724	
1.177	1.176	0.866	0.396	0.337	0.337	0.337	0.337	0.539	0.092	0.050	1.277	1.991	1.945	0.587	0.576	0.381	0.047	0.380	0.442	0.431	0.431	0.431	0.607	0.724	0.724	0.724	0.724	
1.177	1.177	1.177	1.099	0.611	0.337	0.337	0.337	3.429	4.172	3.157	4.125	2.819	3.008	2.718	3.520	4.542	4.077	4.480	1.952	0.431	0.431	0.542	0.724	0.724	0.724	0.724	0.724	
1.273	1.178	1.177	1.177	1.177	0.903	0.415	0.902	4.484	4.575	4.757	4.938	4.890	4.729	4.750	4.832	4.832	4.514	4.481	3.412	1.455	1.122	0.713	0.724	0.724	0.724	0.724	0.724	
1.455	1.398	1.248	1.177	1.177	1.177	1.848	4.727	4.751	4.987	5.419	5.058	5.052	4.763	4.744	5.151	5.290	5.271	5.322	4.875	4.471	3.886	0.724	0.724	0.724	0.760	1.054	1.397	
1.455	1.455	1.454	1.374	1.225	1.177	2.744	4.796	4.795	5.523	5.666	5.629	5.570	5.468	4.359	5.538	5.635	5.626	5.622	5.147	4.471	4.535	1.750	0.951	1.294	1.601	1.651	1.651	
1.455	1.455	1.455	1.455	1.451	2.697	5.199	5.125	5.779	6.158	5.786	5.726	5.594	4.979	3.924	4.515	5.953	6.173	5.986	6.217	5.387	5.122	4.710	1.651	1.651	1.651	1.651	1.651	
1.455	1.455	1.455	1.455	1.455	3.277	5.234	5.234	6.200	6.244	5.921	5.753	5.730	4.284	3.924	4.358	6.306	6.306	6.278	6.265	5.740	5.143	4.849	1.651	1.651	1.651	1.651	1.651	
0.000	0.000	0.000	0.000	0.000	0.000	0.000	0.000	0.000	0.000	0.000	0.000	2.653	2.847	2.960	1.963	0.000	0.000	0.000	0.000	0.000	0.000	0.000	0.000	0.000	0.000	0.000	0.000	
0.000	0.000	0.000	0.000	0.000	0.000	0.000	0.000	0.000	0.000	0.000	0.000	0.545	2.178	2.178	0.545	0.000	0.000	0.000	0.000	0.000	0.000	0.000	0.000	0.000	0.000	0.000	0.000	
0.000	0.000	0.000	0.000	0.000	0.000	0.000	0.000	0.000	0.000	0.000	0.000	0.545	2.178	2.178	0.545	0.000	0.000	0.000	0.000	0.000	0.000	0.000	0.000	0.000	0.000	0.000	0.000	
0.000	0.000	0.000	0.000	0.000	0.000	0.000	0.000	0.000	0.000	0.000	0.000	0.545	2.178	2.178	0.545	0.000	0.000	0.000	0.000	0.000	0.000	0.000	0.000	0.000	0.000	0.000	0.000	
0.000	0.000	0.000	0.000	0.000	0.000	0.000	0.000	0.000	0.000	0.000	0.000	0.545	2.178	2.178	0.545	0.000	0.000	0.000	0.000	0.000	0.000	0.000	0.000	0.000	0.000	0.000	0.000	
