0.108	0.084	0.039	0.039	0.039	0.039	0.039	0.039	0.039	0.039	0.039	0.039	0.039	0.039	0.039	0.039	0.039	0.039	0.039	0.039	0.039	0.039	0.039	0.039	0.039	0.039	0.039	0.045	
0.108	0.100	0.039	0.039	0.039	0.039	0.039	0.039	0.039	0.039	0.039	0.039	0.039	0.039	0.039	0.039	0.039	0.039	0.039	0.039	0.039	0.039	0.039	0.039	0.039	0.039	0.039	0.073	
0.108	0.108	0.048	0.039	0.039	0.039	0.039	0.039	0.039	0.039	0.039	0.039	0.039	0.039	0.039	0.039	0.039	0.039	0.039	0.039	0.039	0.039	0.039	0.039	0.039	0.039	0.039	0.102	
0.108	0.108	0.064	0.039	0.039	0.039	0.039	0.039	0.039	0.039	0.039	0.039	0.039	0.039	0.039	0.039	0.039	0.039	0.039	0.039	0.039	0.039	0.039	0.039	0.039	0.039	0.040	0.132	
0.108	0.108	0.080	0.039	0.039	0.039	0.039	0.039	0.039	0.039	0.039	0.039	0.039	0.039	0.039	0.039	0.039	0.039	0.039	0.039	0.039	0.039	0.039	0.039	0.039	0.039	0.058	0.143	
0.108	0.108	0.097	0.039	0.039	0.039	0.039	0.039	0.039	0.039	0.039	0.039	0.039	0.039	0.039	0.039	0.039	0.039	0.039	0.039	0.039	0.039	0.039	0.039	0.039	0.039	0.088	0.143	
0.108	0.108	0.107	0.045	0.039	0.039	0.039	0.039	0.039	0.039	0.039	0.039	0.039	0.039	0.039	0.039	0.039	0.039	0.039	0.039	0.039	0.039	0.039	0.039	0.039	0.039	0.117	0.143	
0.108	0.108	0.108	0.061	0.039	0.039	0.039	0.039	0.039	0.039	0.039	0.039	0.039	0.039	0.039	0.039	0.039	0.039	0.039	0.039	0.039	0.039	0.039	0.039	0.039	0.045	0.141	0.143	
0.108	0.108	0.108	0.077	0.039	0.039	0.039	0.039	0.039	0.039	0.039	0.039	0.039	0.039	0.039	0.039	0.039	0.039	0.039	0.039	0.039	0.039	0.039	0.039	0.039	0.073	0.143	0.143	
0.108	0.108	0.108	0.093	0.039	0.039	0.039	0.039	0.039	0.039	0.039	0.039	0.039	0.039	0.039	0.039	0.039	0.039	0.039	0.039	0.039	0.039	0.039	0.039	0.039	0.102	0.143	0.143	
0.108	0.108	0.108	0.106	0.042	0.039	0.039	0.039	0.039	0.039	0.039	0.039	0.039	0.039	0.039	0.039	0.039	0.039	0.039	0.039	0.039	0.039	0.039	0.039	0.040	0.132	0.143	0.143	
0.108	0.108	0.108	0.108	0.057	0.039	0.039	0.039	0.039	0.039	0.039	0.039	0.039	0.039	0.039	0.039	0.039	0.039	0.039	0.039	0.039	0.039	0.039	0.039	0.058	0.143	0.143	0.143	
0.108	0.108	0.108	0.108	0.073	0.039	0.039	0.039	0.039	0.039	0.039	0.039	0.039	0.039	0.039	0.039	0.039	0.039	0.039	0.039	0.039	0.039	0.039	0.039	0.088	0.143	0.143	0.143	
0.108	0.108	0.108	0.108	0.113	0.039	0.039	0.039	0.039	0.039	0.039	0.039	0.039	0.039	0.039	0.039	0.039	0.039	0.039	0.039	0.039	0.039	0.039	0.039	0.117	0.143	0.143	0.143	
0.108	0.108	0.108	0.108	0.144	0.071	0.039	0.039	0.039	0.039	0.039	0.039	0.039	0.039	0.039	0.039	0.039	0.039	0.039	0.039	0.039	0.039	0.039	0.045	0.141	0.143	0.143	0.143	
0.108	0.108	0.108	0.108	0.108	0.169	0.039	0.039	0.039	0.039	0.039	0.039	0.039	0.039	0.039	0.039	0.039	0.039	0.039	0.039	0.039	0.039	0.039	0.073	0.143	0.143	0.143	0.143	
0.108	0.108	0.108	0.108	0.108	0.232	0.039	0.039	0.039	0.039	0.039	0.039	0.039	0.039	0.039	0.039	0.039	0.039	0.039	0.039	0.039	0.039	0.039	0.102	0.143	0.143	0.143	0.143	
0.108	0.108	0.108	0.108	0.108	0.292	0.042	0.039	0.039	0.039	0.039	0.039	0.039	0.039	0.039	0.039	0.039	0.039	0.039	0.039	0.039	0.039	0.040	0.132	0.143	0.143	0.143	0.143	
0.108	0.108	0.108	0.108	0.108	0.257	0.139	0.039	0.039	0.039	0.039	0.039	0.039	0.039	0.039	0.039	0.039	0.039	0.039	0.039	0.039	0.039	0.058	0.143	0.143	0.143	0.143	0.143	
0.108	0.108	0.108	0.108	0.108	0.175	0.284	0.039	0.039	0.039	0.039	0.039	0.039	0.039	0.039	0.039	0.039	0.039	0.039	0.039	0.039	0.039	0.088	0.143	0.143	0.143	0.143	0.143	
0.108	0.108	0.108	0.108	0.108	0.112	0.409	0.039	0.039	0.039	0.039	0.039	0.039	0.039	0.039	0.039	0.039	0.039	0.039	0.039	0.039	0.039	0.117	0.143	0.143	0.143	0.143	0.143	
0.108	0.108	0.108	0.108	0.108	0.108	0.438	0.077	0.039	0.039	0.039	0.039	0.039	0.039	0.039	0.039	0.039	0.039	0.039	0.039	0.039	0.045	0.141	0.143	0.143	0.143	0.143	0.149	
0.108	0.108	0.108	0.108	0.108	0.108	0.361	0.216	0.039	0.039	0.039	0.039	0.039	0.039	0.039	0.039	0.039	0.039	0.039	0.039	0.039	0.073	0.143	0.143	0.143	0.143	0.143	0.184	
0.108	0.108	0.108	0.108	0.108	0.108	0.279	0.361	0.039	0.039	0.039	0.039	0.039	0.039	0.039	0.039	0.039	0.039	0.039	0.039	0.039	0.102	0.143	0.143	0.143	0.143	0.143	0.223	
0.108	0.108	0.108	0.108	0.108	0.108	0.197	0.501	0.044	0.039	0.039	0.039	0.039	0.039	0.039	0.039	0.039	0.039	0.039	0.039	0.040	0.132	0.143	0.143	0.143	0.143	0.159	0.246	
0.108	0.108	0.108	0.108	0.108	0.108	0.122	0.534	0.149	0.039	0.039	0.039	0.039	0.039	0.039	0.039	0.039	0.039	0.039	0.039	0.058	0.143	0.143	0.143	0.143	0.143	0.197	0.247	
0.108	0.108	0.108	0.108	0.108	0.108	0.108	0.466	0.294	0.039	0.039	0.039	0.039	0.039	0.039	0.039	0.039	0.039	0.039	0.039	0.088	0.143	0.143	0.143	0.143	0.144	0.235	0.247	
0.108	0.108	0.108	0.108	0.108	0.108	0.108	0.384	0.438	0.039	0.039	0.039	0.039	0.039	0.039	0.039	0.039	0.039	0.039	0.039	0.117	0.143	0.143	0.143	0.143	0.172	0.247	0.247	
0.108	0.108	0.108	0.108	0.108	0.108	0.108	0.301	0.537	0.085	0.039	0.039	0.039	0.039	0.039	0.039	0.039	0.039	0.039	0.045	0.141	0.143	0.143	0.143	0.143	0.211	0.247	0.247	
0.108	0.108	0.108	0.108	0.108	0.108	0.108	0.219	0.540	0.226	0.039	0.039	0.039	0.039	0.039	0.039	0.039	0.039	0.039	0.073	0.143	0.143	0.143	0.143	0.150	0.243	0.247	0.247	
0.108	0.108	0.108	0.108	0.108	0.108	0.108	0.138	0.540	0.371	0.039	0.039	0.039	0.039	0.039	0.039	0.039	0.039	0.039	0.102	0.143	0.143	0.143	0.143	0.185	0.247	0.247	0.247	
0.108	0.108	0.108	0.108	0.108	0.108	0.108	0.108	0.488	0.508	0.047	0.039	0.039	0.039	0.039	0.039	0.039	0.039	0.040	0.132	0.143	0.143	0.143	0.143	0.224	0.247	0.247	0.247	
0.108	0.108	0.108	0.108	0.108	0.108	0.108	0.108	0.406	0.540	0.159	0.039	0.039	0.039	0.039	0.039	0.039	0.039	0.058	0.143	0.143	0.143	0.143	0.160	0.246	0.247	0.247	0.247	
0.233	0.108	0.108	0.108	0.108	0.108	0.108	0.108	0.324	0.540	0.303	0.039	0.039	0.039	0.039	0.039	0.039	0.039	0.088	0.143	0.143	0.143	0.143	0.199	0.247	0.247	0.247	0.247	
0.521	0.143	0.108	0.108	0.108	0.108	0.108	0.108	0.242	0.540	0.448	0.039	0.039	0.039	0.039	0.039	0.039	0.039	0.117	0.143	0.143	0.143	0.145	0.236	0.247	0.247	0.247	0.247	
0.567	0.422	0.108	0.108	0.108	0.108	0.108	0.108	0.160	0.540	0.539	0.093	0.039	0.039	0.039	0.039	0.039	0.045	0.141	0.143	0.143	0.143	0.173	0.247	0.247	0.247	0.247	0.247	
0.567	0.567	0.288	0.108	0.108	0.108	0.108	0.108	0.108	0.510	0.540	0.236	0.039	0.039	0.039	0.039	0.039	0.073	0.143	0.143	0.143	0.143	0.212	0.247	0.247	0.247	0.247	0.247	
0.567	0.567	0.546	0.175	0.108	0.108	0.108	0.108	0.108	0.428	0.540	0.380	0.039	0.039	0.039	0.039	0.039	0.102	0.143	0.143	0.143	0.151	0.244	0.247	0.247	0.247	0.247	0.247	
0.567	0.567	0.567	0.471	0.116	0.108	0.108	0.108	0.108	0.346	0.540	0.514	0.050	0.039	0.039	0.039	0.040	0.132	0.143	0.143	0.143	0.187	0.247	0.247	0.247	0.247	0.247	0.247	
0.567	0.567	0.567	0.567	0.346	0.108	0.108	0.108	0.108	0.264	0.540	0.540	0.168	0.039	0.039	0.039	0.058	0.143	0.143	0.143	0.143	0.226	0.247	0.247	0.247	0.247	0.247	0.247	
0.567	0.567	0.567	0.567	0.562	0.217	0.108	0.108	0.108	0.182	0.540	0.540	0.313	0.039	0.039	0.039	0.088	0.143	0.143	0.143	0.161	0.247	0.247	0.247	0.247	0.247	0.247	0.247	
0.669	0.567	0.567	0.567	0.567	0.510	0.135	0.108	0.108	0.114	0.526	0.540	0.457	0.039	0.039	0.039	0.117	0.143	0.143	0.143	0.200	0.247	0.247	0.247	0.247	0.247	0.247	0.247	
1.159	0.786	0.567	0.567	0.567	0.567	0.403	0.108	0.108	0.108	0.451	0.540	0.540	0.101	0.442	2.283	0.859	0.143	0.143	0.148	0.237	0.247	0.247	0.247	0.247	0.247	0.247	0.247	
1.187	1.187	0.930	0.583	0.567	0.567	0.567	0.269	0.108	0.230	2.774	1.910	1.661	3.209	4.241	4.368	2.999	0.272	0.740	3.111	0.626	0.247	0.247	0.247	0.247	0.247	0.248	0.663	
1.187	1.187	1.187	1.058	0.643	0.567	0.567	1.103	3.364	3.896	4.832	4.832	4.490	4.432	4.387	4.378	4.892	4.848	4.051	4.097	1.971	0.247	0.247	0.249	0.534	1.008	1.036	1.267	
1.191	1.187	1.187	1.187	1.142	0.746	0.579	2.864	4.801	4.802	4.842	5.066	4.587	4.432	4.762	4.914	5.083	5.084	4.316	4.097	3.365	1.173	1.652	2.128	2.322	1.833	1.267	1.267	
1.658	1.384	1.193	1.187	1.187	1.183	3.974	4.891	4.883	5.344	5.751	5.781	5.575	5.019	5.010	5.008	5.262	5.381	4.947	4.783	4.520	2.322	2.322	2.322	2.067	1.284	1.267	1.267	
1.756	1.756	1.668	1.396	1.196	1.533	4.875	4.898	5.375	5.992	5.952	5.779	5.561	5.427	5.240	5.162	5.511	5.519	5.210	4.855	4.919	2.697	2.540	3.016	1.374	1.267	1.267	1.267	
1.756	1.756	1.756	1.756	1.715	4.889	5.233	5.328	6.035	6.035	5.677	5.409	5.419	5.451	5.653	6.146	7.043	6.441	6.716	5.963	5.971	5.672	5.133	4.956	1.267	1.267	1.267	1.267	
1.756	1.756	1.756	1.756	1.869	5.268	5.268	5.689	6.100	6.100	5.395	5.395	5.051	4.571	5.631	6.191	7.308	7.092	6.799	6.503	6.045	5.781	5.140	5.105	1.276	1.267	1.267	1.267	
0.000	0.000	0.000	0.000	0.000	0.000	0.000	0.000	0.000	0.000	0.000	0.000	2.003	3.502	3.873	2.861	0.000	0.000	0.000	0.000	0.000	0.000	0.000	0.000	0.000	0.000	0.000	0.000	
0.000	0.000	0.000	0.000	0.000	0.000	0.000	0.000	0.000	0.000	0.000	0.000	0.876	3.502	3.502	0.876	0.000	0.000	0.000	0.000	0.000	0.000	0.000	0.000	0.000	0.000	0.000	0.000	
0.000	0.000	0.000	0.000	0.000	0.000	0.000	0.000	0.000	0.000	0.000	0.000	0.924	3.735	3.801	0.961	0.000	0.000	0.000	0.000	0.000	0.000	0.000	0.000	0.000	0.000	0.000	0.000	
0.000	0.000	0.000	0.000	0.000	0.000	0.000	0.000	0.000	0.000	0.000	0.000	1.047	4.189	4.189	1.047	0.000	0.000	0.000	0.000	0.000	0.000	0.000	0.000	0.000	0.000	0.000	0.000	
0.000	0.000	0.000	0.000	0.000	0.000	0.000	0.000	0.000	0.000	0.000	0.000	1.047	4.189	4.189	1.047	0.000	0.000	0.000	0.000	0.000	0.000	0.000	0.000	0.000	0.000	0.000	0.000	
