0.069	0.069	0.069	0.069	0.076	0.200	0.141	0.037	0.037	0.037	0.037	0.037	0.037	0.037	0.037	0.037	0.037	0.037	0.037	0.037	0.037	0.037	0.037	0.037	0.037	0.037	0.037	0.037	
0.069	0.069	0.069	0.069	0.069	0.190	0.169	0.037	0.037	0.037	0.037	0.037	0.037	0.037	0.037	0.037	0.037	0.037	0.037	0.037	0.037	0.037	0.037	0.037	0.037	0.037	0.037	0.037	
0.069	0.069	0.069	0.069	0.069	0.173	0.195	0.039	0.037	0.037	0.037	0.037	0.037	0.037	0.037	0.037	0.037	0.037	0.037	0.037	0.037	0.037	0.037	0.037	0.037	0.037	0.037	0.037	
0.069	0.069	0.069	0.069	0.069	0.156	0.200	0.063	0.037	0.037	0.037	0.037	0.037	0.037	0.037	0.037	0.037	0.037	0.037	0.037	0.037	0.037	0.037	0.037	0.037	0.037	0.037	0.037	
0.069	0.069	0.069	0.069	0.069	0.139	0.200	0.091	0.037	0.037	0.037	0.037	0.037	0.037	0.037	0.037	0.037	0.037	0.037	0.037	0.037	0.037	0.037	0.037	0.037	0.037	0.037	0.037	
0.069	0.069	0.069	0.069	0.069	0.123	0.200	0.119	0.037	0.037	0.037	0.037	0.037	0.037	0.037	0.037	0.037	0.037	0.037	0.037	0.037	0.037	0.037	0.037	0.037	0.037	0.037	0.037	
0.069	0.069	0.069	0.069	0.069	0.106	0.200	0.147	0.037	0.037	0.037	0.037	0.037	0.037	0.037	0.037	0.037	0.037	0.037	0.037	0.037	0.037	0.037	0.037	0.037	0.037	0.037	0.037	
0.069	0.069	0.069	0.069	0.069	0.089	0.200	0.175	0.037	0.037	0.037	0.037	0.037	0.037	0.037	0.037	0.037	0.037	0.037	0.037	0.037	0.037	0.037	0.037	0.037	0.037	0.037	0.037	
0.069	0.069	0.069	0.069	0.069	0.073	0.199	0.198	0.043	0.037	0.037	0.037	0.037	0.037	0.037	0.037	0.037	0.037	0.037	0.037	0.037	0.037	0.037	0.037	0.037	0.037	0.037	0.037	
0.069	0.069	0.069	0.069	0.069	0.069	0.186	0.200	0.069	0.037	0.037	0.037	0.037	0.037	0.037	0.037	0.037	0.037	0.037	0.037	0.037	0.037	0.037	0.037	0.037	0.037	0.037	0.037	
0.069	0.069	0.069	0.069	0.069	0.069	0.169	0.200	0.097	0.037	0.037	0.037	0.037	0.037	0.037	0.037	0.037	0.037	0.037	0.037	0.037	0.037	0.037	0.037	0.037	0.037	0.037	0.037	
0.069	0.069	0.069	0.069	0.069	0.069	0.152	0.200	0.125	0.037	0.037	0.037	0.037	0.037	0.037	0.037	0.037	0.037	0.037	0.037	0.037	0.037	0.037	0.037	0.037	0.037	0.037	0.037	
0.069	0.069	0.069	0.069	0.069	0.069	0.135	0.200	0.154	0.037	0.037	0.037	0.037	0.037	0.037	0.037	0.037	0.037	0.037	0.037	0.037	0.037	0.037	0.037	0.037	0.037	0.037	0.037	
0.069	0.069	0.069	0.069	0.069	0.069	0.118	0.200	0.182	0.037	0.037	0.037	0.037	0.037	0.037	0.037	0.037	0.037	0.037	0.037	0.037	0.037	0.037	0.037	0.037	0.037	0.037	0.037	
0.069	0.069	0.069	0.069	0.069	0.069	0.101	0.200	0.200	0.047	0.037	0.037	0.037	0.037	0.037	0.037	0.037	0.037	0.037	0.037	0.037	0.037	0.037	0.037	0.037	0.037	0.037	0.037	
0.069	0.069	0.069	0.069	0.069	0.069	0.084	0.200	0.200	0.075	0.037	0.037	0.037	0.037	0.037	0.037	0.037	0.037	0.037	0.037	0.037	0.037	0.037	0.037	0.037	0.037	0.037	0.037	
0.069	0.069	0.069	0.069	0.069	0.069	0.070	0.197	0.200	0.103	0.037	0.037	0.037	0.037	0.037	0.037	0.037	0.037	0.037	0.037	0.037	0.037	0.037	0.037	0.037	0.037	0.037	0.037	
0.069	0.069	0.069	0.069	0.069	0.069	0.069	0.182	0.200	0.132	0.037	0.037	0.037	0.037	0.037	0.037	0.037	0.037	0.037	0.037	0.037	0.037	0.037	0.037	0.037	0.037	0.037	0.037	
0.069	0.069	0.069	0.069	0.069	0.069	0.069	0.165	0.200	0.160	0.037	0.037	0.037	0.037	0.037	0.037	0.037	0.037	0.037	0.037	0.037	0.037	0.037	0.037	0.037	0.037	0.037	0.037	
0.069	0.069	0.069	0.069	0.069	0.069	0.069	0.148	0.200	0.188	0.037	0.037	0.037	0.037	0.037	0.037	0.037	0.037	0.037	0.037	0.037	0.037	0.037	0.037	0.037	0.037	0.037	0.037	
0.069	0.069	0.069	0.069	0.069	0.069	0.069	0.131	0.200	0.200	0.053	0.037	0.037	0.037	0.037	0.037	0.037	0.037	0.037	0.037	0.037	0.037	0.037	0.037	0.037	0.037	0.037	0.037	
0.069	0.069	0.069	0.069	0.069	0.069	0.069	0.114	0.200	0.200	0.081	0.037	0.037	0.037	0.037	0.037	0.037	0.037	0.037	0.037	0.037	0.037	0.037	0.037	0.037	0.037	0.037	0.037	
0.069	0.069	0.069	0.069	0.069	0.069	0.069	0.097	0.200	0.200	0.110	0.037	0.037	0.037	0.037	0.037	0.037	0.037	0.037	0.037	0.037	0.037	0.037	0.037	0.037	0.037	0.037	0.063	
0.069	0.069	0.069	0.069	0.069	0.069	0.069	0.080	0.200	0.200	0.138	0.037	0.037	0.037	0.037	0.037	0.037	0.037	0.037	0.037	0.037	0.037	0.037	0.037	0.037	0.037	0.037	0.152	
0.069	0.069	0.069	0.069	0.069	0.069	0.069	0.069	0.194	0.200	0.166	0.037	0.037	0.037	0.037	0.037	0.037	0.037	0.037	0.037	0.037	0.037	0.037	0.037	0.037	0.037	0.052	0.230	
0.069	0.069	0.069	0.069	0.069	0.069	0.069	0.069	0.178	0.200	0.193	0.038	0.037	0.037	0.037	0.037	0.037	0.037	0.037	0.037	0.037	0.037	0.037	0.037	0.037	0.037	0.136	0.238	
0.069	0.069	0.069	0.069	0.069	0.069	0.069	0.069	0.161	0.200	0.200	0.059	0.037	0.037	0.037	0.037	0.037	0.037	0.037	0.037	0.037	0.037	0.037	0.037	0.037	0.044	0.221	0.238	
0.069	0.069	0.069	0.069	0.069	0.069	0.069	0.069	0.144	0.200	0.200	0.088	0.037	0.037	0.037	0.037	0.037	0.037	0.037	0.037	0.037	0.037	0.037	0.037	0.037	0.119	0.238	0.238	
0.069	0.069	0.069	0.069	0.069	0.069	0.069	0.069	0.127	0.200	0.200	0.116	0.037	0.037	0.037	0.037	0.037	0.037	0.037	0.037	0.037	0.037	0.037	0.037	0.039	0.209	0.238	0.238	
0.069	0.069	0.069	0.069	0.069	0.069	0.069	0.069	0.110	0.200	0.200	0.144	0.037	0.037	0.037	0.037	0.037	0.037	0.037	0.037	0.037	0.037	0.037	0.037	0.102	0.238	0.238	0.238	
0.069	0.069	0.069	0.069	0.069	0.069	0.069	0.069	0.093	0.200	0.200	0.172	0.037	0.037	0.037	0.037	0.037	0.037	0.037	0.037	0.037	0.037	0.037	0.037	0.194	0.238	0.238	0.238	
0.069	0.069	0.069	0.069	0.069	0.069	0.069	0.069	0.076	0.200	0.200	0.197	0.041	0.037	0.037	0.037	0.037	0.037	0.037	0.037	0.037	0.037	0.037	0.085	0.238	0.238	0.238	0.238	
0.069	0.069	0.069	0.069	0.069	0.069	0.069	0.069	0.069	0.190	0.200	0.200	0.066	0.037	0.037	0.037	0.037	0.037	0.037	0.037	0.037	0.037	0.037	0.178	0.238	0.238	0.238	0.238	
0.069	0.069	0.069	0.069	0.069	0.069	0.069	0.069	0.069	0.173	0.200	0.200	0.094	0.037	0.037	0.037	0.037	0.037	0.037	0.037	0.037	0.037	0.070	0.237	0.238	0.238	0.238	0.238	
0.069	0.069	0.069	0.069	0.069	0.069	0.069	0.069	0.069	0.156	0.200	0.200	0.122	0.037	0.037	0.037	0.037	0.037	0.037	0.037	0.037	0.037	0.161	0.238	0.238	0.238	0.238	0.238	
0.069	0.069	0.069	0.069	0.069	0.069	0.069	0.069	0.069	0.139	0.200	0.200	0.150	0.037	0.037	0.037	0.037	0.037	0.037	0.037	0.037	0.057	0.233	0.238	0.238	0.238	0.238	0.238	
0.069	0.069	0.069	0.069	0.069	0.069	0.069	0.069	0.069	0.123	0.200	0.200	0.179	0.037	0.037	0.037	0.037	0.037	0.037	0.037	0.037	0.144	0.238	0.238	0.238	0.238	0.238	0.240	
0.069	0.069	0.069	0.069	0.069	0.069	0.069	0.069	0.069	0.106	0.200	0.200	0.199	0.045	0.037	0.037	0.037	0.037	0.037	0.037	0.047	0.226	0.238	0.238	0.238	0.238	0.238	0.316	
0.069	0.069	0.069	0.069	0.069	0.069	0.069	0.069	0.069	0.089	0.200	0.200	0.200	0.072	0.037	0.037	0.037	0.037	0.037	0.037	0.127	0.238	0.238	0.238	0.238	0.238	0.278	0.397	
0.069	0.069	0.069	0.069	0.069	0.069	0.069	0.069	0.069	0.073	0.199	0.200	0.200	0.100	0.037	0.037	0.037	0.037	0.037	0.041	0.215	0.238	0.238	0.238	0.238	0.252	0.383	0.400	
0.069	0.069	0.069	0.069	0.069	0.069	0.069	0.069	0.069	0.069	0.186	0.200	0.200	0.128	0.037	0.037	0.037	0.037	0.037	0.110	0.238	0.238	0.238	0.238	0.240	0.355	0.400	0.400	
0.069	0.069	0.069	0.069	0.069	0.069	0.069	0.069	0.069	0.069	0.169	0.200	0.200	0.157	0.037	0.037	0.037	0.037	0.038	0.202	0.238	0.238	0.238	0.238	0.316	0.400	0.400	0.400	
0.069	0.069	0.069	0.069	0.069	0.069	0.069	0.069	0.069	0.069	0.202	0.200	0.200	0.185	0.037	0.037	0.037	0.037	0.094	0.238	0.238	0.238	0.238	0.278	0.397	0.400	0.400	0.400	
0.081	0.069	0.069	0.069	0.069	0.069	0.069	0.069	0.069	0.069	1.354	0.200	0.200	0.200	0.050	0.037	0.037	0.037	0.186	0.238	0.238	0.238	0.252	0.383	0.400	0.400	0.400	0.400	
0.642	0.314	0.077	0.069	0.069	0.069	0.069	0.069	0.069	0.069	2.451	0.714	0.200	0.200	0.078	0.037	0.037	0.077	0.238	0.238	0.238	0.240	0.355	0.400	0.400	0.400	0.400	0.400	
0.734	0.734	0.631	0.300	0.074	0.069	0.069	0.069	0.069	0.093	2.820	1.933	0.200	0.200	0.106	0.037	0.037	0.169	0.238	0.238	0.238	0.316	0.400	0.400	0.400	0.400	0.400	0.400	
0.734	0.734	0.734	0.734	0.620	0.286	0.072	0.069	0.069	0.400	2.903	2.850	0.505	0.200	1.041	0.254	0.063	0.236	0.238	0.238	0.278	0.397	0.400	0.400	0.400	0.400	0.400	0.400	
0.734	0.734	0.734	0.734	0.734	0.734	0.608	0.272	0.071	1.259	2.954	2.903	1.867	2.387	4.342	4.082	2.535	0.462	0.465	1.389	0.383	0.400	0.400	0.400	0.400	0.400	0.400	0.400	
0.734	0.734	0.734	0.734	0.734	0.734	0.734	0.734	1.527	4.669	4.529	3.539	3.403	3.852	4.363	4.378	4.411	4.342	5.015	4.859	0.400	0.400	0.400	0.400	0.400	0.400	0.400	0.400	
0.734	0.734	0.734	0.734	0.734	0.734	0.734	0.734	1.964	4.740	4.740	3.992	3.432	3.435	4.077	4.405	4.411	4.666	5.092	5.043	0.408	0.400	0.400	0.400	0.400	0.400	0.400	0.400	
0.000	0.000	0.000	0.000	0.000	0.000	0.000	0.000	0.000	0.000	0.000	0.000	1.823	3.432	3.500	2.320	0.000	0.000	0.000	0.000	0.000	0.000	0.000	0.000	0.000	0.000	0.000	0.000	
0.000	0.000	0.000	0.000	0.000	0.000	0.000	0.000	0.000	0.000	0.000	0.000	0.731	2.730	2.547	0.638	0.000	0.000	0.000	0.000	0.000	0.000	0.000	0.000	0.000	0.000	0.000	0.000	
0.000	0.000	0.000	0.000	0.000	0.000	0.000	0.000	0.000	0.000	0.000	0.000	0.636	2.546	2.546	0.636	0.000	0.000	0.000	0.000	0.000	0.000	0.000	0.000	0.000	0.000	0.000	0.000	
0.000	0.000	0.000	0.000	0.000	0.000	0.000	0.000	0.000	0.000	0.000	0.000	0.636	2.546	2.546	0.636	0.000	0.000	0.000	0.000	0.000	0.000	0.000	0.000	0.000	0.000	0.000	0.000	
0.000	0.000	0.000	0.000	0.000	0.000	0.000	0.000	0.000	0.000	0.000	0.000	0.636	2.546	2.546	0.636	0.000	0.000	0.000	0.000	0.000	0.000	0.000	0.000	0.000	0.000	0.000	0.000	
