0.105	0.105	0.105	0.105	0.098	0.061	0.061	0.061	0.061	0.061	0.061	0.061	0.061	0.061	0.061	0.061	0.061	0.061	0.061	0.061	0.061	0.061	0.061	0.061	0.061	0.062	0.147	0.160	
0.105	0.105	0.105	0.105	0.104	0.063	0.061	0.061	0.061	0.061	0.061	0.061	0.061	0.061	0.061	0.061	0.061	0.061	0.061	0.061	0.061	0.061	0.061	0.061	0.061	0.087	0.160	0.160	
0.105	0.105	0.105	0.105	0.105	0.071	0.061	0.061	0.061	0.061	0.061	0.061	0.061	0.061	0.061	0.061	0.061	0.061	0.061	0.061	0.061	0.061	0.061	0.061	0.061	0.124	0.160	0.160	
0.105	0.105	0.105	0.105	0.105	0.079	0.061	0.061	0.061	0.061	0.061	0.061	0.061	0.061	0.061	0.061	0.061	0.061	0.061	0.061	0.061	0.061	0.061	0.061	0.066	0.156	0.160	0.160	
0.105	0.105	0.105	0.105	0.105	0.087	0.061	0.061	0.061	0.061	0.061	0.061	0.061	0.061	0.061	0.061	0.061	0.061	0.061	0.061	0.061	0.061	0.061	0.061	0.100	0.160	0.160	0.160	
0.105	0.105	0.105	0.105	0.105	0.095	0.061	0.061	0.061	0.061	0.061	0.061	0.061	0.061	0.061	0.061	0.061	0.061	0.061	0.061	0.061	0.061	0.061	0.061	0.137	0.160	0.160	0.160	
0.105	0.105	0.105	0.105	0.105	0.103	0.062	0.061	0.061	0.061	0.061	0.061	0.061	0.061	0.061	0.061	0.061	0.061	0.061	0.061	0.061	0.061	0.061	0.076	0.160	0.160	0.160	0.160	
0.105	0.105	0.105	0.105	0.105	0.105	0.068	0.061	0.061	0.061	0.061	0.061	0.061	0.061	0.061	0.061	0.061	0.061	0.061	0.061	0.061	0.061	0.061	0.113	0.160	0.160	0.160	0.160	
0.105	0.105	0.105	0.105	0.105	0.105	0.076	0.061	0.061	0.061	0.061	0.061	0.061	0.061	0.061	0.061	0.061	0.061	0.061	0.061	0.061	0.061	0.062	0.149	0.160	0.160	0.160	0.160	
0.105	0.105	0.105	0.105	0.105	0.105	0.084	0.061	0.061	0.061	0.061	0.061	0.061	0.061	0.061	0.061	0.061	0.061	0.061	0.061	0.061	0.061	0.088	0.160	0.160	0.160	0.160	0.160	
0.105	0.105	0.105	0.105	0.105	0.105	0.092	0.061	0.061	0.061	0.061	0.061	0.061	0.061	0.061	0.061	0.061	0.061	0.061	0.061	0.061	0.061	0.126	0.160	0.160	0.160	0.160	0.160	
0.105	0.105	0.105	0.105	0.105	0.105	0.100	0.061	0.061	0.061	0.061	0.061	0.061	0.061	0.061	0.061	0.061	0.061	0.061	0.061	0.061	0.067	0.157	0.160	0.160	0.160	0.160	0.161	
0.105	0.105	0.105	0.105	0.105	0.105	0.105	0.065	0.061	0.061	0.061	0.061	0.061	0.061	0.061	0.061	0.061	0.061	0.061	0.061	0.061	0.101	0.160	0.160	0.160	0.160	0.160	0.161	
0.105	0.105	0.105	0.105	0.105	0.105	0.105	0.073	0.061	0.061	0.061	0.061	0.061	0.061	0.061	0.061	0.061	0.061	0.061	0.061	0.061	0.139	0.160	0.160	0.160	0.160	0.161	0.161	
0.105	0.105	0.105	0.105	0.105	0.105	0.105	0.081	0.061	0.061	0.061	0.061	0.061	0.061	0.061	0.061	0.061	0.061	0.061	0.061	0.077	0.160	0.160	0.160	0.160	0.160	0.161	0.161	
0.105	0.105	0.105	0.105	0.105	0.105	0.105	0.089	0.061	0.061	0.061	0.061	0.061	0.061	0.061	0.061	0.061	0.061	0.061	0.061	0.114	0.160	0.160	0.160	0.160	0.160	0.161	0.161	
0.105	0.105	0.105	0.105	0.105	0.105	0.105	0.097	0.061	0.061	0.061	0.061	0.061	0.061	0.061	0.061	0.061	0.061	0.061	0.063	0.150	0.160	0.160	0.160	0.160	0.161	0.161	0.161	
0.105	0.105	0.105	0.105	0.105	0.105	0.105	0.104	0.063	0.061	0.061	0.061	0.061	0.061	0.061	0.061	0.061	0.061	0.061	0.090	0.160	0.160	0.160	0.160	0.160	0.161	0.161	0.161	
0.105	0.105	0.105	0.105	0.105	0.105	0.105	0.105	0.070	0.061	0.061	0.061	0.061	0.061	0.061	0.061	0.061	0.061	0.061	0.128	0.160	0.160	0.160	0.160	0.161	0.161	0.161	0.161	
0.105	0.105	0.105	0.105	0.105	0.105	0.105	0.105	0.078	0.061	0.061	0.061	0.061	0.061	0.061	0.061	0.061	0.061	0.069	0.157	0.160	0.160	0.160	0.160	0.161	0.161	0.161	0.161	
0.105	0.105	0.105	0.105	0.105	0.105	0.105	0.105	0.086	0.061	0.061	0.061	0.061	0.061	0.061	0.061	0.061	0.061	0.103	0.160	0.160	0.160	0.160	0.160	0.161	0.161	0.161	0.161	
0.105	0.105	0.105	0.105	0.105	0.105	0.105	0.105	0.094	0.061	0.061	0.061	0.061	0.061	0.061	0.061	0.061	0.061	0.141	0.160	0.160	0.160	0.160	0.161	0.161	0.161	0.161	0.161	
0.105	0.105	0.105	0.105	0.105	0.105	0.105	0.105	0.102	0.061	0.061	0.061	0.061	0.061	0.061	0.061	0.061	0.079	0.160	0.160	0.160	0.160	0.160	0.161	0.161	0.161	0.161	0.161	
0.105	0.105	0.105	0.105	0.105	0.105	0.105	0.105	0.105	0.067	0.061	0.061	0.061	0.061	0.061	0.061	0.061	0.116	0.160	0.160	0.160	0.160	0.161	0.161	0.161	0.161	0.161	0.161	
0.105	0.105	0.105	0.105	0.105	0.105	0.105	0.105	0.105	0.075	0.061	0.061	0.061	0.061	0.061	0.061	0.063	0.152	0.160	0.160	0.160	0.160	0.161	0.161	0.161	0.161	0.161	0.161	
0.185	0.105	0.105	0.105	0.105	0.105	0.105	0.105	0.105	0.083	0.061	0.061	0.061	0.061	0.061	0.061	0.092	0.160	0.160	0.160	0.160	0.161	0.161	0.161	0.161	0.161	0.161	0.161	
0.365	0.161	0.105	0.105	0.105	0.105	0.105	0.105	0.105	0.091	0.061	0.061	0.061	0.061	0.061	0.061	0.129	0.160	0.160	0.160	0.160	0.161	0.161	0.161	0.161	0.161	0.161	0.161	
0.377	0.352	0.141	0.105	0.105	0.105	0.105	0.105	0.105	0.100	0.061	0.061	0.061	0.061	0.061	0.070	0.158	0.160	0.160	0.160	0.160	0.161	0.161	0.161	0.161	0.161	0.161	0.161	
0.377	0.377	0.335	0.125	0.105	0.105	0.105	0.105	0.105	0.105	0.064	0.061	0.061	0.061	0.061	0.105	0.160	0.160	0.160	0.160	0.173	0.161	0.161	0.161	0.161	0.161	0.161	0.161	
0.377	0.377	0.377	0.314	0.114	0.105	0.105	0.105	0.105	0.105	0.072	0.061	0.061	0.061	0.061	0.142	0.160	0.160	0.160	0.597	0.227	0.161	0.161	0.161	0.161	0.161	0.161	0.161	
0.377	0.377	0.377	0.377	0.288	0.107	0.105	0.105	0.105	0.105	0.080	0.061	0.061	0.061	0.081	0.160	0.160	0.160	0.280	1.285	0.161	0.161	0.161	0.161	0.161	0.161	0.161	0.161	
0.377	0.377	0.377	0.377	0.377	0.257	0.105	0.105	0.105	0.105	0.088	0.061	0.061	0.061	0.118	0.160	0.160	0.160	1.194	1.113	0.161	0.161	0.161	0.161	0.161	0.161	0.161	0.161	
0.377	0.377	0.377	0.377	0.377	0.377	0.225	0.105	0.105	0.105	0.097	0.061	0.061	0.064	0.153	0.160	0.160	0.716	1.699	0.795	0.161	0.161	0.161	0.161	0.161	0.161	0.161	0.161	
0.377	0.377	0.377	0.377	0.377	0.377	0.375	0.194	0.105	0.105	0.104	0.062	0.061	0.094	0.160	0.160	0.334	1.602	1.699	0.477	0.161	0.161	0.161	0.161	0.161	0.161	0.161	0.161	
0.377	0.377	0.377	0.377	0.377	0.377	0.377	0.368	0.168	0.105	0.229	1.462	1.510	0.852	0.160	0.168	1.289	1.699	1.658	0.200	0.161	0.161	0.161	0.161	0.161	0.161	0.161	0.161	
0.377	0.377	0.377	0.377	0.377	0.377	0.377	0.377	0.994	2.342	2.657	2.958	2.958	2.838	1.637	1.446	1.699	1.699	1.378	0.161	0.161	0.161	0.161	0.161	0.161	0.161	0.161	0.161	
0.377	0.377	0.377	0.377	0.377	0.377	0.377	0.380	2.350	2.919	2.920	2.956	2.958	3.021	3.149	3.105	1.995	1.716	1.060	0.161	0.161	0.161	0.161	0.161	0.161	0.161	0.161	0.161	
0.377	0.377	0.377	0.410	0.511	0.613	0.715	0.919	2.652	2.919	2.935	3.067	3.022	3.111	3.149	3.148	3.025	2.996	2.463	0.318	0.201	0.164	0.161	0.161	0.161	0.161	0.161	0.161	
0.761	0.863	0.965	1.034	1.036	1.036	1.036	1.036	1.252	2.695	3.130	3.183	3.183	3.204	3.200	3.111	2.998	2.998	2.616	0.784	0.775	0.764	0.718	0.669	0.621	0.572	0.524	0.475	
1.036	1.036	1.036	1.036	1.036	1.036	1.036	1.036	1.306	3.003	3.203	3.183	3.188	3.333	3.347	3.284	3.023	3.014	1.617	0.775	0.775	0.775	0.775	0.775	0.775	0.775	0.775	0.775	
0.832	0.867	0.901	0.936	0.971	1.005	1.033	1.371	3.090	3.373	3.388	3.593	3.683	3.374	3.347	3.348	3.360	3.360	1.960	0.775	0.775	0.775	0.775	0.775	0.775	0.775	0.775	0.775	
0.808	0.808	0.808	0.808	0.808	0.808	0.814	1.775	3.371	3.373	3.542	3.844	3.844	3.699	3.657	3.596	3.360	3.360	3.055	1.189	1.164	1.139	1.114	1.090	1.065	1.038	0.881	0.880	
0.808	0.808	0.808	0.808	0.808	0.808	0.808	0.808	2.679	3.760	3.865	3.872	3.942	4.046	4.086	4.068	3.670	3.657	2.380	1.627	1.627	1.627	1.627	1.619	1.408	1.113	0.996	0.996	
0.808	0.808	0.808	0.808	0.808	0.808	0.808	0.808	2.913	3.914	3.914	4.289	4.359	4.240	4.086	4.092	4.136	4.136	2.773	1.627	1.627	1.608	1.372	1.083	0.996	0.996	0.996	0.983	
0.876	1.123	1.299	1.341	1.383	1.425	1.466	1.508	3.093	4.127	4.233	4.376	4.359	4.429	4.569	4.557	4.162	4.146	3.653	1.740	1.337	1.058	0.996	0.996	0.996	0.995	0.959	0.920	
0.931	0.948	1.306	1.760	1.850	1.850	1.850	1.850	3.129	4.571	4.571	4.712	5.004	4.961	4.618	4.634	4.542	4.329	4.338	2.589	0.996	0.996	0.996	0.996	0.982	0.933	0.917	0.917	
0.931	0.931	0.931	0.970	1.373	1.796	1.850	2.857	4.751	4.663	4.881	5.347	5.183	5.191	4.960	5.134	5.136	4.372	4.463	4.400	1.341	0.996	0.995	0.957	0.919	0.917	0.917	0.917	
0.931	0.931	0.931	0.931	0.931	1.001	2.795	4.850	4.843	5.018	5.716	5.716	5.423	5.505	5.556	5.247	5.228	5.014	5.231	5.310	4.485	2.269	0.932	0.917	0.917	0.917	0.917	0.917	
0.931	0.931	0.931	0.931	0.931	0.931	3.476	5.156	5.089	5.790	5.867	5.663	5.452	5.553	5.595	5.712	5.672	5.667	5.547	5.237	4.961	4.288	0.917	0.917	0.917	0.917	0.917	0.917	
0.931	0.931	0.931	0.931	0.931	0.931	3.649	5.169	5.310	5.942	5.942	5.582	5.418	5.379	5.133	5.769	5.756	5.670	5.670	5.138	4.931	4.534	0.917	0.917	0.917	0.917	0.917	0.917	
0.000	0.000	0.000	0.000	0.000	0.000	0.000	0.000	0.000	0.000	0.000	0.000	2.673	2.931	2.160	2.287	0.000	5.670	0.000	0.000	0.000	0.000	0.000	0.000	0.000	0.000	0.000	0.000	
0.000	0.000	0.000	0.000	0.000	0.000	0.000	0.000	0.000	0.000	0.000	0.000	0.514	2.057	2.057	0.514	0.000	0.000	0.000	0.000	0.000	0.000	0.000	0.000	0.000	0.000	0.000	0.000	
0.000	0.000	0.000	0.000	0.000	0.000	0.000	0.000	0.000	0.000	0.000	0.000	0.514	2.057	2.057	0.514	0.000	0.000	0.000	0.000	0.000	0.000	0.000	0.000	0.000	0.000	0.000	0.000	
0.000	0.000	0.000	0.000	0.000	0.000	0.000	0.000	0.000	0.000	0.000	0.000	0.514	2.057	2.057	0.514	0.000	0.000	0.000	0.000	0.000	0.000	0.000	0.000	0.000	0.000	0.000	0.000	
0.000	0.000	0.000	0.000	0.000	0.000	0.000	0.000	0.000	0.000	0.000	0.000	0.514	2.057	2.057	0.514	0.000	0.000	0.000	0.000	0.000	0.000	0.000	0.000	0.000	0.000	0.000	0.000	
