0.054	0.054	0.054	0.054	0.054	0.054	0.054	0.054	0.054	0.054	0.051	0.043	0.043	0.043	0.043	0.043	0.043	0.043	0.043	0.043	0.043	0.043	0.043	0.043	0.043	0.043	0.043	0.043	
0.054	0.054	0.054	0.054	0.054	0.054	0.054	0.054	0.054	0.054	0.052	0.043	0.043	0.043	0.043	0.043	0.043	0.043	0.043	0.043	0.043	0.043	0.043	0.043	0.043	0.043	0.043	0.043	
0.054	0.054	0.054	0.054	0.054	0.054	0.054	0.054	0.054	0.054	0.052	0.043	0.043	0.043	0.043	0.043	0.043	0.043	0.043	0.043	0.043	0.043	0.043	0.043	0.043	0.043	0.043	0.043	
0.054	0.054	0.054	0.054	0.054	0.054	0.054	0.054	0.054	0.054	0.053	0.043	0.043	0.043	0.043	0.043	0.043	0.043	0.043	0.043	0.043	0.043	0.043	0.043	0.043	0.043	0.043	0.043	
0.054	0.054	0.054	0.054	0.054	0.054	0.054	0.054	0.054	0.054	0.053	0.043	0.043	0.043	0.043	0.043	0.043	0.043	0.043	0.043	0.043	0.043	0.043	0.043	0.043	0.043	0.043	0.043	
0.054	0.054	0.054	0.054	0.054	0.054	0.054	0.054	0.054	0.054	0.054	0.043	0.043	0.043	0.043	0.043	0.043	0.043	0.043	0.043	0.043	0.043	0.043	0.043	0.043	0.043	0.043	0.043	
0.054	0.054	0.054	0.054	0.054	0.054	0.054	0.054	0.054	0.054	0.054	0.044	0.043	0.043	0.043	0.043	0.043	0.043	0.043	0.043	0.043	0.043	0.043	0.043	0.043	0.043	0.043	0.043	
0.054	0.054	0.054	0.054	0.054	0.054	0.054	0.054	0.054	0.054	0.054	0.044	0.043	0.043	0.043	0.043	0.043	0.043	0.043	0.043	0.043	0.043	0.043	0.043	0.043	0.043	0.043	0.043	
0.054	0.054	0.054	0.054	0.054	0.054	0.054	0.054	0.054	0.054	0.054	0.045	0.043	0.043	0.043	0.043	0.043	0.043	0.043	0.043	0.043	0.043	0.043	0.043	0.043	0.043	0.043	0.043	
0.054	0.054	0.054	0.054	0.054	0.054	0.054	0.054	0.054	0.054	0.054	0.046	0.043	0.043	0.043	0.043	0.043	0.043	0.043	0.043	0.043	0.043	0.043	0.043	0.043	0.043	0.043	0.043	
0.054	0.054	0.054	0.054	0.054	0.054	0.054	0.054	0.054	0.054	0.054	0.046	0.043	0.043	0.043	0.043	0.043	0.043	0.043	0.043	0.043	0.043	0.043	0.043	0.043	0.043	0.043	0.043	
0.054	0.054	0.054	0.054	0.054	0.054	0.054	0.054	0.054	0.054	0.054	0.047	0.043	0.043	0.043	0.043	0.043	0.043	0.043	0.043	0.043	0.043	0.043	0.043	0.043	0.043	0.043	0.043	
0.054	0.054	0.054	0.054	0.054	0.054	0.054	0.054	0.054	0.054	0.054	0.047	0.043	0.043	0.043	0.043	0.043	0.043	0.043	0.043	0.043	0.043	0.043	0.043	0.043	0.043	0.043	0.043	
0.054	0.054	0.054	0.054	0.054	0.054	0.054	0.054	0.054	0.054	0.054	0.048	0.043	0.043	0.043	0.043	0.043	0.043	0.043	0.043	0.043	0.043	0.043	0.043	0.043	0.043	0.043	0.043	
0.054	0.054	0.054	0.054	0.054	0.054	0.054	0.054	0.054	0.054	0.054	0.048	0.043	0.043	0.043	0.043	0.043	0.043	0.043	0.043	0.043	0.043	0.043	0.043	0.043	0.043	0.043	0.043	
0.054	0.054	0.054	0.054	0.054	0.054	0.054	0.054	0.054	0.054	0.054	0.049	0.043	0.043	0.043	0.043	0.043	0.043	0.043	0.043	0.043	0.043	0.043	0.043	0.043	0.043	0.043	0.043	
0.054	0.054	0.054	0.054	0.054	0.054	0.054	0.054	0.054	0.054	0.054	0.049	0.043	0.043	0.043	0.043	0.043	0.043	0.043	0.043	0.043	0.043	0.043	0.043	0.043	0.043	0.043	0.043	
0.054	0.054	0.054	0.054	0.054	0.054	0.054	0.054	0.054	0.054	0.054	0.050	0.043	0.043	0.043	0.043	0.043	0.043	0.043	0.043	0.043	0.043	0.043	0.043	0.043	0.043	0.043	0.043	
0.054	0.054	0.054	0.054	0.054	0.054	0.054	0.054	0.054	0.054	0.054	0.050	0.043	0.043	0.043	0.043	0.043	0.043	0.043	0.043	0.043	0.043	0.043	0.043	0.043	0.043	0.043	0.043	
0.054	0.054	0.054	0.054	0.054	0.054	0.054	0.054	0.054	0.054	0.054	0.051	0.043	0.043	0.043	0.043	0.043	0.043	0.043	0.043	0.043	0.043	0.043	0.043	0.043	0.043	0.043	0.063	
0.054	0.054	0.054	0.054	0.054	0.054	0.054	0.054	0.054	0.054	0.054	0.052	0.043	0.043	0.043	0.043	0.043	0.043	0.043	0.043	0.043	0.043	0.043	0.043	0.043	0.043	0.043	0.128	
0.054	0.054	0.054	0.054	0.054	0.054	0.054	0.054	0.054	0.054	0.054	0.052	0.043	0.043	0.043	0.043	0.043	0.043	0.043	0.043	0.043	0.043	0.043	0.043	0.043	0.043	0.045	0.194	
0.054	0.054	0.054	0.054	0.054	0.054	0.054	0.054	0.054	0.054	0.054	0.053	0.043	0.043	0.043	0.043	0.043	0.043	0.043	0.043	0.043	0.043	0.043	0.043	0.043	0.043	0.094	0.214	
0.054	0.054	0.054	0.054	0.054	0.054	0.054	0.054	0.054	0.054	0.054	0.053	0.043	0.043	0.043	0.043	0.043	0.043	0.043	0.043	0.043	0.043	0.043	0.043	0.043	0.043	0.161	0.214	
0.054	0.054	0.054	0.054	0.054	0.054	0.054	0.054	0.054	0.054	0.054	0.054	0.043	0.043	0.043	0.043	0.043	0.043	0.043	0.043	0.043	0.043	0.043	0.043	0.043	0.061	0.211	0.214	
0.054	0.054	0.054	0.054	0.054	0.054	0.054	0.054	0.054	0.054	0.054	0.054	0.044	0.043	0.043	0.043	0.043	0.043	0.043	0.043	0.043	0.043	0.043	0.043	0.043	0.126	0.214	0.214	
0.054	0.054	0.054	0.054	0.054	0.054	0.054	0.054	0.054	0.054	0.054	0.054	0.045	0.043	0.043	0.043	0.043	0.043	0.043	0.043	0.043	0.043	0.043	0.043	0.045	0.193	0.214	0.214	
0.054	0.054	0.054	0.054	0.054	0.054	0.054	0.054	0.054	0.054	0.054	0.054	0.045	0.043	0.043	0.043	0.043	0.043	0.043	0.043	0.043	0.043	0.043	0.043	0.091	0.214	0.214	0.214	
0.054	0.054	0.054	0.054	0.054	0.054	0.054	0.054	0.054	0.054	0.054	0.054	0.046	0.043	0.043	0.043	0.043	0.043	0.043	0.043	0.043	0.043	0.043	0.043	0.159	0.214	0.214	0.214	
0.054	0.054	0.054	0.054	0.054	0.054	0.054	0.054	0.054	0.054	0.054	0.054	0.046	0.043	0.043	0.043	0.043	0.043	0.043	0.043	0.043	0.043	0.043	0.060	0.211	0.214	0.214	0.214	
0.054	0.054	0.054	0.054	0.054	0.054	0.054	0.054	0.054	0.054	0.054	0.054	0.170	0.043	0.043	0.043	0.043	0.043	0.043	0.043	0.043	0.043	0.043	0.124	0.214	0.214	0.214	0.214	
0.054	0.054	0.054	0.054	0.054	0.054	0.054	0.054	0.054	0.054	0.054	0.054	0.399	0.043	0.043	0.043	0.043	0.043	0.043	0.043	0.043	0.043	0.044	0.191	0.214	0.214	0.214	0.214	
0.054	0.054	0.054	0.054	0.054	0.054	0.054	0.054	0.054	0.054	0.054	0.054	0.628	0.043	0.043	0.043	0.043	0.043	0.043	0.043	0.043	0.043	0.089	0.214	0.214	0.214	0.214	0.214	
0.069	0.054	0.054	0.054	0.054	0.054	0.054	0.054	0.054	0.054	0.054	0.092	0.819	0.043	0.043	0.043	0.043	0.043	0.043	0.043	0.043	0.043	0.157	0.214	0.214	0.214	0.214	0.214	
0.394	0.054	0.054	0.054	0.054	0.054	0.054	0.054	0.054	0.054	0.054	0.180	0.950	0.053	0.043	0.043	0.043	0.043	0.043	0.043	0.043	0.058	0.210	0.214	0.214	0.214	0.214	0.214	
0.593	0.302	0.054	0.054	0.054	0.054	0.054	0.054	0.054	0.054	0.054	0.269	0.978	0.165	0.043	0.043	0.043	0.043	0.043	0.043	0.043	0.122	0.214	0.214	0.214	0.214	0.214	0.214	
0.593	0.588	0.215	0.054	0.054	0.054	0.054	0.054	0.054	0.054	0.054	0.358	0.978	0.305	0.043	0.043	0.043	0.043	0.043	0.043	0.044	0.189	0.214	0.214	0.214	0.214	0.214	0.214	
0.593	0.593	0.565	0.146	0.054	0.054	0.054	0.054	0.054	0.054	0.054	0.447	0.978	0.445	0.043	0.043	0.043	0.043	0.043	0.043	0.087	0.214	0.214	0.214	0.214	0.214	0.214	0.214	
0.593	0.593	0.593	0.523	0.097	0.054	0.054	0.054	0.054	0.054	0.054	0.536	0.978	0.586	0.043	0.043	0.043	0.043	0.043	0.043	0.155	0.214	0.214	0.214	0.214	0.214	0.214	0.214	
0.593	0.593	0.593	0.593	0.461	0.066	0.054	0.054	0.054	0.054	0.054	0.625	0.978	0.726	0.043	0.043	0.043	0.043	0.043	0.057	0.209	0.214	0.214	0.214	0.214	0.214	0.214	0.235	
0.755	0.594	0.593	0.593	0.593	0.381	0.054	0.054	0.054	0.054	0.054	0.714	0.978	0.866	0.043	0.043	0.043	0.043	0.043	0.120	0.214	0.214	0.214	0.214	0.214	0.214	0.264	0.701	
0.938	0.799	0.599	0.593	0.593	0.593	0.289	0.054	0.054	0.054	0.054	0.803	0.978	0.972	0.078	0.043	0.043	0.043	0.044	0.187	0.214	0.214	0.214	0.214	0.214	0.307	0.755	0.844	
0.938	0.938	0.838	0.610	0.593	0.593	0.586	0.204	0.054	0.054	0.054	0.892	0.978	0.985	0.746	0.043	0.043	0.043	0.085	0.214	0.214	0.214	0.214	0.214	0.363	0.797	0.844	0.844	
0.938	0.938	0.938	0.871	0.628	0.593	0.593	0.560	0.138	0.054	0.066	0.968	0.978	1.999	3.876	0.598	0.043	0.924	1.740	0.214	0.214	0.214	0.214	0.431	0.825	0.844	0.844	0.844	
0.942	0.938	0.938	0.938	0.897	0.652	0.593	0.593	0.515	0.916	2.460	1.849	1.008	3.697	4.274	3.648	2.421	3.883	3.276	0.214	0.214	0.214	0.512	0.840	0.844	0.844	0.844	0.844	
1.187	1.009	0.938	0.938	0.938	0.917	0.683	0.593	0.794	4.067	4.380	4.398	4.706	4.604	4.402	4.960	4.406	3.906	3.913	1.481	0.400	0.595	0.844	0.844	0.844	0.844	0.860	1.047	
1.245	1.244	1.132	0.967	0.938	0.938	0.930	2.162	4.476	4.633	4.383	4.639	4.949	4.954	5.182	5.210	5.280	5.102	4.603	4.571	3.799	0.844	0.844	0.844	0.860	1.047	1.262	1.307	
1.245	1.245	1.245	1.228	1.074	0.944	1.004	3.902	4.796	4.822	4.688	4.706	4.913	5.385	5.519	5.270	5.787	5.912	5.194	4.571	4.369	1.132	0.860	1.046	1.262	1.307	1.307	1.307	
1.245	1.245	1.245	1.245	1.245	1.193	4.182	5.166	5.189	5.921	5.321	4.698	4.879	5.551	5.554	5.333	5.499	5.980	6.067	5.298	5.130	4.747	1.262	1.307	1.307	1.307	1.307	1.307	
1.245	1.245	1.245	1.245	1.245	1.245	5.005	5.174	5.556	6.113	6.077	4.871	3.823	3.861	4.661	5.305	5.305	6.047	6.123	5.667	5.150	5.149	1.336	1.307	1.307	1.307	1.307	1.307	
0.000	0.000	0.000	0.000	0.000	0.000	0.000	0.000	0.000	0.000	0.000	0.000	1.956	3.681	3.761	2.721	0.000	0.000	0.000	0.000	0.000	0.000	0.000	0.000	0.000	0.000	0.000	0.000	
0.000	0.000	0.000	0.000	0.000	0.000	0.000	0.000	0.000	0.000	0.000	0.000	0.918	3.595	3.473	0.850	0.000	0.000	0.000	0.000	0.000	0.000	0.000	0.000	0.000	0.000	0.000	0.000	
0.000	0.000	0.000	0.000	0.000	0.000	0.000	0.000	0.000	0.000	0.000	0.000	0.770	3.081	3.081	0.770	0.000	0.000	0.000	0.000	0.000	0.000	0.000	0.000	0.000	0.000	0.000	0.000	
0.000	0.000	0.000	0.000	0.000	0.000	0.000	0.000	0.000	0.000	0.000	0.000	0.770	3.081	3.081	0.770	0.000	0.000	0.000	0.000	0.000	0.000	0.000	0.000	0.000	0.000	0.000	0.000	
0.000	0.000	0.000	0.000	0.000	0.000	0.000	0.000	0.000	0.000	0.000	0.000	0.770	3.081	3.081	0.770	0.000	0.000	0.000	0.000	0.000	0.000	0.000	0.000	0.000	0.000	0.000	0.000	
