0.100	0.100	0.100	0.100	0.100	0.100	0.072	0.070	0.070	0.070	0.070	0.070	0.070	0.070	0.070	0.070	0.070	0.070	0.070	0.070	0.070	0.070	0.070	0.070	0.091	0.155	0.155	0.155	
0.100	0.100	0.100	0.100	0.100	0.100	0.076	0.070	0.070	0.070	0.070	0.070	0.070	0.070	0.070	0.070	0.070	0.070	0.070	0.070	0.070	0.070	0.070	0.070	0.120	0.155	0.155	0.155	
0.100	0.100	0.100	0.100	0.100	0.100	0.081	0.070	0.070	0.070	0.070	0.070	0.070	0.070	0.070	0.070	0.070	0.070	0.070	0.070	0.070	0.070	0.070	0.072	0.148	0.155	0.155	0.155	
0.100	0.100	0.100	0.100	0.100	0.100	0.085	0.070	0.070	0.070	0.070	0.070	0.070	0.070	0.070	0.070	0.070	0.070	0.070	0.070	0.070	0.070	0.070	0.094	0.155	0.155	0.155	0.155	
0.100	0.100	0.100	0.100	0.100	0.100	0.090	0.070	0.070	0.070	0.070	0.070	0.070	0.070	0.070	0.070	0.070	0.070	0.070	0.070	0.070	0.070	0.070	0.123	0.155	0.155	0.155	0.155	
0.100	0.100	0.100	0.100	0.100	0.100	0.094	0.070	0.070	0.070	0.070	0.070	0.070	0.070	0.070	0.070	0.070	0.070	0.070	0.070	0.070	0.070	0.073	0.150	0.155	0.155	0.155	0.155	
0.100	0.100	0.100	0.100	0.100	0.100	0.099	0.070	0.070	0.070	0.070	0.070	0.070	0.070	0.070	0.070	0.070	0.070	0.070	0.070	0.070	0.070	0.097	0.155	0.155	0.155	0.155	0.155	
0.100	0.100	0.100	0.100	0.100	0.100	0.100	0.074	0.070	0.070	0.070	0.070	0.070	0.070	0.070	0.070	0.070	0.070	0.070	0.070	0.070	0.070	0.126	0.155	0.155	0.155	0.155	0.154	
0.100	0.100	0.100	0.100	0.100	0.100	0.100	0.078	0.070	0.070	0.070	0.070	0.070	0.070	0.070	0.070	0.070	0.070	0.070	0.070	0.070	0.074	0.152	0.155	0.155	0.155	0.155	0.152	
0.100	0.100	0.100	0.100	0.100	0.100	0.100	0.083	0.070	0.070	0.070	0.070	0.070	0.070	0.070	0.070	0.070	0.070	0.070	0.070	0.070	0.100	0.155	0.155	0.155	0.155	0.155	0.150	
0.100	0.100	0.100	0.100	0.100	0.100	0.100	0.087	0.070	0.070	0.070	0.070	0.070	0.070	0.070	0.070	0.070	0.070	0.070	0.070	0.070	0.129	0.155	0.155	0.155	0.155	0.153	0.150	
0.100	0.100	0.100	0.100	0.100	0.100	0.100	0.092	0.070	0.070	0.070	0.070	0.070	0.070	0.070	0.070	0.070	0.070	0.070	0.070	0.076	0.153	0.155	0.155	0.155	0.155	0.151	0.150	
0.100	0.100	0.100	0.100	0.100	0.100	0.100	0.096	0.070	0.070	0.070	0.070	0.070	0.070	0.070	0.070	0.070	0.070	0.070	0.070	0.103	0.155	0.155	0.155	0.155	0.154	0.150	0.150	
0.100	0.100	0.100	0.100	0.100	0.100	0.100	0.100	0.071	0.070	0.070	0.070	0.070	0.070	0.070	0.070	0.070	0.070	0.070	0.070	0.133	0.155	0.155	0.155	0.155	0.152	0.150	0.150	
0.100	0.100	0.100	0.100	0.100	0.100	0.100	0.100	0.076	0.070	0.070	0.070	0.070	0.070	0.070	0.070	0.070	0.070	0.070	0.078	0.154	0.155	0.155	0.155	0.155	0.150	0.150	0.150	
0.100	0.100	0.100	0.100	0.100	0.100	0.100	0.100	0.080	0.070	0.070	0.070	0.070	0.070	0.070	0.070	0.070	0.070	0.070	0.106	0.155	0.155	0.155	0.155	0.153	0.150	0.150	0.150	
0.100	0.100	0.100	0.100	0.100	0.100	0.100	0.100	0.085	0.070	0.070	0.070	0.070	0.070	0.070	0.070	0.070	0.070	0.070	0.136	0.155	0.155	0.155	0.155	0.152	0.150	0.150	0.150	
0.100	0.100	0.100	0.100	0.100	0.100	0.100	0.100	0.089	0.070	0.070	0.070	0.070	0.070	0.070	0.070	0.070	0.070	0.081	0.154	0.155	0.155	0.155	0.154	0.150	0.150	0.150	0.150	
0.100	0.100	0.100	0.100	0.100	0.100	0.100	0.100	0.094	0.070	0.070	0.070	0.070	0.070	0.070	0.070	0.070	0.070	0.109	0.155	0.155	0.155	0.155	0.153	0.150	0.150	0.150	0.150	
0.100	0.100	0.100	0.100	0.100	0.100	0.100	0.100	0.098	0.070	0.070	0.070	0.070	0.070	0.070	0.070	0.070	0.070	0.139	0.155	0.155	0.155	0.155	0.151	0.150	0.150	0.150	0.150	
0.100	0.100	0.100	0.100	0.100	0.100	0.100	0.100	0.100	0.073	0.070	0.070	0.070	0.070	0.070	0.070	0.070	0.083	0.155	0.155	0.155	0.155	0.154	0.150	0.150	0.150	0.150	0.150	
0.100	0.100	0.100	0.100	0.100	0.100	0.100	0.100	0.100	0.078	0.070	0.070	0.070	0.070	0.070	0.070	0.070	0.113	0.155	0.155	0.155	0.155	0.152	0.150	0.150	0.150	0.150	0.150	
0.100	0.100	0.100	0.100	0.100	0.100	0.100	0.100	0.100	0.082	0.070	0.070	0.070	0.070	0.070	0.070	0.070	0.142	0.155	0.155	0.155	0.155	0.150	0.150	0.150	0.150	0.150	0.150	
0.100	0.100	0.100	0.100	0.100	0.100	0.100	0.100	0.100	0.087	0.070	0.070	0.070	0.070	0.070	0.070	0.086	0.155	0.155	0.155	0.155	0.153	0.150	0.150	0.150	0.150	0.150	0.150	
0.171	0.100	0.100	0.100	0.100	0.100	0.100	0.100	0.100	0.091	0.070	0.070	0.070	0.070	0.070	0.070	0.116	0.155	0.155	0.155	0.155	0.151	0.150	0.150	0.150	0.150	0.150	0.150	
0.359	0.148	0.100	0.100	0.100	0.100	0.100	0.100	0.100	0.096	0.070	0.070	0.070	0.070	0.070	0.071	0.144	0.155	0.155	0.155	0.154	0.150	0.150	0.150	0.150	0.150	0.150	0.150	
0.376	0.345	0.129	0.100	0.100	0.100	0.100	0.100	0.100	0.100	0.071	0.070	0.070	0.070	0.070	0.089	0.155	0.155	0.155	0.155	0.152	0.150	0.150	0.150	0.150	0.150	0.150	0.150	
0.376	0.376	0.325	0.115	0.100	0.100	0.100	0.100	0.100	0.100	0.075	0.070	0.070	0.070	0.070	0.119	0.155	0.155	0.155	0.155	0.150	0.150	0.150	0.150	0.150	0.150	0.150	0.150	
0.376	0.376	0.376	0.302	0.106	0.100	0.100	0.100	0.100	0.100	0.080	0.070	0.070	0.070	0.071	0.147	0.155	0.155	0.155	0.153	0.150	0.150	0.150	0.150	0.150	0.150	0.150	0.150	
0.376	0.376	0.376	0.376	0.273	0.101	0.100	0.100	0.100	0.100	0.084	0.070	0.070	0.070	0.093	0.155	0.155	0.155	0.155	0.151	0.150	0.150	0.150	0.150	0.150	0.150	0.150	0.150	
0.376	0.376	0.376	0.376	0.376	0.241	0.100	0.100	0.100	0.100	0.089	0.070	0.070	0.070	0.122	0.155	0.155	0.155	0.680	0.253	0.150	0.150	0.150	0.150	0.150	0.150	0.150	0.150	
0.376	0.376	0.376	0.376	0.376	0.376	0.208	0.100	0.100	0.100	0.093	0.070	0.070	0.072	0.149	0.155	0.155	0.396	1.917	0.155	0.150	0.150	0.150	0.150	0.150	0.150	0.150	0.150	
0.376	0.376	0.376	0.376	0.376	0.376	0.372	0.179	0.100	0.100	0.098	0.070	0.070	0.096	0.155	0.155	0.222	1.729	1.904	0.150	0.150	0.150	0.150	0.150	0.150	0.150	0.150	0.150	
0.376	0.376	0.376	0.376	0.376	0.376	0.376	0.363	0.155	0.100	0.142	0.854	0.909	0.498	0.155	0.155	1.385	2.116	1.734	0.150	0.150	0.150	0.150	0.150	0.150	0.150	0.150	0.150	
0.376	0.376	0.376	0.376	0.376	0.376	0.376	0.376	1.219	2.535	2.776	2.849	2.849	2.603	1.164	1.263	2.116	2.116	1.565	0.150	0.150	0.150	0.150	0.150	0.150	0.150	0.150	0.150	
0.376	0.376	0.376	0.376	0.376	0.376	0.376	0.382	2.444	2.897	2.897	2.851	2.849	2.884	3.033	2.937	2.199	2.116	1.395	0.150	0.150	0.150	0.150	0.150	0.150	0.150	0.150	0.150	
0.376	0.376	0.376	0.378	0.457	0.582	0.706	0.880	2.403	2.897	2.896	2.856	2.849	2.965	3.033	3.033	2.847	2.686	2.079	0.253	0.218	0.182	0.153	0.150	0.150	0.150	0.150	0.150	
0.564	0.689	0.813	0.936	0.981	0.981	0.981	0.981	1.051	2.392	2.864	2.855	2.854	2.997	3.033	2.997	2.898	2.898	2.388	0.714	0.714	0.714	0.708	0.676	0.640	0.605	0.570	0.535	
0.981	0.981	0.981	0.981	0.981	0.981	0.981	0.981	0.998	2.146	2.855	2.855	2.856	3.126	3.172	3.039	2.898	2.898	1.660	0.714	0.714	0.714	0.714	0.714	0.714	0.714	0.714	0.714	
0.793	0.834	0.875	0.916	0.957	0.981	0.981	1.342	2.550	2.993	2.915	2.989	3.138	3.186	3.186	3.180	3.089	3.083	1.405	0.714	0.714	0.714	0.714	0.714	0.714	0.714	0.714	0.714	
0.709	0.709	0.709	0.709	0.709	0.726	0.822	2.640	2.994	2.994	3.189	3.641	3.640	3.300	3.186	3.191	3.198	3.198	2.770	0.874	0.861	0.848	0.835	0.822	0.809	0.795	0.782	0.769	
0.709	0.709	0.709	0.709	0.709	0.709	0.709	1.019	2.781	3.125	3.454	3.641	3.641	3.723	3.842	3.711	3.202	3.198	2.203	1.194	1.194	1.194	1.194	1.194	1.194	1.194	1.176	1.105	
0.709	0.709	0.709	0.709	0.709	0.709	0.709	0.709	2.447	3.774	3.772	3.868	3.985	3.963	3.918	3.918	3.770	3.792	2.065	1.194	1.194	1.194	1.194	1.176	1.105	1.030	0.974	0.971	
0.709	0.709	0.709	0.709	0.709	0.709	0.750	0.883	2.921	3.774	3.774	4.159	4.203	4.146	4.055	4.029	3.872	3.872	3.047	1.194	1.176	1.105	1.030	0.974	0.971	0.971	0.971	0.957	
0.813	0.965	1.333	1.469	1.604	1.739	1.833	1.836	2.645	4.203	4.259	4.249	4.282	4.370	4.434	4.427	4.010	3.984	4.014	1.570	0.974	0.971	0.971	0.971	0.971	0.967	0.923	0.881	
0.887	0.887	1.112	1.587	1.836	1.836	1.836	1.836	3.001	4.399	4.399	4.669	4.874	4.764	4.434	4.560	4.491	4.156	4.156	1.982	0.971	0.971	0.971	0.971	0.942	0.890	0.879	0.879	
0.887	0.887	0.887	0.887	1.112	1.587	2.325	3.565	4.272	4.471	4.983	5.165	4.874	4.932	4.903	5.002	4.946	4.212	4.393	4.291	1.688	0.971	0.958	0.906	0.879	0.879	0.879	0.879	
0.887	0.887	0.887	0.887	0.887	0.887	3.193	4.294	4.273	4.801	5.396	5.396	5.175	5.193	5.185	5.061	5.114	5.052	4.823	4.813	4.674	2.673	0.882	0.879	0.879	0.879	0.879	0.879	
0.887	0.887	0.887	0.887	0.887	0.887	3.186	5.410	5.139	5.928	5.841	5.514	5.495	5.248	5.235	5.624	5.643	5.842	5.629	4.939	4.872	3.776	0.879	0.879	0.879	0.879	0.879	0.879	
0.887	0.887	0.887	0.887	0.887	0.887	3.373	5.481	5.555	6.043	6.043	5.621	5.516	5.125	4.736	5.469	5.645	5.870	5.876	5.181	4.874	3.942	0.879	0.879	0.879	0.879	0.879	0.879	
0.000	0.000	0.000	0.000	0.000	0.000	0.000	0.000	0.000	0.000	0.000	0.000	2.859	4.703	4.655	2.531	0.000	0.000	0.000	0.000	0.000	0.000	0.000	0.000	0.000	0.000	0.000	0.000	
0.000	0.000	0.000	0.000	0.000	0.000	0.000	0.000	0.000	0.000	0.000	0.000	0.845	3.651	4.081	1.087	0.000	0.000	0.000	0.000	0.000	0.000	0.000	0.000	0.000	0.000	0.000	0.000	
0.000	0.000	0.000	0.000	0.000	0.000	0.000	0.000	0.000	0.000	0.000	0.000	0.725	2.899	2.899	0.725	0.000	0.000	0.000	0.000	0.000	0.000	0.000	0.000	0.000	0.000	0.000	0.000	
0.000	0.000	0.000	0.000	0.000	0.000	0.000	0.000	0.000	0.000	0.000	0.000	0.725	2.899	2.899	0.725	0.000	0.000	0.000	0.000	0.000	0.000	0.000	0.000	0.000	0.000	0.000	0.000	
0.000	0.000	0.000	0.000	0.000	0.000	0.000	0.000	0.000	0.000	0.000	0.000	0.725	2.899	2.899	0.725	0.000	0.000	0.000	0.000	0.000	0.000	0.000	0.000	0.000	0.000	0.000	0.000	
