0.050	0.050	0.050	0.050	0.050	0.050	0.050	0.050	0.050	0.050	0.050	0.050	0.050	0.046	0.046	0.046	0.046	0.046	0.046	0.046	0.046	0.046	0.046	0.046	0.046	0.046	0.046	0.046	
0.050	0.050	0.050	0.050	0.050	0.050	0.050	0.050	0.050	0.050	0.050	0.050	0.050	0.046	0.046	0.046	0.046	0.046	0.046	0.046	0.046	0.046	0.046	0.046	0.046	0.046	0.046	0.046	
0.050	0.050	0.050	0.050	0.050	0.050	0.050	0.050	0.050	0.050	0.050	0.050	0.050	0.047	0.046	0.046	0.046	0.046	0.046	0.046	0.046	0.046	0.046	0.046	0.046	0.046	0.046	0.046	
0.050	0.050	0.050	0.050	0.050	0.050	0.050	0.050	0.050	0.050	0.050	0.050	0.050	0.047	0.046	0.046	0.046	0.046	0.046	0.046	0.046	0.046	0.046	0.046	0.046	0.046	0.046	0.046	
0.050	0.050	0.050	0.050	0.050	0.050	0.050	0.050	0.050	0.050	0.050	0.050	0.050	0.047	0.046	0.046	0.046	0.046	0.046	0.046	0.046	0.046	0.046	0.046	0.046	0.046	0.046	0.046	
0.050	0.050	0.050	0.050	0.050	0.050	0.050	0.050	0.050	0.050	0.050	0.050	0.050	0.047	0.046	0.046	0.046	0.046	0.046	0.046	0.046	0.046	0.046	0.046	0.046	0.046	0.046	0.046	
0.050	0.050	0.050	0.050	0.050	0.050	0.050	0.050	0.050	0.050	0.050	0.050	0.050	0.047	0.046	0.046	0.046	0.046	0.046	0.046	0.046	0.046	0.046	0.046	0.046	0.046	0.046	0.046	
0.050	0.050	0.050	0.050	0.050	0.050	0.050	0.050	0.050	0.050	0.050	0.050	0.050	0.047	0.046	0.046	0.046	0.046	0.046	0.046	0.046	0.046	0.046	0.046	0.046	0.046	0.046	0.046	
0.050	0.050	0.050	0.050	0.050	0.050	0.050	0.050	0.050	0.050	0.050	0.050	0.050	0.047	0.046	0.046	0.046	0.046	0.046	0.046	0.046	0.046	0.046	0.046	0.046	0.046	0.046	0.046	
0.050	0.050	0.050	0.050	0.050	0.050	0.050	0.050	0.050	0.050	0.050	0.050	0.050	0.047	0.046	0.046	0.046	0.046	0.046	0.046	0.046	0.046	0.046	0.046	0.046	0.046	0.046	0.046	
0.050	0.050	0.050	0.050	0.050	0.050	0.050	0.050	0.050	0.050	0.050	0.050	0.050	0.047	0.046	0.046	0.046	0.046	0.046	0.046	0.046	0.046	0.046	0.046	0.046	0.046	0.046	0.046	
0.050	0.050	0.050	0.050	0.050	0.050	0.050	0.050	0.050	0.050	0.050	0.050	0.050	0.047	0.046	0.046	0.046	0.046	0.046	0.046	0.046	0.046	0.046	0.046	0.046	0.046	0.046	0.046	
0.050	0.050	0.050	0.050	0.050	0.050	0.050	0.050	0.050	0.050	0.050	0.050	0.050	0.047	0.046	0.046	0.046	0.046	0.046	0.046	0.046	0.046	0.046	0.046	0.046	0.046	0.046	0.046	
0.050	0.050	0.050	0.050	0.050	0.050	0.050	0.050	0.050	0.050	0.050	0.050	0.050	0.047	0.046	0.046	0.046	0.046	0.046	0.046	0.046	0.046	0.046	0.046	0.046	0.046	0.046	0.046	
0.050	0.050	0.050	0.050	0.050	0.050	0.050	0.050	0.050	0.050	0.050	0.050	0.050	0.047	0.046	0.046	0.046	0.046	0.046	0.046	0.046	0.046	0.046	0.046	0.046	0.046	0.046	0.046	
0.050	0.050	0.050	0.050	0.050	0.050	0.050	0.050	0.050	0.050	0.050	0.050	0.050	0.047	0.046	0.046	0.046	0.046	0.046	0.046	0.046	0.046	0.046	0.046	0.046	0.046	0.046	0.046	
0.050	0.050	0.050	0.050	0.050	0.050	0.050	0.050	0.050	0.050	0.050	0.050	0.050	0.047	0.046	0.046	0.046	0.046	0.046	0.046	0.046	0.046	0.046	0.046	0.046	0.046	0.046	0.046	
0.050	0.050	0.050	0.050	0.050	0.050	0.050	0.050	0.050	0.050	0.050	0.050	0.050	0.048	0.046	0.046	0.046	0.046	0.046	0.046	0.046	0.046	0.046	0.046	0.046	0.046	0.046	0.046	
0.050	0.050	0.050	0.050	0.050	0.050	0.050	0.050	0.050	0.050	0.050	0.050	0.050	0.048	0.046	0.046	0.046	0.046	0.046	0.046	0.046	0.046	0.046	0.046	0.046	0.046	0.046	0.046	
0.050	0.050	0.050	0.050	0.050	0.050	0.050	0.050	0.050	0.050	0.050	0.050	0.050	0.048	0.046	0.046	0.046	0.046	0.046	0.046	0.046	0.046	0.046	0.046	0.046	0.046	0.046	0.046	
0.050	0.050	0.050	0.050	0.050	0.050	0.050	0.050	0.050	0.050	0.050	0.050	0.050	0.048	0.046	0.046	0.046	0.046	0.046	0.046	0.046	0.046	0.046	0.046	0.046	0.046	0.046	0.046	
0.050	0.050	0.050	0.050	0.050	0.050	0.050	0.050	0.050	0.050	0.050	0.050	0.050	0.048	0.046	0.046	0.046	0.046	0.046	0.046	0.046	0.046	0.046	0.046	0.046	0.046	0.046	0.046	
0.050	0.050	0.050	0.050	0.050	0.050	0.050	0.050	0.050	0.050	0.050	0.050	0.050	0.048	0.046	0.046	0.046	0.046	0.046	0.046	0.046	0.046	0.046	0.046	0.046	0.046	0.046	0.046	
0.050	0.050	0.050	0.050	0.050	0.050	0.050	0.050	0.050	0.050	0.050	0.050	0.050	0.110	0.046	0.046	0.046	0.046	0.046	0.046	0.046	0.046	0.046	0.046	0.046	0.046	0.046	0.046	
0.050	0.050	0.050	0.050	0.050	0.050	0.050	0.050	0.050	0.050	0.050	0.050	0.050	0.237	0.046	0.046	0.046	0.046	0.046	0.046	0.046	0.046	0.046	0.046	0.046	0.046	0.046	0.046	
0.050	0.050	0.050	0.050	0.050	0.050	0.050	0.050	0.050	0.050	0.050	0.050	0.050	0.365	0.046	0.046	0.046	0.046	0.046	0.046	0.046	0.046	0.046	0.046	0.046	0.046	0.046	0.046	
0.050	0.050	0.050	0.050	0.050	0.050	0.050	0.050	0.050	0.050	0.050	0.050	0.050	0.451	0.087	0.046	0.046	0.046	0.046	0.046	0.046	0.046	0.046	0.046	0.046	0.046	0.046	0.046	
0.050	0.050	0.050	0.050	0.050	0.050	0.050	0.050	0.050	0.050	0.050	0.050	0.050	0.483	0.183	0.046	0.046	0.046	0.046	0.046	0.046	0.046	0.046	0.046	0.046	0.046	0.046	0.046	
0.139	0.050	0.050	0.050	0.050	0.050	0.050	0.050	0.050	0.050	0.050	0.050	0.050	0.514	0.279	0.046	0.046	0.046	0.046	0.046	0.046	0.046	0.046	0.046	0.046	0.046	0.046	0.046	
0.295	0.052	0.050	0.050	0.050	0.050	0.050	0.050	0.050	0.050	0.050	0.050	0.050	0.545	0.375	0.046	0.046	0.046	0.046	0.046	0.046	0.046	0.046	0.046	0.046	0.046	0.046	0.067	
0.349	0.158	0.050	0.050	0.050	0.050	0.050	0.050	0.050	0.050	0.050	0.050	0.050	0.577	0.471	0.046	0.046	0.046	0.046	0.046	0.046	0.046	0.046	0.046	0.046	0.046	0.046	0.311	
0.349	0.310	0.057	0.050	0.050	0.050	0.050	0.050	0.050	0.050	0.050	0.050	0.050	0.608	0.567	0.046	0.046	0.046	0.046	0.046	0.046	0.046	0.046	0.046	0.046	0.046	0.140	0.520	
0.349	0.349	0.176	0.050	0.050	0.050	0.050	0.050	0.050	0.050	0.050	0.050	0.050	0.645	0.662	0.047	0.046	0.046	0.046	0.046	0.046	0.046	0.046	0.046	0.046	0.052	0.430	0.527	
0.349	0.349	0.322	0.063	0.050	0.050	0.050	0.050	0.050	0.050	0.050	0.050	0.121	0.790	0.695	0.111	0.046	0.046	0.046	0.046	0.046	0.046	0.046	0.046	0.046	0.258	0.527	0.527	
0.349	0.349	0.349	0.195	0.050	0.050	0.050	0.050	0.050	0.050	0.050	0.050	0.354	0.861	0.695	0.207	0.046	0.046	0.046	0.046	0.046	0.046	0.046	0.046	0.103	0.504	0.527	0.527	
0.349	0.349	0.349	0.332	0.072	0.050	0.050	0.050	0.050	0.050	0.050	0.050	0.593	0.925	0.695	0.303	0.046	0.046	0.046	0.046	0.046	0.046	0.046	0.046	0.383	0.527	0.527	0.532	
0.349	0.349	0.349	0.349	0.214	0.050	0.050	0.050	0.050	0.050	0.050	0.050	0.832	0.990	0.695	0.399	0.046	0.046	0.046	0.046	0.046	0.046	0.046	0.205	0.527	0.527	0.527	0.578	
0.349	0.349	0.349	0.349	0.339	0.083	0.050	0.050	0.050	0.050	0.050	0.050	1.071	1.054	0.695	0.495	0.046	0.046	0.046	0.046	0.046	0.046	0.075	0.479	0.527	0.527	0.547	0.615	
0.349	0.349	0.349	0.349	0.349	0.232	0.050	0.050	0.050	0.050	0.050	0.050	1.310	1.118	0.695	0.591	0.046	0.046	0.046	0.046	0.046	0.046	0.329	0.527	0.527	0.529	0.600	0.616	
0.349	0.349	0.349	0.349	0.349	0.345	0.096	0.050	0.050	0.050	0.050	0.121	1.478	1.183	0.695	0.679	0.055	0.046	0.046	0.046	0.046	0.155	0.523	0.527	0.527	0.570	0.616	0.616	
0.349	0.349	0.349	0.349	0.349	0.349	0.251	0.050	0.050	0.050	0.050	0.354	1.484	1.247	0.695	0.695	0.135	0.046	0.046	0.046	0.056	0.444	0.527	0.527	0.540	0.613	0.616	0.616	
0.349	0.349	0.349	0.349	0.349	0.349	0.348	0.112	0.050	0.050	0.050	0.593	1.484	1.312	0.695	0.695	0.231	0.046	0.046	0.046	0.276	0.527	0.527	0.527	0.593	0.616	0.616	0.616	
0.924	0.439	0.349	0.349	0.349	0.349	0.349	0.270	0.050	0.050	0.050	0.832	1.484	1.376	0.695	0.695	0.327	0.046	0.046	0.114	0.511	0.527	0.527	0.561	0.616	0.616	0.616	0.616	
1.221	1.175	0.734	0.362	0.349	0.349	0.349	0.349	0.583	0.081	0.050	1.071	1.484	1.441	0.695	0.695	0.427	0.046	0.279	0.412	0.527	0.527	0.535	0.609	0.616	0.616	0.616	0.616	
1.221	1.221	1.221	1.062	0.549	0.349	0.349	0.349	3.767	4.054	3.296	4.238	2.765	3.245	2.891	3.496	4.465	4.279	4.490	1.362	0.527	0.527	0.585	0.616	0.616	0.616	0.616	0.616	
1.290	1.221	1.221	1.221	1.217	0.886	0.418	1.150	4.468	4.469	4.698	4.865	4.868	4.873	4.866	4.844	4.837	4.493	4.490	2.895	1.457	1.324	0.615	0.616	0.616	0.616	0.616	0.616	
1.478	1.410	1.274	1.221	1.221	1.221	1.918	4.767	4.735	4.957	5.429	5.036	5.146	4.917	4.859	5.174	5.464	5.237	5.323	4.996	4.427	4.056	0.683	0.616	0.616	0.705	1.047	1.405	
1.478	1.478	1.477	1.393	1.260	1.221	2.852	4.830	4.831	5.564	5.686	5.708	5.737	5.449	4.744	5.614	5.982	5.774	5.618	5.242	4.427	4.473	2.525	0.979	1.337	1.604	1.619	1.619	
1.478	1.478	1.478	1.478	1.474	2.757	5.268	5.169	5.781	6.170	5.913	6.023	5.787	5.284	4.743	5.168	5.990	5.957	5.908	6.169	5.409	5.049	4.910	1.619	1.619	1.619	1.619	1.619	
1.478	1.478	1.478	1.478	1.478	3.295	5.303	5.303	6.212	6.253	6.148	6.092	6.015	3.774	3.786	4.843	6.000	6.000	6.139	6.215	5.770	5.082	5.046	1.625	1.619	1.619	1.619	1.619	
0.000	0.000	0.000	0.000	0.000	0.000	0.000	0.000	0.000	0.000	0.000	0.000	1.964	1.830	1.830	1.170	0.000	0.000	0.000	0.000	0.000	0.000	0.000	0.000	0.000	0.000	0.000	0.000	
0.000	0.000	0.000	0.000	0.000	0.000	0.000	0.000	0.000	0.000	0.000	0.000	0.457	1.830	1.830	0.457	0.000	0.000	0.000	0.000	0.000	0.000	0.000	0.000	0.000	0.000	0.000	0.000	
0.000	0.000	0.000	0.000	0.000	0.000	0.000	0.000	0.000	0.000	0.000	0.000	0.457	1.830	1.830	0.457	0.000	0.000	0.000	0.000	0.000	0.000	0.000	0.000	0.000	0.000	0.000	0.000	
0.000	0.000	0.000	0.000	0.000	0.000	0.000	0.000	0.000	0.000	0.000	0.000	0.457	1.830	1.830	0.457	0.000	0.000	0.000	0.000	0.000	0.000	0.000	0.000	0.000	0.000	0.000	0.000	
0.000	0.000	0.000	0.000	0.000	0.000	0.000	0.000	0.000	0.000	0.000	0.000	0.457	1.830	1.830	0.457	0.000	0.000	0.000	0.000	0.000	0.000	0.000	0.000	0.000	0.000	0.000	0.000	
