0.052	0.052	0.052	0.052	0.052	0.052	0.052	0.052	0.052	0.052	0.052	0.052	0.052	0.052	0.063	0.073	0.073	0.073	0.073	0.073	0.073	0.073	0.073	0.073	0.073	0.073	0.087	0.112	
0.052	0.052	0.052	0.052	0.052	0.052	0.052	0.052	0.052	0.052	0.052	0.052	0.052	0.052	0.064	0.073	0.073	0.073	0.073	0.073	0.073	0.073	0.073	0.073	0.073	0.073	0.096	0.112	
0.052	0.052	0.052	0.052	0.052	0.052	0.052	0.052	0.052	0.052	0.052	0.052	0.052	0.052	0.065	0.073	0.073	0.073	0.073	0.073	0.073	0.073	0.073	0.073	0.073	0.073	0.105	0.112	
0.052	0.052	0.052	0.052	0.052	0.052	0.052	0.052	0.052	0.052	0.052	0.052	0.052	0.052	0.066	0.073	0.073	0.073	0.073	0.073	0.073	0.073	0.073	0.073	0.073	0.075	0.112	0.112	
0.052	0.052	0.052	0.052	0.052	0.052	0.052	0.052	0.052	0.052	0.052	0.052	0.052	0.052	0.067	0.073	0.073	0.073	0.073	0.073	0.073	0.073	0.073	0.073	0.073	0.084	0.112	0.112	
0.052	0.052	0.052	0.052	0.052	0.052	0.052	0.052	0.052	0.052	0.052	0.052	0.052	0.052	0.069	0.073	0.073	0.073	0.073	0.073	0.073	0.073	0.073	0.073	0.073	0.092	0.112	0.112	
0.052	0.052	0.052	0.052	0.052	0.052	0.052	0.052	0.052	0.052	0.052	0.052	0.052	0.052	0.070	0.073	0.073	0.073	0.073	0.073	0.073	0.073	0.073	0.073	0.073	0.101	0.112	0.112	
0.052	0.052	0.052	0.052	0.052	0.052	0.052	0.052	0.052	0.052	0.052	0.052	0.052	0.052	0.071	0.073	0.073	0.073	0.073	0.073	0.073	0.073	0.073	0.073	0.073	0.110	0.112	0.112	
0.052	0.052	0.052	0.052	0.052	0.052	0.052	0.052	0.052	0.052	0.052	0.052	0.052	0.052	0.072	0.073	0.073	0.073	0.073	0.073	0.073	0.073	0.073	0.073	0.080	0.112	0.112	0.112	
0.052	0.052	0.052	0.052	0.052	0.052	0.052	0.052	0.052	0.052	0.052	0.052	0.052	0.052	0.073	0.073	0.073	0.073	0.073	0.073	0.073	0.073	0.073	0.073	0.089	0.112	0.112	0.112	
0.052	0.052	0.052	0.052	0.052	0.052	0.052	0.052	0.052	0.052	0.052	0.052	0.052	0.053	0.073	0.073	0.073	0.073	0.073	0.073	0.073	0.073	0.073	0.073	0.098	0.112	0.112	0.112	
0.052	0.052	0.052	0.052	0.052	0.052	0.052	0.052	0.052	0.052	0.052	0.052	0.052	0.054	0.073	0.073	0.073	0.073	0.073	0.073	0.073	0.073	0.073	0.073	0.108	0.112	0.112	0.112	
0.052	0.052	0.052	0.052	0.052	0.052	0.052	0.052	0.052	0.052	0.052	0.052	0.052	0.055	0.073	0.073	0.073	0.073	0.073	0.073	0.073	0.073	0.073	0.102	0.115	0.112	0.112	0.112	
0.052	0.052	0.052	0.052	0.052	0.052	0.052	0.052	0.052	0.052	0.052	0.052	0.052	0.056	0.073	0.073	0.073	0.073	0.073	0.073	0.073	0.073	0.073	0.153	0.112	0.112	0.112	0.112	
0.052	0.052	0.052	0.052	0.052	0.052	0.052	0.052	0.052	0.052	0.052	0.052	0.052	0.057	0.073	0.073	0.073	0.073	0.073	0.073	0.073	0.073	0.073	0.201	0.112	0.112	0.112	0.112	
0.052	0.052	0.052	0.052	0.052	0.052	0.052	0.052	0.052	0.052	0.052	0.052	0.052	0.059	0.073	0.073	0.073	0.073	0.073	0.073	0.073	0.073	0.075	0.247	0.112	0.112	0.112	0.112	
0.052	0.052	0.052	0.052	0.052	0.052	0.052	0.052	0.052	0.052	0.052	0.052	0.052	0.060	0.073	0.073	0.073	0.073	0.073	0.073	0.073	0.073	0.142	0.228	0.112	0.112	0.112	0.112	
0.052	0.052	0.052	0.052	0.052	0.052	0.052	0.052	0.052	0.052	0.052	0.052	0.052	0.061	0.073	0.073	0.073	0.073	0.073	0.073	0.073	0.073	0.239	0.179	0.112	0.112	0.112	0.112	
0.052	0.052	0.052	0.052	0.052	0.052	0.052	0.052	0.052	0.052	0.052	0.052	0.052	0.062	0.073	0.073	0.073	0.073	0.073	0.073	0.073	0.073	0.336	0.130	0.112	0.112	0.112	0.112	
0.052	0.052	0.052	0.052	0.052	0.052	0.052	0.052	0.052	0.052	0.052	0.052	0.052	0.063	0.073	0.073	0.073	0.073	0.073	0.073	0.073	0.086	0.389	0.112	0.112	0.112	0.112	0.112	
0.052	0.052	0.052	0.052	0.052	0.052	0.052	0.052	0.052	0.052	0.052	0.052	0.052	0.064	0.073	0.073	0.073	0.073	0.073	0.073	0.073	0.171	0.351	0.112	0.112	0.112	0.112	0.112	
0.052	0.052	0.052	0.052	0.052	0.052	0.052	0.052	0.052	0.052	0.052	0.052	0.052	0.065	0.073	0.073	0.073	0.073	0.073	0.073	0.073	0.269	0.302	0.112	0.112	0.112	0.112	0.112	
0.052	0.052	0.052	0.052	0.052	0.052	0.052	0.052	0.052	0.052	0.052	0.052	0.052	0.066	0.073	0.073	0.073	0.073	0.073	0.073	0.073	0.366	0.253	0.112	0.112	0.112	0.112	0.112	
0.052	0.052	0.052	0.052	0.052	0.052	0.052	0.052	0.052	0.052	0.052	0.052	0.052	0.067	0.073	0.073	0.073	0.073	0.073	0.073	0.105	0.431	0.204	0.112	0.112	0.112	0.112	0.112	
0.119	0.052	0.052	0.052	0.052	0.052	0.052	0.052	0.052	0.052	0.052	0.052	0.052	0.069	0.073	0.073	0.073	0.073	0.073	0.073	0.201	0.432	0.154	0.112	0.112	0.112	0.112	0.112	
0.269	0.052	0.052	0.052	0.052	0.052	0.052	0.052	0.052	0.052	0.052	0.052	0.052	0.070	0.073	0.073	0.073	0.073	0.073	0.073	0.298	0.422	0.115	0.112	0.112	0.112	0.112	0.112	
0.339	0.134	0.052	0.052	0.052	0.052	0.052	0.052	0.052	0.052	0.052	0.052	0.052	0.071	0.073	0.073	0.073	0.073	0.073	0.074	0.395	0.376	0.112	0.112	0.112	0.112	0.112	0.112	
0.339	0.284	0.054	0.052	0.052	0.052	0.052	0.052	0.052	0.052	0.052	0.052	0.052	0.072	0.073	0.073	0.073	0.073	0.073	0.133	0.432	0.327	0.112	0.112	0.112	0.112	0.112	0.112	
0.339	0.339	0.150	0.052	0.052	0.052	0.052	0.052	0.052	0.052	0.052	0.052	0.052	0.073	0.073	0.073	0.073	0.073	0.073	0.231	0.432	0.277	0.112	0.112	0.112	0.112	0.112	0.112	
0.339	0.339	0.296	0.057	0.052	0.052	0.052	0.052	0.052	0.052	0.052	0.052	0.053	0.073	0.073	0.073	0.073	0.073	0.073	0.328	0.432	0.228	0.112	0.112	0.112	0.112	0.112	0.112	
0.339	0.339	0.339	0.165	0.052	0.052	0.052	0.052	0.052	0.052	0.052	0.052	0.054	0.073	0.073	0.073	0.073	0.073	0.082	0.416	0.432	0.179	0.112	0.112	0.112	0.112	0.112	0.112	
0.339	0.339	0.339	0.307	0.062	0.052	0.052	0.052	0.052	0.052	0.052	0.052	0.055	0.073	0.073	0.073	0.073	0.073	0.163	0.432	0.432	0.130	0.112	0.112	0.112	0.112	0.112	0.112	
0.339	0.339	0.339	0.339	0.181	0.052	0.052	0.052	0.052	0.052	0.052	0.052	0.056	0.073	0.073	0.073	0.073	0.073	0.260	0.432	0.400	0.112	0.112	0.112	0.112	0.112	0.112	0.112	
0.339	0.339	0.339	0.339	0.316	0.068	0.052	0.052	0.052	0.052	0.052	0.052	0.057	0.073	0.073	0.073	0.073	0.073	0.357	0.432	0.351	0.112	0.112	0.112	0.112	0.112	0.112	0.112	
0.339	0.339	0.339	0.339	0.339	0.197	0.052	0.052	0.052	0.052	0.052	0.052	0.059	0.073	0.073	0.073	0.073	0.099	0.429	0.432	0.302	0.112	0.112	0.112	0.112	0.112	0.112	0.112	
0.361	0.339	0.339	0.339	0.339	0.324	0.076	0.052	0.052	0.052	0.052	0.052	0.060	0.073	0.073	0.073	0.073	0.192	0.432	0.432	0.253	0.112	0.112	0.112	0.112	0.112	0.112	0.112	
0.625	0.346	0.339	0.339	0.339	0.339	0.212	0.052	0.052	0.052	0.052	0.052	0.061	0.073	0.073	0.073	0.073	0.290	0.432	0.432	0.204	0.112	0.112	0.112	0.112	0.112	0.112	0.112	
0.732	0.578	0.339	0.339	0.339	0.339	0.330	0.085	0.052	0.052	0.052	0.052	0.062	0.073	0.073	0.073	0.073	0.387	0.432	0.432	0.154	0.112	0.112	0.112	0.112	0.112	0.112	0.112	
0.732	0.732	0.524	0.339	0.339	0.339	0.339	0.228	0.052	0.052	0.052	0.052	0.063	0.073	0.073	0.073	0.125	0.432	0.432	0.422	0.115	0.112	0.112	0.112	0.112	0.112	0.112	0.112	
0.732	0.732	0.730	0.473	0.339	0.339	0.339	0.334	0.097	0.052	0.052	0.052	0.064	0.073	0.073	0.073	0.222	0.432	0.432	0.376	0.112	0.112	0.112	0.112	0.112	0.112	0.112	0.340	
0.732	0.732	0.732	0.720	0.429	0.339	0.339	0.339	0.243	0.052	0.052	0.052	0.065	0.073	0.073	0.093	0.692	0.432	0.432	0.327	0.112	0.112	0.112	0.112	0.112	0.128	0.585	1.013	
0.732	0.732	0.732	0.732	0.701	0.394	0.339	0.339	0.337	0.109	0.052	0.052	0.066	0.073	0.073	2.102	2.109	0.432	0.432	0.277	0.112	0.112	0.112	0.112	0.234	0.823	1.022	1.022	
1.077	0.747	0.732	0.732	0.732	0.674	0.368	0.339	0.339	0.933	1.831	1.468	1.728	0.712	1.700	3.799	2.810	0.432	0.432	0.228	0.112	0.112	0.112	0.437	0.972	1.022	1.022	1.022	
1.364	1.238	0.826	0.732	0.732	0.732	0.638	0.350	0.339	2.993	4.506	4.498	4.404	4.404	3.961	3.799	3.548	0.768	0.447	0.345	0.112	0.160	0.691	1.022	1.022	1.022	1.022	1.105	
1.364	1.364	1.335	0.974	0.732	0.732	0.732	2.673	4.273	4.557	4.554	4.605	4.404	4.411	4.983	4.784	4.689	4.849	4.241	4.268	2.180	0.897	1.022	1.022	1.022	1.119	1.599	2.015	
1.364	1.364	1.364	1.364	1.150	0.772	1.029	4.113	4.597	4.806	5.521	5.518	5.421	5.433	5.361	5.357	4.978	4.890	4.693	4.569	3.989	1.022	1.022	1.135	1.624	2.045	2.044	1.737	
1.796	1.491	1.364	1.364	1.364	1.970	4.655	4.780	5.011	5.541	5.544	5.594	5.724	5.716	5.486	5.875	5.996	5.429	5.416	4.816	4.913	2.872	1.648	2.054	2.085	2.019	1.706	1.649	
1.949	1.948	1.769	1.468	1.364	2.841	4.810	4.809	5.641	5.802	5.898	6.227	6.116	5.455	5.279	6.140	6.246	5.830	5.775	5.290	5.081	4.641	2.095	2.085	1.986	1.682	1.649	1.649	
1.949	1.949	1.949	1.945	2.826	5.240	5.186	5.847	6.172	6.216	6.816	6.350	6.180	5.395	5.247	5.542	5.628	5.651	5.913	5.829	5.232	5.276	4.191	2.055	1.665	1.649	1.649	1.649	
1.949	1.949	1.949	1.949	3.391	5.286	5.286	6.207	6.248	6.749	7.011	6.695	5.945	5.906	5.234	5.447	5.465	5.587	6.007	6.007	5.565	5.300	5.300	2.490	1.649	1.649	1.649	1.649	
0.000	0.000	0.000	0.000	0.000	0.000	0.000	0.000	0.000	0.000	0.000	0.000	3.157	4.863	2.445	1.904	0.000	0.000	0.000	0.000	0.000	0.000	0.000	0.000	0.000	0.000	0.000	0.000	
0.000	0.000	0.000	0.000	0.000	0.000	0.000	0.000	0.000	0.000	0.000	0.000	0.734	2.198	2.170	0.542	0.000	0.000	0.000	0.000	0.000	0.000	0.000	0.000	0.000	0.000	0.000	0.000	
0.000	0.000	0.000	0.000	0.000	0.000	0.000	0.000	0.000	0.000	0.000	0.000	0.542	2.170	2.170	0.542	0.000	0.000	0.000	0.000	0.000	0.000	0.000	0.000	0.000	0.000	0.000	0.000	
0.000	0.000	0.000	0.000	0.000	0.000	0.000	0.000	0.000	0.000	0.000	0.000	0.542	2.170	2.170	0.542	0.000	0.000	0.000	0.000	0.000	0.000	0.000	0.000	0.000	0.000	0.000	0.000	
0.000	0.000	0.000	0.000	0.000	0.000	0.000	0.000	0.000	0.000	0.000	0.000	0.542	2.170	2.170	0.542	0.000	0.000	0.000	0.000	0.000	0.000	0.000	0.000	0.000	0.000	0.000	0.000	
