0.050	0.050	0.050	0.050	0.050	0.050	0.050	0.050	0.050	0.050	0.050	0.050	0.050	0.045	0.045	0.045	0.045	0.045	0.045	0.045	0.045	0.045	0.045	0.045	0.045	0.045	0.045	0.045	
0.050	0.050	0.050	0.050	0.050	0.050	0.050	0.050	0.050	0.050	0.050	0.050	0.050	0.045	0.045	0.045	0.045	0.045	0.045	0.045	0.045	0.045	0.045	0.045	0.045	0.045	0.045	0.045	
0.050	0.050	0.050	0.050	0.050	0.050	0.050	0.050	0.050	0.050	0.050	0.050	0.050	0.045	0.045	0.045	0.045	0.045	0.045	0.045	0.045	0.045	0.045	0.045	0.045	0.045	0.045	0.045	
0.050	0.050	0.050	0.050	0.050	0.050	0.050	0.050	0.050	0.050	0.050	0.050	0.050	0.045	0.045	0.045	0.045	0.045	0.045	0.045	0.045	0.045	0.045	0.045	0.045	0.045	0.045	0.045	
0.050	0.050	0.050	0.050	0.050	0.050	0.050	0.050	0.050	0.050	0.050	0.050	0.050	0.045	0.045	0.045	0.045	0.045	0.045	0.045	0.045	0.045	0.045	0.045	0.045	0.045	0.045	0.045	
0.050	0.050	0.050	0.050	0.050	0.050	0.050	0.050	0.050	0.050	0.050	0.050	0.050	0.045	0.045	0.045	0.045	0.045	0.045	0.045	0.045	0.045	0.045	0.045	0.045	0.045	0.045	0.045	
0.050	0.050	0.050	0.050	0.050	0.050	0.050	0.050	0.050	0.050	0.050	0.050	0.050	0.045	0.045	0.045	0.045	0.045	0.045	0.045	0.045	0.045	0.045	0.045	0.045	0.045	0.045	0.045	
0.050	0.050	0.050	0.050	0.050	0.050	0.050	0.050	0.050	0.050	0.050	0.050	0.050	0.046	0.045	0.045	0.045	0.045	0.045	0.045	0.045	0.045	0.045	0.045	0.045	0.045	0.045	0.045	
0.050	0.050	0.050	0.050	0.050	0.050	0.050	0.050	0.050	0.050	0.050	0.050	0.050	0.046	0.045	0.045	0.045	0.045	0.045	0.045	0.045	0.045	0.045	0.045	0.045	0.045	0.045	0.045	
0.050	0.050	0.050	0.050	0.050	0.050	0.050	0.050	0.050	0.050	0.050	0.050	0.050	0.046	0.045	0.045	0.045	0.045	0.045	0.045	0.045	0.045	0.045	0.045	0.045	0.045	0.045	0.045	
0.050	0.050	0.050	0.050	0.050	0.050	0.050	0.050	0.050	0.050	0.050	0.050	0.050	0.046	0.045	0.045	0.045	0.045	0.045	0.045	0.045	0.045	0.045	0.045	0.045	0.045	0.045	0.045	
0.050	0.050	0.050	0.050	0.050	0.050	0.050	0.050	0.050	0.050	0.050	0.050	0.050	0.046	0.045	0.045	0.045	0.045	0.045	0.045	0.045	0.045	0.045	0.045	0.045	0.045	0.045	0.045	
0.050	0.050	0.050	0.050	0.050	0.050	0.050	0.050	0.050	0.050	0.050	0.050	0.050	0.046	0.045	0.045	0.045	0.045	0.045	0.045	0.045	0.045	0.045	0.045	0.045	0.045	0.045	0.045	
0.050	0.050	0.050	0.050	0.050	0.050	0.050	0.050	0.050	0.050	0.050	0.050	0.050	0.046	0.045	0.045	0.045	0.045	0.045	0.045	0.045	0.045	0.045	0.045	0.045	0.045	0.045	0.045	
0.050	0.050	0.050	0.050	0.050	0.050	0.050	0.050	0.050	0.050	0.050	0.050	0.050	0.046	0.045	0.045	0.045	0.045	0.045	0.045	0.045	0.045	0.045	0.045	0.045	0.045	0.045	0.045	
0.050	0.050	0.050	0.050	0.050	0.050	0.050	0.050	0.050	0.050	0.050	0.050	0.050	0.047	0.045	0.045	0.045	0.045	0.045	0.045	0.045	0.045	0.045	0.045	0.045	0.045	0.045	0.045	
0.050	0.050	0.050	0.050	0.050	0.050	0.050	0.050	0.050	0.050	0.050	0.050	0.050	0.047	0.045	0.045	0.045	0.045	0.045	0.045	0.045	0.045	0.045	0.045	0.045	0.045	0.045	0.045	
0.050	0.050	0.050	0.050	0.050	0.050	0.050	0.050	0.050	0.050	0.050	0.050	0.050	0.047	0.045	0.045	0.045	0.045	0.045	0.045	0.045	0.045	0.045	0.045	0.045	0.045	0.045	0.045	
0.050	0.050	0.050	0.050	0.050	0.050	0.050	0.050	0.050	0.050	0.050	0.050	0.050	0.047	0.045	0.045	0.045	0.045	0.045	0.045	0.045	0.045	0.045	0.045	0.045	0.045	0.045	0.045	
0.050	0.050	0.050	0.050	0.050	0.050	0.050	0.050	0.050	0.050	0.050	0.050	0.050	0.047	0.045	0.045	0.045	0.045	0.045	0.045	0.045	0.045	0.045	0.045	0.045	0.045	0.045	0.045	
0.050	0.050	0.050	0.050	0.050	0.050	0.050	0.050	0.050	0.050	0.050	0.050	0.050	0.047	0.045	0.045	0.045	0.045	0.045	0.045	0.045	0.045	0.045	0.045	0.045	0.045	0.045	0.045	
0.050	0.050	0.050	0.050	0.050	0.050	0.050	0.050	0.050	0.050	0.050	0.050	0.050	0.047	0.045	0.045	0.045	0.045	0.045	0.045	0.045	0.045	0.045	0.045	0.045	0.045	0.045	0.045	
0.050	0.050	0.050	0.050	0.050	0.050	0.050	0.050	0.050	0.050	0.050	0.050	0.050	0.108	0.045	0.045	0.045	0.045	0.045	0.045	0.045	0.045	0.045	0.045	0.045	0.045	0.045	0.045	
0.050	0.050	0.050	0.050	0.050	0.050	0.050	0.050	0.050	0.050	0.050	0.050	0.050	0.224	0.045	0.045	0.045	0.045	0.045	0.045	0.045	0.045	0.045	0.045	0.045	0.045	0.045	0.045	
0.050	0.050	0.050	0.050	0.050	0.050	0.050	0.050	0.050	0.050	0.050	0.050	0.050	0.339	0.045	0.045	0.045	0.045	0.045	0.045	0.045	0.045	0.045	0.045	0.045	0.045	0.045	0.045	
0.050	0.050	0.050	0.050	0.050	0.050	0.050	0.050	0.050	0.050	0.050	0.050	0.050	0.455	0.045	0.045	0.045	0.045	0.045	0.045	0.045	0.045	0.045	0.045	0.045	0.045	0.045	0.045	
0.050	0.050	0.050	0.050	0.050	0.050	0.050	0.050	0.050	0.050	0.050	0.050	0.050	0.532	0.085	0.045	0.045	0.045	0.045	0.045	0.045	0.045	0.045	0.045	0.045	0.045	0.045	0.045	
0.070	0.050	0.050	0.050	0.050	0.050	0.050	0.050	0.050	0.050	0.050	0.050	0.050	0.556	0.176	0.045	0.045	0.045	0.045	0.045	0.045	0.045	0.045	0.045	0.045	0.045	0.045	0.045	
0.203	0.050	0.050	0.050	0.050	0.050	0.050	0.050	0.050	0.050	0.050	0.050	0.050	0.580	0.268	0.045	0.045	0.045	0.045	0.045	0.045	0.045	0.045	0.045	0.045	0.045	0.045	0.045	
0.328	0.075	0.050	0.050	0.050	0.050	0.050	0.050	0.050	0.050	0.050	0.050	0.050	0.604	0.360	0.045	0.045	0.045	0.045	0.045	0.045	0.045	0.045	0.045	0.045	0.045	0.045	0.045	
0.342	0.212	0.050	0.050	0.050	0.050	0.050	0.050	0.050	0.050	0.050	0.050	0.050	0.628	0.452	0.045	0.045	0.045	0.045	0.045	0.045	0.045	0.045	0.045	0.045	0.045	0.045	0.144	
0.342	0.332	0.081	0.050	0.050	0.050	0.050	0.050	0.050	0.050	0.050	0.050	0.050	0.652	0.544	0.045	0.045	0.045	0.045	0.045	0.045	0.045	0.045	0.045	0.045	0.045	0.055	0.485	
0.342	0.342	0.221	0.050	0.050	0.050	0.050	0.050	0.050	0.050	0.050	0.050	0.148	0.701	0.635	0.047	0.045	0.045	0.045	0.045	0.045	0.045	0.045	0.045	0.045	0.045	0.308	0.594	
0.342	0.342	0.335	0.087	0.050	0.050	0.050	0.050	0.050	0.050	0.050	0.050	0.348	0.761	0.666	0.107	0.045	0.045	0.045	0.045	0.045	0.045	0.045	0.045	0.045	0.137	0.579	0.594	
0.342	0.342	0.342	0.230	0.050	0.050	0.050	0.050	0.050	0.050	0.050	0.050	0.548	0.821	0.666	0.199	0.045	0.045	0.045	0.045	0.045	0.045	0.045	0.045	0.052	0.477	0.594	0.594	
0.342	0.342	0.342	0.338	0.094	0.050	0.050	0.050	0.050	0.050	0.050	0.050	0.748	0.881	0.666	0.291	0.045	0.045	0.045	0.045	0.045	0.045	0.045	0.045	0.298	0.594	0.594	0.587	
0.342	0.342	0.342	0.342	0.240	0.050	0.050	0.050	0.050	0.050	0.050	0.050	0.949	0.941	0.666	0.383	0.045	0.045	0.045	0.045	0.045	0.045	0.045	0.130	0.576	0.594	0.593	0.578	
0.342	0.342	0.342	0.342	0.339	0.101	0.050	0.050	0.050	0.050	0.050	0.050	1.149	1.001	0.666	0.475	0.045	0.045	0.045	0.045	0.045	0.045	0.050	0.469	0.594	0.594	0.584	0.577	
0.342	0.342	0.342	0.342	0.342	0.249	0.050	0.050	0.050	0.050	0.050	0.056	1.343	1.061	0.666	0.567	0.045	0.045	0.045	0.045	0.045	0.045	0.287	0.594	0.594	0.591	0.577	0.577	
0.342	0.342	0.342	0.342	0.342	0.341	0.109	0.050	0.050	0.050	0.050	0.198	1.401	1.121	0.666	0.651	0.054	0.045	0.045	0.045	0.045	0.123	0.573	0.594	0.594	0.581	0.577	0.577	
0.342	0.342	0.342	0.342	0.342	0.342	0.258	0.050	0.050	0.050	0.050	0.398	1.401	1.181	0.666	0.666	0.130	0.045	0.045	0.045	0.049	0.460	0.594	0.594	0.588	0.577	0.577	0.577	
0.346	0.342	0.342	0.342	0.342	0.342	0.342	0.117	0.050	0.050	0.050	0.598	1.401	1.241	0.666	0.666	0.222	0.045	0.045	0.045	0.277	0.594	0.594	0.593	0.579	0.577	0.577	0.577	
0.997	0.480	0.342	0.342	0.342	0.342	0.342	0.267	0.050	0.050	0.050	0.798	1.401	1.301	0.666	0.666	0.314	0.045	0.045	0.116	0.569	0.594	0.594	0.585	0.577	0.577	0.577	0.577	
1.204	1.182	0.776	0.366	0.342	0.342	0.342	0.342	0.586	0.067	0.050	1.001	1.401	1.361	0.666	0.666	0.406	0.046	0.239	0.451	0.594	0.594	0.592	0.578	0.577	0.577	0.577	0.577	
1.204	1.204	1.204	1.071	0.555	0.342	0.342	0.342	3.921	4.004	3.251	4.305	2.724	3.242	2.916	3.458	4.378	4.327	4.487	1.218	0.594	0.594	0.582	0.577	0.577	0.577	0.577	0.577	
1.270	1.204	1.204	1.204	1.201	0.870	0.402	1.238	4.546	4.546	4.735	4.847	4.880	4.942	4.935	4.917	4.890	4.487	4.487	2.632	1.415	1.331	0.577	0.577	0.577	0.577	0.577	0.577	
1.483	1.403	1.258	1.204	1.204	1.204	1.973	4.756	4.743	4.996	5.421	5.042	5.173	4.987	4.925	5.211	5.558	5.236	5.317	5.012	4.453	4.091	0.665	0.577	0.577	0.680	1.031	1.393	
1.483	1.483	1.481	1.390	1.248	1.204	2.937	4.819	4.820	5.542	5.661	5.660	5.658	5.430	4.820	5.672	6.107	5.815	5.596	5.240	4.453	4.499	2.641	0.979	1.341	1.600	1.611	1.611	
1.483	1.483	1.483	1.483	1.479	2.748	5.258	5.151	5.777	6.166	5.889	5.988	5.722	5.291	4.819	5.229	6.063	5.962	5.904	6.214	5.483	5.074	4.934	1.611	1.611	1.611	1.611	1.611	
1.483	1.483	1.483	1.483	1.483	3.315	5.283	5.283	6.211	6.253	6.127	6.058	5.971	4.058	4.048	4.885	5.993	5.993	6.155	6.265	5.839	5.107	5.071	1.617	1.611	1.611	1.611	1.611	
0.000	0.000	0.000	0.000	0.000	0.000	5.283	0.000	0.000	0.000	0.000	0.000	2.234	2.912	2.912	1.655	0.000	0.000	0.000	0.000	0.000	0.000	0.000	0.000	0.000	0.000	0.000	0.000	
0.000	0.000	0.000	0.000	0.000	0.000	0.000	0.000	0.000	0.000	0.000	0.000	0.728	2.912	2.912	0.728	0.000	0.000	0.000	0.000	0.000	0.000	0.000	0.000	0.000	0.000	0.000	0.000	
0.000	0.000	0.000	0.000	0.000	0.000	0.000	0.000	0.000	0.000	0.000	0.000	0.811	3.187	3.094	0.759	0.000	0.000	0.000	0.000	0.000	0.000	0.000	0.000	0.000	0.000	0.000	0.000	
0.000	0.000	0.000	0.000	0.000	0.000	0.000	0.000	0.000	0.000	0.000	0.000	1.175	4.700	4.700	1.175	0.000	0.000	0.000	0.000	0.000	0.000	0.000	0.000	0.000	0.000	0.000	0.000	
0.000	0.000	0.000	0.000	0.000	0.000	0.000	0.000	0.000	0.000	0.000	0.000	1.175	4.700	4.700	1.175	0.000	0.000	0.000	0.000	0.000	0.000	0.000	0.000	0.000	0.000	0.000	0.000	
