0.393	0.393	0.393	0.393	0.420	0.467	0.467	0.467	0.467	0.467	0.467	0.467	0.464	0.435	0.435	0.435	0.435	0.435	0.435	0.283	0.272	0.272	0.272	0.272	0.272	0.272	0.272	0.272	
0.393	0.393	0.393	0.393	0.400	0.467	0.467	0.467	0.467	0.467	0.467	0.467	0.459	0.435	0.435	0.435	0.435	0.435	0.429	0.273	0.272	0.272	0.272	0.272	0.272	0.272	0.272	0.272	
0.393	0.393	0.393	0.393	0.393	0.453	0.467	0.467	0.467	0.467	0.467	0.467	0.454	0.435	0.435	0.435	0.435	0.435	0.412	0.272	0.272	0.272	0.272	0.272	0.272	0.272	0.272	0.272	
0.393	0.393	0.393	0.393	0.393	0.433	0.467	0.467	0.467	0.467	0.467	0.467	0.449	0.435	0.435	0.435	0.435	0.435	0.395	0.272	0.272	0.272	0.272	0.272	0.272	0.272	0.272	0.272	
0.393	0.393	0.393	0.393	0.393	0.412	0.467	0.467	0.467	0.467	0.467	0.467	0.443	0.435	0.435	0.435	0.435	0.435	0.378	0.272	0.272	0.272	0.272	0.272	0.272	0.272	0.272	0.272	
0.393	0.393	0.393	0.393	0.393	0.450	0.594	0.467	0.467	0.467	0.467	0.467	0.438	0.435	0.435	0.435	0.435	0.435	0.533	0.274	0.272	0.272	0.272	0.272	0.272	0.272	0.272	0.272	
0.393	0.393	0.393	0.393	0.393	0.607	1.031	0.594	0.467	0.467	0.467	0.466	0.435	0.435	0.435	0.435	0.435	0.473	0.915	0.569	0.272	0.272	0.272	0.272	0.272	0.272	0.272	0.272	
0.393	0.393	0.393	0.393	0.393	0.766	1.068	1.031	0.594	0.467	0.467	0.461	0.435	0.435	0.435	0.435	0.435	0.700	0.940	0.926	0.419	0.272	0.272	0.272	0.272	0.272	0.272	0.272	
0.393	0.393	0.393	0.393	0.393	0.924	1.068	1.068	1.031	0.594	0.573	0.727	0.454	0.435	0.435	0.435	0.473	0.915	0.940	0.940	0.861	0.321	0.272	0.272	0.272	0.272	0.272	0.272	
0.393	0.393	0.393	0.393	0.421	1.055	1.068	1.068	1.068	1.175	1.318	1.318	1.166	0.637	0.530	0.647	0.819	0.940	0.940	0.940	0.940	0.742	0.276	0.272	0.272	0.272	0.272	0.272	
0.393	0.393	0.393	0.393	0.566	1.068	1.068	1.068	1.075	1.293	1.318	1.318	1.318	1.238	1.125	1.125	1.105	0.945	0.940	0.940	0.940	0.940	0.581	0.272	0.272	0.272	0.272	0.272	
0.393	0.393	0.393	0.393	0.724	1.068	1.068	1.068	1.164	1.318	1.318	1.318	1.317	1.157	1.125	1.125	1.125	1.014	0.940	0.940	0.940	0.935	0.750	0.470	0.462	0.454	0.445	0.437	
0.645	0.639	0.632	0.626	0.811	1.058	1.071	1.073	1.134	1.290	1.318	1.318	1.268	1.125	1.125	1.125	1.125	1.092	1.004	0.973	0.867	0.618	0.536	0.536	0.536	0.536	0.536	0.536	
0.730	0.730	0.730	0.730	0.730	0.977	1.075	1.075	1.075	1.091	1.232	1.316	1.184	1.125	1.125	1.125	1.122	1.077	1.071	1.071	0.767	0.536	0.536	0.536	0.536	0.536	0.536	0.536	
0.730	0.730	0.730	0.730	0.730	0.911	1.075	1.075	1.075	1.075	1.073	1.036	1.036	1.095	1.125	1.125	1.095	1.071	1.071	1.071	0.885	0.536	0.536	0.536	0.536	0.536	0.536	0.536	
0.730	0.730	0.730	0.730	0.730	0.845	1.075	1.075	1.075	1.075	1.053	1.020	1.020	1.020	1.052	1.100	1.072	1.071	1.071	1.071	1.004	0.536	0.536	0.536	0.536	0.536	0.536	0.536	
0.730	0.730	0.730	0.730	0.731	1.228	1.299	1.077	1.075	1.075	1.029	1.020	1.020	1.020	1.020	1.035	1.071	1.071	1.071	1.071	1.071	0.587	0.536	0.536	0.536	0.536	0.536	0.536	
0.730	0.730	0.730	0.730	1.184	1.629	1.629	1.479	1.145	1.074	1.020	1.020	1.020	1.020	1.020	1.035	1.079	1.077	1.074	1.072	1.071	0.705	0.536	0.536	0.536	0.536	0.535	0.535	
0.730	0.730	0.730	1.124	1.629	1.629	1.629	1.607	1.292	1.240	1.076	1.020	1.020	1.020	1.099	1.157	1.086	1.086	1.086	1.086	1.084	0.678	0.525	0.524	0.524	0.524	0.524	0.524	
0.777	0.782	0.794	1.337	1.629	1.629	1.629	1.401	1.251	1.251	1.240	1.091	1.074	1.256	1.383	1.337	1.088	1.086	1.086	1.086	1.048	0.534	0.524	0.524	0.524	0.524	0.524	0.524	
0.805	0.805	0.805	0.806	1.162	1.613	1.530	1.252	1.251	1.251	1.255	1.385	1.407	1.384	1.384	1.384	1.185	1.086	1.086	1.086	0.883	0.524	0.524	0.524	0.524	0.524	0.524	0.524	
0.805	0.805	0.805	0.805	0.805	0.998	1.289	1.251	1.251	1.251	1.339	1.416	1.416	1.389	1.384	1.384	1.328	1.087	1.086	1.086	0.707	0.524	0.524	0.524	0.524	0.524	0.524	0.524	
0.805	0.805	0.805	0.805	0.805	0.805	1.129	1.251	1.251	1.290	1.414	1.416	1.416	1.403	1.384	1.384	1.384	1.175	1.086	1.067	0.549	0.524	0.524	0.524	0.524	0.524	0.524	0.524	
0.805	0.805	0.805	0.805	0.805	0.805	0.997	1.215	1.200	1.327	1.416	1.416	1.416	1.415	1.387	1.384	1.373	1.275	1.232	1.228	0.924	0.716	0.543	0.524	0.524	0.524	0.524	0.524	
0.801	0.803	0.804	0.805	0.825	1.070	1.279	1.142	1.142	1.146	1.299	1.416	1.416	1.384	1.175	1.172	1.267	1.254	1.254	1.254	1.263	1.264	1.232	1.047	0.843	0.639	0.524	0.524	
0.763	0.763	0.763	0.764	1.009	1.376	1.375	1.186	1.142	1.142	1.142	1.248	1.279	1.021	0.979	0.979	1.202	1.254	1.254	1.254	1.263	1.264	1.264	1.264	1.264	1.180	0.661	0.496	
0.763	0.763	0.763	0.763	0.961	1.376	1.376	1.288	1.142	1.142	1.142	1.142	0.989	0.979	0.979	0.979	1.114	1.254	1.254	1.254	1.263	1.264	1.264	1.263	0.975	0.542	0.495	0.495	
0.763	0.763	0.763	0.763	0.912	1.376	1.376	1.370	1.164	1.142	1.142	1.126	0.979	0.979	0.979	0.979	1.026	1.254	1.254	1.254	1.264	1.264	1.186	0.724	0.495	0.495	0.495	0.495	
0.763	0.763	0.763	0.763	0.864	1.376	1.376	1.376	1.261	1.142	1.142	1.099	0.979	0.979	0.979	0.979	0.979	1.213	1.235	1.057	1.004	0.979	0.548	0.495	0.495	0.495	0.495	0.495	
0.763	0.763	0.763	0.763	0.815	1.376	1.376	1.383	1.400	1.340	1.304	1.225	1.036	0.979	0.979	0.979	0.979	0.987	0.851	0.816	0.816	0.790	0.511	0.495	0.495	0.495	0.495	0.495	
0.763	0.763	0.763	0.763	0.740	1.145	1.416	1.441	1.442	1.442	1.422	1.352	1.346	1.033	1.011	1.011	1.010	0.846	0.816	0.816	0.816	0.816	0.654	0.495	0.495	0.495	0.495	0.495	
0.763	0.763	0.705	0.596	0.519	0.516	1.183	1.442	1.442	1.442	1.393	1.352	1.352	1.044	1.019	1.019	1.019	0.914	0.816	0.816	0.816	0.816	0.798	0.519	0.495	0.495	0.495	0.495	
0.674	0.566	0.516	0.516	0.516	0.516	0.652	1.417	1.442	1.442	1.364	1.352	1.352	1.044	1.019	1.019	1.019	0.942	0.778	0.816	0.816	0.816	0.816	0.669	0.495	0.495	0.495	0.495	
0.516	0.516	0.516	0.516	0.516	0.516	0.516	0.998	1.442	1.424	1.352	1.352	1.352	1.044	1.019	1.019	1.017	0.590	0.431	0.583	0.767	0.816	0.816	0.805	0.528	0.495	0.495	0.495	
0.516	0.516	0.516	0.516	0.516	0.516	0.516	0.553	1.329	1.392	1.352	1.352	1.352	1.044	1.019	1.019	0.756	0.419	0.419	0.419	0.426	0.567	0.754	0.816	0.685	0.495	0.495	0.495	
0.516	0.516	0.516	0.516	0.516	0.516	0.516	0.748	1.326	1.369	1.361	1.353	1.352	1.044	1.019	0.907	0.435	0.419	0.419	0.419	0.419	0.419	0.422	0.551	0.734	0.538	0.495	0.495	
0.516	0.516	0.516	0.516	0.516	0.516	0.826	1.352	1.370	1.370	1.370	1.368	1.333	1.140	1.003	0.515	0.419	0.419	0.419	0.419	0.419	0.419	0.419	0.419	0.420	0.467	0.491	0.495	
0.516	0.516	0.516	0.516	0.522	0.888	1.366	1.370	1.370	1.370	1.370	1.336	1.312	1.312	1.175	0.436	0.419	0.419	0.419	0.419	0.419	0.419	0.419	0.419	0.419	0.419	0.432	0.485	
0.000	0.531	0.606	0.688	0.764	0.801	0.991	1.219	1.367	1.370	1.345	1.312	1.312	1.312	1.247	0.628	0.559	0.492	0.431	0.419	0.419	0.419	0.419	0.419	0.419	0.419	0.419	0.425	
0.707	0.774	0.780	0.780	0.780	0.780	0.780	0.780	0.860	1.132	1.313	1.312	1.312	1.312	1.024	0.635	0.635	0.635	0.630	0.576	0.510	0.444	0.419	0.419	0.419	0.419	0.419	0.421	
0.780	0.780	0.780	0.780	0.780	0.780	0.780	0.780	0.780	0.837	1.316	1.312	1.312	1.317	0.831	0.635	0.635	0.635	0.635	0.635	0.635	0.635	0.594	0.527	0.460	0.431	0.448	0.463	
0.640	0.673	0.706	0.739	0.771	0.780	0.780	0.780	0.780	1.359	2.155	1.905	1.644	1.779	1.518	0.642	0.635	0.635	0.635	0.635	0.635	0.635	0.635	0.630	0.522	0.464	0.464	0.464	
0.553	0.553	0.553	0.553	0.554	0.577	0.610	0.643	0.799	2.187	2.240	2.240	2.127	1.924	1.924	1.267	0.635	0.635	0.635	0.635	0.635	0.635	0.623	0.505	0.464	0.464	0.464	0.464	
0.553	0.553	0.553	0.553	0.553	0.553	0.553	0.553	0.557	1.984	2.240	2.240	2.070	1.924	1.924	1.914	1.019	0.635	0.637	0.720	0.850	0.981	0.646	0.464	0.464	0.464	0.464	0.464	
0.553	0.553	0.553	0.553	0.553	0.553	0.553	0.553	0.553	1.665	2.322	2.264	2.210	2.022	1.924	1.924	1.747	1.001	1.128	1.176	1.176	1.136	0.487	0.464	0.464	0.464	0.464	0.464	
0.553	0.553	0.553	0.553	0.553	0.553	0.553	0.553	1.327	2.575	2.589	2.392	2.303	2.303	2.222	1.950	1.268	1.176	1.176	1.176	1.176	1.093	0.464	0.464	0.464	0.464	0.464	0.464	
0.553	0.553	0.553	0.553	0.555	0.591	0.641	1.084	2.570	2.589	2.589	2.446	2.303	2.303	2.310	2.349	1.225	1.176	1.176	1.176	1.643	1.789	0.464	0.464	0.464	0.464	0.464	0.464	
0.718	0.769	0.819	0.869	0.918	0.933	0.933	0.933	1.620	2.552	2.778	3.261	2.537	2.373	2.569	2.707	2.019	1.176	1.176	1.613	2.550	1.841	0.464	0.464	0.464	0.464	0.464	0.464	
0.933	0.933	0.933	0.933	0.933	0.933	0.933	0.933	0.933	2.209	4.069	4.087	3.217	2.625	2.675	2.707	2.694	1.543	1.584	2.542	2.577	1.872	0.464	0.464	0.464	0.464	0.464	0.464	
0.933	0.933	0.933	0.933	0.933	0.933	0.933	0.933	0.933	2.296	4.087	4.087	2.943	2.625	2.651	2.707	2.707	2.530	2.533	2.577	2.577	1.904	0.464	0.464	0.464	0.464	0.464	0.464	
0.000	0.000	0.000	0.000	0.000	0.000	0.000	0.000	0.000	0.000	0.000	0.000	1.404	2.625	2.629	1.435	0.000	0.000	0.000	0.000	0.000	0.000	0.000	0.000	0.000	0.000	0.000	0.000	
0.000	0.000	0.000	0.000	0.000	0.000	0.000	0.000	0.000	0.000	0.000	0.000	0.656	2.655	2.723	0.693	0.000	0.000	0.000	0.000	0.000	0.000	0.000	0.000	0.000	0.000	0.000	0.000	
0.000	0.000	0.000	0.000	0.000	0.000	0.000	0.000	0.000	0.000	0.000	0.000	0.801	3.219	3.219	0.805	0.000	0.000	0.000	0.000	0.000	0.000	0.000	0.000	0.000	0.000	0.000	0.000	
0.000	0.000	0.000	0.000	0.000	0.000	0.000	0.000	0.000	0.000	0.000	0.000	0.805	3.219	3.219	0.805	0.000	0.000	0.000	0.000	0.000	0.000	0.000	0.000	0.000	0.000	0.000	0.000	
0.000	0.000	0.000	0.000	0.000	0.000	0.000	0.000	0.000	0.000	0.000	0.000	0.805	3.219	3.219	0.805	0.000	0.000	0.000	0.000	0.000	0.000	0.000	0.000	0.000	0.000	0.000	0.000	
