0.050	0.050	0.050	0.050	0.050	0.050	0.050	0.050	0.050	0.050	0.050	0.050	0.050	0.048	0.048	0.048	0.048	0.048	0.048	0.048	0.048	0.048	0.048	0.048	0.048	0.048	0.048	0.048	
0.050	0.050	0.050	0.050	0.050	0.050	0.050	0.050	0.050	0.050	0.050	0.050	0.050	0.048	0.048	0.048	0.048	0.048	0.048	0.048	0.048	0.048	0.048	0.048	0.048	0.048	0.048	0.048	
0.050	0.050	0.050	0.050	0.050	0.050	0.050	0.050	0.050	0.050	0.050	0.050	0.050	0.048	0.048	0.048	0.048	0.048	0.048	0.048	0.048	0.048	0.048	0.048	0.048	0.048	0.048	0.048	
0.050	0.050	0.050	0.050	0.050	0.050	0.050	0.050	0.050	0.050	0.050	0.050	0.050	0.048	0.048	0.048	0.048	0.048	0.048	0.048	0.048	0.048	0.048	0.048	0.048	0.048	0.048	0.048	
0.050	0.050	0.050	0.050	0.050	0.050	0.050	0.050	0.050	0.050	0.050	0.050	0.050	0.048	0.048	0.048	0.048	0.048	0.048	0.048	0.048	0.048	0.048	0.048	0.048	0.048	0.048	0.048	
0.050	0.050	0.050	0.050	0.050	0.050	0.050	0.050	0.050	0.050	0.050	0.050	0.050	0.048	0.048	0.048	0.048	0.048	0.048	0.048	0.048	0.048	0.048	0.048	0.048	0.048	0.048	0.048	
0.050	0.050	0.050	0.050	0.050	0.050	0.050	0.050	0.050	0.050	0.050	0.050	0.050	0.048	0.048	0.048	0.048	0.048	0.048	0.048	0.048	0.048	0.048	0.048	0.048	0.048	0.048	0.048	
0.050	0.050	0.050	0.050	0.050	0.050	0.050	0.050	0.050	0.050	0.050	0.050	0.050	0.048	0.048	0.048	0.048	0.048	0.048	0.048	0.048	0.048	0.048	0.048	0.048	0.048	0.048	0.048	
0.050	0.050	0.050	0.050	0.050	0.050	0.050	0.050	0.050	0.050	0.050	0.050	0.050	0.048	0.048	0.048	0.048	0.048	0.048	0.048	0.048	0.048	0.048	0.048	0.048	0.048	0.048	0.048	
0.050	0.050	0.050	0.050	0.050	0.050	0.050	0.050	0.050	0.050	0.050	0.050	0.050	0.048	0.048	0.048	0.048	0.048	0.048	0.048	0.048	0.048	0.048	0.048	0.048	0.048	0.048	0.048	
0.050	0.050	0.050	0.050	0.050	0.050	0.050	0.050	0.050	0.050	0.050	0.050	0.050	0.048	0.048	0.048	0.048	0.048	0.048	0.048	0.048	0.048	0.048	0.048	0.048	0.048	0.048	0.048	
0.050	0.050	0.050	0.050	0.050	0.050	0.050	0.050	0.050	0.050	0.050	0.050	0.050	0.049	0.048	0.048	0.048	0.048	0.048	0.048	0.048	0.048	0.048	0.048	0.048	0.048	0.048	0.048	
0.050	0.050	0.050	0.050	0.050	0.050	0.050	0.050	0.050	0.050	0.050	0.050	0.050	0.049	0.048	0.048	0.048	0.048	0.048	0.048	0.048	0.048	0.048	0.048	0.048	0.048	0.048	0.048	
0.050	0.050	0.050	0.050	0.050	0.050	0.050	0.050	0.050	0.050	0.050	0.050	0.050	0.049	0.048	0.048	0.048	0.048	0.048	0.048	0.048	0.048	0.048	0.048	0.048	0.048	0.048	0.048	
0.050	0.050	0.050	0.050	0.050	0.050	0.050	0.050	0.050	0.050	0.050	0.050	0.050	0.049	0.048	0.048	0.048	0.048	0.048	0.048	0.048	0.048	0.048	0.048	0.048	0.048	0.048	0.048	
0.050	0.050	0.050	0.050	0.050	0.050	0.050	0.050	0.050	0.050	0.050	0.050	0.050	0.049	0.048	0.048	0.048	0.048	0.048	0.048	0.048	0.048	0.048	0.048	0.048	0.048	0.048	0.048	
0.050	0.050	0.050	0.050	0.050	0.050	0.050	0.050	0.050	0.050	0.050	0.050	0.050	0.084	0.048	0.048	0.048	0.048	0.048	0.048	0.048	0.048	0.048	0.048	0.048	0.048	0.048	0.048	
0.050	0.050	0.050	0.050	0.050	0.050	0.050	0.050	0.050	0.050	0.050	0.050	0.050	0.145	0.048	0.048	0.048	0.048	0.048	0.048	0.048	0.048	0.048	0.048	0.048	0.048	0.048	0.048	
0.050	0.050	0.050	0.050	0.050	0.050	0.050	0.050	0.050	0.050	0.050	0.050	0.050	0.207	0.048	0.048	0.048	0.048	0.048	0.048	0.048	0.048	0.048	0.048	0.048	0.048	0.048	0.048	
0.050	0.050	0.050	0.050	0.050	0.050	0.050	0.050	0.050	0.050	0.050	0.050	0.050	0.268	0.048	0.048	0.048	0.048	0.048	0.048	0.048	0.048	0.048	0.048	0.048	0.048	0.048	0.048	
0.050	0.050	0.050	0.050	0.050	0.050	0.050	0.050	0.050	0.050	0.050	0.050	0.050	0.322	0.055	0.048	0.048	0.048	0.048	0.048	0.048	0.048	0.048	0.048	0.048	0.048	0.048	0.048	
0.050	0.050	0.050	0.050	0.050	0.050	0.050	0.050	0.050	0.050	0.050	0.050	0.050	0.339	0.098	0.048	0.048	0.048	0.048	0.048	0.048	0.048	0.048	0.048	0.048	0.048	0.048	0.048	
0.050	0.050	0.050	0.050	0.050	0.050	0.050	0.050	0.050	0.050	0.050	0.050	0.050	0.352	0.146	0.048	0.048	0.048	0.048	0.048	0.048	0.048	0.048	0.048	0.048	0.048	0.048	0.048	
0.050	0.050	0.050	0.050	0.050	0.050	0.050	0.050	0.050	0.050	0.050	0.050	0.050	0.366	0.194	0.048	0.048	0.048	0.048	0.048	0.048	0.048	0.048	0.048	0.048	0.048	0.048	0.048	
0.050	0.050	0.050	0.050	0.050	0.050	0.050	0.050	0.050	0.050	0.050	0.050	0.050	0.379	0.242	0.048	0.048	0.048	0.048	0.048	0.048	0.048	0.048	0.048	0.048	0.048	0.048	0.048	
0.050	0.050	0.050	0.050	0.050	0.050	0.050	0.050	0.050	0.050	0.050	0.050	0.050	0.392	0.290	0.048	0.048	0.048	0.048	0.048	0.048	0.048	0.048	0.048	0.048	0.048	0.048	0.048	
0.051	0.050	0.050	0.050	0.050	0.050	0.050	0.050	0.050	0.050	0.050	0.050	0.050	0.405	0.338	0.048	0.048	0.048	0.048	0.048	0.048	0.048	0.048	0.048	0.048	0.048	0.048	0.048	
0.137	0.050	0.050	0.050	0.050	0.050	0.050	0.050	0.050	0.050	0.050	0.050	0.050	0.418	0.387	0.048	0.048	0.048	0.048	0.048	0.048	0.048	0.048	0.048	0.048	0.048	0.048	0.049	
0.276	0.051	0.050	0.050	0.050	0.050	0.050	0.050	0.050	0.050	0.050	0.050	0.050	0.431	0.435	0.048	0.048	0.048	0.048	0.048	0.048	0.048	0.048	0.048	0.048	0.048	0.048	0.159	
0.328	0.141	0.050	0.050	0.050	0.050	0.050	0.050	0.050	0.050	0.050	0.050	0.050	0.444	0.475	0.055	0.048	0.048	0.048	0.048	0.048	0.048	0.048	0.048	0.048	0.048	0.055	0.337	
0.328	0.280	0.052	0.050	0.050	0.050	0.050	0.050	0.050	0.050	0.050	0.050	0.050	0.457	0.480	0.098	0.048	0.048	0.048	0.048	0.048	0.048	0.048	0.048	0.048	0.048	0.193	0.385	
0.328	0.328	0.145	0.050	0.050	0.050	0.050	0.050	0.050	0.050	0.050	0.050	0.050	0.470	0.480	0.146	0.048	0.048	0.048	0.048	0.048	0.048	0.048	0.048	0.048	0.068	0.358	0.385	
0.328	0.328	0.283	0.053	0.050	0.050	0.050	0.050	0.050	0.050	0.050	0.050	0.053	0.480	0.480	0.194	0.048	0.048	0.048	0.048	0.048	0.048	0.048	0.048	0.048	0.227	0.385	0.385	
0.328	0.328	0.328	0.149	0.050	0.050	0.050	0.050	0.050	0.050	0.050	0.050	0.066	0.480	0.480	0.242	0.048	0.048	0.048	0.048	0.048	0.048	0.048	0.048	0.086	0.373	0.385	0.385	
0.328	0.328	0.328	0.287	0.054	0.050	0.050	0.050	0.050	0.050	0.050	0.050	0.079	0.480	0.480	0.290	0.048	0.048	0.048	0.048	0.048	0.048	0.048	0.048	0.260	0.385	0.385	0.385	
0.328	0.328	0.328	0.328	0.154	0.050	0.050	0.050	0.050	0.050	0.050	0.050	0.092	0.480	0.480	0.338	0.048	0.048	0.048	0.048	0.048	0.048	0.048	0.111	0.382	0.385	0.385	0.385	
0.328	0.328	0.328	0.328	0.290	0.055	0.050	0.050	0.050	0.050	0.050	0.050	0.105	0.480	0.480	0.387	0.048	0.048	0.048	0.048	0.048	0.048	0.048	0.294	0.385	0.385	0.385	0.385	
0.328	0.328	0.328	0.328	0.328	0.158	0.050	0.050	0.050	0.050	0.050	0.050	0.118	0.480	0.480	0.435	0.048	0.048	0.048	0.048	0.048	0.048	0.142	0.385	0.385	0.385	0.385	0.385	
0.328	0.328	0.328	0.328	0.328	0.293	0.056	0.050	0.050	0.050	0.050	0.050	0.655	0.491	0.480	0.475	0.055	0.048	0.048	0.048	0.048	0.051	0.324	0.385	0.385	0.385	0.385	0.385	
0.328	0.328	0.328	0.328	0.328	0.328	0.162	0.050	0.050	0.050	0.050	0.050	1.370	0.783	0.480	0.480	0.098	0.048	0.048	0.048	0.048	0.176	0.385	0.385	0.385	0.385	0.385	0.574	
0.328	0.328	0.328	0.328	0.328	0.328	0.296	0.057	0.050	0.050	0.050	0.050	1.963	1.196	0.480	0.480	0.146	0.048	0.048	0.048	0.061	0.349	0.385	0.385	0.385	0.385	0.547	0.826	
0.428	0.328	0.328	0.328	0.328	0.328	0.328	0.167	0.050	0.050	0.050	0.206	2.400	1.610	0.480	0.480	0.194	0.048	0.048	0.048	0.210	0.385	0.385	0.385	0.385	0.522	0.821	0.829	
1.085	0.647	0.330	0.328	0.328	0.328	0.328	0.299	0.059	0.050	0.050	0.777	2.423	2.023	0.480	0.480	0.242	0.048	0.048	0.076	0.367	0.385	0.385	0.385	0.499	0.815	0.829	0.829	
1.125	1.125	0.905	0.418	0.328	0.328	0.328	0.328	0.540	0.132	0.050	1.370	2.423	2.378	0.539	0.480	0.465	0.048	0.338	0.518	0.385	0.385	0.385	0.478	0.806	0.829	0.829	0.829	
1.125	1.125	1.125	1.077	0.630	0.329	0.328	0.328	3.046	4.167	3.031	3.937	2.974	3.000	2.647	3.466	4.572	3.830	4.458	2.479	0.385	0.385	0.459	0.795	0.829	0.829	0.829	0.829	
1.195	1.125	1.125	1.125	1.125	0.889	0.408	0.776	4.218	4.462	4.661	4.970	4.950	4.803	4.791	4.680	4.680	4.532	4.486	3.894	1.504	0.914	0.782	0.829	0.829	0.829	0.829	0.829	
1.488	1.371	1.188	1.125	1.125	1.125	1.796	4.651	4.678	4.872	5.383	5.068	5.040	4.827	4.819	5.063	5.056	5.260	5.218	4.703	4.485	3.630	0.829	0.829	0.829	0.843	1.094	1.428	
1.490	1.490	1.487	1.363	1.181	1.125	2.699	4.724	4.722	5.509	5.691	5.629	5.540	5.461	5.078	5.411	5.411	5.570	5.591	5.003	4.485	4.402	1.293	0.948	1.278	1.596	1.679	1.679	
1.490	1.490	1.490	1.490	1.486	2.676	5.245	5.142	5.726	6.122	5.773	5.693	5.569	5.119	3.579	4.686	6.011	6.253	5.962	6.159	5.292	5.143	4.518	1.675	1.679	1.679	1.679	1.679	
1.490	1.490	1.490	1.490	1.490	3.196	5.281	5.281	6.156	6.196	5.888	5.703	5.683	3.773	3.495	3.992	6.425	6.425	6.258	6.216	5.641	5.156	4.661	1.679	1.679	1.679	1.679	1.679	
0.000	0.000	0.000	0.000	0.000	0.000	0.000	0.000	0.000	0.000	0.000	0.000	3.027	3.504	3.495	1.893	0.000	0.000	0.000	0.000	0.000	0.000	0.000	0.000	0.000	0.000	0.000	0.000	
0.000	0.000	0.000	0.000	0.000	0.000	0.000	0.000	0.000	0.000	0.000	0.000	0.692	2.620	2.739	0.704	0.000	0.000	0.000	0.000	0.000	0.000	0.000	0.000	0.000	0.000	0.000	0.000	
0.000	0.000	0.000	0.000	0.000	0.000	0.000	0.000	0.000	0.000	0.000	0.000	0.644	2.577	2.577	0.644	0.000	0.000	0.000	0.000	0.000	0.000	0.000	0.000	0.000	0.000	0.000	0.000	
0.000	0.000	0.000	0.000	0.000	0.000	0.000	0.000	0.000	0.000	0.000	0.000	0.644	2.577	2.577	0.644	0.000	0.000	0.000	0.000	0.000	0.000	0.000	0.000	0.000	0.000	0.000	0.000	
0.000	0.000	0.000	0.000	0.000	0.000	0.000	0.000	0.000	0.000	0.000	0.000	0.644	2.577	2.577	0.644	0.000	0.000	0.000	0.000	0.000	0.000	0.000	0.000	0.000	0.000	0.000	0.000	
