0.045	0.045	0.045	0.045	0.045	0.045	0.045	0.045	0.045	0.045	0.045	0.045	0.045	0.079	0.133	0.050	0.050	0.050	0.050	0.050	0.050	0.050	0.050	0.050	0.050	0.050	0.050	0.050	
0.045	0.045	0.045	0.045	0.045	0.045	0.045	0.045	0.045	0.045	0.045	0.045	0.045	0.083	0.144	0.050	0.050	0.050	0.050	0.050	0.050	0.050	0.050	0.050	0.050	0.050	0.050	0.050	
0.045	0.045	0.045	0.045	0.045	0.045	0.045	0.045	0.045	0.045	0.045	0.045	0.045	0.088	0.155	0.050	0.050	0.050	0.050	0.050	0.050	0.050	0.050	0.050	0.050	0.050	0.050	0.050	
0.045	0.045	0.045	0.045	0.045	0.045	0.045	0.045	0.045	0.045	0.045	0.045	0.045	0.092	0.166	0.050	0.050	0.050	0.050	0.050	0.050	0.050	0.050	0.050	0.050	0.050	0.050	0.050	
0.045	0.045	0.045	0.045	0.045	0.045	0.045	0.045	0.045	0.045	0.045	0.045	0.045	0.096	0.176	0.050	0.050	0.050	0.050	0.050	0.050	0.050	0.050	0.050	0.050	0.050	0.050	0.050	
0.045	0.045	0.045	0.045	0.045	0.045	0.045	0.045	0.045	0.045	0.045	0.045	0.045	0.100	0.187	0.050	0.050	0.050	0.050	0.050	0.050	0.050	0.050	0.050	0.050	0.050	0.050	0.050	
0.045	0.045	0.045	0.045	0.045	0.045	0.045	0.045	0.045	0.045	0.045	0.045	0.045	0.104	0.198	0.050	0.050	0.050	0.050	0.050	0.050	0.050	0.050	0.050	0.050	0.050	0.050	0.050	
0.045	0.045	0.045	0.045	0.045	0.045	0.045	0.045	0.045	0.045	0.045	0.045	0.045	0.108	0.209	0.050	0.050	0.050	0.050	0.050	0.050	0.050	0.050	0.050	0.050	0.050	0.050	0.050	
0.045	0.045	0.045	0.045	0.045	0.045	0.045	0.045	0.045	0.045	0.045	0.045	0.045	0.112	0.220	0.050	0.050	0.050	0.050	0.050	0.050	0.050	0.050	0.050	0.050	0.050	0.050	0.050	
0.045	0.045	0.045	0.045	0.045	0.045	0.045	0.045	0.045	0.045	0.045	0.045	0.045	0.116	0.231	0.050	0.050	0.050	0.050	0.050	0.050	0.050	0.050	0.050	0.050	0.050	0.050	0.050	
0.045	0.045	0.045	0.045	0.045	0.045	0.045	0.045	0.045	0.045	0.045	0.045	0.045	0.120	0.242	0.050	0.050	0.050	0.050	0.050	0.050	0.050	0.050	0.050	0.050	0.050	0.050	0.050	
0.045	0.045	0.045	0.045	0.045	0.045	0.045	0.045	0.045	0.045	0.045	0.045	0.045	0.124	0.250	0.053	0.050	0.050	0.050	0.050	0.050	0.050	0.050	0.050	0.050	0.050	0.050	0.050	
0.045	0.045	0.045	0.045	0.045	0.045	0.045	0.045	0.045	0.045	0.045	0.045	0.045	0.128	0.250	0.064	0.050	0.050	0.050	0.050	0.050	0.050	0.050	0.050	0.050	0.050	0.050	0.050	
0.045	0.045	0.045	0.045	0.045	0.045	0.045	0.045	0.045	0.045	0.045	0.045	0.045	0.133	0.250	0.075	0.050	0.050	0.050	0.050	0.050	0.050	0.050	0.050	0.050	0.050	0.050	0.050	
0.045	0.045	0.045	0.045	0.045	0.045	0.045	0.045	0.045	0.045	0.045	0.045	0.045	0.137	0.250	0.085	0.050	0.050	0.050	0.050	0.050	0.050	0.050	0.050	0.050	0.050	0.050	0.050	
0.045	0.045	0.045	0.045	0.045	0.045	0.045	0.045	0.045	0.045	0.045	0.045	0.045	0.141	0.250	0.096	0.050	0.050	0.050	0.050	0.050	0.050	0.050	0.050	0.050	0.050	0.050	0.050	
0.045	0.045	0.045	0.045	0.045	0.045	0.045	0.045	0.045	0.045	0.045	0.045	0.045	0.145	0.250	0.107	0.050	0.050	0.050	0.050	0.050	0.050	0.050	0.050	0.050	0.050	0.050	0.050	
0.045	0.045	0.045	0.045	0.045	0.045	0.045	0.045	0.045	0.045	0.045	0.045	0.045	0.149	0.250	0.118	0.050	0.050	0.050	0.050	0.050	0.050	0.050	0.050	0.050	0.050	0.050	0.050	
0.045	0.045	0.045	0.045	0.045	0.045	0.045	0.045	0.045	0.045	0.045	0.045	0.045	0.153	0.250	0.129	0.050	0.050	0.050	0.050	0.050	0.050	0.050	0.050	0.050	0.050	0.050	0.050	
0.045	0.045	0.045	0.045	0.045	0.045	0.045	0.045	0.045	0.045	0.045	0.045	0.045	0.157	0.250	0.140	0.050	0.050	0.050	0.050	0.050	0.050	0.050	0.050	0.050	0.050	0.050	0.050	
0.045	0.045	0.045	0.045	0.045	0.045	0.045	0.045	0.045	0.045	0.045	0.045	0.045	0.161	0.250	0.151	0.050	0.050	0.050	0.050	0.050	0.050	0.050	0.050	0.050	0.050	0.050	0.050	
0.045	0.045	0.045	0.045	0.045	0.045	0.045	0.045	0.045	0.045	0.045	0.045	0.045	0.165	0.250	0.162	0.050	0.050	0.050	0.050	0.050	0.050	0.050	0.050	0.050	0.050	0.050	0.050	
0.045	0.045	0.045	0.045	0.045	0.045	0.045	0.045	0.045	0.045	0.045	0.045	0.045	0.169	0.250	0.173	0.050	0.050	0.050	0.050	0.050	0.050	0.050	0.050	0.050	0.050	0.050	0.050	
0.045	0.045	0.045	0.045	0.045	0.045	0.045	0.045	0.045	0.045	0.045	0.045	0.045	0.173	0.250	0.184	0.050	0.050	0.050	0.050	0.050	0.050	0.050	0.050	0.050	0.050	0.050	0.050	
0.045	0.045	0.045	0.045	0.045	0.045	0.045	0.045	0.045	0.045	0.045	0.045	0.045	0.177	0.250	0.195	0.050	0.050	0.050	0.050	0.050	0.050	0.050	0.050	0.050	0.050	0.050	0.050	
0.045	0.045	0.045	0.045	0.045	0.045	0.045	0.045	0.045	0.045	0.045	0.045	0.045	0.182	0.250	0.206	0.050	0.050	0.050	0.050	0.050	0.050	0.050	0.050	0.050	0.050	0.050	0.050	
0.045	0.045	0.045	0.045	0.045	0.045	0.045	0.045	0.045	0.045	0.045	0.045	0.045	0.186	0.250	0.217	0.050	0.050	0.050	0.050	0.050	0.050	0.050	0.050	0.050	0.050	0.050	0.050	
0.045	0.045	0.045	0.045	0.045	0.045	0.045	0.045	0.045	0.045	0.045	0.045	0.045	0.190	0.250	0.227	0.050	0.050	0.050	0.050	0.050	0.050	0.050	0.050	0.050	0.050	0.050	0.050	
0.045	0.045	0.045	0.045	0.045	0.045	0.045	0.045	0.045	0.045	0.045	0.045	0.045	0.194	0.250	0.238	0.050	0.050	0.050	0.050	0.050	0.050	0.050	0.050	0.050	0.050	0.050	0.050	
0.045	0.045	0.045	0.045	0.045	0.045	0.045	0.045	0.045	0.045	0.045	0.045	0.045	0.198	0.250	0.248	0.051	0.050	0.050	0.050	0.050	0.050	0.050	0.050	0.050	0.050	0.050	0.050	
0.045	0.045	0.045	0.045	0.045	0.045	0.045	0.045	0.045	0.045	0.045	0.045	0.045	0.202	0.250	0.250	0.060	0.050	0.050	0.050	0.050	0.050	0.050	0.050	0.050	0.050	0.050	0.082	
0.090	0.045	0.045	0.045	0.045	0.045	0.045	0.045	0.045	0.045	0.045	0.045	0.045	0.206	0.250	0.250	0.071	0.050	0.050	0.050	0.050	0.050	0.050	0.050	0.050	0.050	0.050	0.218	
0.226	0.045	0.045	0.045	0.045	0.045	0.045	0.045	0.045	0.045	0.045	0.045	0.045	0.210	0.250	0.250	0.082	0.050	0.050	0.050	0.050	0.050	0.050	0.050	0.050	0.050	0.089	0.323	
0.299	0.112	0.045	0.045	0.045	0.045	0.045	0.045	0.045	0.045	0.045	0.045	0.045	0.214	0.250	0.250	0.093	0.050	0.050	0.050	0.050	0.050	0.050	0.050	0.050	0.050	0.229	0.327	
0.299	0.249	0.047	0.045	0.045	0.045	0.045	0.045	0.045	0.045	0.045	0.045	0.045	0.218	0.250	0.250	0.104	0.050	0.050	0.050	0.050	0.050	0.050	0.050	0.050	0.098	0.325	0.327	
0.299	0.299	0.136	0.045	0.045	0.045	0.045	0.045	0.045	0.045	0.045	0.045	0.045	0.222	0.250	0.250	0.115	0.050	0.050	0.050	0.050	0.050	0.050	0.050	0.050	0.240	0.327	0.327	
0.299	0.299	0.267	0.053	0.045	0.045	0.045	0.045	0.045	0.045	0.045	0.045	0.045	0.227	0.250	0.250	0.126	0.050	0.050	0.050	0.050	0.050	0.050	0.050	0.108	0.327	0.327	0.327	
0.299	0.299	0.299	0.160	0.045	0.045	0.045	0.045	0.045	0.045	0.045	0.045	0.045	0.231	0.250	0.250	0.136	0.050	0.050	0.050	0.050	0.050	0.050	0.050	0.251	0.327	0.327	0.327	
0.299	0.299	0.299	0.281	0.062	0.045	0.045	0.045	0.045	0.045	0.045	0.045	0.045	0.235	0.250	0.250	0.147	0.050	0.050	0.050	0.050	0.050	0.050	0.118	0.327	0.327	0.327	0.327	
0.299	0.299	0.299	0.299	0.184	0.045	0.045	0.045	0.045	0.045	0.045	0.045	0.045	0.239	0.250	0.250	0.158	0.050	0.050	0.050	0.050	0.050	0.050	0.262	0.327	0.327	0.327	0.327	
0.299	0.299	0.299	0.299	0.292	0.076	0.045	0.045	0.045	0.045	0.045	0.045	0.045	0.243	0.250	0.250	0.169	0.050	0.050	0.050	0.050	0.050	0.129	0.327	0.327	0.327	0.327	0.327	
0.299	0.299	0.299	0.299	0.299	0.208	0.045	0.045	0.045	0.045	0.045	0.045	0.171	0.408	0.250	0.250	0.180	0.050	0.050	0.050	0.050	0.051	0.272	0.327	0.327	0.327	0.327	0.327	
0.299	0.299	0.299	0.299	0.299	0.297	0.095	0.045	0.045	0.045	0.045	0.045	1.030	1.248	0.250	0.250	0.191	0.050	0.050	0.050	0.050	0.140	0.327	0.327	0.327	0.327	0.327	0.327	
0.299	0.299	0.299	0.299	0.299	0.299	0.602	0.268	0.045	0.045	0.045	0.045	2.009	2.158	0.250	0.250	0.202	0.050	0.050	0.050	0.053	0.282	0.327	0.327	0.327	0.327	0.327	0.327	
0.299	0.299	0.299	0.299	0.299	0.299	0.725	2.363	0.548	0.045	0.045	0.200	2.832	2.872	0.447	0.250	0.213	0.050	0.050	0.050	0.169	0.327	0.327	0.327	0.327	0.327	0.327	0.327	
0.299	0.299	0.299	0.299	0.299	0.299	0.385	2.664	2.574	0.939	0.180	1.832	2.926	2.926	1.445	0.252	1.256	1.039	0.429	2.378	2.098	0.327	0.327	0.327	0.327	0.327	0.327	0.327	
0.299	0.299	0.299	0.299	0.299	0.299	0.299	2.392	2.681	2.672	4.048	4.452	3.553	3.211	4.545	4.290	4.586	4.630	4.092	4.036	2.775	0.327	0.327	0.327	0.327	0.327	0.327	0.327	
0.299	0.299	0.299	0.299	0.299	0.299	0.440	2.648	2.681	3.151	4.488	4.454	4.339	4.127	4.698	4.701	4.632	4.630	4.217	4.036	3.360	0.530	0.554	0.577	0.601	0.625	0.649	0.673	
0.299	0.299	0.299	0.299	0.299	0.858	3.391	4.070	4.771	5.552	5.652	5.899	4.912	3.726	4.043	4.604	4.569	4.579	4.846	4.875	3.922	1.548	1.548	1.548	1.548	1.548	1.548	1.548	
0.299	0.299	0.299	0.299	1.554	3.867	4.071	4.071	5.071	5.552	5.813	6.102	5.197	3.726	3.726	4.445	4.563	4.563	4.881	4.919	4.017	1.548	1.548	1.548	1.548	1.548	1.548	1.548	
0.000	0.000	0.000	0.000	0.000	0.000	0.000	0.000	0.000	0.000	0.000	0.000	2.474	3.219	2.997	2.072	0.000	0.000	0.000	0.000	0.000	0.000	0.000	0.000	0.000	0.000	0.000	0.000	
0.000	0.000	0.000	0.000	0.000	0.000	0.000	0.000	0.000	0.000	0.000	0.000	0.566	2.263	2.263	0.566	0.000	0.000	0.000	0.000	0.000	0.000	0.000	0.000	0.000	0.000	0.000	0.000	
0.000	0.000	0.000	0.000	0.000	0.000	0.000	0.000	0.000	0.000	0.000	0.000	0.566	2.263	2.263	0.566	0.000	0.000	0.000	0.000	0.000	0.000	0.000	0.000	0.000	0.000	0.000	0.000	
0.000	0.000	0.000	0.000	0.000	0.000	0.000	0.000	0.000	0.000	0.000	0.000	0.566	2.263	2.263	0.566	0.000	0.000	0.000	0.000	0.000	0.000	0.000	0.000	0.000	0.000	0.000	0.000	
0.000	0.000	0.000	0.000	0.000	0.000	0.000	0.000	0.000	0.000	0.000	0.000	0.566	2.263	2.263	0.566	0.000	0.000	0.000	0.000	0.000	0.000	0.000	0.000	0.000	0.000	0.000	0.000	
