0.089	0.089	0.089	0.089	0.089	0.089	0.089	0.087	0.037	0.036	0.036	0.036	0.036	0.036	0.036	0.036	0.036	0.036	0.036	0.036	0.036	0.036	0.036	0.036	0.036	0.036	0.036	0.036	
0.089	0.089	0.089	0.089	0.089	0.089	0.089	0.089	0.043	0.036	0.036	0.036	0.036	0.036	0.036	0.036	0.036	0.036	0.036	0.036	0.036	0.036	0.036	0.036	0.036	0.036	0.036	0.036	
0.091	0.089	0.089	0.089	0.089	0.089	0.089	0.089	0.051	0.036	0.036	0.036	0.036	0.036	0.036	0.036	0.036	0.036	0.036	0.036	0.036	0.036	0.036	0.036	0.036	0.036	0.036	0.036	
0.096	0.089	0.089	0.089	0.089	0.089	0.089	0.089	0.060	0.036	0.036	0.036	0.036	0.036	0.036	0.036	0.036	0.036	0.036	0.036	0.036	0.036	0.036	0.036	0.036	0.036	0.036	0.036	
0.100	0.089	0.089	0.089	0.089	0.089	0.089	0.089	0.068	0.036	0.036	0.036	0.036	0.036	0.036	0.036	0.036	0.036	0.036	0.036	0.036	0.036	0.036	0.036	0.036	0.036	0.036	0.036	
0.105	0.089	0.089	0.089	0.089	0.089	0.089	0.089	0.076	0.036	0.036	0.036	0.036	0.036	0.036	0.036	0.036	0.036	0.036	0.036	0.036	0.036	0.036	0.036	0.036	0.036	0.036	0.036	
0.106	0.092	0.089	0.089	0.089	0.089	0.089	0.089	0.084	0.036	0.036	0.036	0.036	0.036	0.036	0.036	0.036	0.036	0.036	0.036	0.036	0.036	0.036	0.036	0.036	0.036	0.036	0.036	
0.106	0.096	0.089	0.089	0.089	0.089	0.089	0.089	0.089	0.040	0.036	0.036	0.036	0.036	0.036	0.036	0.036	0.036	0.036	0.036	0.036	0.036	0.036	0.036	0.036	0.036	0.036	0.036	
0.106	0.100	0.089	0.089	0.089	0.089	0.089	0.089	0.089	0.049	0.036	0.036	0.036	0.036	0.036	0.036	0.036	0.036	0.036	0.036	0.036	0.036	0.036	0.036	0.036	0.036	0.036	0.036	
0.106	0.105	0.089	0.089	0.089	0.089	0.089	0.089	0.089	0.057	0.036	0.036	0.036	0.036	0.036	0.036	0.036	0.036	0.036	0.036	0.036	0.036	0.036	0.036	0.036	0.036	0.036	0.036	
0.106	0.106	0.092	0.089	0.089	0.089	0.089	0.089	0.089	0.065	0.036	0.036	0.036	0.036	0.036	0.036	0.036	0.036	0.036	0.036	0.036	0.036	0.036	0.036	0.036	0.036	0.036	0.036	
0.106	0.106	0.096	0.089	0.089	0.089	0.089	0.089	0.089	0.073	0.036	0.036	0.036	0.036	0.036	0.036	0.036	0.036	0.036	0.036	0.036	0.036	0.036	0.036	0.036	0.036	0.036	0.036	
0.106	0.106	0.101	0.089	0.089	0.089	0.089	0.089	0.089	0.082	0.036	0.036	0.036	0.036	0.036	0.036	0.036	0.036	0.036	0.036	0.036	0.036	0.036	0.036	0.036	0.036	0.036	0.036	
0.106	0.106	0.105	0.089	0.089	0.089	0.089	0.089	0.089	0.088	0.038	0.036	0.036	0.036	0.036	0.036	0.036	0.036	0.036	0.036	0.036	0.036	0.036	0.036	0.036	0.036	0.036	0.036	
0.106	0.106	0.106	0.092	0.089	0.089	0.089	0.089	0.089	0.089	0.046	0.036	0.036	0.036	0.036	0.036	0.036	0.036	0.036	0.036	0.036	0.036	0.036	0.036	0.036	0.036	0.036	0.036	
0.106	0.106	0.106	0.097	0.089	0.089	0.089	0.089	0.089	0.089	0.054	0.036	0.036	0.036	0.036	0.036	0.036	0.036	0.036	0.036	0.036	0.036	0.036	0.036	0.036	0.036	0.036	0.036	
0.106	0.106	0.106	0.101	0.089	0.089	0.089	0.089	0.089	0.089	0.062	0.036	0.036	0.036	0.036	0.036	0.036	0.036	0.036	0.036	0.036	0.036	0.036	0.036	0.036	0.036	0.036	0.036	
0.106	0.106	0.106	0.105	0.089	0.089	0.089	0.089	0.089	0.089	0.071	0.036	0.036	0.036	0.036	0.036	0.036	0.036	0.036	0.036	0.036	0.036	0.036	0.036	0.036	0.036	0.036	0.036	
0.106	0.106	0.106	0.106	0.093	0.089	0.089	0.089	0.089	0.089	0.079	0.036	0.036	0.036	0.036	0.036	0.036	0.036	0.036	0.036	0.036	0.036	0.036	0.036	0.036	0.036	0.036	0.036	
0.106	0.106	0.106	0.106	0.097	0.089	0.089	0.089	0.089	0.089	0.087	0.037	0.036	0.036	0.036	0.036	0.036	0.036	0.036	0.036	0.036	0.036	0.036	0.036	0.036	0.036	0.036	0.036	
0.106	0.106	0.106	0.106	0.102	0.089	0.089	0.089	0.089	0.089	0.089	0.043	0.036	0.036	0.036	0.036	0.036	0.036	0.036	0.036	0.036	0.036	0.036	0.036	0.036	0.036	0.036	0.036	
0.106	0.106	0.106	0.106	0.106	0.089	0.089	0.089	0.089	0.089	0.089	0.051	0.036	0.036	0.036	0.036	0.036	0.036	0.036	0.036	0.036	0.036	0.036	0.036	0.036	0.036	0.036	0.036	
0.106	0.106	0.106	0.106	0.106	0.093	0.089	0.089	0.089	0.089	0.089	0.060	0.036	0.036	0.036	0.036	0.036	0.036	0.036	0.036	0.036	0.036	0.036	0.036	0.036	0.036	0.036	0.036	
0.106	0.106	0.106	0.106	0.106	0.097	0.089	0.089	0.089	0.089	0.089	0.068	0.036	0.036	0.036	0.036	0.036	0.036	0.036	0.036	0.036	0.036	0.036	0.036	0.036	0.036	0.036	0.036	
0.106	0.106	0.106	0.106	0.106	0.102	0.089	0.089	0.089	0.089	0.089	0.076	0.036	0.036	0.036	0.036	0.036	0.036	0.036	0.036	0.036	0.036	0.036	0.036	0.036	0.036	0.036	0.036	
0.106	0.106	0.106	0.106	0.106	0.106	0.089	0.089	0.089	0.089	0.089	0.084	0.036	0.036	0.036	0.036	0.036	0.036	0.036	0.036	0.036	0.036	0.036	0.036	0.036	0.036	0.036	0.036	
0.106	0.106	0.106	0.106	0.106	0.106	0.093	0.089	0.089	0.089	0.089	0.089	0.040	0.036	0.036	0.036	0.036	0.036	0.036	0.036	0.036	0.036	0.036	0.036	0.036	0.036	0.036	0.036	
0.106	0.106	0.106	0.106	0.106	0.106	0.098	0.089	0.089	0.089	0.089	0.089	0.049	0.036	0.036	0.036	0.036	0.036	0.036	0.036	0.036	0.036	0.036	0.036	0.036	0.036	0.036	0.036	
0.106	0.106	0.106	0.106	0.106	0.106	0.102	0.089	0.089	0.089	0.089	0.089	0.057	0.036	0.036	0.036	0.036	0.036	0.036	0.036	0.036	0.036	0.036	0.036	0.036	0.036	0.036	0.036	
0.106	0.106	0.106	0.106	0.106	0.106	0.106	0.090	0.089	0.089	0.089	0.089	0.065	0.036	0.036	0.036	0.036	0.036	0.036	0.036	0.036	0.036	0.036	0.036	0.036	0.036	0.036	0.036	
0.106	0.106	0.106	0.106	0.106	0.106	0.106	0.094	0.089	0.089	0.089	0.089	0.073	0.036	0.036	0.036	0.036	0.036	0.036	0.036	0.036	0.036	0.036	0.036	0.036	0.036	0.036	0.036	
0.106	0.106	0.106	0.106	0.106	0.106	0.106	0.098	0.089	0.089	0.089	0.089	0.082	0.036	0.036	0.036	0.036	0.036	0.036	0.036	0.036	0.036	0.036	0.036	0.036	0.036	0.036	0.036	
0.106	0.106	0.106	0.106	0.106	0.106	0.106	0.103	0.089	0.089	0.089	0.089	0.088	0.038	0.036	0.036	0.036	0.036	0.036	0.036	0.036	0.036	0.036	0.036	0.036	0.036	0.036	0.042	
0.106	0.106	0.106	0.106	0.106	0.106	0.106	0.106	0.090	0.089	0.089	0.089	0.089	0.046	0.036	0.036	0.036	0.036	0.036	0.036	0.036	0.036	0.036	0.036	0.036	0.036	0.036	0.286	
0.106	0.106	0.106	0.106	0.106	0.106	0.106	0.106	0.094	0.089	0.089	0.089	0.089	0.054	0.036	0.036	0.036	0.036	0.036	0.036	0.036	0.036	0.036	0.036	0.036	0.036	0.195	0.493	
0.106	0.106	0.106	0.106	0.106	0.106	0.106	0.106	0.099	0.089	0.089	0.089	0.089	0.062	0.036	0.036	0.036	0.036	0.036	0.036	0.036	0.036	0.036	0.036	0.036	0.121	0.476	0.494	
0.106	0.106	0.106	0.106	0.106	0.106	0.106	0.106	0.103	0.089	0.089	0.089	0.089	0.071	0.036	0.036	0.036	0.036	0.036	0.036	0.036	0.036	0.036	0.036	0.070	0.435	0.494	0.494	
0.106	0.106	0.106	0.106	0.106	0.106	0.106	0.106	0.106	0.090	0.089	0.089	0.089	0.079	0.036	0.036	0.036	0.036	0.036	0.036	0.036	0.036	0.036	0.042	0.371	0.494	0.494	0.494	
0.106	0.106	0.106	0.106	0.106	0.106	0.106	0.106	0.106	0.094	0.089	0.089	0.089	0.087	0.037	0.036	0.036	0.036	0.036	0.036	0.036	0.036	0.036	0.286	0.494	0.494	0.494	0.474	
0.106	0.106	0.106	0.106	0.106	0.106	0.106	0.106	0.106	0.099	0.089	0.089	0.089	0.089	0.043	0.036	0.036	0.036	0.036	0.036	0.036	0.036	0.195	0.493	0.494	0.494	0.482	0.453	
0.310	0.106	0.106	0.106	0.106	0.106	0.106	0.106	0.106	0.103	0.089	0.089	0.089	0.089	0.051	0.036	0.036	0.036	0.036	0.036	0.036	0.121	0.476	0.494	0.494	0.489	0.456	0.453	
0.538	0.302	0.106	0.106	0.106	0.106	0.106	0.106	0.106	0.106	0.090	0.089	0.089	0.089	0.060	0.036	0.036	0.036	0.036	0.036	0.070	0.435	0.494	0.494	0.493	0.461	0.453	0.453	
0.538	0.537	0.293	0.106	0.106	0.106	0.106	0.106	0.106	0.106	0.095	0.089	0.089	0.089	0.068	0.036	0.036	0.036	0.036	0.042	0.371	0.494	0.494	0.494	0.469	0.453	0.453	0.453	
0.538	0.538	0.537	0.285	0.106	0.106	0.106	0.106	0.106	0.106	0.498	0.089	0.089	0.089	0.076	0.036	0.036	0.036	0.036	0.286	0.494	0.494	0.494	0.478	0.453	0.453	0.453	0.453	
0.538	0.538	0.538	0.536	0.277	0.106	0.106	0.106	0.106	0.106	1.717	1.234	0.089	0.089	0.084	0.036	0.036	0.036	0.195	0.493	0.494	0.494	0.486	0.454	0.453	0.453	0.453	0.453	
0.538	0.538	0.538	0.538	0.535	0.270	0.106	0.106	0.106	0.106	2.068	3.052	0.549	0.089	0.089	0.077	0.036	0.121	0.476	0.494	0.494	0.491	0.458	0.453	0.453	0.453	0.453	0.453	
0.538	0.538	0.538	0.538	0.538	0.534	0.262	0.106	0.106	0.106	2.419	3.203	2.606	1.270	2.109	4.260	3.368	0.963	0.494	0.494	0.494	0.464	0.453	0.453	0.453	0.453	0.453	0.453	
0.538	0.538	0.538	0.538	0.538	0.538	0.533	0.479	0.743	0.648	2.981	3.209	3.564	4.237	4.284	4.466	4.466	2.321	0.544	1.209	0.925	0.453	0.453	0.453	0.453	0.453	0.453	0.453	
0.538	0.538	0.538	0.538	0.538	0.538	0.538	2.072	4.914	4.914	4.862	4.781	4.446	4.237	4.239	4.551	4.851	4.932	4.838	5.023	2.171	0.453	0.453	0.453	0.453	0.453	0.453	0.453	
0.538	0.538	0.538	0.538	0.538	0.538	0.538	2.251	4.914	4.914	4.862	4.861	4.387	3.573	3.573	4.652	4.977	4.977	5.021	5.023	2.354	0.453	0.453	0.453	0.453	0.453	0.453	0.453	
0.000	0.000	0.000	0.000	0.000	0.000	0.000	0.000	0.000	0.000	0.000	0.000	1.852	3.321	3.321	1.969	0.000	0.000	0.000	0.000	0.000	0.000	0.000	0.000	0.000	0.000	0.000	0.000	
0.000	0.000	0.000	0.000	0.000	0.000	0.000	0.000	0.000	0.000	0.000	0.000	0.830	3.321	3.321	0.831	0.000	0.000	0.000	0.000	0.000	0.000	0.000	0.000	0.000	0.000	0.000	0.000	
0.000	0.000	0.000	0.000	0.000	0.000	0.000	0.000	0.000	0.000	0.000	0.000	0.854	3.425	3.437	0.861	0.000	0.000	0.000	0.000	0.000	0.000	0.000	0.000	0.000	0.000	0.000	0.000	
0.000	0.000	0.000	0.000	0.000	0.000	0.000	0.000	0.000	0.000	0.000	0.000	0.861	3.443	3.443	0.861	0.000	0.000	0.000	0.000	0.000	0.000	0.000	0.000	0.000	0.000	0.000	0.000	
0.000	0.000	0.000	0.000	0.000	0.000	0.000	0.000	0.000	0.000	0.000	0.000	0.861	3.443	3.443	0.861	0.000	0.000	0.000	0.000	0.000	0.000	0.000	0.000	0.000	0.000	0.000	0.000	
