0.055	0.040	0.040	0.040	0.040	0.040	0.040	0.040	0.040	0.040	0.040	0.040	0.040	0.040	0.040	0.040	0.040	0.040	0.040	0.040	0.040	0.040	0.040	0.040	0.040	0.040	0.083	0.132	
0.074	0.040	0.040	0.040	0.040	0.040	0.040	0.040	0.040	0.040	0.040	0.040	0.040	0.040	0.040	0.040	0.040	0.040	0.040	0.040	0.040	0.040	0.040	0.040	0.040	0.040	0.109	0.132	
0.094	0.040	0.040	0.040	0.040	0.040	0.040	0.040	0.040	0.040	0.040	0.040	0.040	0.040	0.040	0.040	0.040	0.040	0.040	0.040	0.040	0.040	0.040	0.040	0.040	0.045	0.130	0.132	
0.109	0.044	0.040	0.040	0.040	0.040	0.040	0.040	0.040	0.040	0.040	0.040	0.040	0.040	0.040	0.040	0.040	0.040	0.040	0.040	0.040	0.040	0.040	0.040	0.040	0.068	0.132	0.132	
0.110	0.062	0.040	0.040	0.040	0.040	0.040	0.040	0.040	0.040	0.040	0.040	0.040	0.040	0.040	0.040	0.040	0.040	0.040	0.040	0.040	0.040	0.040	0.040	0.040	0.094	0.132	0.132	
0.110	0.081	0.040	0.040	0.040	0.040	0.040	0.040	0.040	0.040	0.040	0.040	0.040	0.040	0.040	0.040	0.040	0.040	0.040	0.040	0.040	0.040	0.040	0.040	0.040	0.119	0.132	0.132	
0.110	0.101	0.040	0.040	0.040	0.040	0.040	0.040	0.040	0.040	0.040	0.040	0.040	0.040	0.040	0.040	0.040	0.040	0.040	0.040	0.040	0.040	0.040	0.040	0.053	0.132	0.132	0.132	
0.110	0.110	0.050	0.040	0.040	0.040	0.040	0.040	0.040	0.040	0.040	0.040	0.040	0.040	0.040	0.040	0.040	0.040	0.040	0.040	0.040	0.040	0.040	0.040	0.079	0.132	0.132	0.132	
0.110	0.110	0.069	0.040	0.040	0.040	0.040	0.040	0.040	0.040	0.040	0.040	0.040	0.040	0.040	0.040	0.040	0.040	0.040	0.040	0.040	0.040	0.040	0.040	0.104	0.132	0.132	0.132	
0.110	0.110	0.088	0.040	0.040	0.040	0.040	0.040	0.040	0.040	0.040	0.040	0.040	0.040	0.040	0.040	0.040	0.040	0.040	0.040	0.040	0.040	0.040	0.043	0.128	0.132	0.132	0.132	
0.110	0.110	0.106	0.042	0.040	0.040	0.040	0.040	0.040	0.040	0.040	0.040	0.040	0.040	0.040	0.040	0.040	0.040	0.040	0.040	0.040	0.040	0.040	0.064	0.132	0.132	0.132	0.132	
0.110	0.110	0.110	0.057	0.040	0.040	0.040	0.040	0.040	0.040	0.040	0.040	0.040	0.040	0.040	0.040	0.040	0.040	0.040	0.040	0.040	0.040	0.040	0.089	0.132	0.132	0.132	0.132	
0.110	0.110	0.110	0.076	0.040	0.040	0.040	0.040	0.040	0.040	0.040	0.040	0.040	0.040	0.040	0.040	0.040	0.040	0.040	0.040	0.040	0.040	0.040	0.115	0.132	0.132	0.132	0.132	
0.110	0.110	0.110	0.096	0.040	0.040	0.040	0.040	0.040	0.040	0.040	0.040	0.040	0.040	0.040	0.040	0.040	0.040	0.040	0.040	0.040	0.040	0.049	0.132	0.132	0.132	0.132	0.132	
0.110	0.110	0.110	0.109	0.046	0.040	0.040	0.040	0.040	0.040	0.040	0.040	0.040	0.040	0.040	0.040	0.040	0.040	0.040	0.040	0.040	0.040	0.074	0.132	0.132	0.132	0.132	0.132	
0.110	0.110	0.110	0.110	0.064	0.040	0.040	0.040	0.040	0.040	0.040	0.040	0.040	0.040	0.040	0.040	0.040	0.040	0.040	0.040	0.040	0.040	0.100	0.132	0.132	0.132	0.132	0.132	
0.110	0.110	0.110	0.110	0.083	0.040	0.040	0.040	0.040	0.040	0.040	0.040	0.040	0.040	0.040	0.040	0.040	0.040	0.040	0.040	0.040	0.041	0.125	0.132	0.132	0.132	0.132	0.132	
0.110	0.110	0.110	0.110	0.102	0.040	0.040	0.040	0.040	0.040	0.040	0.040	0.040	0.040	0.040	0.040	0.040	0.040	0.040	0.040	0.040	0.059	0.132	0.132	0.132	0.132	0.132	0.132	
0.110	0.110	0.110	0.110	0.110	0.052	0.040	0.040	0.040	0.040	0.040	0.040	0.040	0.040	0.040	0.040	0.040	0.040	0.040	0.040	0.040	0.085	0.132	0.132	0.132	0.132	0.132	0.132	
0.110	0.110	0.110	0.110	0.110	0.071	0.040	0.040	0.040	0.040	0.040	0.040	0.040	0.040	0.040	0.040	0.040	0.040	0.040	0.040	0.040	0.110	0.132	0.132	0.132	0.132	0.132	0.133	
0.110	0.110	0.110	0.110	0.110	0.090	0.040	0.040	0.040	0.040	0.040	0.040	0.040	0.040	0.040	0.040	0.040	0.040	0.040	0.040	0.046	0.130	0.132	0.132	0.132	0.132	0.132	0.171	
0.110	0.110	0.110	0.110	0.110	0.107	0.043	0.040	0.040	0.040	0.040	0.040	0.040	0.040	0.040	0.040	0.040	0.040	0.040	0.040	0.070	0.132	0.132	0.132	0.132	0.132	0.132	0.229	
0.110	0.110	0.110	0.110	0.110	0.110	0.059	0.040	0.040	0.040	0.040	0.040	0.040	0.040	0.040	0.040	0.040	0.040	0.040	0.040	0.095	0.132	0.132	0.132	0.132	0.132	0.159	0.261	
0.110	0.110	0.110	0.110	0.110	0.110	0.078	0.040	0.040	0.040	0.040	0.040	0.040	0.040	0.040	0.040	0.040	0.040	0.040	0.040	0.121	0.132	0.132	0.132	0.132	0.132	0.217	0.261	
0.110	0.110	0.110	0.110	0.110	0.110	0.097	0.040	0.040	0.040	0.040	0.040	0.040	0.040	0.040	0.040	0.040	0.040	0.040	0.055	0.132	0.132	0.132	0.132	0.132	0.148	0.259	0.261	
0.110	0.110	0.110	0.110	0.110	0.110	0.110	0.047	0.040	0.040	0.040	0.040	0.040	0.040	0.040	0.040	0.040	0.040	0.040	0.080	0.132	0.132	0.132	0.132	0.132	0.205	0.261	0.261	
0.110	0.110	0.110	0.110	0.110	0.110	0.110	0.066	0.040	0.040	0.040	0.040	0.040	0.040	0.040	0.040	0.040	0.040	0.040	0.106	0.132	0.132	0.132	0.132	0.141	0.255	0.261	0.261	
0.110	0.110	0.110	0.110	0.110	0.110	0.110	0.085	0.040	0.040	0.040	0.040	0.040	0.040	0.040	0.040	0.040	0.040	0.043	0.128	0.132	0.132	0.132	0.132	0.193	0.261	0.261	0.261	
0.110	0.110	0.110	0.110	0.110	0.110	0.110	0.104	0.041	0.040	0.040	0.040	0.040	0.040	0.040	0.040	0.040	0.040	0.065	0.132	0.132	0.132	0.132	0.135	0.248	0.261	0.261	0.261	
0.110	0.110	0.110	0.110	0.110	0.110	0.110	0.110	0.054	0.040	0.040	0.040	0.040	0.040	0.040	0.040	0.040	0.040	0.091	0.132	0.132	0.132	0.132	0.181	0.261	0.261	0.261	0.261	
0.110	0.110	0.110	0.110	0.110	0.110	0.110	0.110	0.073	0.040	0.040	0.040	0.040	0.040	0.040	0.040	0.040	0.040	0.116	0.132	0.132	0.132	0.132	0.239	0.261	0.261	0.261	0.261	
0.110	0.110	0.110	0.110	0.110	0.110	0.110	0.110	0.092	0.040	0.040	0.040	0.040	0.040	0.040	0.040	0.040	0.050	0.132	0.132	0.132	0.132	0.169	0.261	0.261	0.261	0.261	0.261	
0.110	0.110	0.110	0.110	0.110	0.110	0.110	0.110	0.108	0.044	0.040	0.040	0.040	0.040	0.040	0.040	0.040	0.076	0.132	0.132	0.132	0.132	0.227	0.261	0.261	0.261	0.261	0.261	
0.110	0.110	0.110	0.110	0.110	0.110	0.110	0.110	0.110	0.061	0.040	0.040	0.040	0.040	0.040	0.040	0.040	0.101	0.132	0.132	0.132	0.157	0.261	0.261	0.261	0.261	0.261	0.261	
0.110	0.110	0.110	0.110	0.110	0.110	0.110	0.110	0.110	0.080	0.040	0.040	0.040	0.040	0.040	0.040	0.041	0.126	0.132	0.132	0.132	0.215	0.261	0.261	0.261	0.261	0.261	0.261	
0.110	0.110	0.110	0.110	0.110	0.110	0.110	0.110	0.110	0.287	0.111	0.040	0.040	0.040	0.040	0.040	0.061	0.132	0.132	0.132	0.147	0.259	0.261	0.261	0.261	0.261	0.261	0.261	
0.110	0.110	0.110	0.110	0.110	0.110	0.110	0.110	0.110	0.397	1.041	0.040	0.040	0.040	0.040	0.040	0.086	0.132	0.132	0.132	0.203	0.261	0.261	0.261	0.261	0.261	0.261	0.397	
0.441	0.110	0.110	0.110	0.110	0.110	0.110	0.110	0.110	0.304	1.980	0.284	0.040	0.040	0.040	0.040	0.112	0.132	0.132	0.139	0.254	0.261	0.261	0.261	0.261	0.261	0.447	0.750	
0.869	0.557	0.122	0.110	0.110	0.110	0.110	0.110	0.110	0.212	2.056	1.391	0.040	0.040	0.040	0.047	0.131	0.132	0.132	0.190	0.261	0.261	0.261	0.261	0.262	0.505	0.759	0.761	
0.869	0.869	0.661	0.155	0.110	0.110	0.110	0.110	0.110	0.127	2.049	2.054	0.561	0.040	0.040	0.071	0.132	0.132	0.135	0.247	0.261	0.261	0.261	0.269	0.564	0.761	0.761	0.761	
0.869	0.869	0.869	0.744	0.209	0.110	0.110	0.110	0.110	0.110	1.973	2.056	1.709	0.073	0.437	0.936	0.132	0.132	0.178	0.261	0.261	0.261	0.284	0.616	0.761	0.761	0.761	0.761	
0.909	0.869	0.869	0.869	0.810	1.269	0.418	0.110	0.110	0.457	2.512	2.056	2.125	2.916	4.182	4.017	0.681	0.344	0.311	0.261	0.261	0.308	0.660	0.761	0.761	0.761	0.761	0.806	
1.306	0.927	0.869	0.869	0.869	1.789	3.004	2.237	1.281	3.672	4.435	3.575	4.160	4.427	4.279	4.278	3.924	4.092	2.569	0.261	0.339	0.697	0.761	0.761	0.761	0.764	0.920	1.119	
1.390	1.328	0.948	0.869	0.869	0.919	2.747	3.036	3.077	4.450	4.454	4.460	4.470	4.470	4.823	5.047	4.562	4.153	4.154	2.475	0.742	0.761	0.761	0.761	0.820	1.050	1.138	1.138	
1.390	1.390	1.347	0.973	0.869	0.869	1.638	3.036	3.779	5.081	4.924	5.081	4.911	4.761	5.177	5.165	5.131	4.761	4.411	4.460	2.352	0.761	0.768	0.941	1.127	1.138	1.138	1.138	
1.390	1.390	1.390	1.362	1.001	0.875	1.654	4.039	4.873	5.102	5.112	5.187	5.187	5.291	5.315	5.265	5.409	5.415	4.777	4.460	4.349	2.056	1.067	1.138	1.138	1.138	1.138	1.140	
1.609	1.390	1.390	1.390	1.437	4.368	4.909	4.829	4.813	5.310	5.854	5.780	6.052	5.592	5.324	5.652	5.687	5.536	5.525	4.830	4.646	4.390	1.156	1.138	1.138	1.155	1.362	1.620	
2.471	2.220	1.750	1.407	2.135	4.921	4.909	4.925	4.813	5.717	5.997	6.298	6.518	6.320	6.115	5.930	5.905	5.793	5.748	5.354	4.665	4.684	2.057	1.183	1.422	1.665	1.718	1.718	
2.472	2.472	2.472	2.426	5.055	5.245	5.432	5.982	6.168	6.792	6.358	6.221	6.367	6.233	6.255	6.329	6.348	6.525	6.043	6.175	5.441	5.185	5.171	1.859	1.718	1.718	1.718	1.718	
2.472	2.472	2.472	2.632	5.282	5.282	5.689	5.991	6.349	6.868	6.603	6.206	5.995	4.975	6.812	6.906	6.711	6.682	6.371	6.221	5.862	5.247	5.247	2.038	1.718	1.718	1.718	1.718	
0.000	0.000	0.000	0.000	0.000	0.000	0.000	0.000	0.000	0.000	0.000	0.000	2.310	3.866	5.329	3.669	0.000	0.000	0.000	0.000	0.000	0.000	0.000	0.000	0.000	0.000	0.000	0.000	
0.000	0.000	0.000	0.000	0.000	0.000	0.000	0.000	0.000	0.000	0.000	0.000	0.966	3.866	3.888	1.201	0.000	0.000	0.000	0.000	0.000	0.000	0.000	0.000	0.000	0.000	0.000	0.000	
0.000	0.000	0.000	0.000	0.000	0.000	0.000	0.000	0.000	0.000	0.000	0.000	0.986	3.964	3.994	1.003	0.000	0.000	0.000	0.000	0.000	0.000	0.000	0.000	0.000	0.000	0.000	0.000	
0.000	0.000	0.000	0.000	0.000	0.000	0.000	0.000	0.000	0.000	0.000	0.000	1.034	4.138	4.138	1.034	0.000	0.000	0.000	0.000	0.000	0.000	0.000	0.000	0.000	0.000	0.000	0.000	
0.000	0.000	0.000	0.000	0.000	0.000	0.000	0.000	0.000	0.000	0.000	0.000	1.034	4.138	4.138	1.034	0.000	0.000	0.000	0.000	0.000	0.000	0.000	0.000	0.000	0.000	0.000	0.000	
