0.117	0.228	0.192	0.042	0.042	0.042	0.042	0.042	0.042	0.042	0.042	0.042	0.042	0.042	0.042	0.042	0.042	0.042	0.042	0.042	0.042	0.042	0.042	0.042	0.042	0.042	0.042	0.107	
0.117	0.197	0.246	0.043	0.042	0.042	0.042	0.042	0.042	0.042	0.042	0.042	0.042	0.042	0.042	0.042	0.042	0.042	0.042	0.042	0.042	0.042	0.042	0.042	0.042	0.042	0.043	0.133	
0.117	0.166	0.264	0.079	0.042	0.042	0.042	0.042	0.042	0.042	0.042	0.042	0.042	0.042	0.042	0.042	0.042	0.042	0.042	0.042	0.042	0.042	0.042	0.042	0.042	0.042	0.062	0.140	
0.117	0.135	0.264	0.134	0.042	0.042	0.042	0.042	0.042	0.042	0.042	0.042	0.042	0.042	0.042	0.042	0.042	0.042	0.042	0.042	0.042	0.042	0.042	0.042	0.042	0.042	0.089	0.140	
0.117	0.117	0.252	0.188	0.042	0.042	0.042	0.042	0.042	0.042	0.042	0.042	0.042	0.042	0.042	0.042	0.042	0.042	0.042	0.042	0.042	0.042	0.042	0.042	0.042	0.042	0.115	0.140	
0.117	0.117	0.221	0.242	0.042	0.042	0.042	0.042	0.042	0.042	0.042	0.042	0.042	0.042	0.042	0.042	0.042	0.042	0.042	0.042	0.042	0.042	0.042	0.042	0.042	0.046	0.137	0.140	
0.117	0.117	0.190	0.264	0.075	0.042	0.042	0.042	0.042	0.042	0.042	0.042	0.042	0.042	0.042	0.042	0.042	0.042	0.042	0.042	0.042	0.042	0.042	0.042	0.042	0.070	0.140	0.140	
0.117	0.117	0.159	0.264	0.130	0.042	0.042	0.042	0.042	0.042	0.042	0.042	0.042	0.042	0.042	0.042	0.042	0.042	0.042	0.042	0.042	0.042	0.042	0.042	0.042	0.097	0.140	0.140	
0.117	0.117	0.128	0.264	0.184	0.042	0.042	0.042	0.042	0.042	0.042	0.042	0.042	0.042	0.042	0.042	0.042	0.042	0.042	0.042	0.042	0.042	0.042	0.042	0.042	0.123	0.140	0.140	
0.117	0.117	0.117	0.244	0.238	0.042	0.042	0.042	0.042	0.042	0.042	0.042	0.042	0.042	0.042	0.042	0.042	0.042	0.042	0.042	0.042	0.042	0.042	0.042	0.052	0.139	0.140	0.140	
0.117	0.117	0.117	0.213	0.264	0.071	0.042	0.042	0.042	0.042	0.042	0.042	0.042	0.042	0.042	0.042	0.042	0.042	0.042	0.042	0.042	0.042	0.042	0.042	0.078	0.140	0.140	0.140	
0.117	0.117	0.117	0.182	0.264	0.125	0.042	0.042	0.042	0.042	0.042	0.042	0.042	0.042	0.042	0.042	0.042	0.042	0.042	0.042	0.042	0.042	0.042	0.042	0.104	0.140	0.140	0.140	
0.117	0.117	0.117	0.151	0.264	0.180	0.042	0.042	0.042	0.042	0.042	0.042	0.042	0.042	0.042	0.042	0.042	0.042	0.042	0.042	0.042	0.042	0.042	0.042	0.131	0.140	0.140	0.140	
0.117	0.117	0.117	0.122	0.262	0.234	0.042	0.042	0.042	0.042	0.042	0.042	0.042	0.042	0.042	0.042	0.042	0.042	0.042	0.042	0.042	0.042	0.042	0.060	0.140	0.140	0.140	0.140	
0.117	0.117	0.117	0.117	0.236	0.264	0.067	0.042	0.042	0.042	0.042	0.042	0.042	0.042	0.042	0.042	0.042	0.042	0.042	0.042	0.042	0.042	0.042	0.086	0.140	0.140	0.140	0.140	
0.117	0.117	0.117	0.117	0.205	0.264	0.121	0.042	0.042	0.042	0.042	0.042	0.042	0.042	0.042	0.042	0.042	0.042	0.042	0.042	0.042	0.042	0.042	0.112	0.140	0.140	0.140	0.140	
0.117	0.117	0.117	0.117	0.174	0.264	0.176	0.042	0.042	0.042	0.042	0.042	0.042	0.042	0.042	0.042	0.042	0.042	0.042	0.042	0.042	0.042	0.045	0.136	0.140	0.140	0.140	0.140	
0.117	0.117	0.117	0.117	0.143	0.264	0.230	0.042	0.042	0.042	0.042	0.042	0.042	0.042	0.042	0.042	0.042	0.042	0.042	0.042	0.042	0.042	0.068	0.140	0.140	0.140	0.140	0.140	
0.117	0.117	0.117	0.117	0.118	0.258	0.264	0.063	0.042	0.042	0.042	0.042	0.042	0.042	0.042	0.042	0.042	0.042	0.042	0.042	0.042	0.042	0.094	0.140	0.140	0.140	0.140	0.140	
0.117	0.117	0.117	0.117	0.117	0.228	0.264	0.117	0.042	0.042	0.042	0.042	0.042	0.042	0.042	0.042	0.042	0.042	0.042	0.042	0.042	0.042	0.120	0.140	0.140	0.140	0.140	0.144	
0.117	0.117	0.117	0.117	0.117	0.197	0.264	0.171	0.042	0.042	0.042	0.042	0.042	0.042	0.042	0.042	0.042	0.042	0.042	0.042	0.042	0.050	0.139	0.140	0.140	0.140	0.140	0.172	
0.117	0.117	0.117	0.117	0.117	0.166	0.264	0.226	0.042	0.042	0.042	0.042	0.042	0.042	0.042	0.042	0.042	0.042	0.042	0.042	0.042	0.075	0.140	0.140	0.140	0.140	0.140	0.204	
0.117	0.117	0.117	0.117	0.117	0.135	0.264	0.263	0.059	0.042	0.042	0.042	0.042	0.042	0.042	0.042	0.042	0.042	0.042	0.042	0.042	0.102	0.140	0.140	0.140	0.140	0.146	0.229	
0.117	0.117	0.117	0.117	0.117	0.117	0.252	0.264	0.113	0.042	0.042	0.042	0.042	0.042	0.042	0.042	0.042	0.042	0.042	0.042	0.042	0.128	0.140	0.140	0.140	0.140	0.176	0.231	
0.117	0.117	0.117	0.117	0.117	0.117	0.221	0.264	0.167	0.042	0.042	0.042	0.042	0.042	0.042	0.042	0.042	0.042	0.042	0.042	0.057	0.140	0.140	0.140	0.140	0.140	0.208	0.231	
0.117	0.117	0.117	0.117	0.117	0.117	0.190	0.264	0.222	0.042	0.042	0.042	0.042	0.042	0.042	0.042	0.042	0.042	0.042	0.042	0.083	0.140	0.140	0.140	0.140	0.149	0.230	0.231	
0.117	0.117	0.117	0.117	0.117	0.117	0.159	0.264	0.262	0.056	0.042	0.042	0.042	0.042	0.042	0.042	0.042	0.042	0.042	0.042	0.110	0.140	0.140	0.140	0.140	0.180	0.231	0.231	
0.117	0.117	0.117	0.117	0.117	0.117	0.128	0.264	0.264	0.109	0.042	0.042	0.042	0.042	0.042	0.042	0.042	0.042	0.042	0.044	0.134	0.140	0.140	0.140	0.140	0.212	0.231	0.231	
0.117	0.117	0.117	0.117	0.117	0.117	0.117	0.244	0.264	0.163	0.042	0.042	0.042	0.042	0.042	0.042	0.042	0.042	0.042	0.065	0.140	0.140	0.140	0.140	0.152	0.231	0.231	0.231	
0.117	0.117	0.117	0.117	0.117	0.117	0.117	0.213	0.264	0.217	0.042	0.042	0.042	0.042	0.042	0.042	0.042	0.042	0.042	0.091	0.140	0.140	0.140	0.140	0.184	0.231	0.231	0.231	
0.117	0.117	0.117	0.117	0.117	0.117	0.117	0.182	0.264	0.261	0.053	0.042	0.042	0.042	0.042	0.042	0.042	0.042	0.042	0.118	0.140	0.140	0.140	0.140	0.215	0.231	0.231	0.231	
0.117	0.117	0.117	0.117	0.117	0.117	0.117	0.151	0.264	0.264	0.104	0.042	0.042	0.042	0.042	0.042	0.042	0.042	0.048	0.138	0.140	0.140	0.140	0.156	0.231	0.231	0.231	0.231	
0.117	0.117	0.117	0.117	0.117	0.117	0.117	0.122	0.262	0.264	0.159	0.042	0.042	0.042	0.042	0.042	0.042	0.042	0.073	0.140	0.140	0.140	0.140	0.187	0.231	0.231	0.231	0.231	
0.145	0.117	0.117	0.117	0.117	0.117	0.117	0.117	0.236	0.264	0.213	0.042	0.042	0.042	0.042	0.042	0.042	0.042	0.099	0.140	0.140	0.140	0.140	0.219	0.231	0.231	0.231	0.231	
0.429	0.117	0.117	0.117	0.117	0.117	0.117	0.117	0.205	0.264	0.259	0.051	0.042	0.042	0.042	0.042	0.042	0.042	0.126	0.140	0.140	0.140	0.160	0.231	0.231	0.231	0.231	0.231	
0.587	0.302	0.117	0.117	0.117	0.117	0.117	0.117	0.174	0.264	0.264	0.100	0.042	0.042	0.042	0.042	0.042	0.054	0.140	0.140	0.140	0.140	0.191	0.231	0.231	0.231	0.231	0.231	
0.587	0.568	0.193	0.117	0.117	0.117	0.117	0.117	0.143	0.264	0.264	0.155	0.042	0.042	0.042	0.042	0.042	0.081	0.140	0.140	0.140	0.141	0.222	0.231	0.231	0.231	0.231	0.231	
0.587	0.587	0.502	0.132	0.117	0.117	0.117	0.117	0.118	0.258	0.264	0.209	0.042	0.042	0.042	0.042	0.042	0.107	0.140	0.140	0.140	0.163	0.231	0.231	0.231	0.231	0.231	0.231	
0.587	0.587	0.587	0.390	0.117	0.117	0.117	0.117	0.117	0.228	0.264	0.257	0.049	0.042	0.042	0.042	0.043	0.133	0.140	0.140	0.140	0.195	0.231	0.231	0.231	0.231	0.231	0.231	
0.587	0.587	0.587	0.586	0.263	0.117	0.117	0.117	0.117	0.197	0.264	0.264	0.096	0.042	0.042	0.042	0.062	0.140	0.140	0.140	0.142	0.225	0.231	0.231	0.231	0.231	0.231	0.231	
0.587	0.587	0.587	0.587	0.553	0.169	0.117	0.117	0.117	0.166	0.264	0.264	0.151	0.042	0.042	0.042	0.089	0.140	0.140	0.140	0.167	0.231	0.231	0.231	0.231	0.231	0.231	0.231	
0.619	0.587	0.587	0.587	0.587	0.473	0.122	0.117	0.117	0.135	0.264	0.264	0.205	0.042	0.042	0.042	0.115	0.140	0.140	0.140	0.199	0.231	0.231	0.231	0.231	0.231	0.231	0.231	
1.143	0.708	0.587	0.587	0.587	0.587	0.351	0.117	0.117	0.117	0.252	0.264	0.255	0.047	0.514	2.752	1.396	0.140	0.140	0.144	0.227	0.231	0.231	0.231	0.231	0.231	0.231	0.231	
1.242	1.221	0.854	0.588	0.587	0.587	0.581	0.229	0.117	0.381	2.872	1.852	2.075	3.310	4.165	4.333	3.226	0.224	0.480	2.326	0.294	0.231	0.231	0.231	0.231	0.231	0.430	0.864	
1.242	1.242	1.242	1.021	0.625	0.587	0.587	1.321	3.349	4.030	4.815	4.815	4.402	4.370	4.346	4.348	4.900	4.754	4.068	4.264	1.743	0.231	0.235	0.569	1.111	1.652	1.605	1.285	
1.245	1.242	1.242	1.242	1.152	0.719	0.603	3.097	4.798	4.799	4.840	5.087	4.537	4.385	4.807	4.922	5.127	5.129	4.442	4.264	3.581	1.246	1.784	1.991	1.991	1.740	1.286	1.285	
1.687	1.419	1.245	1.242	1.242	1.225	4.125	4.914	4.912	5.432	5.794	5.770	5.578	5.179	4.952	4.942	5.191	5.283	4.939	4.824	4.680	2.002	1.991	1.991	1.848	1.310	1.285	1.285	
1.785	1.785	1.687	1.419	1.245	1.674	4.938	4.926	5.475	6.049	5.983	5.770	5.554	5.458	5.253	5.147	5.368	5.361	5.217	4.947	4.984	2.811	2.388	3.034	1.365	1.285	1.285	1.285	
1.785	1.785	1.785	1.785	1.835	4.930	5.255	5.388	6.077	6.073	5.832	5.713	5.492	5.391	5.501	5.944	6.932	6.301	6.659	5.969	5.901	5.745	4.964	4.964	1.385	1.285	1.285	1.285	
1.785	1.785	1.785	1.785	2.073	5.295	5.295	5.758	6.126	6.085	5.710	5.710	4.653	4.205	5.375	6.037	7.169	7.001	6.748	6.494	6.004	5.779	4.964	4.964	1.538	1.285	1.285	1.285	
0.000	0.000	0.000	0.000	0.000	0.000	0.000	0.000	0.000	0.000	0.000	0.000	2.162	4.048	4.410	3.007	0.000	0.000	0.000	0.000	0.000	0.000	0.000	0.000	0.000	0.000	0.000	0.000	
0.000	0.000	0.000	0.000	0.000	0.000	0.000	0.000	0.000	0.000	0.000	0.000	1.012	4.015	3.855	0.944	0.000	0.000	0.000	0.000	0.000	0.000	0.000	0.000	0.000	0.000	0.000	0.000	
0.000	0.000	0.000	0.000	0.000	0.000	0.000	0.000	0.000	0.000	0.000	0.000	0.822	3.212	3.199	0.800	0.000	0.000	0.000	0.000	0.000	0.000	0.000	0.000	0.000	0.000	0.000	0.000	
0.000	0.000	0.000	0.000	0.000	0.000	0.000	0.000	0.000	0.000	0.000	0.000	0.800	3.199	3.199	0.800	0.000	0.000	0.000	0.000	0.000	0.000	0.000	0.000	0.000	0.000	0.000	0.000	
0.000	0.000	0.000	0.000	0.000	0.000	0.000	0.000	0.000	0.000	0.000	0.000	0.800	3.199	3.199	0.800	0.000	0.000	0.000	0.000	0.000	0.000	0.000	0.000	0.000	0.000	0.000	0.000	
