0.042	0.042	0.042	0.042	0.042	0.042	0.042	0.042	0.042	0.042	0.042	0.042	0.042	0.042	0.044	0.048	0.048	0.048	0.048	0.048	0.048	0.048	0.048	0.048	0.048	0.048	0.048	0.048	
0.042	0.042	0.042	0.042	0.042	0.042	0.042	0.042	0.042	0.042	0.042	0.042	0.042	0.042	0.044	0.048	0.048	0.048	0.048	0.048	0.048	0.048	0.048	0.048	0.048	0.048	0.048	0.048	
0.042	0.042	0.042	0.042	0.042	0.042	0.042	0.042	0.042	0.042	0.042	0.042	0.042	0.042	0.044	0.048	0.048	0.048	0.048	0.048	0.048	0.048	0.048	0.048	0.048	0.048	0.048	0.048	
0.042	0.042	0.042	0.042	0.042	0.042	0.042	0.042	0.042	0.042	0.042	0.042	0.042	0.042	0.044	0.048	0.048	0.048	0.048	0.048	0.048	0.048	0.048	0.048	0.048	0.048	0.048	0.048	
0.042	0.042	0.042	0.042	0.042	0.042	0.042	0.042	0.042	0.042	0.042	0.042	0.042	0.042	0.044	0.048	0.048	0.048	0.048	0.048	0.048	0.048	0.048	0.048	0.048	0.048	0.048	0.048	
0.042	0.042	0.042	0.042	0.042	0.042	0.042	0.042	0.042	0.042	0.042	0.042	0.042	0.042	0.044	0.048	0.048	0.048	0.048	0.048	0.048	0.048	0.048	0.048	0.048	0.048	0.048	0.048	
0.042	0.042	0.042	0.042	0.042	0.042	0.042	0.042	0.042	0.042	0.042	0.042	0.042	0.042	0.044	0.048	0.048	0.048	0.048	0.048	0.048	0.048	0.048	0.048	0.048	0.048	0.048	0.048	
0.042	0.042	0.042	0.042	0.042	0.042	0.042	0.042	0.042	0.042	0.042	0.042	0.042	0.042	0.044	0.048	0.048	0.048	0.048	0.048	0.048	0.048	0.048	0.048	0.048	0.048	0.048	0.048	
0.042	0.042	0.042	0.042	0.042	0.042	0.042	0.042	0.042	0.042	0.042	0.042	0.042	0.042	0.044	0.048	0.048	0.048	0.048	0.048	0.048	0.048	0.048	0.048	0.048	0.048	0.048	0.048	
0.042	0.042	0.042	0.042	0.042	0.042	0.042	0.042	0.042	0.042	0.042	0.042	0.042	0.042	0.044	0.048	0.048	0.048	0.048	0.048	0.048	0.048	0.048	0.048	0.048	0.048	0.048	0.048	
0.042	0.042	0.042	0.042	0.042	0.042	0.042	0.042	0.042	0.042	0.042	0.042	0.042	0.042	0.044	0.048	0.048	0.048	0.048	0.048	0.048	0.048	0.048	0.048	0.048	0.048	0.048	0.048	
0.042	0.042	0.042	0.042	0.042	0.042	0.042	0.042	0.042	0.042	0.042	0.042	0.042	0.042	0.044	0.048	0.048	0.048	0.048	0.048	0.048	0.048	0.048	0.048	0.048	0.048	0.048	0.048	
0.042	0.042	0.042	0.042	0.042	0.042	0.042	0.042	0.042	0.042	0.042	0.042	0.042	0.042	0.044	0.048	0.048	0.048	0.048	0.048	0.048	0.048	0.048	0.048	0.048	0.048	0.048	0.048	
0.042	0.042	0.042	0.042	0.042	0.042	0.042	0.042	0.042	0.042	0.042	0.042	0.042	0.042	0.044	0.048	0.048	0.048	0.048	0.048	0.048	0.048	0.048	0.048	0.048	0.048	0.048	0.048	
0.042	0.042	0.042	0.042	0.042	0.042	0.042	0.042	0.042	0.042	0.042	0.042	0.042	0.042	0.044	0.048	0.048	0.048	0.048	0.048	0.048	0.048	0.048	0.048	0.048	0.048	0.048	0.048	
0.042	0.042	0.042	0.042	0.042	0.042	0.042	0.042	0.042	0.042	0.042	0.042	0.042	0.042	0.044	0.048	0.048	0.048	0.048	0.048	0.048	0.048	0.048	0.048	0.048	0.048	0.048	0.048	
0.042	0.042	0.042	0.042	0.042	0.042	0.042	0.042	0.042	0.042	0.042	0.042	0.042	0.042	0.044	0.048	0.048	0.048	0.048	0.048	0.048	0.048	0.048	0.048	0.048	0.048	0.048	0.048	
0.042	0.042	0.042	0.042	0.042	0.042	0.042	0.042	0.042	0.042	0.042	0.042	0.042	0.042	0.044	0.048	0.048	0.048	0.048	0.048	0.048	0.048	0.048	0.048	0.048	0.048	0.048	0.048	
0.042	0.042	0.042	0.042	0.042	0.042	0.042	0.042	0.042	0.042	0.042	0.042	0.042	0.042	0.044	0.048	0.048	0.048	0.048	0.048	0.048	0.048	0.048	0.048	0.048	0.048	0.048	0.048	
0.042	0.042	0.042	0.042	0.042	0.042	0.042	0.042	0.042	0.042	0.042	0.042	0.042	0.042	0.044	0.048	0.048	0.048	0.048	0.048	0.048	0.048	0.048	0.048	0.048	0.048	0.048	0.048	
0.042	0.042	0.042	0.042	0.042	0.042	0.042	0.042	0.042	0.042	0.042	0.042	0.042	0.042	0.055	0.048	0.048	0.048	0.048	0.048	0.048	0.048	0.048	0.048	0.048	0.048	0.048	0.048	
0.042	0.042	0.042	0.042	0.042	0.042	0.042	0.042	0.042	0.042	0.042	0.042	0.042	0.042	0.120	0.048	0.048	0.048	0.048	0.048	0.048	0.048	0.048	0.048	0.048	0.048	0.048	0.048	
0.042	0.042	0.042	0.042	0.042	0.042	0.042	0.042	0.042	0.042	0.042	0.042	0.042	0.042	0.193	0.048	0.048	0.048	0.048	0.048	0.048	0.048	0.048	0.048	0.048	0.048	0.048	0.048	
0.042	0.042	0.042	0.042	0.042	0.042	0.042	0.042	0.042	0.042	0.042	0.042	0.042	0.042	0.266	0.048	0.048	0.048	0.048	0.048	0.048	0.048	0.048	0.048	0.048	0.048	0.048	0.048	
0.042	0.042	0.042	0.042	0.042	0.042	0.042	0.042	0.042	0.042	0.042	0.042	0.042	0.042	0.338	0.049	0.048	0.048	0.048	0.048	0.048	0.048	0.048	0.048	0.048	0.048	0.048	0.048	
0.042	0.042	0.042	0.042	0.042	0.042	0.042	0.042	0.042	0.042	0.042	0.042	0.042	0.042	0.380	0.080	0.048	0.048	0.048	0.048	0.048	0.048	0.048	0.048	0.048	0.048	0.048	0.048	
0.042	0.042	0.042	0.042	0.042	0.042	0.042	0.042	0.042	0.042	0.042	0.042	0.042	0.042	0.411	0.123	0.048	0.048	0.048	0.048	0.048	0.048	0.048	0.048	0.048	0.048	0.048	0.048	
0.042	0.042	0.042	0.042	0.042	0.042	0.042	0.042	0.042	0.042	0.042	0.042	0.042	0.042	0.441	0.166	0.048	0.048	0.048	0.048	0.048	0.048	0.048	0.048	0.048	0.048	0.048	0.048	
0.042	0.042	0.042	0.042	0.042	0.042	0.042	0.042	0.042	0.042	0.042	0.042	0.042	0.042	0.471	0.209	0.048	0.048	0.048	0.048	0.048	0.048	0.048	0.048	0.048	0.048	0.048	0.048	
0.042	0.042	0.042	0.042	0.042	0.042	0.042	0.042	0.042	0.042	0.042	0.042	0.042	0.042	0.501	0.252	0.048	0.048	0.048	0.048	0.048	0.048	0.048	0.048	0.048	0.048	0.048	0.048	
0.042	0.042	0.042	0.042	0.042	0.042	0.042	0.042	0.042	0.042	0.042	0.042	0.042	0.053	0.521	0.295	0.048	0.048	0.048	0.048	0.048	0.048	0.048	0.048	0.048	0.048	0.048	0.058	
0.042	0.042	0.042	0.042	0.042	0.042	0.042	0.042	0.042	0.042	0.042	0.042	0.042	0.083	0.521	0.338	0.048	0.048	0.048	0.048	0.048	0.048	0.048	0.048	0.048	0.048	0.048	0.167	
0.093	0.042	0.042	0.042	0.042	0.042	0.042	0.042	0.042	0.042	0.042	0.042	0.042	0.113	0.521	0.381	0.048	0.048	0.048	0.048	0.048	0.048	0.048	0.048	0.048	0.048	0.060	0.290	
0.250	0.043	0.042	0.042	0.042	0.042	0.042	0.042	0.042	0.042	0.042	0.042	0.042	0.144	0.521	0.424	0.048	0.048	0.048	0.048	0.048	0.048	0.048	0.048	0.048	0.048	0.173	0.312	
0.318	0.136	0.042	0.042	0.042	0.042	0.042	0.042	0.042	0.042	0.042	0.042	0.042	0.174	0.521	0.467	0.048	0.048	0.048	0.048	0.048	0.048	0.048	0.048	0.048	0.063	0.293	0.312	
0.318	0.286	0.053	0.042	0.042	0.042	0.042	0.042	0.042	0.042	0.042	0.042	0.042	0.204	0.521	0.509	0.049	0.048	0.048	0.048	0.048	0.048	0.048	0.048	0.048	0.180	0.312	0.312	
0.318	0.318	0.181	0.042	0.042	0.042	0.042	0.042	0.042	0.042	0.042	0.042	0.042	0.234	0.521	0.521	0.080	0.048	0.048	0.048	0.048	0.048	0.048	0.048	0.066	0.297	0.312	0.312	
0.318	0.318	0.308	0.076	0.042	0.042	0.042	0.042	0.042	0.042	0.042	0.042	0.042	0.264	0.521	0.521	0.123	0.048	0.048	0.048	0.048	0.048	0.048	0.048	0.186	0.312	0.312	0.312	
0.318	0.318	0.318	0.227	0.042	0.042	0.042	0.042	0.042	0.042	0.042	0.042	0.042	0.295	0.521	0.521	0.166	0.048	0.048	0.048	0.048	0.048	0.048	0.070	0.299	0.312	0.312	0.312	
0.318	0.318	0.318	0.318	0.112	0.042	0.042	0.042	0.042	0.042	0.042	0.042	0.042	0.325	0.521	0.521	0.209	0.048	0.048	0.048	0.048	0.048	0.048	0.193	0.312	0.312	0.312	0.312	
0.318	0.318	0.318	0.318	0.268	0.046	0.042	0.042	0.042	0.042	0.042	0.042	0.042	0.355	0.521	0.521	0.252	0.048	0.048	0.048	0.048	0.048	0.074	0.302	0.312	0.312	0.312	0.312	
0.318	0.318	0.318	0.318	0.318	0.264	0.042	0.042	0.042	0.042	0.042	0.042	0.042	0.385	0.521	0.521	0.295	0.048	0.048	0.048	0.048	0.048	0.199	0.312	0.312	0.312	0.312	0.312	
0.318	0.318	0.318	0.318	0.318	0.741	0.818	0.042	0.042	0.042	0.042	0.042	0.042	0.617	0.521	0.521	0.338	0.048	0.048	0.048	0.048	0.078	0.304	0.312	0.312	0.312	0.312	0.312	
0.318	0.318	0.318	0.318	0.318	0.358	1.875	0.860	0.042	0.042	0.042	0.042	0.790	2.157	0.521	0.521	0.381	0.048	0.048	0.048	0.048	0.206	0.312	0.312	0.312	0.312	0.312	0.312	
0.318	0.318	0.318	0.318	0.318	0.318	1.445	1.961	0.904	0.042	0.042	0.042	2.464	3.234	0.599	0.521	0.424	0.048	0.048	0.048	0.487	0.306	0.312	0.312	0.312	0.312	0.312	0.312	
0.318	0.318	0.318	0.318	0.318	0.318	0.966	1.965	1.964	0.948	0.138	1.274	3.457	3.464	1.519	0.521	1.188	0.817	0.210	2.016	3.159	0.312	0.312	0.312	0.312	0.312	0.312	0.312	
0.318	0.318	0.318	0.318	0.318	0.318	0.493	1.960	1.965	1.975	4.387	4.637	3.745	3.512	3.651	2.855	4.358	4.485	3.627	3.637	3.401	0.312	0.312	0.312	0.312	0.312	0.312	0.312	
0.318	0.318	0.318	0.318	0.318	0.318	0.411	2.610	1.981	2.783	4.687	4.651	4.565	4.071	4.174	4.216	4.522	4.503	4.095	3.639	3.514	0.683	0.312	0.312	0.312	0.312	0.312	0.312	
0.318	0.318	0.318	0.318	0.318	0.318	2.828	4.654	4.740	5.569	5.369	5.129	5.210	4.274	4.134	4.796	5.289	5.048	5.134	4.942	3.093	2.610	2.198	1.416	0.637	0.312	0.312	0.312	
0.318	0.318	0.318	0.318	0.318	1.917	4.652	4.654	5.044	5.572	5.494	5.210	5.047	3.051	2.952	5.032	5.340	5.274	5.139	5.139	3.116	2.610	2.610	2.610	2.607	2.149	1.367	0.594	
0.000	0.000	0.000	0.000	0.000	0.000	0.000	0.000	0.000	0.000	0.000	0.000	1.929	2.897	2.897	1.918	0.000	0.000	0.000	0.000	0.000	0.000	0.000	0.000	0.000	0.000	0.000	0.000	
0.000	0.000	0.000	0.000	0.000	0.000	0.000	0.000	0.000	0.000	0.000	0.000	0.724	2.897	2.897	0.724	0.000	0.000	0.000	0.000	0.000	0.000	0.000	0.000	0.000	0.000	0.000	0.000	
0.000	0.000	0.000	0.000	0.000	0.000	0.000	0.000	0.000	0.000	0.000	0.000	0.859	3.449	3.472	0.872	0.000	0.000	0.000	0.000	0.000	0.000	0.000	0.000	0.000	0.000	0.000	0.000	
0.000	0.000	0.000	0.000	0.000	0.000	0.000	0.000	0.000	0.000	0.000	0.000	0.980	3.922	3.922	0.980	0.000	0.000	0.000	0.000	0.000	0.000	0.000	0.000	0.000	0.000	0.000	0.000	
0.000	0.000	0.000	0.000	0.000	0.000	0.000	0.000	0.000	0.000	0.000	0.000	0.980	3.922	3.922	0.980	0.000	0.000	0.000	0.000	0.000	0.000	0.000	0.000	0.000	0.000	0.000	0.000	
