0.077	0.077	0.077	0.075	0.051	0.051	0.051	0.051	0.051	0.051	0.051	0.051	0.051	0.051	0.051	0.051	0.051	0.051	0.051	0.051	0.051	0.051	0.062	0.072	0.072	0.072	0.072	0.072	
0.077	0.077	0.077	0.077	0.054	0.051	0.051	0.051	0.051	0.051	0.051	0.051	0.051	0.051	0.051	0.051	0.051	0.051	0.051	0.051	0.051	0.051	0.065	0.072	0.072	0.072	0.072	0.072	
0.077	0.077	0.077	0.077	0.060	0.051	0.051	0.051	0.051	0.051	0.051	0.051	0.051	0.051	0.051	0.051	0.051	0.051	0.051	0.051	0.051	0.051	0.068	0.072	0.072	0.072	0.072	0.072	
0.077	0.077	0.077	0.077	0.065	0.051	0.051	0.051	0.051	0.051	0.051	0.051	0.051	0.051	0.051	0.051	0.051	0.051	0.051	0.051	0.051	0.051	0.071	0.072	0.072	0.072	0.072	0.072	
0.077	0.077	0.077	0.077	0.071	0.051	0.051	0.051	0.051	0.051	0.051	0.051	0.051	0.051	0.051	0.051	0.051	0.051	0.051	0.051	0.051	0.053	0.072	0.072	0.072	0.072	0.072	0.072	
0.077	0.077	0.077	0.077	0.076	0.051	0.051	0.051	0.051	0.051	0.051	0.051	0.051	0.051	0.051	0.051	0.051	0.051	0.051	0.051	0.051	0.056	0.072	0.072	0.072	0.072	0.072	0.072	
0.077	0.077	0.077	0.077	0.077	0.055	0.051	0.051	0.051	0.051	0.051	0.051	0.051	0.051	0.051	0.051	0.051	0.051	0.051	0.051	0.051	0.059	0.072	0.072	0.072	0.072	0.072	0.072	
0.077	0.077	0.077	0.077	0.077	0.060	0.051	0.051	0.051	0.051	0.051	0.051	0.051	0.051	0.051	0.051	0.051	0.051	0.051	0.051	0.051	0.062	0.072	0.072	0.072	0.072	0.072	0.072	
0.077	0.077	0.077	0.077	0.077	0.066	0.051	0.051	0.051	0.051	0.051	0.051	0.051	0.051	0.051	0.051	0.051	0.051	0.051	0.051	0.051	0.065	0.072	0.072	0.072	0.072	0.072	0.072	
0.077	0.077	0.077	0.077	0.077	0.071	0.051	0.051	0.051	0.051	0.051	0.051	0.051	0.051	0.051	0.051	0.051	0.051	0.051	0.051	0.051	0.068	0.072	0.072	0.072	0.072	0.072	0.072	
0.077	0.077	0.077	0.077	0.077	0.076	0.051	0.051	0.051	0.051	0.051	0.051	0.051	0.051	0.051	0.051	0.051	0.051	0.051	0.051	0.051	0.071	0.072	0.072	0.072	0.072	0.072	0.072	
0.077	0.077	0.077	0.077	0.077	0.077	0.056	0.051	0.051	0.051	0.051	0.051	0.051	0.051	0.051	0.051	0.051	0.051	0.051	0.051	0.052	0.072	0.072	0.072	0.072	0.072	0.072	0.072	
0.077	0.077	0.077	0.077	0.077	0.077	0.061	0.051	0.051	0.051	0.051	0.051	0.051	0.051	0.051	0.051	0.051	0.051	0.051	0.051	0.055	0.072	0.072	0.072	0.072	0.072	0.072	0.072	
0.077	0.077	0.077	0.077	0.077	0.077	0.067	0.051	0.051	0.051	0.051	0.051	0.051	0.051	0.051	0.051	0.051	0.051	0.051	0.051	0.058	0.072	0.072	0.072	0.072	0.072	0.072	0.072	
0.077	0.077	0.077	0.077	0.077	0.077	0.072	0.051	0.051	0.051	0.051	0.051	0.051	0.051	0.051	0.051	0.051	0.051	0.051	0.051	0.061	0.072	0.072	0.072	0.072	0.072	0.072	0.072	
0.077	0.077	0.077	0.077	0.077	0.077	0.077	0.052	0.051	0.051	0.051	0.051	0.051	0.051	0.051	0.051	0.051	0.051	0.051	0.051	0.064	0.072	0.072	0.072	0.072	0.072	0.072	0.072	
0.077	0.077	0.077	0.077	0.077	0.077	0.077	0.056	0.051	0.051	0.051	0.051	0.051	0.051	0.051	0.051	0.051	0.051	0.051	0.051	0.067	0.072	0.072	0.072	0.072	0.072	0.072	0.072	
0.077	0.077	0.077	0.077	0.077	0.077	0.077	0.062	0.051	0.051	0.051	0.051	0.051	0.051	0.051	0.051	0.051	0.051	0.051	0.051	0.070	0.072	0.072	0.072	0.072	0.072	0.072	0.072	
0.077	0.077	0.077	0.077	0.077	0.077	0.077	0.067	0.051	0.051	0.051	0.051	0.051	0.051	0.051	0.051	0.051	0.051	0.051	0.052	0.072	0.072	0.072	0.072	0.072	0.072	0.072	0.072	
0.077	0.077	0.077	0.077	0.077	0.077	0.077	0.073	0.051	0.051	0.051	0.051	0.051	0.051	0.051	0.051	0.051	0.051	0.051	0.055	0.072	0.072	0.072	0.072	0.072	0.072	0.072	0.072	
0.077	0.077	0.077	0.077	0.077	0.077	0.077	0.077	0.052	0.051	0.051	0.051	0.051	0.051	0.051	0.051	0.051	0.051	0.051	0.058	0.072	0.072	0.072	0.072	0.072	0.072	0.072	0.072	
0.077	0.077	0.077	0.077	0.077	0.077	0.077	0.077	0.057	0.051	0.051	0.051	0.051	0.051	0.051	0.051	0.051	0.051	0.051	0.061	0.072	0.072	0.072	0.072	0.072	0.072	0.072	0.072	
0.077	0.077	0.077	0.077	0.077	0.077	0.077	0.077	0.063	0.051	0.051	0.051	0.051	0.051	0.051	0.051	0.051	0.051	0.051	0.064	0.072	0.072	0.072	0.072	0.072	0.072	0.072	0.072	
0.077	0.077	0.077	0.077	0.077	0.077	0.077	0.077	0.068	0.051	0.051	0.051	0.051	0.051	0.051	0.051	0.051	0.051	0.051	0.067	0.072	0.072	0.072	0.072	0.072	0.072	0.072	0.072	
0.077	0.077	0.077	0.077	0.077	0.077	0.077	0.077	0.073	0.051	0.051	0.051	0.051	0.051	0.051	0.051	0.051	0.051	0.051	0.070	0.072	0.072	0.072	0.072	0.072	0.072	0.072	0.072	
0.077	0.077	0.077	0.077	0.077	0.077	0.077	0.077	0.077	0.052	0.051	0.051	0.051	0.051	0.051	0.051	0.051	0.051	0.052	0.072	0.072	0.072	0.072	0.072	0.072	0.072	0.072	0.072	
0.077	0.077	0.077	0.077	0.077	0.077	0.077	0.077	0.077	0.058	0.051	0.051	0.051	0.051	0.051	0.051	0.051	0.051	0.055	0.072	0.072	0.072	0.072	0.072	0.072	0.072	0.072	0.072	
0.077	0.077	0.077	0.077	0.077	0.077	0.077	0.077	0.077	0.063	0.051	0.051	0.051	0.051	0.051	0.051	0.051	0.051	0.058	0.072	0.072	0.072	0.072	0.072	0.072	0.072	0.072	0.072	
0.077	0.077	0.077	0.077	0.077	0.077	0.077	0.077	0.077	0.069	0.051	0.051	0.051	0.051	0.051	0.051	0.051	0.051	0.061	0.072	0.072	0.072	0.072	0.072	0.072	0.072	0.072	0.072	
0.077	0.077	0.077	0.077	0.077	0.077	0.077	0.077	0.077	0.074	0.051	0.051	0.051	0.051	0.051	0.051	0.051	0.051	0.064	0.072	0.072	0.072	0.072	0.072	0.072	0.072	0.072	0.072	
0.077	0.077	0.077	0.077	0.077	0.077	0.077	0.077	0.077	0.077	0.053	0.051	0.051	0.051	0.051	0.051	0.051	0.051	0.066	0.072	0.072	0.072	0.072	0.072	0.072	0.072	0.072	0.072	
0.077	0.077	0.077	0.077	0.077	0.077	0.077	0.077	0.077	0.077	0.059	0.051	0.051	0.051	0.051	0.051	0.051	0.051	0.069	0.072	0.072	0.072	0.072	0.072	0.072	0.072	0.072	0.072	
0.195	0.077	0.077	0.077	0.077	0.077	0.077	0.077	0.077	0.077	0.064	0.051	0.051	0.051	0.051	0.051	0.051	0.051	0.072	0.072	0.072	0.072	0.072	0.072	0.072	0.072	0.072	0.072	
0.555	0.109	0.077	0.077	0.077	0.077	0.077	0.077	0.077	0.077	0.069	0.051	0.051	0.051	0.051	0.051	0.051	0.054	0.072	0.072	0.072	0.072	0.072	0.072	0.072	0.072	0.072	0.115	
0.614	0.440	0.077	0.077	0.077	0.077	0.077	0.077	0.077	0.077	0.075	0.051	0.051	0.051	0.051	0.051	0.051	0.057	0.072	0.072	0.072	0.072	0.072	0.072	0.072	0.072	0.073	0.269	
0.505	0.627	0.294	0.077	0.077	0.077	0.077	0.077	0.077	0.077	0.077	0.054	0.051	0.051	0.051	0.051	0.051	0.060	0.072	0.072	0.072	0.072	0.072	0.072	0.072	0.072	0.167	0.335	
0.403	0.601	0.606	0.168	0.077	0.077	0.077	0.077	0.077	0.077	0.077	0.059	0.051	0.051	0.051	0.051	0.051	0.063	0.072	0.072	0.072	0.072	0.072	0.072	0.072	0.088	0.311	0.335	
0.394	0.481	0.627	0.531	0.096	0.077	0.077	0.077	0.077	0.077	0.077	0.065	0.051	0.051	0.051	0.051	0.051	0.066	0.072	0.072	0.072	0.072	0.072	0.072	0.072	0.225	0.335	0.335	
0.394	0.396	0.583	0.627	0.404	0.077	0.077	0.077	0.077	0.077	0.077	0.070	0.051	0.051	0.051	0.051	0.051	0.069	0.072	0.072	0.072	0.072	0.072	0.072	0.125	0.332	0.335	0.335	
0.394	0.394	0.457	0.627	0.627	0.257	0.077	0.077	0.077	0.077	0.077	0.075	0.051	0.051	0.051	0.051	0.051	0.072	0.072	0.072	0.072	0.072	0.072	0.074	0.281	0.335	0.335	0.335	
0.394	0.394	0.394	0.561	0.627	0.592	0.145	0.077	0.077	0.077	0.077	0.077	0.055	0.051	0.051	0.051	0.054	0.072	0.072	0.072	0.072	0.072	0.072	0.181	0.335	0.335	0.335	0.335	
0.394	0.394	0.394	0.435	0.624	0.627	0.504	0.087	0.077	0.077	0.077	0.077	0.060	0.051	0.051	0.051	0.057	0.072	0.072	0.072	0.072	0.072	0.095	0.318	0.335	0.335	0.335	0.335	
0.394	0.394	0.394	0.394	0.536	0.627	0.627	0.367	0.077	0.077	0.077	0.077	0.065	0.051	0.051	0.051	0.060	0.072	0.072	0.072	0.072	0.072	0.239	0.335	0.335	0.335	0.335	0.335	
0.394	0.394	0.394	0.394	0.418	0.617	0.627	0.623	0.224	0.077	0.077	0.077	0.071	0.051	0.051	0.051	0.063	0.072	0.072	0.072	0.072	0.349	0.334	0.335	0.335	0.335	0.335	0.335	
0.394	0.394	0.394	0.394	0.394	0.512	0.627	0.627	0.575	0.126	0.077	0.077	0.278	0.536	0.051	0.051	0.066	0.072	0.072	0.150	1.487	1.408	0.335	0.335	0.335	0.335	0.335	0.335	
0.394	0.394	0.394	0.394	0.394	0.405	0.605	0.627	0.627	0.474	0.080	0.077	2.187	4.043	1.665	1.228	1.750	0.106	0.545	2.180	2.621	0.898	0.335	0.335	0.335	0.335	0.335	0.335	
0.394	0.394	0.394	0.394	0.394	0.394	0.488	0.627	0.627	0.627	1.176	2.475	4.142	4.293	4.267	4.004	4.004	3.001	2.556	2.621	2.572	0.420	0.335	0.335	0.335	0.335	0.335	0.335	
0.394	0.394	0.394	0.394	0.394	0.394	0.400	2.342	0.948	0.794	3.759	4.563	4.523	4.284	4.235	4.047	4.004	4.028	2.843	2.624	2.964	0.408	0.335	0.335	0.335	0.335	0.335	0.335	
0.394	0.394	0.394	0.394	0.394	0.394	0.860	4.783	4.671	4.759	5.211	4.668	4.483	4.258	4.258	5.385	5.380	5.443	5.350	4.445	4.670	2.636	0.335	0.335	0.335	0.335	0.335	0.335	
0.394	0.394	0.394	0.394	0.394	0.394	1.666	4.783	4.783	5.202	5.297	5.223	4.392	4.258	4.353	5.464	5.464	5.475	5.476	4.932	4.670	4.643	1.552	0.335	0.335	0.335	0.335	0.335	
0.000	0.000	0.000	0.000	0.000	0.000	0.000	0.000	0.000	0.000	0.000	0.000	1.110	2.052	2.255	2.345	0.000	0.000	0.000	0.000	0.000	0.000	0.000	0.000	0.000	0.000	0.000	0.000	
0.000	0.000	0.000	0.000	0.000	0.000	0.000	0.000	0.000	0.000	0.000	0.000	0.497	1.989	1.989	0.497	0.000	0.000	0.000	0.000	0.000	0.000	0.000	0.000	0.000	0.000	0.000	0.000	
0.000	0.000	0.000	0.000	0.000	0.000	0.000	0.000	0.000	0.000	0.000	0.000	0.497	1.989	1.989	0.497	0.000	0.000	0.000	0.000	0.000	0.000	0.000	0.000	0.000	0.000	0.000	0.000	
0.000	0.000	0.000	0.000	0.000	0.000	0.000	0.000	0.000	0.000	0.000	0.000	0.497	1.989	1.989	0.497	0.000	0.000	0.000	0.000	0.000	0.000	0.000	0.000	0.000	0.000	0.000	0.000	
0.000	0.000	0.000	0.000	0.000	0.000	0.000	0.000	0.000	0.000	0.000	0.000	0.497	1.989	1.989	0.497	0.000	0.000	0.000	0.000	0.000	0.000	0.000	0.000	0.000	0.000	0.000	0.000	
