0.066	0.066	0.066	0.066	0.066	0.066	0.066	0.066	0.066	0.066	0.066	0.061	0.061	0.061	0.061	0.061	0.061	0.061	0.061	0.061	0.061	0.061	0.061	0.061	0.061	0.061	0.075	0.117	
0.066	0.066	0.066	0.066	0.066	0.066	0.066	0.066	0.066	0.066	0.066	0.061	0.061	0.061	0.061	0.061	0.061	0.061	0.061	0.061	0.061	0.061	0.061	0.061	0.061	0.061	0.088	0.117	
0.066	0.066	0.066	0.066	0.066	0.066	0.066	0.066	0.066	0.066	0.066	0.061	0.061	0.061	0.061	0.061	0.061	0.061	0.061	0.061	0.061	0.061	0.061	0.061	0.061	0.061	0.101	0.117	
0.066	0.066	0.066	0.066	0.066	0.066	0.066	0.066	0.066	0.066	0.066	0.061	0.061	0.061	0.061	0.061	0.061	0.061	0.061	0.061	0.061	0.061	0.061	0.061	0.061	0.061	0.113	0.117	
0.066	0.066	0.066	0.066	0.066	0.066	0.066	0.066	0.066	0.066	0.066	0.062	0.061	0.061	0.061	0.061	0.061	0.061	0.061	0.061	0.061	0.061	0.061	0.061	0.061	0.069	0.117	0.117	
0.066	0.066	0.066	0.066	0.066	0.066	0.066	0.066	0.066	0.066	0.066	0.062	0.061	0.061	0.061	0.061	0.061	0.061	0.061	0.061	0.061	0.061	0.061	0.061	0.061	0.084	0.117	0.117	
0.066	0.066	0.066	0.066	0.066	0.066	0.066	0.066	0.066	0.066	0.066	0.062	0.061	0.061	0.061	0.061	0.061	0.061	0.061	0.061	0.061	0.061	0.061	0.061	0.061	0.118	0.117	0.117	
0.066	0.066	0.066	0.066	0.066	0.066	0.066	0.066	0.066	0.066	0.066	0.062	0.061	0.061	0.061	0.061	0.061	0.061	0.061	0.061	0.061	0.061	0.061	0.061	0.061	0.156	0.117	0.117	
0.066	0.066	0.066	0.066	0.066	0.066	0.066	0.066	0.066	0.066	0.066	0.062	0.061	0.061	0.061	0.061	0.061	0.061	0.061	0.061	0.061	0.061	0.061	0.061	0.108	0.147	0.117	0.117	
0.066	0.066	0.066	0.066	0.066	0.066	0.066	0.066	0.066	0.066	0.066	0.063	0.061	0.061	0.061	0.061	0.061	0.061	0.061	0.061	0.061	0.061	0.061	0.061	0.175	0.118	0.117	0.117	
0.066	0.066	0.066	0.066	0.066	0.066	0.066	0.066	0.066	0.066	0.066	0.063	0.061	0.061	0.061	0.061	0.061	0.061	0.061	0.061	0.061	0.061	0.061	0.061	0.215	0.117	0.117	0.117	
0.066	0.066	0.066	0.066	0.066	0.066	0.066	0.066	0.066	0.066	0.066	0.063	0.061	0.061	0.061	0.061	0.061	0.061	0.061	0.061	0.061	0.061	0.061	0.064	0.249	0.117	0.117	0.117	
0.066	0.066	0.066	0.066	0.066	0.066	0.066	0.066	0.066	0.066	0.066	0.063	0.061	0.061	0.061	0.061	0.061	0.061	0.061	0.061	0.061	0.061	0.061	0.122	0.230	0.117	0.117	0.117	
0.066	0.066	0.066	0.066	0.066	0.066	0.066	0.066	0.066	0.066	0.066	0.063	0.061	0.061	0.061	0.061	0.061	0.061	0.061	0.061	0.061	0.061	0.061	0.200	0.190	0.117	0.117	0.117	
0.066	0.066	0.066	0.066	0.066	0.066	0.066	0.066	0.066	0.066	0.066	0.064	0.061	0.061	0.061	0.061	0.061	0.061	0.061	0.061	0.061	0.061	0.061	0.277	0.151	0.117	0.117	0.117	
0.066	0.066	0.066	0.066	0.066	0.066	0.066	0.066	0.066	0.066	0.066	0.064	0.061	0.061	0.061	0.061	0.061	0.061	0.061	0.061	0.061	0.061	0.069	0.338	0.120	0.117	0.117	0.117	
0.068	0.066	0.066	0.066	0.066	0.066	0.066	0.066	0.066	0.066	0.066	0.064	0.061	0.061	0.061	0.061	0.061	0.061	0.061	0.061	0.061	0.061	0.136	0.312	0.117	0.117	0.117	0.117	
0.110	0.066	0.066	0.066	0.066	0.066	0.066	0.066	0.066	0.066	0.066	0.064	0.061	0.061	0.061	0.061	0.061	0.061	0.061	0.061	0.061	0.061	0.214	0.273	0.117	0.117	0.117	0.117	
0.171	0.066	0.066	0.066	0.066	0.066	0.066	0.066	0.066	0.066	0.066	0.065	0.061	0.061	0.061	0.061	0.061	0.061	0.061	0.061	0.061	0.061	0.291	0.234	0.117	0.117	0.117	0.117	
0.222	0.077	0.066	0.066	0.066	0.066	0.066	0.066	0.066	0.066	0.066	0.065	0.061	0.061	0.061	0.061	0.061	0.061	0.061	0.061	0.061	0.077	0.352	0.195	0.117	0.117	0.117	0.117	
0.227	0.133	0.066	0.066	0.066	0.066	0.066	0.066	0.066	0.066	0.066	0.065	0.061	0.061	0.061	0.061	0.061	0.061	0.061	0.061	0.061	0.150	0.356	0.156	0.117	0.117	0.117	0.117	
0.227	0.194	0.066	0.066	0.066	0.066	0.066	0.066	0.066	0.066	0.066	0.065	0.061	0.061	0.061	0.061	0.061	0.061	0.061	0.061	0.061	0.228	0.351	0.122	0.117	0.117	0.117	0.117	
0.227	0.227	0.094	0.066	0.066	0.066	0.066	0.066	0.066	0.066	0.066	0.065	0.061	0.061	0.061	0.061	0.061	0.061	0.061	0.061	0.061	0.305	0.317	0.117	0.117	0.117	0.117	0.117	
0.227	0.227	0.155	0.066	0.066	0.066	0.066	0.066	0.066	0.066	0.066	0.066	0.061	0.061	0.061	0.061	0.061	0.061	0.061	0.061	0.088	0.355	0.277	0.117	0.117	0.117	0.117	0.117	
0.227	0.227	0.213	0.069	0.066	0.066	0.066	0.066	0.066	0.066	0.066	0.066	0.061	0.061	0.061	0.061	0.061	0.061	0.061	0.061	0.164	0.356	0.238	0.117	0.117	0.117	0.117	0.117	
0.227	0.227	0.227	0.116	0.066	0.066	0.066	0.066	0.066	0.066	0.066	0.066	0.061	0.061	0.061	0.061	0.061	0.061	0.061	0.061	0.242	0.356	0.199	0.117	0.117	0.117	0.117	0.117	
0.227	0.227	0.227	0.177	0.066	0.066	0.066	0.066	0.066	0.066	0.066	0.066	0.061	0.061	0.061	0.061	0.061	0.061	0.061	0.061	0.319	0.356	0.160	0.117	0.117	0.117	0.117	0.117	
0.227	0.227	0.227	0.224	0.080	0.066	0.066	0.066	0.066	0.066	0.066	0.066	0.061	0.061	0.061	0.061	0.061	0.061	0.061	0.101	0.356	0.353	0.124	0.117	0.117	0.117	0.117	0.117	
0.227	0.227	0.227	0.227	0.138	0.066	0.066	0.066	0.066	0.066	0.066	0.066	0.061	0.061	0.061	0.061	0.061	0.061	0.061	0.179	0.356	0.321	0.117	0.117	0.117	0.117	0.117	0.117	
0.227	0.227	0.227	0.227	0.199	0.066	0.066	0.066	0.066	0.066	0.066	0.066	0.061	0.061	0.061	0.061	0.061	0.061	0.061	0.256	0.356	0.282	0.117	0.117	0.117	0.117	0.117	0.117	
0.227	0.227	0.227	0.227	0.227	0.099	0.066	0.066	0.066	0.066	0.066	0.066	0.061	0.061	0.061	0.061	0.061	0.061	0.062	0.332	0.356	0.243	0.117	0.117	0.117	0.117	0.117	0.117	
0.227	0.227	0.227	0.227	0.227	0.160	0.066	0.066	0.066	0.066	0.066	0.066	0.061	0.061	0.061	0.061	0.061	0.061	0.115	0.356	0.356	0.203	0.117	0.117	0.117	0.117	0.117	0.117	
0.227	0.227	0.227	0.227	0.227	0.216	0.071	0.066	0.066	0.066	0.066	0.066	0.062	0.061	0.061	0.061	0.061	0.061	0.193	0.356	0.356	0.164	0.117	0.117	0.117	0.117	0.117	0.117	
0.227	0.227	0.227	0.227	0.227	0.227	0.122	0.066	0.066	0.066	0.066	0.066	0.062	0.061	0.061	0.061	0.061	0.061	0.270	0.356	0.355	0.127	0.117	0.117	0.117	0.117	0.117	0.117	
0.227	0.227	0.227	0.227	0.227	0.227	0.183	0.066	0.066	0.066	0.066	0.066	0.062	0.061	0.061	0.061	0.061	0.066	0.342	0.356	0.325	0.117	0.117	0.117	0.117	0.117	0.117	0.117	
0.244	0.227	0.227	0.227	0.227	0.227	0.226	0.084	0.066	0.066	0.066	0.066	0.062	0.061	0.061	0.061	0.061	0.129	0.356	0.356	0.286	0.117	0.117	0.117	0.117	0.117	0.117	0.117	
0.570	0.231	0.227	0.227	0.227	0.227	0.227	0.144	0.066	0.066	0.066	0.066	0.063	0.061	0.061	0.061	0.061	0.207	0.356	0.356	0.247	0.117	0.117	0.117	0.117	0.117	0.117	0.117	
0.738	0.515	0.227	0.227	0.227	0.227	0.227	0.204	0.067	0.066	0.066	0.066	0.063	0.061	0.061	0.061	0.061	0.284	0.356	0.356	0.208	0.117	0.117	0.117	0.117	0.117	0.117	0.117	
0.738	0.738	0.456	0.227	0.227	0.227	0.227	0.227	0.105	0.066	0.066	0.066	0.063	0.061	0.061	0.061	0.073	0.349	0.356	0.356	0.169	0.117	0.117	0.117	0.117	0.117	0.117	0.117	
0.738	0.738	0.734	0.400	0.227	0.227	0.227	0.227	0.166	0.066	0.066	0.066	0.063	0.061	0.061	0.061	0.143	0.356	0.356	0.356	0.130	0.117	0.117	0.117	0.117	0.117	0.117	0.117	
0.738	0.738	0.738	0.723	0.352	0.227	0.227	0.227	0.219	0.074	0.066	0.066	0.063	0.061	0.061	0.061	0.282	0.356	0.356	0.330	0.117	0.117	0.117	0.117	0.117	0.117	0.117	0.337	
0.740	0.738	0.738	0.738	0.704	0.311	0.227	0.227	0.227	0.127	0.066	0.066	0.064	0.061	0.061	1.145	2.111	0.356	0.356	0.290	0.117	0.117	0.117	0.117	0.117	0.193	0.711	1.081	
1.144	0.783	0.738	0.738	0.738	0.677	0.279	0.227	0.227	0.371	0.460	0.066	0.774	0.210	0.982	3.749	2.998	0.356	0.356	0.251	0.117	0.117	0.117	0.124	0.501	1.015	1.086	1.086	
1.313	1.252	0.880	0.738	0.738	0.738	0.642	0.255	0.227	2.585	4.732	4.140	4.299	4.107	3.798	3.898	3.747	0.530	0.382	0.698	0.117	0.117	0.303	0.873	1.086	1.086	1.086	1.087	
1.313	1.313	1.306	1.023	0.744	0.738	0.738	1.915	3.819	4.640	4.737	4.661	4.331	4.341	5.128	4.748	4.705	4.733	3.984	4.449	2.100	0.669	1.074	1.086	1.086	1.086	1.105	1.324	
1.316	1.313	1.313	1.313	1.168	0.797	0.818	3.638	4.693	4.697	5.075	5.223	4.879	5.139	5.704	5.703	5.043	5.022	4.687	4.558	3.940	1.086	1.086	1.086	1.130	1.525	1.386	1.440	
1.758	1.474	1.313	1.313	1.313	1.435	4.398	4.842	4.895	5.457	5.399	5.297	5.522	5.613	5.699	5.858	5.585	5.500	5.485	4.855	4.964	2.327	1.631	2.395	3.115	1.978	1.440	1.440	
1.861	1.861	1.735	1.449	1.313	2.226	4.869	4.859	5.498	5.912	5.827	5.344	5.462	5.585	5.656	5.974	5.954	5.811	5.811	5.137	5.055	4.517	3.284	3.284	2.638	1.440	1.440	1.440	
1.861	1.861	1.861	1.861	2.355	5.105	5.195	5.632	6.246	6.211	6.868	5.918	5.301	5.152	5.040	5.737	6.297	6.146	6.221	6.031	5.326	5.391	3.660	3.144	1.596	1.440	1.440	1.440	
1.861	1.861	1.861	1.861	2.819	5.255	5.255	6.064	6.290	6.685	7.110	6.557	5.301	5.101	5.030	5.719	6.378	6.373	6.357	6.357	5.530	5.486	5.128	2.211	1.440	1.440	1.440	1.440	
0.000	0.000	0.000	0.000	0.000	0.000	0.000	0.000	0.000	0.000	0.000	0.000	1.833	2.342	3.030	2.443	0.000	0.000	0.000	0.000	0.000	0.000	0.000	0.000	0.000	0.000	0.000	0.000	
0.000	0.000	0.000	0.000	0.000	0.000	0.000	0.000	0.000	0.000	0.000	0.000	0.519	2.075	2.075	0.519	0.000	0.000	0.000	0.000	0.000	0.000	0.000	0.000	0.000	0.000	0.000	0.000	
0.000	0.000	0.000	0.000	0.000	0.000	0.000	0.000	0.000	0.000	0.000	0.000	0.519	2.075	2.075	0.519	0.000	0.000	0.000	0.000	0.000	0.000	0.000	0.000	0.000	0.000	0.000	0.000	
0.000	0.000	0.000	0.000	0.000	0.000	0.000	0.000	0.000	0.000	0.000	0.000	0.519	2.075	2.075	0.519	0.000	0.000	0.000	0.000	0.000	0.000	0.000	0.000	0.000	0.000	0.000	0.000	
0.000	0.000	0.000	0.000	0.000	0.000	0.000	0.000	0.000	0.000	0.000	0.000	0.519	2.075	2.075	0.519	0.000	0.000	0.000	0.000	0.000	0.000	0.000	0.000	0.000	0.000	0.000	0.000	
