0.860	0.860	0.860	0.860	0.863	0.902	0.902	1.097	1.391	1.391	1.391	1.162	0.863	0.863	0.863	0.863	0.863	0.863	0.790	0.663	0.657	0.657	0.657	0.657	0.657	0.657	0.657	0.657	
0.860	0.860	0.860	0.860	0.873	0.902	0.902	0.996	1.391	1.391	1.391	1.169	0.863	0.863	0.863	0.863	0.863	0.862	0.806	0.764	0.663	0.657	0.657	0.657	0.657	0.657	0.657	0.657	
0.860	0.860	0.860	0.860	0.883	0.902	0.902	0.911	1.374	1.391	1.391	1.176	0.863	0.863	0.863	0.863	0.863	0.846	0.801	0.801	0.766	0.664	0.657	0.657	0.657	0.657	0.657	0.657	
0.860	0.860	0.860	0.860	0.893	0.902	0.902	0.902	1.283	1.391	1.391	1.182	0.863	0.863	0.863	0.863	0.863	0.826	0.801	0.801	0.801	0.768	0.665	0.657	0.657	0.657	0.657	0.657	
0.860	0.860	0.860	0.862	0.901	0.902	0.902	0.902	1.182	1.391	1.412	1.367	0.948	0.873	0.917	0.963	1.010	0.858	0.801	0.801	0.801	0.801	0.769	0.666	0.657	0.657	0.657	0.657	
0.860	0.860	0.860	0.872	0.902	0.902	0.902	0.902	1.126	1.487	1.528	1.529	1.429	1.085	1.087	1.087	1.087	0.920	0.801	0.801	0.801	0.801	0.801	0.704	0.594	0.595	0.596	0.597	
0.868	0.867	0.866	0.884	0.902	0.902	0.904	0.914	1.419	1.529	1.529	1.529	1.431	1.087	1.087	1.087	1.087	0.975	0.801	0.801	0.801	0.801	0.721	0.547	0.541	0.541	0.541	0.541	
0.926	0.926	0.926	0.924	0.945	0.956	0.964	0.965	1.162	1.524	1.529	1.529	1.424	1.087	1.087	1.087	1.087	1.030	0.801	0.801	0.801	0.714	0.546	0.541	0.541	0.541	0.541	0.541	
0.926	0.926	0.926	0.926	0.955	0.965	0.965	0.965	0.965	1.183	1.527	1.523	1.353	1.087	1.087	1.087	1.085	0.869	0.745	0.760	0.726	0.544	0.541	0.541	0.541	0.541	0.541	0.541	
0.926	0.926	0.926	0.926	0.952	0.965	0.965	0.965	0.965	0.965	0.996	0.915	0.892	0.929	1.022	1.085	0.888	0.740	0.740	0.740	0.737	0.584	0.541	0.541	0.541	0.541	0.541	0.541	
0.926	0.926	0.926	0.928	1.255	1.072	0.965	0.965	0.965	0.959	0.893	0.892	0.892	0.892	0.892	0.872	0.740	0.740	0.740	0.740	0.740	0.709	0.548	0.541	0.541	0.541	0.541	0.541	
0.926	0.926	0.926	1.070	1.370	1.357	1.088	0.965	0.965	0.938	0.892	0.892	0.892	0.892	0.892	0.846	0.740	0.740	0.740	0.740	0.740	0.740	0.652	0.541	0.541	0.541	0.541	0.541	
0.926	0.926	0.934	1.302	1.370	1.370	1.362	1.105	0.965	0.917	0.892	0.892	0.892	0.892	0.892	0.995	0.916	0.763	0.740	0.740	0.740	0.740	0.738	0.589	0.541	0.541	0.541	0.541	
0.926	0.926	1.105	1.370	1.370	1.370	1.370	1.315	1.053	0.953	0.892	0.892	0.892	0.892	0.977	1.101	1.101	1.081	0.930	0.771	0.740	0.740	0.740	0.667	0.552	0.552	0.553	0.553	
1.075	1.076	1.173	1.354	1.370	1.370	1.257	1.090	1.079	1.078	1.041	1.063	1.084	1.105	1.553	1.138	1.101	1.101	1.101	1.087	0.944	0.764	0.626	0.562	0.562	0.562	0.562	0.562	
1.098	1.098	1.098	1.139	1.311	1.185	1.079	1.079	1.079	1.079	1.122	1.134	1.134	1.134	1.652	1.512	1.113	1.101	1.101	1.101	1.101	0.729	0.562	0.562	0.562	0.562	0.562	0.562	
1.098	1.098	1.098	1.098	1.092	1.079	1.079	1.079	1.079	1.079	1.128	1.134	1.134	1.141	1.654	1.654	1.442	1.102	1.101	1.101	1.011	0.565	0.562	0.562	0.562	0.562	0.562	0.562	
1.098	1.098	1.098	1.098	1.093	1.079	1.079	1.079	1.079	1.080	1.133	1.134	1.134	1.150	1.654	1.654	1.654	1.362	1.103	1.143	1.140	0.603	0.562	0.562	0.562	0.562	0.562	0.562	
1.098	1.098	1.098	1.098	1.080	1.028	1.022	1.017	1.012	1.009	1.122	1.134	1.134	1.160	1.654	1.654	1.654	1.625	1.201	1.194	1.194	0.911	0.562	0.562	0.562	0.562	0.562	0.562	
1.102	1.103	1.103	1.103	1.013	0.939	0.939	0.939	0.939	0.939	1.008	1.134	1.132	1.032	1.234	1.317	1.401	1.339	1.194	1.194	1.194	1.179	0.652	0.562	0.562	0.562	0.562	0.563	
1.107	1.107	1.107	1.107	1.143	0.959	0.939	0.939	0.939	0.939	0.939	0.978	0.816	0.744	0.744	0.744	0.744	1.001	1.194	1.194	1.194	1.197	1.294	0.923	0.599	0.653	0.751	0.849	
1.107	1.107	1.107	1.117	1.316	1.250	0.968	0.939	0.939	0.939	0.939	0.802	0.744	0.744	0.744	0.744	0.744	0.863	1.194	1.194	1.208	1.533	1.716	1.716	1.145	0.885	0.885	0.885	
1.107	1.107	1.107	1.207	1.332	1.332	1.267	0.980	0.939	0.939	0.939	0.761	0.744	0.744	0.744	0.744	0.744	0.753	1.167	1.225	1.582	1.716	1.716	1.685	0.919	0.885	0.885	0.885	
1.107	1.107	1.112	1.307	1.332	1.332	1.332	1.282	1.015	1.051	1.227	1.001	0.744	0.744	0.744	0.744	0.744	0.744	1.096	1.623	1.716	1.716	1.716	1.461	0.885	0.885	0.885	0.885	
1.107	1.107	1.192	1.332	1.332	1.332	1.332	1.416	1.592	1.388	1.363	1.363	0.776	0.741	0.743	0.744	0.744	0.744	0.849	1.033	1.078	1.124	1.170	1.012	0.885	0.885	0.885	0.885	
1.107	1.052	1.036	1.093	1.118	1.142	1.450	1.610	1.612	1.407	1.363	1.360	0.744	0.738	0.738	0.739	0.741	0.699	0.541	0.540	0.540	0.540	0.540	0.552	0.803	0.885	0.885	0.885	
0.804	0.606	0.591	0.591	0.591	0.591	1.367	1.612	1.612	1.427	1.363	1.330	0.738	0.738	0.738	0.738	0.738	0.665	0.540	0.540	0.540	0.540	0.540	0.540	0.563	0.825	0.885	0.885	
0.591	0.591	0.591	0.591	0.591	0.591	1.192	1.612	1.612	1.446	1.363	1.294	0.738	0.738	0.738	0.738	0.738	0.633	0.520	0.540	0.540	0.540	0.540	0.540	0.540	0.577	0.843	0.885	
0.591	0.591	0.591	0.591	0.591	0.591	1.016	1.612	1.612	1.466	1.363	1.258	0.738	0.738	0.738	0.738	0.710	0.434	0.406	0.459	0.527	0.540	0.540	0.540	0.540	0.540	0.594	0.858	
0.591	0.591	0.591	0.591	0.591	0.591	0.832	1.574	1.602	1.486	1.363	1.222	0.738	0.738	0.738	0.738	0.508	0.403	0.403	0.403	0.409	0.468	0.532	0.540	0.540	0.540	0.540	0.614	
0.591	0.591	0.591	0.591	0.591	0.601	0.637	0.648	0.648	0.702	1.018	1.151	0.738	0.738	0.738	0.608	0.403	0.403	0.403	0.403	0.403	0.403	0.413	0.477	0.535	0.540	0.540	0.540	
0.591	0.591	0.591	0.592	0.618	0.646	0.648	0.648	0.648	0.648	0.648	0.667	0.738	0.738	0.694	0.420	0.403	0.403	0.403	0.403	0.403	0.403	0.403	0.403	0.418	0.487	0.538	0.540	
0.591	0.591	0.600	0.636	0.648	0.648	0.648	0.648	0.648	0.648	0.649	0.830	1.054	0.967	0.580	0.523	0.450	0.404	0.403	0.403	0.403	0.403	0.403	0.403	0.403	0.403	0.425	0.496	
0.591	0.616	0.646	0.648	0.648	0.648	0.648	0.648	0.648	0.672	0.929	1.065	1.065	1.051	0.571	0.571	0.571	0.544	0.472	0.411	0.403	0.403	0.403	0.403	0.403	0.403	0.403	0.403	
0.677	0.675	0.659	0.648	0.648	0.648	0.648	0.648	0.726	1.005	1.065	1.065	1.065	1.065	0.597	0.571	0.571	0.571	0.571	0.560	0.494	0.424	0.403	0.403	0.403	0.403	0.403	0.403	
0.793	0.793	0.793	0.788	0.773	0.757	0.741	0.766	1.051	1.065	1.065	1.065	1.065	1.050	0.811	0.571	0.571	0.571	0.571	0.571	0.571	0.568	0.516	0.444	0.404	0.403	0.403	0.403	
0.793	0.793	0.793	0.793	0.793	0.793	0.793	0.793	0.959	1.065	1.065	1.065	1.056	1.028	1.025	0.701	0.571	0.571	0.571	0.571	0.571	0.571	0.571	0.571	0.538	0.453	0.417	0.421	
0.836	0.812	0.794	0.793	0.793	0.793	0.793	0.793	0.806	1.291	1.193	1.075	1.031	1.028	1.028	0.992	0.622	0.571	0.571	0.571	0.571	0.571	0.562	0.522	0.479	0.450	0.450	0.450	
0.849	0.849	0.844	0.821	0.799	0.793	0.793	0.793	1.003	1.766	1.766	1.518	1.028	1.028	1.028	1.028	0.922	0.579	0.571	0.567	0.531	0.488	0.453	0.450	0.450	0.450	0.450	0.464	
0.849	0.849	0.849	0.849	0.848	0.831	0.807	0.793	1.381	1.766	1.766	1.704	1.031	1.028	1.028	1.028	1.028	0.766	0.497	0.457	0.450	0.450	0.450	0.450	0.450	0.450	0.461	0.558	
0.849	0.849	0.849	0.849	0.849	0.849	0.849	0.840	1.619	1.766	1.766	1.766	1.160	1.028	1.028	1.028	1.037	0.681	0.450	0.450	0.450	0.450	0.450	0.450	0.450	0.458	0.553	0.578	
0.638	0.736	0.829	0.849	0.849	0.849	0.849	0.849	1.286	1.733	1.764	1.751	1.548	1.313	1.073	1.052	1.056	0.854	0.450	0.450	0.450	0.450	0.450	0.450	0.455	0.549	0.578	0.578	
0.462	0.462	0.468	0.546	0.644	0.743	0.832	0.955	1.429	1.484	1.540	1.711	1.711	1.711	1.193	1.056	1.056	1.028	0.470	0.450	0.450	0.450	0.450	0.454	0.544	0.578	0.578	0.578	
0.462	0.462	0.462	0.462	0.462	0.462	0.471	1.218	1.484	1.484	1.538	1.711	1.711	1.711	1.217	1.056	1.056	1.056	0.637	0.450	0.450	0.450	0.452	0.539	0.578	0.578	0.578	0.578	
0.462	0.462	0.462	0.462	0.462	0.462	0.462	1.201	1.484	1.484	1.542	1.711	1.711	1.711	1.241	1.056	1.056	1.056	0.831	0.450	0.450	0.451	0.533	0.578	0.578	0.578	0.578	0.580	
0.462	0.462	0.462	0.462	0.462	0.462	0.462	1.188	1.484	1.484	1.568	1.794	1.821	1.849	1.358	1.056	1.056	1.056	1.014	0.461	0.450	0.527	0.578	0.578	0.578	0.578	0.596	1.288	
0.462	0.462	0.462	0.462	0.462	0.462	0.462	1.175	1.484	1.477	2.078	2.239	2.239	2.239	1.968	0.964	0.990	1.016	1.042	0.614	0.520	0.578	0.578	0.578	0.578	0.627	1.399	1.743	
0.462	0.462	0.462	0.462	0.462	0.462	0.462	1.156	1.350	1.310	1.580	2.184	2.239	2.239	1.409	0.845	0.845	0.845	0.845	0.776	0.578	0.578	0.578	0.578	0.674	1.494	1.743	1.743	
0.462	0.462	0.462	0.462	0.462	0.462	0.833	1.308	1.308	1.308	1.308	1.454	2.100	2.021	0.867	0.845	0.845	0.845	0.845	0.844	0.611	0.578	0.578	0.736	1.574	1.743	1.743	1.743	
0.462	0.462	0.462	0.462	0.462	0.727	1.300	1.308	1.308	1.308	1.308	1.308	1.367	1.210	0.845	0.845	0.845	0.845	0.845	0.845	0.695	0.578	0.813	1.638	1.743	1.743	1.743	1.743	
0.000	0.000	0.000	0.000	0.000	0.000	0.000	0.000	0.000	0.000	0.000	0.000	0.695	0.986	0.845	0.449	0.000	0.000	0.000	0.000	0.000	0.000	0.000	0.000	0.000	0.000	0.000	0.000	
0.000	0.000	0.000	0.000	0.000	0.000	0.000	0.000	0.000	0.000	0.000	0.000	0.327	0.995	0.845	0.211	0.000	0.000	0.000	0.000	0.000	0.000	0.000	0.000	0.000	0.000	0.000	0.000	
0.000	0.000	0.000	0.000	0.000	0.000	0.000	0.000	0.000	0.000	0.000	0.000	0.327	1.005	0.845	0.211	0.000	0.000	0.000	0.000	0.000	0.000	0.000	0.000	0.000	0.000	0.000	0.000	
0.000	0.000	0.000	0.000	0.000	0.000	0.000	0.000	0.000	0.000	0.000	0.000	0.327	1.014	0.845	0.211	0.000	0.000	0.000	0.000	0.000	0.000	0.000	0.000	0.000	0.000	0.000	0.000	
0.000	0.000	0.000	0.000	0.000	0.000	0.000	0.000	0.000	0.000	0.000	0.000	0.327	1.024	0.845	0.211	0.000	0.000	0.000	0.000	0.000	0.000	0.000	0.000	0.000	0.000	0.000	0.000	
