0.061	0.061	0.061	0.061	0.044	0.030	0.030	0.030	0.030	0.030	0.030	0.030	0.030	0.030	0.030	0.030	0.030	0.030	0.030	0.030	0.030	0.030	0.030	0.030	0.030	0.030	0.030	0.030	
0.061	0.061	0.061	0.061	0.049	0.030	0.030	0.030	0.030	0.030	0.030	0.030	0.030	0.030	0.030	0.030	0.030	0.030	0.030	0.030	0.030	0.030	0.030	0.030	0.030	0.030	0.030	0.030	
0.061	0.061	0.061	0.061	0.054	0.030	0.030	0.030	0.030	0.030	0.030	0.030	0.030	0.030	0.030	0.030	0.030	0.030	0.030	0.030	0.030	0.030	0.030	0.030	0.030	0.030	0.030	0.030	
0.061	0.061	0.061	0.061	0.059	0.030	0.030	0.030	0.030	0.030	0.030	0.030	0.030	0.030	0.030	0.030	0.030	0.030	0.030	0.030	0.030	0.030	0.030	0.030	0.030	0.030	0.030	0.030	
0.061	0.061	0.061	0.061	0.061	0.034	0.030	0.030	0.030	0.030	0.030	0.030	0.030	0.030	0.030	0.030	0.030	0.030	0.030	0.030	0.030	0.030	0.030	0.030	0.030	0.030	0.030	0.030	
0.061	0.061	0.061	0.061	0.061	0.039	0.030	0.030	0.030	0.030	0.030	0.030	0.030	0.030	0.030	0.030	0.030	0.030	0.030	0.030	0.030	0.030	0.030	0.030	0.030	0.030	0.030	0.030	
0.061	0.061	0.061	0.061	0.061	0.044	0.030	0.030	0.030	0.030	0.030	0.030	0.030	0.030	0.030	0.030	0.030	0.030	0.030	0.030	0.030	0.030	0.030	0.030	0.030	0.030	0.030	0.030	
0.061	0.061	0.061	0.061	0.061	0.049	0.030	0.030	0.030	0.030	0.030	0.030	0.030	0.030	0.030	0.030	0.030	0.030	0.030	0.030	0.030	0.030	0.030	0.030	0.030	0.030	0.030	0.030	
0.061	0.061	0.061	0.061	0.061	0.055	0.030	0.030	0.030	0.030	0.030	0.030	0.030	0.030	0.030	0.030	0.030	0.030	0.030	0.030	0.030	0.030	0.030	0.030	0.030	0.030	0.030	0.030	
0.061	0.061	0.061	0.061	0.061	0.060	0.030	0.030	0.030	0.030	0.030	0.030	0.030	0.030	0.030	0.030	0.030	0.030	0.030	0.030	0.030	0.030	0.030	0.030	0.030	0.030	0.030	0.030	
0.061	0.061	0.061	0.061	0.061	0.061	0.034	0.030	0.030	0.030	0.030	0.030	0.030	0.030	0.030	0.030	0.030	0.030	0.030	0.030	0.030	0.030	0.030	0.030	0.030	0.030	0.030	0.030	
0.061	0.061	0.061	0.061	0.061	0.061	0.039	0.030	0.030	0.030	0.030	0.030	0.030	0.030	0.030	0.030	0.030	0.030	0.030	0.030	0.030	0.030	0.030	0.030	0.030	0.030	0.030	0.030	
0.061	0.061	0.061	0.061	0.061	0.061	0.045	0.030	0.030	0.030	0.030	0.030	0.030	0.030	0.030	0.030	0.030	0.030	0.030	0.030	0.030	0.030	0.030	0.030	0.030	0.030	0.030	0.030	
0.061	0.061	0.061	0.061	0.061	0.061	0.050	0.030	0.030	0.030	0.030	0.030	0.030	0.030	0.030	0.030	0.030	0.030	0.030	0.030	0.030	0.030	0.030	0.030	0.030	0.030	0.030	0.030	
0.061	0.061	0.061	0.061	0.061	0.061	0.055	0.030	0.030	0.030	0.030	0.030	0.030	0.030	0.030	0.030	0.030	0.030	0.030	0.030	0.030	0.030	0.030	0.030	0.030	0.030	0.030	0.030	
0.061	0.061	0.061	0.061	0.061	0.061	0.060	0.030	0.030	0.030	0.030	0.030	0.030	0.030	0.030	0.030	0.030	0.030	0.030	0.030	0.030	0.030	0.030	0.030	0.030	0.030	0.030	0.030	
0.061	0.061	0.061	0.061	0.061	0.061	0.061	0.034	0.030	0.030	0.030	0.030	0.030	0.030	0.030	0.030	0.030	0.030	0.030	0.030	0.030	0.030	0.030	0.030	0.030	0.030	0.030	0.030	
0.061	0.061	0.061	0.061	0.061	0.061	0.061	0.040	0.030	0.030	0.030	0.030	0.030	0.030	0.030	0.030	0.030	0.030	0.030	0.030	0.030	0.030	0.030	0.030	0.030	0.030	0.030	0.030	
0.061	0.061	0.061	0.061	0.061	0.061	0.061	0.045	0.030	0.030	0.030	0.030	0.030	0.030	0.030	0.030	0.030	0.030	0.030	0.030	0.030	0.030	0.030	0.030	0.030	0.030	0.030	0.030	
0.061	0.061	0.061	0.061	0.061	0.061	0.061	0.050	0.030	0.030	0.030	0.030	0.030	0.030	0.030	0.030	0.030	0.030	0.030	0.030	0.030	0.030	0.030	0.030	0.030	0.030	0.030	0.030	
0.061	0.061	0.061	0.061	0.061	0.061	0.061	0.056	0.030	0.030	0.030	0.030	0.030	0.030	0.030	0.030	0.030	0.030	0.030	0.030	0.030	0.030	0.030	0.030	0.030	0.030	0.030	0.030	
0.061	0.061	0.061	0.061	0.061	0.061	0.061	0.060	0.030	0.030	0.030	0.030	0.030	0.030	0.030	0.030	0.030	0.030	0.030	0.030	0.030	0.030	0.030	0.030	0.030	0.030	0.030	0.030	
0.061	0.061	0.061	0.061	0.061	0.061	0.061	0.061	0.035	0.030	0.030	0.030	0.030	0.030	0.030	0.030	0.030	0.030	0.030	0.030	0.030	0.030	0.030	0.030	0.030	0.030	0.030	0.030	
0.061	0.061	0.061	0.061	0.061	0.061	0.061	0.061	0.040	0.030	0.030	0.030	0.030	0.030	0.030	0.030	0.030	0.030	0.030	0.030	0.030	0.030	0.030	0.030	0.030	0.030	0.030	0.030	
0.061	0.061	0.061	0.061	0.061	0.061	0.061	0.061	0.045	0.030	0.030	0.030	0.030	0.030	0.030	0.030	0.030	0.030	0.030	0.030	0.030	0.030	0.030	0.030	0.030	0.030	0.030	0.030	
0.061	0.061	0.061	0.061	0.061	0.061	0.061	0.061	0.051	0.030	0.030	0.030	0.030	0.030	0.030	0.030	0.030	0.030	0.030	0.030	0.030	0.030	0.030	0.030	0.030	0.030	0.030	0.030	
0.061	0.061	0.061	0.061	0.061	0.061	0.061	0.061	0.056	0.030	0.030	0.030	0.030	0.030	0.030	0.030	0.030	0.030	0.030	0.030	0.030	0.030	0.030	0.030	0.030	0.030	0.030	0.030	
0.061	0.061	0.061	0.061	0.061	0.061	0.061	0.061	0.060	0.031	0.030	0.030	0.030	0.030	0.030	0.030	0.030	0.030	0.030	0.030	0.030	0.030	0.030	0.030	0.030	0.030	0.030	0.030	
0.061	0.061	0.061	0.061	0.061	0.061	0.061	0.061	0.061	0.035	0.030	0.030	0.030	0.030	0.030	0.030	0.030	0.030	0.030	0.030	0.030	0.030	0.030	0.030	0.030	0.030	0.030	0.030	
0.061	0.061	0.061	0.061	0.061	0.061	0.061	0.061	0.061	0.041	0.030	0.030	0.030	0.030	0.030	0.030	0.030	0.030	0.030	0.030	0.030	0.030	0.030	0.030	0.030	0.030	0.030	0.030	
0.061	0.061	0.061	0.061	0.061	0.061	0.061	0.061	0.061	0.046	0.030	0.030	0.030	0.030	0.030	0.030	0.030	0.030	0.030	0.030	0.030	0.030	0.030	0.030	0.030	0.030	0.030	0.039	
0.061	0.061	0.061	0.061	0.061	0.061	0.061	0.061	0.061	0.051	0.030	0.030	0.030	0.030	0.030	0.030	0.030	0.030	0.030	0.030	0.030	0.030	0.030	0.030	0.030	0.030	0.030	0.133	
0.061	0.061	0.061	0.061	0.061	0.061	0.061	0.061	0.061	0.056	0.030	0.030	0.030	0.030	0.030	0.030	0.030	0.030	0.030	0.030	0.030	0.030	0.030	0.030	0.030	0.030	0.062	0.216	
0.061	0.061	0.061	0.061	0.061	0.061	0.061	0.061	0.061	0.061	0.031	0.030	0.030	0.030	0.030	0.030	0.030	0.030	0.030	0.030	0.030	0.030	0.030	0.030	0.030	0.030	0.173	0.220	
0.061	0.061	0.061	0.061	0.061	0.061	0.061	0.061	0.061	0.061	0.039	0.030	0.030	0.030	0.030	0.030	0.030	0.030	0.030	0.030	0.030	0.030	0.030	0.030	0.030	0.098	0.220	0.220	
0.061	0.061	0.061	0.061	0.061	0.061	0.061	0.061	0.061	0.061	0.218	0.030	0.030	0.030	0.030	0.030	0.030	0.030	0.030	0.030	0.030	0.030	0.030	0.030	0.041	0.202	0.220	0.220	
0.061	0.061	0.061	0.061	0.061	0.061	0.061	0.061	0.061	0.061	0.493	0.030	0.030	0.030	0.030	0.030	0.030	0.030	0.030	0.030	0.030	0.030	0.030	0.030	0.138	0.220	0.220	0.220	
0.061	0.061	0.061	0.061	0.061	0.061	0.061	0.061	0.061	0.061	0.756	0.041	0.030	0.030	0.030	0.030	0.030	0.030	0.030	0.030	0.030	0.030	0.030	0.065	0.217	0.220	0.220	0.220	
0.061	0.061	0.061	0.061	0.061	0.061	0.061	0.061	0.061	0.061	0.826	0.245	0.030	0.030	0.030	0.030	0.030	0.030	0.030	0.030	0.030	0.030	0.031	0.177	0.220	0.220	0.220	0.220	
0.061	0.061	0.061	0.061	0.061	0.061	0.061	0.061	0.061	0.061	0.826	0.542	0.030	0.030	0.030	0.030	0.030	0.030	0.030	0.030	0.030	0.030	0.103	0.220	0.220	0.220	0.220	0.220	
0.061	0.061	0.061	0.061	0.061	0.061	0.061	0.061	0.061	0.061	0.826	1.026	0.035	0.030	0.030	0.030	0.030	0.030	0.030	0.030	0.030	0.043	0.204	0.220	0.220	0.220	0.220	0.220	
0.061	0.061	0.061	0.061	0.061	0.061	0.061	0.061	0.061	0.061	0.826	1.191	0.401	0.030	0.030	0.030	0.030	0.030	0.030	0.030	0.030	0.142	0.220	0.220	0.220	0.220	0.220	0.220	
0.061	0.061	0.061	0.061	0.061	0.061	0.061	0.061	0.061	0.061	0.826	1.139	0.984	0.030	0.030	0.030	0.030	0.030	0.030	0.030	0.069	0.218	0.220	0.220	0.220	0.220	0.220	0.220	
0.061	0.061	0.061	0.061	0.061	0.061	0.061	0.061	0.061	0.061	0.826	1.091	1.445	0.148	0.030	0.030	0.030	0.030	0.030	0.032	0.180	0.220	0.220	0.220	0.220	0.220	0.220	0.220	
0.061	0.061	0.061	0.061	0.061	0.061	0.061	0.061	0.061	0.061	0.826	1.082	1.441	0.693	0.030	0.030	0.030	0.030	0.030	0.107	0.220	0.220	0.220	0.220	0.220	0.220	0.220	0.220	
0.061	0.061	0.061	0.061	0.061	0.061	0.061	0.061	0.061	0.061	0.826	1.082	1.389	1.270	0.035	0.030	0.030	0.030	0.045	0.206	0.220	0.220	0.220	0.220	0.220	0.220	0.220	0.220	
0.061	0.061	0.061	0.061	0.061	0.061	0.061	0.061	0.061	0.061	0.826	1.082	1.337	1.487	0.401	0.030	0.030	0.030	0.147	0.220	0.220	0.220	0.220	0.220	0.220	0.220	0.220	0.220	
0.061	0.061	0.061	0.061	0.061	0.061	0.061	0.061	0.061	0.061	0.826	1.082	1.286	1.487	0.984	0.030	0.030	0.073	0.219	0.220	0.220	0.220	0.220	0.220	0.220	0.220	0.220	0.220	
0.061	0.061	0.061	0.061	0.061	0.061	0.061	0.061	0.061	0.061	0.826	1.082	1.234	1.487	1.449	0.148	0.032	0.184	0.220	0.220	0.220	0.220	0.220	0.220	0.220	0.220	0.220	0.220	
0.061	0.061	0.061	0.061	0.061	0.061	0.061	0.061	0.061	0.061	0.826	1.082	1.182	1.487	1.487	0.693	0.111	0.220	0.220	0.220	0.220	0.220	0.220	0.220	0.220	0.220	0.220	0.220	
0.000	0.000	0.000	0.000	0.000	0.000	0.000	0.000	0.000	0.000	0.000	0.000	0.669	1.684	1.727	0.797	0.000	0.000	0.000	0.000	0.000	0.000	0.000	0.000	0.000	0.000	0.000	0.000	
0.000	0.000	0.000	0.000	0.000	0.000	0.000	0.000	0.000	0.000	0.000	0.000	0.588	2.353	2.353	0.588	0.000	0.000	0.000	0.000	0.000	0.000	0.000	0.000	0.000	0.000	0.000	0.000	
0.000	0.000	0.000	0.000	0.000	0.000	0.000	0.000	0.000	0.000	0.000	0.000	0.588	2.353	2.353	0.588	0.000	0.000	0.000	0.000	0.000	0.000	0.000	0.000	0.000	0.000	0.000	0.000	
0.000	0.000	0.000	0.000	0.000	0.000	0.000	0.000	0.000	0.000	0.000	0.000	0.588	2.353	2.353	0.588	0.000	0.000	0.000	0.000	0.000	0.000	0.000	0.000	0.000	0.000	0.000	0.000	
0.000	0.000	0.000	0.000	0.000	0.000	0.000	0.000	0.000	0.000	0.000	0.000	0.588	2.353	2.353	0.588	0.000	0.000	0.000	0.000	0.000	0.000	0.000	0.000	0.000	0.000	0.000	0.000	
