0.035	0.035	0.035	0.035	0.035	0.035	0.035	0.035	0.035	0.035	0.035	0.035	0.035	0.035	0.035	0.035	0.035	0.035	0.035	0.035	0.035	0.035	0.035	0.035	0.035	0.035	0.035	0.035	
0.035	0.035	0.035	0.035	0.035	0.035	0.035	0.035	0.035	0.035	0.035	0.035	0.035	0.035	0.035	0.035	0.035	0.035	0.035	0.035	0.035	0.035	0.035	0.035	0.035	0.035	0.035	0.035	
0.035	0.035	0.035	0.035	0.035	0.035	0.035	0.035	0.035	0.035	0.035	0.035	0.035	0.035	0.035	0.035	0.035	0.035	0.035	0.035	0.035	0.035	0.035	0.035	0.035	0.035	0.035	0.035	
0.035	0.035	0.035	0.035	0.035	0.035	0.035	0.035	0.035	0.035	0.035	0.035	0.035	0.035	0.035	0.035	0.035	0.035	0.035	0.035	0.035	0.035	0.035	0.035	0.035	0.035	0.035	0.063	
0.035	0.035	0.035	0.035	0.035	0.035	0.035	0.035	0.035	0.035	0.035	0.035	0.035	0.035	0.035	0.035	0.035	0.035	0.035	0.035	0.035	0.035	0.035	0.035	0.035	0.035	0.035	0.152	
0.035	0.035	0.035	0.035	0.035	0.035	0.035	0.035	0.035	0.035	0.035	0.035	0.035	0.035	0.035	0.035	0.035	0.035	0.035	0.035	0.035	0.035	0.035	0.035	0.035	0.035	0.040	0.239	
0.035	0.035	0.035	0.035	0.035	0.035	0.035	0.035	0.035	0.035	0.035	0.035	0.035	0.035	0.035	0.035	0.035	0.035	0.035	0.035	0.035	0.035	0.035	0.035	0.035	0.035	0.110	0.260	
0.035	0.035	0.035	0.035	0.035	0.035	0.035	0.035	0.035	0.035	0.035	0.035	0.035	0.035	0.035	0.035	0.035	0.035	0.035	0.035	0.035	0.035	0.035	0.035	0.035	0.035	0.202	0.260	
0.035	0.035	0.035	0.035	0.035	0.035	0.035	0.035	0.035	0.035	0.035	0.035	0.035	0.035	0.035	0.035	0.035	0.035	0.035	0.035	0.035	0.035	0.035	0.035	0.035	0.069	0.259	0.260	
0.035	0.035	0.035	0.035	0.035	0.035	0.035	0.035	0.035	0.035	0.035	0.035	0.035	0.035	0.035	0.035	0.035	0.035	0.035	0.035	0.035	0.035	0.035	0.035	0.035	0.160	0.260	0.257	
0.035	0.035	0.035	0.035	0.035	0.035	0.035	0.035	0.035	0.035	0.035	0.035	0.035	0.035	0.035	0.035	0.035	0.035	0.035	0.035	0.035	0.035	0.035	0.035	0.043	0.244	0.260	0.229	
0.035	0.035	0.035	0.035	0.035	0.035	0.035	0.035	0.035	0.035	0.035	0.035	0.035	0.035	0.035	0.035	0.035	0.035	0.035	0.035	0.035	0.035	0.035	0.035	0.118	0.260	0.260	0.197	
0.035	0.035	0.035	0.035	0.035	0.035	0.035	0.035	0.035	0.035	0.035	0.035	0.035	0.035	0.035	0.035	0.035	0.035	0.035	0.035	0.035	0.035	0.035	0.035	0.209	0.260	0.249	0.175	
0.035	0.035	0.035	0.035	0.035	0.035	0.035	0.035	0.035	0.035	0.035	0.035	0.035	0.035	0.035	0.035	0.035	0.035	0.035	0.035	0.035	0.035	0.035	0.076	0.260	0.260	0.217	0.174	
0.035	0.035	0.035	0.035	0.035	0.035	0.035	0.035	0.035	0.035	0.035	0.035	0.035	0.035	0.035	0.035	0.035	0.035	0.035	0.035	0.035	0.035	0.035	0.167	0.260	0.259	0.185	0.174	
0.035	0.035	0.035	0.035	0.035	0.035	0.035	0.035	0.035	0.035	0.035	0.035	0.035	0.035	0.035	0.035	0.035	0.035	0.035	0.035	0.035	0.035	0.046	0.248	0.260	0.237	0.174	0.174	
0.035	0.035	0.035	0.035	0.035	0.035	0.035	0.035	0.035	0.035	0.035	0.035	0.035	0.035	0.035	0.035	0.035	0.035	0.035	0.035	0.035	0.035	0.126	0.260	0.260	0.204	0.174	0.174	
0.040	0.035	0.035	0.035	0.035	0.035	0.035	0.035	0.035	0.035	0.035	0.035	0.035	0.035	0.035	0.035	0.035	0.035	0.035	0.035	0.035	0.035	0.217	0.260	0.255	0.177	0.174	0.174	
0.131	0.035	0.035	0.035	0.035	0.035	0.035	0.035	0.035	0.035	0.035	0.035	0.035	0.035	0.035	0.035	0.035	0.035	0.035	0.035	0.035	0.084	0.260	0.260	0.225	0.174	0.174	0.174	
0.239	0.047	0.035	0.035	0.035	0.035	0.035	0.035	0.035	0.035	0.035	0.035	0.035	0.035	0.035	0.035	0.035	0.035	0.035	0.035	0.035	0.175	0.260	0.260	0.192	0.174	0.174	0.174	
0.258	0.148	0.035	0.035	0.035	0.035	0.035	0.035	0.035	0.035	0.035	0.035	0.035	0.035	0.035	0.035	0.035	0.035	0.035	0.035	0.050	0.252	0.260	0.245	0.174	0.174	0.174	0.174	
0.258	0.248	0.056	0.035	0.035	0.035	0.035	0.035	0.035	0.035	0.035	0.035	0.035	0.035	0.035	0.035	0.035	0.035	0.035	0.035	0.133	0.260	0.260	0.212	0.174	0.174	0.174	0.174	
0.258	0.258	0.166	0.035	0.035	0.035	0.035	0.035	0.035	0.035	0.035	0.035	0.035	0.035	0.035	0.035	0.035	0.035	0.035	0.036	0.224	0.260	0.258	0.181	0.174	0.174	0.174	0.174	
0.258	0.258	0.254	0.068	0.035	0.035	0.035	0.035	0.035	0.035	0.035	0.035	0.035	0.035	0.035	0.035	0.035	0.035	0.035	0.091	0.260	0.260	0.232	0.174	0.174	0.174	0.174	0.174	
0.258	0.258	0.258	0.184	0.035	0.035	0.035	0.035	0.035	0.035	0.035	0.035	0.035	0.035	0.035	0.035	0.035	0.035	0.035	0.183	0.260	0.260	0.200	0.174	0.174	0.174	0.174	0.174	
0.258	0.258	0.258	0.257	0.082	0.035	0.035	0.035	0.035	0.035	0.035	0.035	0.035	0.035	0.035	0.035	0.035	0.035	0.055	0.255	0.260	0.251	0.176	0.174	0.174	0.174	0.174	0.174	
0.258	0.258	0.258	0.258	0.201	0.035	0.035	0.035	0.035	0.035	0.035	0.035	0.035	0.035	0.035	0.035	0.035	0.035	0.141	0.260	0.260	0.220	0.174	0.174	0.174	0.174	0.174	0.174	
0.258	0.258	0.258	0.258	0.258	0.099	0.035	0.035	0.035	0.035	0.035	0.035	0.035	0.035	0.035	0.035	0.035	0.037	0.230	0.260	0.260	0.187	0.174	0.174	0.174	0.174	0.174	0.174	
0.258	0.258	0.258	0.258	0.258	0.217	0.037	0.035	0.035	0.035	0.035	0.035	0.035	0.035	0.035	0.035	0.035	0.099	0.260	0.260	0.240	0.174	0.174	0.174	0.174	0.174	0.174	0.174	
0.258	0.258	0.258	0.258	0.258	0.258	0.116	0.035	0.035	0.035	0.035	0.035	0.035	0.035	0.035	0.035	0.035	0.190	0.260	0.260	0.207	0.174	0.174	0.174	0.174	0.174	0.174	0.174	
0.258	0.258	0.258	0.258	0.258	0.258	0.230	0.042	0.035	0.035	0.035	0.035	0.035	0.035	0.035	0.035	0.060	0.257	0.260	0.256	0.179	0.174	0.174	0.174	0.174	0.174	0.174	0.174	
0.327	0.258	0.258	0.258	0.258	0.258	0.258	0.134	0.035	0.035	0.035	0.035	0.035	0.035	0.035	0.035	0.148	0.260	0.260	0.228	0.174	0.174	0.174	0.174	0.174	0.174	0.174	0.203	
0.458	0.314	0.258	0.258	0.258	0.258	0.258	0.241	0.049	0.035	0.035	0.035	0.035	0.035	0.035	0.039	0.236	0.260	0.260	0.195	0.174	0.174	0.174	0.174	0.174	0.174	0.200	0.390	
0.464	0.454	0.302	0.258	0.258	0.258	0.258	0.258	0.152	0.035	0.035	0.035	0.035	0.035	0.035	0.106	0.260	0.260	0.248	0.175	0.174	0.174	0.174	0.174	0.174	0.197	0.387	0.427	
0.464	0.464	0.448	0.291	0.258	0.258	0.258	0.258	0.249	0.058	0.035	0.035	0.035	0.035	0.035	0.198	0.260	0.260	0.215	0.174	0.174	0.174	0.174	0.174	0.195	0.384	0.427	0.427	
0.464	0.464	0.464	0.441	0.282	0.258	0.258	0.258	0.258	0.169	0.035	0.035	0.035	0.035	0.066	0.259	0.260	0.259	0.184	0.174	0.174	0.174	0.174	0.193	0.380	0.427	0.427	0.427	
0.464	0.464	0.464	0.464	0.432	0.274	0.258	0.258	0.258	0.254	0.070	0.035	0.035	0.035	0.156	0.260	0.260	0.236	0.174	0.174	0.174	0.174	0.191	0.376	0.427	0.427	0.427	0.427	
0.464	0.464	0.464	0.464	0.464	0.421	0.268	0.258	0.258	0.258	0.187	0.035	0.035	0.041	0.241	0.260	0.260	0.203	0.174	0.174	0.174	0.189	0.373	0.427	0.427	0.427	0.427	0.427	
0.464	0.464	0.464	0.464	0.464	0.464	0.410	0.264	0.258	0.258	0.399	2.865	2.579	1.900	0.260	0.260	0.254	0.177	0.174	0.174	0.187	0.369	0.427	0.427	0.427	0.427	0.427	0.427	
0.464	0.464	0.464	0.464	0.464	0.464	0.464	0.397	0.260	0.258	1.201	3.713	3.713	3.719	2.712	1.854	0.698	0.174	0.174	0.185	0.365	0.427	0.427	0.427	0.427	0.427	0.427	0.427	
0.464	0.464	0.464	0.464	0.464	0.464	0.464	0.464	2.363	3.557	3.812	3.974	3.973	3.972	4.005	4.005	3.618	2.283	0.999	0.361	0.427	0.427	0.427	0.427	0.427	0.427	0.427	0.427	
0.609	0.510	0.464	0.464	0.464	0.464	0.464	0.464	3.067	3.824	3.852	4.413	4.415	4.313	4.124	4.076	3.840	3.828	3.466	0.427	0.427	0.427	0.427	0.427	0.427	0.427	0.447	0.635	
1.316	1.632	1.671	1.572	1.473	1.374	1.276	1.177	3.564	3.970	4.023	4.481	4.481	4.506	4.539	4.536	3.969	3.867	3.675	1.142	0.873	0.605	0.430	0.427	0.501	0.722	0.926	0.963	
1.144	1.154	1.388	1.678	1.723	1.723	1.723	1.723	3.815	4.114	4.150	4.745	4.745	4.664	4.581	4.565	4.123	4.086	3.755	2.709	2.709	2.709	2.600	1.389	0.959	0.963	0.963	0.963	
1.144	1.144	1.144	1.181	1.461	1.742	2.207	2.779	4.216	4.399	4.451	4.841	4.815	4.950	5.095	5.082	4.268	4.086	3.730	2.709	2.709	2.671	1.564	0.963	0.963	0.963	0.963	0.963	
1.144	1.144	1.144	1.144	1.144	2.484	4.517	4.517	4.831	4.989	5.019	5.265	5.265	5.299	5.176	5.119	5.194	4.994	4.376	3.837	3.837	2.505	0.963	0.963	0.963	0.963	1.007	1.269	
1.553	1.289	1.145	1.144	1.144	1.268	4.253	4.698	5.121	5.157	5.706	5.454	5.426	5.941	6.062	5.683	5.199	5.305	5.455	4.171	4.077	2.067	0.963	0.963	0.967	1.159	1.404	1.433	
1.751	1.751	1.632	1.369	1.160	1.309	4.265	5.515	5.519	6.006	6.151	6.167	6.209	6.148	6.081	6.246	6.066	5.614	5.621	5.104	4.335	2.618	1.016	1.055	1.334	1.433	1.433	1.433	
1.751	1.751	1.751	1.751	1.696	4.158	5.021	5.374	5.990	6.509	6.771	7.225	6.310	5.901	5.641	6.211	6.539	6.752	5.987	6.060	5.500	4.987	3.979	1.427	1.433	1.433	1.433	1.433	
1.751	1.751	1.751	1.751	1.751	4.523	5.012	5.291	6.583	6.583	7.328	7.545	5.460	4.700	4.797	4.928	6.860	7.035	6.420	6.080	5.552	4.987	4.276	1.433	1.433	1.433	1.433	1.433	
0.000	0.000	0.000	0.000	0.000	0.000	0.000	0.000	6.583	0.000	0.000	0.000	2.500	4.700	4.792	2.550	0.000	0.000	0.000	0.000	0.000	0.000	0.000	0.000	0.000	0.000	0.000	0.000	
0.000	0.000	0.000	0.000	0.000	0.000	0.000	0.000	0.000	0.000	0.000	0.000	1.175	4.700	4.786	1.200	0.000	0.000	0.000	0.000	0.000	0.000	0.000	0.000	0.000	0.000	0.000	0.000	
0.000	0.000	0.000	0.000	0.000	0.000	0.000	0.000	0.000	0.000	0.000	0.000	0.998	3.879	3.852	1.000	0.000	0.000	0.000	0.000	0.000	0.000	0.000	0.000	0.000	0.000	0.000	0.000	
0.000	0.000	0.000	0.000	0.000	0.000	0.000	0.000	0.000	0.000	0.000	0.000	0.906	3.623	3.623	0.906	0.000	0.000	0.000	0.000	0.000	0.000	0.000	0.000	0.000	0.000	0.000	0.000	
0.000	0.000	0.000	0.000	0.000	0.000	0.000	0.000	0.000	0.000	0.000	0.000	0.906	3.623	3.623	0.906	0.000	0.000	0.000	0.000	0.000	0.000	0.000	0.000	0.000	0.000	0.000	0.000	
