0.061	0.061	0.061	0.061	0.061	0.061	0.061	0.061	0.061	0.061	0.071	0.093	0.093	0.093	0.093	0.093	0.093	0.093	0.093	0.087	0.064	0.064	0.064	0.064	0.064	0.064	0.064	0.064	
0.061	0.061	0.061	0.061	0.061	0.061	0.061	0.061	0.061	0.061	0.070	0.093	0.093	0.093	0.093	0.093	0.093	0.093	0.093	0.084	0.064	0.064	0.064	0.064	0.064	0.064	0.064	0.064	
0.061	0.061	0.061	0.061	0.061	0.061	0.061	0.061	0.061	0.061	0.068	0.093	0.093	0.093	0.093	0.093	0.093	0.093	0.093	0.081	0.064	0.064	0.064	0.064	0.064	0.064	0.064	0.064	
0.061	0.061	0.061	0.061	0.061	0.061	0.061	0.061	0.061	0.061	0.067	0.093	0.093	0.093	0.093	0.093	0.093	0.093	0.093	0.079	0.064	0.064	0.064	0.064	0.064	0.064	0.064	0.064	
0.061	0.061	0.061	0.061	0.061	0.061	0.061	0.061	0.061	0.061	0.066	0.093	0.093	0.093	0.093	0.093	0.093	0.093	0.093	0.076	0.064	0.064	0.064	0.064	0.064	0.064	0.064	0.064	
0.061	0.061	0.061	0.061	0.061	0.061	0.061	0.061	0.061	0.061	0.065	0.093	0.093	0.093	0.093	0.093	0.093	0.093	0.093	0.073	0.064	0.064	0.064	0.064	0.064	0.064	0.064	0.064	
0.061	0.061	0.061	0.061	0.061	0.061	0.061	0.061	0.061	0.061	0.064	0.093	0.093	0.093	0.093	0.093	0.093	0.093	0.093	0.070	0.064	0.064	0.064	0.064	0.064	0.064	0.064	0.064	
0.061	0.061	0.061	0.061	0.061	0.061	0.061	0.061	0.061	0.061	0.063	0.093	0.093	0.093	0.093	0.093	0.093	0.093	0.093	0.068	0.064	0.064	0.064	0.064	0.064	0.064	0.064	0.064	
0.061	0.061	0.061	0.061	0.061	0.061	0.061	0.061	0.061	0.061	0.062	0.093	0.093	0.093	0.093	0.093	0.093	0.093	0.093	0.065	0.064	0.064	0.064	0.064	0.064	0.064	0.064	0.064	
0.061	0.061	0.061	0.061	0.061	0.061	0.061	0.061	0.061	0.061	0.061	0.092	0.093	0.093	0.093	0.093	0.093	0.093	0.091	0.064	0.064	0.064	0.064	0.064	0.064	0.064	0.064	0.064	
0.061	0.061	0.061	0.061	0.061	0.061	0.061	0.061	0.061	0.061	0.061	0.091	0.093	0.093	0.093	0.093	0.093	0.093	0.089	0.064	0.064	0.064	0.064	0.064	0.064	0.064	0.064	0.064	
0.061	0.061	0.061	0.061	0.061	0.061	0.061	0.061	0.061	0.061	0.061	0.090	0.093	0.093	0.093	0.093	0.093	0.093	0.086	0.064	0.064	0.064	0.064	0.064	0.064	0.064	0.064	0.064	
0.061	0.061	0.061	0.061	0.061	0.061	0.061	0.061	0.061	0.061	0.061	0.089	0.093	0.093	0.093	0.093	0.093	0.093	0.083	0.064	0.064	0.064	0.064	0.064	0.064	0.064	0.064	0.064	
0.061	0.061	0.061	0.061	0.061	0.061	0.061	0.061	0.061	0.061	0.061	0.088	0.093	0.093	0.093	0.093	0.093	0.093	0.080	0.064	0.064	0.064	0.064	0.064	0.064	0.064	0.064	0.064	
0.061	0.061	0.061	0.061	0.061	0.061	0.061	0.061	0.061	0.061	0.061	0.087	0.093	0.093	0.093	0.093	0.093	0.093	0.078	0.064	0.064	0.064	0.064	0.064	0.064	0.064	0.064	0.064	
0.061	0.061	0.061	0.061	0.061	0.061	0.061	0.061	0.061	0.061	0.061	0.086	0.093	0.093	0.093	0.093	0.093	0.093	0.075	0.064	0.064	0.064	0.064	0.064	0.064	0.064	0.064	0.064	
0.061	0.061	0.061	0.061	0.061	0.061	0.061	0.061	0.061	0.061	0.061	0.084	0.093	0.093	0.093	0.093	0.093	0.093	0.072	0.064	0.064	0.064	0.064	0.064	0.064	0.064	0.064	0.064	
0.061	0.061	0.061	0.061	0.061	0.061	0.061	0.061	0.061	0.061	0.061	0.083	0.093	0.093	0.093	0.093	0.093	0.093	0.070	0.064	0.064	0.064	0.064	0.064	0.064	0.064	0.064	0.064	
0.061	0.061	0.061	0.061	0.061	0.061	0.061	0.061	0.061	0.061	0.061	0.082	0.093	0.093	0.093	0.093	0.093	0.093	0.067	0.064	0.064	0.064	0.064	0.064	0.064	0.064	0.064	0.064	
0.061	0.061	0.061	0.061	0.061	0.061	0.061	0.061	0.061	0.061	0.061	0.081	0.093	0.093	0.093	0.093	0.093	0.093	0.064	0.064	0.064	0.064	0.064	0.064	0.064	0.064	0.064	0.064	
0.061	0.061	0.061	0.061	0.061	0.061	0.061	0.061	0.061	0.061	0.061	0.080	0.093	0.093	0.093	0.093	0.093	0.090	0.064	0.064	0.064	0.064	0.064	0.064	0.064	0.064	0.064	0.064	
0.061	0.061	0.061	0.061	0.061	0.061	0.061	0.061	0.061	0.061	0.061	0.079	0.093	0.093	0.093	0.093	0.093	0.088	0.064	0.064	0.064	0.064	0.064	0.064	0.064	0.064	0.064	0.064	
0.061	0.061	0.061	0.061	0.061	0.061	0.061	0.061	0.061	0.061	0.061	0.078	0.093	0.093	0.093	0.093	0.093	0.085	0.064	0.064	0.064	0.064	0.064	0.064	0.064	0.064	0.064	0.064	
0.061	0.061	0.061	0.061	0.061	0.061	0.061	0.061	0.061	0.061	0.061	0.076	0.093	0.093	0.093	0.093	0.093	0.082	0.064	0.064	0.064	0.064	0.064	0.064	0.064	0.064	0.064	0.064	
0.061	0.061	0.061	0.061	0.061	0.061	0.061	0.061	0.061	0.061	0.061	0.075	0.093	0.093	0.093	0.093	0.093	0.080	0.064	0.064	0.064	0.064	0.064	0.064	0.064	0.064	0.064	0.064	
0.061	0.061	0.061	0.061	0.061	0.061	0.061	0.061	0.061	0.061	0.061	0.074	0.093	0.093	0.093	0.093	0.093	0.077	0.064	0.064	0.064	0.064	0.064	0.064	0.064	0.064	0.064	0.064	
0.061	0.061	0.061	0.061	0.061	0.061	0.061	0.061	0.061	0.061	0.061	0.073	0.093	0.093	0.093	0.093	0.093	0.074	0.064	0.064	0.064	0.064	0.064	0.064	0.064	0.064	0.064	0.064	
0.221	0.061	0.061	0.061	0.061	0.061	0.061	0.061	0.061	0.061	0.061	0.072	0.093	0.093	0.093	0.093	0.093	0.071	0.064	0.064	0.064	0.064	0.064	0.064	0.064	0.064	0.064	0.064	
0.492	0.092	0.061	0.061	0.061	0.061	0.061	0.061	0.061	0.061	0.061	0.071	0.093	0.093	0.093	0.093	0.093	0.069	0.064	0.064	0.064	0.064	0.064	0.064	0.064	0.064	0.064	0.064	
0.538	0.348	0.061	0.061	0.061	0.061	0.061	0.061	0.061	0.061	0.061	0.070	0.093	0.093	0.093	0.093	0.093	0.066	0.064	0.064	0.064	0.064	0.064	0.064	0.064	0.064	0.064	0.064	
0.538	0.535	0.175	0.061	0.061	0.061	0.061	0.061	0.061	0.061	0.061	0.068	0.093	0.093	0.093	0.093	0.092	0.064	0.064	0.064	0.064	0.064	0.064	0.064	0.064	0.064	0.064	0.064	
0.535	0.538	0.462	0.074	0.061	0.061	0.061	0.061	0.061	0.061	0.061	0.067	0.093	0.093	0.093	0.093	0.089	0.064	0.064	0.064	0.064	0.064	0.064	0.064	0.064	0.064	0.064	0.064	
0.520	0.538	0.538	0.299	0.061	0.061	0.061	0.061	0.061	0.061	0.061	0.066	0.093	0.093	0.093	0.093	0.087	0.064	0.064	0.064	0.064	0.064	0.064	0.064	0.064	0.064	0.064	0.064	
0.509	0.533	0.538	0.525	0.137	0.061	0.061	0.061	0.061	0.061	0.061	0.065	0.093	0.093	0.093	0.093	0.084	0.064	0.064	0.064	0.064	0.064	0.064	0.064	0.064	0.064	0.064	0.274	
0.509	0.517	0.538	0.538	0.423	0.063	0.061	0.061	0.061	0.061	0.061	0.064	0.093	0.093	0.093	0.093	0.081	0.064	0.064	0.064	0.064	0.064	0.064	0.064	0.064	0.064	0.235	0.708	
0.509	0.509	0.530	0.538	0.538	0.250	0.061	0.061	0.061	0.061	0.061	0.063	0.093	0.093	0.093	0.093	0.079	0.064	0.064	0.064	0.064	0.064	0.064	0.064	0.064	0.200	0.693	0.728	
0.509	0.509	0.514	0.537	0.538	0.507	0.106	0.061	0.061	0.061	0.061	0.062	0.093	0.093	0.093	0.093	0.076	0.064	0.064	0.064	0.064	0.064	0.064	0.064	0.169	0.675	0.728	0.728	
0.509	0.509	0.509	0.526	0.538	0.538	0.377	0.061	0.061	0.061	0.061	0.061	0.092	0.093	0.093	0.093	0.073	0.064	0.064	0.064	0.064	0.064	0.064	0.142	0.652	0.728	0.728	0.748	
0.509	0.509	0.509	0.511	0.536	0.538	0.538	0.202	0.061	0.061	0.061	0.061	0.091	0.093	0.093	0.093	0.318	0.064	0.064	0.064	0.064	0.064	0.119	0.625	0.728	0.728	0.748	0.897	
0.509	0.509	0.509	0.509	0.523	0.538	0.538	0.481	0.083	0.061	0.061	0.061	0.090	0.093	0.093	0.836	1.485	0.064	0.064	0.064	0.064	0.100	0.594	0.728	0.728	0.748	0.897	0.927	
0.509	0.509	0.509	0.509	0.510	0.535	0.538	0.538	0.328	0.061	0.061	0.061	0.089	0.093	0.093	2.269	2.272	0.064	0.064	0.064	0.085	0.559	0.728	0.728	0.748	0.897	0.927	0.927	
0.509	0.509	0.509	0.509	0.509	0.519	0.538	0.538	0.532	0.159	0.061	0.061	0.088	0.093	0.709	3.087	2.976	0.147	0.064	0.074	0.520	0.728	0.728	0.748	0.897	0.927	0.927	0.927	
0.509	0.509	0.509	0.509	0.509	0.509	0.532	0.538	0.538	0.833	2.253	2.613	2.860	2.481	2.709	3.091	3.091	1.458	0.151	0.477	0.728	0.728	0.748	0.897	0.927	0.927	0.927	1.053	
1.257	0.674	0.509	0.509	0.509	0.509	0.717	1.139	0.546	2.349	4.476	4.476	4.490	4.492	4.669	4.481	4.153	4.566	4.093	0.744	0.728	0.748	0.897	0.927	0.927	0.933	1.207	1.497	
1.580	1.560	1.123	0.590	0.509	0.509	1.992	4.602	4.248	4.866	4.757	4.601	4.765	4.510	5.245	5.422	5.009	4.566	4.613	2.989	1.154	0.897	0.927	0.927	0.993	1.364	1.507	1.507	
1.580	1.580	1.580	1.511	0.989	0.804	3.511	4.602	4.708	5.311	5.311	5.291	5.290	5.497	5.815	5.528	5.446	5.098	4.858	4.896	3.731	0.927	0.927	1.118	1.468	1.507	1.507	1.545	
1.820	1.593	1.580	1.580	1.580	3.767	4.761	4.833	5.510	5.504	5.671	5.735	5.299	5.782	6.009	5.795	5.499	5.592	5.374	4.922	5.039	3.646	1.382	1.507	1.507	1.508	1.655	1.871	
2.248	2.170	1.878	1.615	1.644	4.309	4.762	5.129	5.760	5.771	6.167	6.167	5.963	5.963	5.882	5.600	5.578	6.027	6.102	5.551	5.084	5.087	2.177	1.507	1.556	1.790	1.898	1.898	
2.248	2.248	2.248	2.206	4.160	5.315	5.320	6.223	6.108	6.587	6.698	6.318	6.250	5.958	5.733	5.543	6.194	6.418	6.135	6.130	5.528	5.260	4.939	2.312	1.879	1.898	1.898	1.898	
2.248	2.248	2.248	2.248	4.557	5.327	5.635	6.331	6.361	6.929	6.929	6.448	6.394	5.384	4.280	5.598	6.616	6.627	6.286	6.169	5.933	5.308	5.308	3.196	1.898	1.898	1.898	1.898	
0.000	0.000	0.000	0.000	0.000	0.000	0.000	0.000	0.000	0.000	0.000	0.000	2.784	2.143	1.904	1.392	0.000	0.000	0.000	0.000	0.000	0.000	0.000	0.000	0.000	0.000	0.000	0.000	
0.000	0.000	0.000	0.000	0.000	0.000	0.000	0.000	0.000	0.000	0.000	0.000	0.476	1.904	1.904	0.476	0.000	0.000	0.000	0.000	0.000	0.000	0.000	0.000	0.000	0.000	0.000	0.000	
0.000	0.000	0.000	0.000	0.000	0.000	0.000	0.000	0.000	0.000	0.000	0.000	0.476	1.904	1.904	0.476	0.000	0.000	0.000	0.000	0.000	0.000	0.000	0.000	0.000	0.000	0.000	0.000	
0.000	0.000	0.000	0.000	0.000	0.000	0.000	0.000	0.000	0.000	0.000	0.000	0.476	1.904	1.904	0.476	0.000	0.000	0.000	0.000	0.000	0.000	0.000	0.000	0.000	0.000	0.000	0.000	
0.000	0.000	0.000	0.000	0.000	0.000	0.000	0.000	0.000	0.000	0.000	0.000	0.476	1.904	1.904	0.476	0.000	0.000	0.000	0.000	0.000	0.000	0.000	0.000	0.000	0.000	0.000	0.000	
