0.076	0.076	0.076	0.076	0.076	0.076	0.076	0.076	0.076	0.076	0.076	0.076	0.076	0.076	0.076	0.076	0.076	0.076	0.076	0.076	0.156	0.231	0.231	0.211	0.114	0.114	0.114	0.114	
0.076	0.076	0.076	0.076	0.076	0.076	0.076	0.076	0.076	0.076	0.076	0.076	0.076	0.076	0.076	0.076	0.076	0.076	0.076	0.076	0.202	0.231	0.231	0.183	0.114	0.114	0.114	0.114	
0.076	0.076	0.076	0.076	0.076	0.076	0.076	0.076	0.076	0.076	0.076	0.076	0.076	0.076	0.076	0.076	0.076	0.076	0.076	0.092	0.231	0.231	0.231	0.154	0.114	0.114	0.114	0.114	
0.076	0.076	0.076	0.076	0.076	0.076	0.076	0.076	0.076	0.076	0.076	0.076	0.076	0.076	0.076	0.076	0.076	0.076	0.076	0.138	0.231	0.231	0.231	0.126	0.114	0.114	0.114	0.114	
0.076	0.076	0.076	0.076	0.076	0.076	0.076	0.076	0.076	0.076	0.076	0.076	0.076	0.076	0.076	0.076	0.076	0.076	0.076	0.183	0.231	0.231	0.215	0.114	0.114	0.114	0.114	0.114	
0.077	0.076	0.076	0.076	0.076	0.076	0.076	0.076	0.076	0.076	0.076	0.076	0.076	0.076	0.076	0.076	0.076	0.076	0.080	0.224	0.231	0.231	0.187	0.114	0.114	0.114	0.114	0.114	
0.178	0.076	0.076	0.076	0.076	0.076	0.076	0.076	0.076	0.076	0.076	0.076	0.076	0.076	0.076	0.076	0.076	0.076	0.119	0.231	0.231	0.231	0.158	0.114	0.114	0.114	0.114	0.114	
0.338	0.081	0.076	0.076	0.076	0.076	0.076	0.076	0.076	0.076	0.076	0.076	0.076	0.076	0.076	0.076	0.076	0.076	0.164	0.231	0.231	0.231	0.130	0.114	0.114	0.114	0.114	0.114	
0.384	0.202	0.076	0.076	0.076	0.076	0.076	0.076	0.076	0.076	0.076	0.076	0.076	0.076	0.076	0.076	0.076	0.076	0.210	0.231	0.231	0.219	0.114	0.114	0.114	0.114	0.114	0.114	
0.384	0.355	0.090	0.076	0.076	0.076	0.076	0.076	0.076	0.076	0.076	0.076	0.076	0.076	0.076	0.076	0.076	0.100	0.231	0.231	0.231	0.191	0.114	0.114	0.114	0.114	0.114	0.114	
0.384	0.384	0.227	0.076	0.076	0.076	0.076	0.076	0.076	0.076	0.076	0.076	0.076	0.076	0.076	0.076	0.076	0.146	0.231	0.231	0.231	0.162	0.114	0.114	0.114	0.114	0.114	0.114	
0.384	0.384	0.367	0.101	0.076	0.076	0.076	0.076	0.076	0.076	0.076	0.076	0.076	0.076	0.076	0.076	0.076	0.191	0.231	0.231	0.231	0.134	0.114	0.114	0.114	0.114	0.114	0.114	
0.368	0.384	0.384	0.251	0.076	0.076	0.076	0.076	0.076	0.076	0.076	0.076	0.076	0.076	0.076	0.076	0.084	0.228	0.231	0.231	0.223	0.114	0.114	0.114	0.114	0.114	0.114	0.114	
0.321	0.384	0.384	0.376	0.117	0.076	0.076	0.076	0.076	0.076	0.076	0.076	0.076	0.076	0.076	0.076	0.127	0.231	0.231	0.231	0.195	0.114	0.114	0.114	0.114	0.114	0.114	0.114	
0.294	0.362	0.384	0.384	0.276	0.076	0.076	0.076	0.076	0.076	0.076	0.076	0.076	0.076	0.076	0.076	0.172	0.231	0.231	0.231	0.167	0.114	0.114	0.114	0.114	0.114	0.114	0.114	
0.294	0.315	0.384	0.384	0.382	0.136	0.076	0.076	0.076	0.076	0.076	0.076	0.076	0.076	0.076	0.077	0.217	0.231	0.231	0.231	0.138	0.114	0.114	0.114	0.114	0.114	0.114	0.114	
0.294	0.294	0.356	0.384	0.384	0.301	0.076	0.076	0.076	0.076	0.076	0.076	0.076	0.076	0.076	0.108	0.231	0.231	0.231	0.226	0.116	0.114	0.114	0.114	0.114	0.114	0.114	0.114	
0.294	0.294	0.310	0.383	0.384	0.384	0.159	0.076	0.076	0.076	0.076	0.076	0.076	0.076	0.076	0.154	0.231	0.231	0.231	0.199	0.114	0.114	0.114	0.114	0.114	0.114	0.114	0.114	
0.294	0.294	0.294	0.350	0.384	0.384	0.323	0.078	0.076	0.076	0.076	0.076	0.076	0.076	0.076	0.199	0.231	0.231	0.231	0.171	0.114	0.114	0.114	0.114	0.114	0.114	0.114	0.114	
0.294	0.294	0.294	0.305	0.381	0.384	0.384	0.184	0.076	0.076	0.076	0.076	0.076	0.076	0.090	0.231	0.231	0.231	0.231	0.142	0.114	0.114	0.114	0.114	0.114	0.114	0.114	0.114	
0.294	0.294	0.294	0.294	0.344	0.384	0.384	0.343	0.083	0.076	0.076	0.076	0.076	0.076	0.135	0.231	0.231	0.231	0.228	0.117	0.114	0.114	0.114	0.114	0.114	0.114	0.114	0.114	
0.294	0.294	0.294	0.294	0.301	0.379	0.384	0.384	0.208	0.076	0.076	0.076	0.076	0.076	0.181	0.231	0.231	0.231	0.203	0.114	0.114	0.114	0.114	0.114	0.114	0.114	0.114	0.114	
0.294	0.294	0.294	0.294	0.294	0.338	0.384	0.384	0.358	0.092	0.076	0.076	0.076	0.079	0.223	0.231	0.231	0.231	0.175	0.114	0.114	0.114	0.114	0.114	0.114	0.114	0.114	0.114	
0.294	0.294	0.294	0.294	0.294	0.298	0.375	0.384	0.384	0.233	0.076	0.076	0.076	0.116	0.231	0.231	0.231	0.231	0.146	0.114	0.114	0.114	0.114	0.114	0.114	0.114	0.114	0.114	
0.294	0.294	0.294	0.294	0.294	0.294	0.332	0.384	0.384	0.370	0.105	0.076	0.076	0.162	0.231	0.231	0.231	0.508	0.334	0.114	0.114	0.114	0.114	0.114	0.114	0.114	0.114	0.114	
0.294	0.294	0.294	0.294	0.294	0.294	0.296	0.371	0.384	0.384	0.258	0.076	0.076	0.207	0.231	0.231	0.401	1.639	0.778	0.114	0.114	0.114	0.114	0.114	0.114	0.114	0.114	0.114	
0.294	0.294	0.294	0.294	0.294	0.294	0.294	0.326	0.384	0.384	0.378	0.121	0.097	0.231	0.231	0.320	1.530	1.819	1.191	0.114	0.114	0.114	0.114	0.114	0.114	0.114	0.114	0.114	
0.294	0.294	0.294	0.294	0.294	0.294	0.294	0.295	0.367	0.384	0.440	1.270	1.548	0.852	0.364	1.394	1.819	1.819	1.604	0.114	0.114	0.114	0.114	0.114	0.114	0.114	0.114	0.114	
0.294	0.294	0.294	0.294	0.294	0.294	0.294	0.300	1.335	1.770	1.875	1.936	1.936	1.942	2.277	2.088	1.825	1.819	1.819	0.313	0.114	0.114	0.114	0.114	0.114	0.114	0.114	0.114	
0.294	0.294	0.294	0.294	0.294	0.294	0.296	1.196	2.107	2.107	2.076	1.936	1.936	1.995	2.286	2.286	2.150	1.843	1.664	0.628	0.381	0.342	0.302	0.263	0.223	0.184	0.144	0.115	
0.405	0.439	0.473	0.507	0.541	0.575	0.606	1.286	2.107	2.107	2.104	1.943	1.936	2.058	2.286	2.286	2.272	2.117	0.887	0.592	0.592	0.592	0.592	0.592	0.592	0.592	0.592	0.582	
0.614	0.614	0.614	0.614	0.614	0.614	0.614	0.617	1.599	2.107	2.103	1.995	1.941	2.120	2.286	2.250	2.131	2.110	1.187	0.592	0.592	0.592	0.592	0.592	0.592	0.592	0.592	0.592	
0.614	0.614	0.614	0.614	0.614	0.614	0.614	0.614	0.681	2.001	2.063	2.061	2.057	2.119	2.167	2.115	2.110	2.110	1.530	0.592	0.592	0.592	0.592	0.592	0.592	0.592	0.592	0.592	
0.614	0.614	0.614	0.614	0.614	0.614	0.614	0.614	0.903	2.061	2.061	2.061	2.072	2.113	2.113	2.112	2.110	2.110	1.872	0.592	0.592	0.592	0.592	0.592	0.592	0.592	0.592	0.592	
0.614	0.614	0.614	0.614	0.614	0.614	0.741	1.421	2.014	2.062	2.061	2.061	2.085	2.113	2.113	2.113	2.158	2.164	1.320	0.574	0.574	0.575	0.575	0.575	0.576	0.576	0.577	0.577	
0.613	0.613	0.613	0.613	0.613	0.744	1.934	2.062	2.062	2.062	2.109	2.298	2.315	2.114	2.113	2.169	2.262	2.262	1.076	0.572	0.572	0.572	0.572	0.572	0.572	0.572	0.572	0.572	
0.613	0.613	0.613	0.613	0.613	0.613	0.915	1.939	2.062	2.062	2.360	2.603	2.603	2.484	2.465	2.265	2.262	2.262	1.291	0.572	0.572	0.572	0.572	0.572	0.572	0.572	0.572	0.572	
0.613	0.613	0.613	0.613	0.613	0.613	0.613	0.818	1.863	2.135	2.562	2.603	2.603	2.838	2.969	2.622	2.262	2.262	1.505	0.572	0.572	0.572	0.572	0.572	0.572	0.572	0.572	0.572	
0.000	0.613	0.613	0.613	0.613	0.613	0.613	0.613	1.767	2.711	2.674	2.605	2.661	2.964	2.969	2.965	2.695	2.624	1.090	0.624	0.615	0.607	0.598	0.589	0.581	0.573	0.572	0.572	
0.613	0.613	0.613	0.613	0.613	0.613	0.613	0.717	2.585	2.711	2.711	2.917	3.025	2.987	2.969	2.982	2.992	2.992	0.787	0.640	0.640	0.640	0.640	0.640	0.640	0.639	0.632	0.623	
0.613	0.616	0.636	0.660	0.683	0.706	0.730	0.975	2.518	2.711	2.737	3.025	3.030	3.029	3.101	3.008	2.992	2.992	0.747	0.640	0.640	0.640	0.640	0.640	0.640	0.640	0.640	0.640	
0.779	0.800	0.803	0.803	0.803	0.803	0.803	0.803	1.241	2.993	3.078	3.048	3.030	3.108	3.360	3.307	3.036	2.686	1.283	0.659	0.640	0.640	0.640	0.640	0.640	0.640	0.640	0.640	
0.803	0.803	0.803	0.803	0.803	0.803	0.803	0.803	1.558	3.173	3.173	3.322	3.604	3.539	3.364	3.364	2.841	2.241	2.241	1.968	1.119	0.642	0.640	0.638	0.623	0.606	0.589	0.573	
0.803	0.803	0.803	0.803	0.803	0.804	0.874	0.983	1.965	3.173	3.173	3.531	3.731	3.720	3.425	3.456	2.683	2.241	2.241	2.241	2.135	0.908	0.547	0.533	0.531	0.531	0.531	0.531	
0.806	0.883	0.992	1.101	1.210	1.318	1.357	1.357	1.363	2.974	3.665	3.768	3.754	3.926	3.787	3.784	3.579	2.745	2.787	2.535	0.742	0.531	0.531	0.531	0.531	0.531	0.531	0.531	
1.072	1.224	1.335	1.357	1.357	1.357	1.357	1.357	1.357	3.307	3.835	3.845	4.597	4.646	4.043	3.784	3.712	3.468	3.468	2.139	0.531	0.531	0.531	0.531	0.531	0.531	0.531	0.531	
0.862	0.862	0.872	0.970	1.091	1.212	1.359	2.161	3.247	3.955	3.856	4.313	4.683	4.646	4.648	4.231	4.325	3.528	3.468	1.141	0.531	0.531	0.531	0.531	0.531	0.531	0.531	0.531	
0.862	0.862	0.862	0.862	0.862	0.862	1.007	3.537	4.099	4.104	4.793	5.038	4.991	5.279	5.499	4.907	4.785	4.482	3.673	0.749	0.553	0.531	0.531	0.531	0.531	0.531	0.531	0.531	
0.862	0.862	0.862	0.862	0.862	0.862	0.862	1.327	3.930	4.926	5.337	5.060	4.965	5.369	5.499	5.029	4.798	4.850	4.513	1.843	1.809	1.608	1.385	1.161	0.938	0.715	0.543	0.531	
0.862	0.862	0.862	0.862	0.862	0.862	0.862	0.862	3.207	5.390	5.390	5.094	4.728	4.532	2.502	2.229	4.538	4.857	4.576	1.843	1.843	1.843	1.843	1.843	1.843	1.843	1.792	1.580	
0.000	0.000	0.000	0.000	0.000	0.000	0.000	0.000	0.000	0.000	0.000	0.000	2.511	3.865	2.013	1.069	0.000	0.000	0.000	0.000	0.000	0.000	0.000	0.000	0.000	0.000	0.000	0.000	
0.000	0.000	0.000	0.000	0.000	0.000	0.000	0.000	0.000	0.000	0.000	0.000	1.182	3.226	2.013	0.503	0.000	0.000	0.000	0.000	0.000	0.000	0.000	0.000	0.000	0.000	0.000	0.000	
0.000	0.000	0.000	0.000	0.000	0.000	0.000	0.000	0.000	0.000	0.000	0.000	1.182	2.587	2.013	0.503	0.000	0.000	0.000	0.000	0.000	0.000	0.000	0.000	0.000	0.000	0.000	0.000	
0.000	0.000	0.000	0.000	0.000	0.000	0.000	0.000	0.000	0.000	0.000	0.000	1.067	2.064	2.013	0.503	0.000	0.000	0.000	0.000	0.000	0.000	0.000	0.000	0.000	0.000	0.000	0.000	
0.000	0.000	0.000	0.000	0.000	0.000	0.000	0.000	0.000	0.000	0.000	0.000	0.571	2.013	2.013	0.503	0.000	0.000	0.000	0.000	0.000	0.000	0.000	0.000	0.000	0.000	0.000	0.000	
