0.442	0.442	0.442	0.442	0.442	0.550	0.587	0.587	0.587	0.587	0.587	0.587	0.527	0.488	0.488	0.488	0.488	0.488	0.455	0.311	0.311	0.311	0.311	0.311	0.311	0.311	0.311	0.311	
0.442	0.442	0.442	0.442	0.442	0.521	0.587	0.587	0.587	0.587	0.587	0.587	0.516	0.488	0.488	0.488	0.488	0.488	0.442	0.311	0.311	0.311	0.311	0.311	0.311	0.311	0.311	0.311	
0.442	0.442	0.442	0.442	0.442	0.493	0.587	0.587	0.587	0.587	0.587	0.587	0.506	0.488	0.488	0.488	0.488	0.488	0.429	0.311	0.311	0.311	0.311	0.311	0.311	0.311	0.311	0.311	
0.442	0.442	0.442	0.442	0.442	0.474	0.589	0.587	0.587	0.587	0.587	0.587	0.495	0.488	0.488	0.488	0.488	0.488	0.415	0.311	0.311	0.311	0.311	0.311	0.311	0.311	0.311	0.311	
0.442	0.442	0.442	0.442	0.442	0.605	0.800	0.587	0.587	0.587	0.587	0.583	0.488	0.488	0.488	0.488	0.488	0.488	0.547	0.313	0.311	0.311	0.311	0.311	0.311	0.311	0.311	0.311	
0.442	0.442	0.442	0.442	0.442	0.760	1.018	0.730	0.587	0.587	0.587	0.573	0.488	0.488	0.488	0.488	0.488	0.523	0.904	0.611	0.311	0.311	0.311	0.311	0.311	0.311	0.311	0.311	
0.442	0.442	0.442	0.442	0.442	0.916	1.021	1.003	0.673	0.587	0.587	0.562	0.488	0.488	0.488	0.488	0.488	0.719	0.925	0.922	0.528	0.311	0.311	0.311	0.311	0.311	0.311	0.311	
0.442	0.442	0.442	0.442	0.495	1.018	1.021	1.021	0.974	0.631	0.706	0.840	0.527	0.488	0.488	0.488	0.521	0.903	0.925	0.925	0.908	0.459	0.311	0.311	0.311	0.311	0.311	0.311	
0.442	0.442	0.442	0.442	0.648	1.021	1.021	1.021	1.021	1.210	1.323	1.323	1.223	0.764	0.735	0.856	0.964	0.925	0.925	0.925	0.925	0.879	0.402	0.311	0.311	0.311	0.311	0.311	
0.442	0.442	0.442	0.442	0.803	1.021	1.021	1.021	1.067	1.320	1.323	1.323	1.323	1.179	1.098	1.098	1.098	0.952	0.925	0.925	0.925	0.925	0.837	0.369	0.329	0.321	0.314	0.311	
0.460	0.452	0.445	0.443	0.957	1.021	1.021	1.021	1.205	1.323	1.323	1.323	1.314	1.109	1.098	1.098	1.098	1.020	0.925	0.925	0.925	0.910	0.700	0.537	0.535	0.535	0.535	0.531	
0.764	0.764	0.764	0.759	0.857	1.039	1.052	1.063	1.119	1.284	1.323	1.323	1.247	1.098	1.098	1.098	1.098	1.067	0.967	0.947	0.853	0.598	0.535	0.535	0.535	0.535	0.535	0.535	
0.764	0.764	0.764	0.764	0.764	1.027	1.068	1.068	1.068	1.079	1.220	1.254	1.130	1.098	1.098	1.098	1.093	1.021	1.010	1.010	0.783	0.535	0.535	0.535	0.535	0.535	0.535	0.535	
0.764	0.764	0.764	0.764	0.764	0.976	1.068	1.068	1.068	1.068	1.045	0.980	0.981	1.023	1.086	1.098	1.041	1.010	1.010	1.010	0.936	0.535	0.535	0.535	0.535	0.535	0.535	0.535	
0.764	0.764	0.764	0.764	0.764	0.996	1.068	1.068	1.068	1.068	1.014	0.980	0.980	0.980	0.986	1.031	1.010	1.010	1.010	1.010	1.010	0.613	0.535	0.535	0.535	0.535	0.535	0.535	
0.764	0.764	0.764	0.764	0.934	1.578	1.384	1.086	1.068	1.065	0.986	0.980	0.980	0.980	0.980	0.988	1.010	1.010	1.010	1.010	1.010	0.765	0.535	0.535	0.535	0.535	0.535	0.535	
0.764	0.764	0.764	0.845	1.518	1.611	1.611	1.514	1.154	1.061	0.980	0.980	0.980	0.980	0.980	1.016	1.061	1.046	1.032	1.017	1.010	0.917	0.535	0.535	0.535	0.534	0.534	0.534	
0.764	0.764	0.789	1.424	1.611	1.611	1.611	1.532	1.235	1.213	1.048	0.980	0.980	0.989	1.163	1.189	1.084	1.084	1.084	1.084	1.076	0.829	0.526	0.525	0.525	0.525	0.525	0.525	
0.845	0.851	0.857	1.237	1.608	1.611	1.575	1.264	1.221	1.221	1.213	1.153	1.154	1.341	1.403	1.364	1.091	1.084	1.084	1.084	1.083	0.608	0.525	0.525	0.525	0.525	0.525	0.525	
0.853	0.853	0.853	0.853	1.105	1.569	1.309	1.221	1.221	1.221	1.255	1.338	1.340	1.400	1.403	1.403	1.215	1.084	1.084	1.084	0.960	0.525	0.525	0.525	0.525	0.525	0.525	0.525	
0.853	0.853	0.853	0.853	0.853	1.005	1.221	1.221	1.221	1.222	1.318	1.338	1.338	1.379	1.403	1.403	1.368	1.093	1.084	1.084	0.754	0.525	0.525	0.525	0.525	0.525	0.525	0.525	
0.853	0.853	0.853	0.853	0.853	0.881	1.218	1.221	1.221	1.267	1.338	1.338	1.338	1.357	1.403	1.403	1.403	1.223	1.104	1.119	0.586	0.525	0.525	0.525	0.525	0.525	0.525	0.525	
0.853	0.853	0.853	0.853	0.853	0.855	1.113	1.127	1.107	1.180	1.336	1.338	1.338	1.339	1.398	1.403	1.378	1.250	1.221	1.221	1.020	0.685	0.527	0.525	0.525	0.525	0.525	0.525	
0.846	0.846	0.847	0.847	0.933	1.255	1.122	1.068	1.068	1.068	1.164	1.333	1.338	1.226	1.038	1.058	1.201	1.221	1.221	1.221	1.317	1.430	1.323	1.058	0.791	0.558	0.525	0.529	
0.834	0.834	0.834	0.834	1.068	1.381	1.298	1.068	1.068	1.068	1.068	1.148	1.082	0.922	0.921	0.921	1.085	1.221	1.221	1.221	1.356	1.430	1.430	1.430	1.430	0.988	0.554	0.556	
0.834	0.834	0.834	0.834	1.094	1.381	1.381	1.166	1.068	1.068	1.068	1.044	0.921	0.921	0.921	0.921	0.984	1.221	1.221	1.221	1.394	1.430	1.430	1.418	0.909	0.556	0.556	0.556	
0.834	0.834	0.834	0.834	1.120	1.381	1.381	1.339	1.077	1.068	1.068	1.020	0.921	0.921	0.921	0.921	0.922	1.182	1.221	1.227	1.427	1.430	1.389	0.810	0.556	0.556	0.556	0.556	
0.834	0.834	0.834	0.834	1.146	1.381	1.381	1.381	1.216	1.068	1.068	1.000	0.921	0.921	0.921	0.921	0.921	1.081	1.173	0.976	1.041	1.158	0.728	0.556	0.556	0.556	0.556	0.556	
0.834	0.834	0.834	0.834	1.172	1.381	1.381	1.404	1.440	1.422	1.328	1.255	1.076	0.923	0.923	0.922	0.921	0.866	0.735	0.721	0.721	0.721	0.617	0.556	0.556	0.556	0.556	0.556	
0.834	0.834	0.834	0.774	0.843	1.016	1.439	1.459	1.459	1.459	1.333	1.274	1.244	0.933	0.933	0.933	0.933	0.796	0.721	0.721	0.721	0.721	0.707	0.567	0.556	0.556	0.556	0.556	
0.830	0.732	0.592	0.513	0.512	0.512	1.174	1.459	1.459	1.458	1.289	1.274	1.238	0.933	0.933	0.933	0.933	0.855	0.721	0.721	0.721	0.721	0.721	0.655	0.556	0.556	0.556	0.556	
0.554	0.512	0.512	0.512	0.512	0.512	0.696	1.455	1.459	1.429	1.274	1.274	1.233	0.933	0.933	0.933	0.933	0.823	0.635	0.721	0.721	0.721	0.721	0.720	0.592	0.556	0.556	0.556	
0.512	0.512	0.512	0.512	0.512	0.512	0.512	1.157	1.459	1.384	1.274	1.274	1.227	0.933	0.933	0.933	0.914	0.494	0.408	0.478	0.635	0.721	0.721	0.721	0.691	0.558	0.556	0.556	
0.512	0.512	0.512	0.512	0.512	0.512	0.512	0.682	1.441	1.331	1.274	1.274	1.222	0.933	0.933	0.933	0.632	0.408	0.408	0.408	0.408	0.478	0.635	0.721	0.721	0.629	0.556	0.556	
0.512	0.512	0.512	0.512	0.512	0.512	0.521	0.857	1.147	1.157	1.210	1.264	1.216	0.933	0.933	0.786	0.410	0.408	0.408	0.408	0.408	0.408	0.408	0.478	0.635	0.713	0.574	0.556	
0.512	0.512	0.512	0.512	0.512	0.564	0.983	1.149	1.149	1.149	1.149	1.158	1.228	1.050	0.902	0.460	0.408	0.408	0.408	0.408	0.408	0.408	0.408	0.408	0.408	0.478	0.582	0.556	
0.512	0.512	0.512	0.512	0.644	1.075	1.149	1.149	1.149	1.149	1.149	1.217	1.252	1.252	1.025	0.452	0.413	0.408	0.408	0.408	0.408	0.408	0.408	0.408	0.408	0.408	0.408	0.468	
0.512	0.541	0.614	0.687	0.828	0.969	1.097	1.149	1.149	1.149	1.201	1.252	1.252	1.252	0.953	0.542	0.536	0.497	0.452	0.413	0.408	0.408	0.408	0.408	0.408	0.408	0.408	0.408	
0.714	0.758	0.758	0.758	0.758	0.758	0.758	0.834	0.963	1.144	1.252	1.252	1.252	1.252	0.809	0.542	0.542	0.542	0.542	0.536	0.497	0.452	0.413	0.408	0.408	0.408	0.408	0.408	
0.758	0.758	0.758	0.758	0.758	0.758	0.758	0.758	0.758	0.951	1.252	1.252	1.252	1.255	0.694	0.542	0.542	0.542	0.542	0.542	0.542	0.542	0.536	0.497	0.452	0.413	0.413	0.438	
0.692	0.722	0.751	0.758	0.758	0.758	0.758	0.758	0.758	1.147	1.743	1.540	1.359	1.505	1.305	0.566	0.542	0.542	0.542	0.542	0.542	0.542	0.542	0.542	0.542	0.509	0.481	0.484	
0.586	0.586	0.587	0.610	0.641	0.671	0.702	0.732	0.864	1.997	2.132	2.132	1.866	1.593	1.593	1.227	0.550	0.542	0.542	0.542	0.542	0.542	0.542	0.539	0.502	0.484	0.484	0.484	
0.586	0.586	0.586	0.586	0.586	0.586	0.586	0.586	0.886	2.132	2.132	2.132	1.802	1.593	1.593	1.593	1.141	0.542	0.542	0.542	0.587	0.679	0.769	0.519	0.484	0.484	0.484	0.484	
0.586	0.586	0.586	0.586	0.586	0.586	0.586	0.586	0.586	1.837	2.132	2.145	1.914	1.601	1.593	1.593	1.593	0.982	0.840	0.931	0.977	0.977	0.868	0.484	0.484	0.484	0.484	0.484	
0.586	0.586	0.586	0.586	0.586	0.586	0.586	0.586	0.833	2.173	2.325	2.354	2.379	2.275	1.943	1.687	1.445	0.977	0.977	0.977	0.977	0.977	0.685	0.484	0.484	0.484	0.484	0.484	
0.586	0.586	0.586	0.586	0.586	0.586	0.586	0.848	2.204	2.404	2.404	2.385	2.379	2.379	2.332	2.023	1.643	0.977	0.977	0.977	0.977	1.158	0.591	0.484	0.484	0.484	0.484	0.484	
0.674	0.685	0.697	0.709	0.721	0.732	0.743	0.923	2.219	2.404	2.404	2.391	2.379	2.378	2.102	2.004	1.852	0.977	0.977	0.977	1.192	2.110	0.640	0.484	0.484	0.484	0.484	0.484	
0.746	0.746	0.746	0.746	0.746	0.746	0.746	0.746	1.043	2.378	2.833	3.089	2.476	2.491	2.083	2.004	1.998	1.040	0.977	1.229	2.135	2.231	0.664	0.484	0.484	0.484	0.484	0.484	
0.746	0.746	0.746	0.746	0.746	0.746	0.746	0.746	0.746	2.980	3.637	3.611	2.525	2.511	2.346	2.004	2.004	1.244	1.270	2.158	2.231	2.231	0.689	0.484	0.484	0.484	0.484	0.484	
0.746	0.746	0.746	0.746	0.746	0.746	0.746	0.746	0.835	3.559	3.637	3.637	2.658	2.511	2.509	2.110	2.004	1.743	2.177	2.231	2.231	2.231	0.714	0.484	0.484	0.484	0.484	0.484	
0.000	0.000	0.000	0.000	0.000	0.000	0.000	0.000	0.000	0.000	0.000	0.000	1.359	2.488	2.460	1.267	0.000	0.000	0.000	0.000	0.000	0.000	0.000	0.000	0.000	0.000	0.000	0.000	
0.000	0.000	0.000	0.000	0.000	0.000	0.000	0.000	0.000	0.000	0.000	0.000	0.589	2.356	2.356	0.589	0.000	0.000	0.000	0.000	0.000	0.000	0.000	0.000	0.000	0.000	0.000	0.000	
0.000	0.000	0.000	0.000	0.000	0.000	0.000	0.000	0.000	0.000	0.000	0.000	0.589	2.356	2.356	0.589	0.000	0.000	0.000	0.000	0.000	0.000	0.000	0.000	0.000	0.000	0.000	0.000	
0.000	0.000	0.000	0.000	0.000	0.000	0.000	0.000	0.000	0.000	0.000	0.000	0.589	2.356	2.356	0.589	0.000	0.000	0.000	0.000	0.000	0.000	0.000	0.000	0.000	0.000	0.000	0.000	
0.000	0.000	0.000	0.000	0.000	0.000	0.000	0.000	0.000	0.000	0.000	0.000	0.589	2.356	2.356	0.589	0.000	0.000	0.000	0.000	0.000	0.000	0.000	0.000	0.000	0.000	0.000	0.000	
