0.038	0.038	0.038	0.038	0.038	0.038	0.038	0.038	0.038	0.038	0.038	0.038	0.038	0.038	0.038	0.038	0.038	0.038	0.038	0.038	0.038	0.038	0.038	0.038	0.038	0.038	0.038	0.038	
0.038	0.038	0.038	0.038	0.038	0.038	0.038	0.038	0.038	0.038	0.038	0.038	0.038	0.038	0.038	0.038	0.038	0.038	0.038	0.038	0.038	0.038	0.038	0.038	0.038	0.038	0.038	0.038	
0.038	0.038	0.038	0.038	0.038	0.038	0.038	0.038	0.038	0.038	0.038	0.038	0.038	0.038	0.038	0.038	0.038	0.038	0.038	0.038	0.038	0.038	0.038	0.038	0.038	0.038	0.038	0.038	
0.038	0.038	0.038	0.038	0.038	0.038	0.038	0.038	0.038	0.038	0.038	0.038	0.038	0.038	0.038	0.038	0.038	0.038	0.038	0.038	0.038	0.038	0.038	0.038	0.038	0.038	0.038	0.088	
0.038	0.038	0.038	0.038	0.038	0.038	0.038	0.038	0.038	0.038	0.038	0.038	0.038	0.038	0.038	0.038	0.038	0.038	0.038	0.038	0.038	0.038	0.038	0.038	0.038	0.038	0.038	0.167	
0.038	0.038	0.038	0.038	0.038	0.038	0.038	0.038	0.038	0.038	0.038	0.038	0.038	0.038	0.038	0.038	0.038	0.038	0.038	0.038	0.038	0.038	0.038	0.038	0.038	0.038	0.062	0.222	
0.038	0.038	0.038	0.038	0.038	0.038	0.038	0.038	0.038	0.038	0.038	0.038	0.038	0.038	0.038	0.038	0.038	0.038	0.038	0.038	0.038	0.038	0.038	0.038	0.038	0.038	0.140	0.224	
0.038	0.038	0.038	0.038	0.038	0.038	0.038	0.038	0.038	0.038	0.038	0.038	0.038	0.038	0.038	0.038	0.038	0.038	0.038	0.038	0.038	0.038	0.038	0.038	0.038	0.045	0.212	0.224	
0.038	0.038	0.038	0.038	0.038	0.038	0.038	0.038	0.038	0.038	0.038	0.038	0.038	0.038	0.038	0.038	0.038	0.038	0.038	0.038	0.038	0.038	0.038	0.038	0.038	0.112	0.224	0.224	
0.038	0.038	0.038	0.038	0.038	0.038	0.038	0.038	0.038	0.038	0.038	0.038	0.038	0.038	0.038	0.038	0.038	0.038	0.038	0.038	0.038	0.038	0.038	0.038	0.038	0.191	0.224	0.224	
0.038	0.038	0.038	0.038	0.038	0.038	0.038	0.038	0.038	0.038	0.038	0.038	0.038	0.038	0.038	0.038	0.038	0.038	0.038	0.038	0.038	0.038	0.038	0.038	0.084	0.224	0.224	0.224	
0.038	0.038	0.038	0.038	0.038	0.038	0.038	0.038	0.038	0.038	0.038	0.038	0.038	0.038	0.038	0.038	0.038	0.038	0.038	0.038	0.038	0.038	0.038	0.038	0.164	0.224	0.224	0.224	
0.038	0.038	0.038	0.038	0.038	0.038	0.038	0.038	0.038	0.038	0.038	0.038	0.038	0.038	0.038	0.038	0.038	0.038	0.038	0.038	0.038	0.038	0.038	0.060	0.222	0.224	0.224	0.226	
0.038	0.038	0.038	0.038	0.038	0.038	0.038	0.038	0.038	0.038	0.038	0.038	0.038	0.038	0.038	0.038	0.038	0.038	0.038	0.038	0.038	0.038	0.038	0.136	0.224	0.224	0.224	0.232	
0.047	0.038	0.038	0.038	0.038	0.038	0.038	0.038	0.038	0.038	0.038	0.038	0.038	0.038	0.038	0.038	0.038	0.038	0.038	0.038	0.038	0.038	0.044	0.210	0.224	0.224	0.225	0.237	
0.135	0.038	0.038	0.038	0.038	0.038	0.038	0.038	0.038	0.038	0.038	0.038	0.038	0.038	0.038	0.038	0.038	0.038	0.038	0.038	0.038	0.038	0.109	0.224	0.224	0.224	0.231	0.238	
0.230	0.047	0.038	0.038	0.038	0.038	0.038	0.038	0.038	0.038	0.038	0.038	0.038	0.038	0.038	0.038	0.038	0.038	0.038	0.038	0.038	0.038	0.188	0.224	0.224	0.225	0.237	0.238	
0.247	0.135	0.038	0.038	0.038	0.038	0.038	0.038	0.038	0.038	0.038	0.038	0.038	0.038	0.038	0.038	0.038	0.038	0.038	0.038	0.038	0.081	0.224	0.224	0.224	0.229	0.238	0.238	
0.247	0.230	0.047	0.038	0.038	0.038	0.038	0.038	0.038	0.038	0.038	0.038	0.038	0.038	0.038	0.038	0.038	0.038	0.038	0.038	0.038	0.160	0.224	0.224	0.224	0.236	0.238	0.238	
0.247	0.247	0.135	0.038	0.038	0.038	0.038	0.038	0.038	0.038	0.038	0.038	0.038	0.038	0.038	0.038	0.038	0.038	0.038	0.038	0.057	0.221	0.224	0.224	0.228	0.238	0.238	0.238	
0.247	0.247	0.230	0.047	0.038	0.038	0.038	0.038	0.038	0.038	0.038	0.038	0.038	0.038	0.038	0.038	0.038	0.038	0.038	0.038	0.133	0.224	0.224	0.224	0.235	0.238	0.238	0.238	
0.247	0.247	0.247	0.135	0.038	0.038	0.038	0.038	0.038	0.038	0.038	0.038	0.038	0.038	0.038	0.038	0.038	0.038	0.038	0.043	0.207	0.224	0.224	0.227	0.238	0.238	0.238	0.238	
0.247	0.247	0.247	0.230	0.047	0.038	0.038	0.038	0.038	0.038	0.038	0.038	0.038	0.038	0.038	0.038	0.038	0.038	0.038	0.105	0.224	0.224	0.224	0.234	0.238	0.238	0.238	0.238	
0.247	0.247	0.247	0.247	0.135	0.038	0.038	0.038	0.038	0.038	0.038	0.038	0.038	0.038	0.038	0.038	0.038	0.038	0.038	0.185	0.224	0.224	0.226	0.238	0.238	0.238	0.238	0.238	
0.247	0.247	0.247	0.247	0.230	0.047	0.038	0.038	0.038	0.038	0.038	0.038	0.038	0.038	0.038	0.038	0.038	0.038	0.078	0.224	0.224	0.224	0.233	0.238	0.238	0.238	0.238	0.238	
0.247	0.247	0.247	0.247	0.247	0.135	0.038	0.038	0.038	0.038	0.038	0.038	0.038	0.038	0.038	0.038	0.038	0.038	0.157	0.224	0.224	0.226	0.238	0.238	0.238	0.238	0.238	0.239	
0.247	0.247	0.247	0.247	0.247	0.230	0.047	0.038	0.038	0.038	0.038	0.038	0.038	0.038	0.038	0.038	0.038	0.055	0.219	0.224	0.224	0.232	0.238	0.238	0.238	0.238	0.238	0.268	
0.247	0.247	0.247	0.247	0.247	0.247	0.135	0.038	0.038	0.038	0.038	0.038	0.038	0.038	0.038	0.038	0.038	0.129	0.224	0.224	0.225	0.237	0.238	0.238	0.238	0.238	0.250	0.299	
0.258	0.247	0.247	0.247	0.247	0.247	0.230	0.047	0.038	0.038	0.038	0.038	0.038	0.038	0.038	0.038	0.041	0.205	0.224	0.224	0.231	0.238	0.238	0.238	0.238	0.240	0.289	0.301	
0.366	0.250	0.247	0.247	0.247	0.247	0.247	0.135	0.038	0.038	0.038	0.038	0.038	0.038	0.038	0.038	0.102	0.224	0.224	0.225	0.237	0.238	0.238	0.238	0.238	0.271	0.301	0.301	
0.408	0.344	0.247	0.247	0.247	0.247	0.247	0.230	0.047	0.038	0.038	0.038	0.038	0.038	0.038	0.038	0.181	0.224	0.224	0.229	0.238	0.238	0.238	0.238	0.252	0.300	0.301	0.301	
0.408	0.408	0.319	0.247	0.247	0.247	0.247	0.247	0.135	0.038	0.038	0.038	0.038	0.038	0.038	0.074	0.224	0.224	0.224	0.236	0.238	0.238	0.238	0.241	0.292	0.301	0.301	0.301	
0.408	0.408	0.407	0.296	0.247	0.247	0.247	0.247	0.230	0.047	0.038	0.038	0.038	0.038	0.038	0.154	0.224	0.224	0.228	0.238	0.238	0.238	0.238	0.275	0.301	0.301	0.301	0.301	
0.408	0.408	0.408	0.401	0.277	0.247	0.247	0.247	0.247	0.135	0.038	0.038	0.038	0.038	0.053	0.218	0.224	0.224	0.235	0.238	0.238	0.238	0.255	0.301	0.301	0.301	0.301	0.301	
0.408	0.408	0.408	0.408	0.390	0.263	0.247	0.247	0.247	0.230	0.047	0.038	0.038	0.038	0.126	0.224	0.224	0.227	0.238	0.238	0.238	0.242	0.294	0.301	0.301	0.301	0.301	0.301	
0.408	0.408	0.408	0.408	0.408	0.375	0.254	0.247	0.247	0.247	0.135	0.038	0.038	0.040	0.203	0.224	0.224	0.234	0.238	0.238	0.238	0.279	0.301	0.301	0.301	0.301	0.301	0.301	
0.408	0.408	0.408	0.408	0.408	0.408	0.355	0.248	0.247	0.247	0.230	0.047	0.038	0.098	0.224	0.224	0.226	0.238	0.238	0.238	0.259	0.301	0.301	0.301	0.301	0.301	0.301	0.301	
0.408	0.408	0.408	0.408	0.408	0.408	0.408	0.332	0.247	0.247	0.397	3.123	3.127	1.946	0.224	0.224	0.233	0.238	0.238	0.244	0.296	0.301	0.301	0.301	0.301	0.301	0.301	0.301	
0.408	0.408	0.408	0.408	0.408	0.408	0.408	0.408	0.770	1.280	2.119	3.507	3.507	3.485	2.891	2.514	0.560	0.238	0.239	0.282	0.301	0.301	0.301	0.301	0.301	0.301	0.301	0.301	
0.408	0.408	0.408	0.408	0.408	0.408	0.408	0.408	2.451	3.441	3.445	3.695	3.692	3.659	3.669	3.669	3.088	2.366	1.415	0.301	0.301	0.301	0.301	0.301	0.301	0.301	0.301	0.301	
0.512	0.501	0.490	0.479	0.468	0.457	0.446	0.476	3.249	3.441	3.519	4.097	4.098	3.939	3.738	3.698	3.625	3.624	3.188	0.301	0.301	0.301	0.301	0.301	0.301	0.301	0.301	0.301	
1.086	1.086	1.086	1.086	1.086	1.086	1.086	1.090	3.092	3.689	3.805	4.098	4.098	4.142	4.171	4.150	3.720	3.671	3.322	1.178	1.048	0.969	0.889	0.810	0.730	0.651	0.565	0.521	
1.093	1.086	1.086	1.086	1.086	1.086	1.086	1.086	3.225	3.872	3.897	4.523	4.538	4.310	4.171	4.158	3.964	3.956	3.015	1.493	1.493	1.493	1.493	1.493	1.485	1.331	1.130	1.072	
1.243	1.199	1.149	1.100	1.086	1.102	1.298	1.548	3.515	3.946	4.080	4.546	4.546	4.615	4.658	4.577	3.964	3.956	3.191	1.493	1.493	1.493	1.483	1.326	1.126	1.072	1.072	1.075	
1.249	1.249	1.249	1.247	1.861	3.260	3.330	3.330	3.971	4.405	4.405	4.963	5.005	4.884	4.800	4.777	4.454	4.381	3.889	3.248	3.093	2.646	1.124	1.072	1.072	1.072	1.081	1.134	
1.320	1.250	1.249	1.249	1.249	1.984	3.293	3.330	3.949	4.405	4.503	5.120	5.115	5.266	5.432	5.231	4.499	4.499	4.025	3.536	3.536	1.856	1.072	1.072	1.072	1.089	1.142	1.149	
1.451	1.409	1.297	1.249	1.249	1.249	2.025	4.389	4.947	5.110	5.495	5.629	5.983	5.979	5.779	5.814	5.296	4.845	4.944	3.988	2.829	1.073	1.072	1.072	1.101	1.147	1.149	1.149	
1.451	1.451	1.451	1.386	1.278	1.249	2.244	4.977	4.970	5.325	5.518	5.852	6.216	6.471	6.462	6.055	6.073	5.277	5.001	5.130	3.153	1.487	1.073	1.114	1.149	1.149	1.149	1.149	
1.451	1.451	1.451	1.451	1.447	2.261	5.037	5.154	5.696	6.289	6.144	6.404	6.196	6.821	6.849	5.905	6.436	6.762	5.806	5.939	5.356	5.108	3.193	1.149	1.149	1.149	1.149	1.149	
1.451	1.451	1.451	1.451	1.451	2.854	5.191	5.191	6.152	6.346	6.395	6.426	4.078	3.231	4.134	3.687	6.749	6.986	6.188	5.946	5.375	5.120	3.566	1.149	1.149	1.149	1.149	1.149	
0.000	0.000	0.000	0.000	0.000	0.000	0.000	0.000	0.000	0.000	0.000	0.000	1.394	2.582	3.470	1.921	0.000	0.000	0.000	0.000	0.000	0.000	0.000	0.000	0.000	0.000	0.000	0.000	
0.000	0.000	0.000	0.000	0.000	0.000	0.000	0.000	0.000	0.000	0.000	0.000	0.645	2.582	3.379	0.904	0.000	0.000	0.000	0.000	0.000	0.000	0.000	0.000	0.000	0.000	0.000	0.000	
0.000	0.000	0.000	0.000	0.000	0.000	0.000	0.000	0.000	0.000	0.000	0.000	0.645	2.582	3.287	0.904	0.000	0.000	0.000	0.000	0.000	0.000	0.000	0.000	0.000	0.000	0.000	0.000	
0.000	0.000	0.000	0.000	0.000	0.000	0.000	0.000	0.000	0.000	0.000	0.000	0.645	2.582	3.196	0.904	0.000	0.000	0.000	0.000	0.000	0.000	0.000	0.000	0.000	0.000	0.000	0.000	
0.000	0.000	0.000	0.000	0.000	0.000	0.000	0.000	0.000	0.000	0.000	0.000	0.645	2.582	3.105	0.904	0.000	0.000	0.000	0.000	0.000	0.000	0.000	0.000	0.000	0.000	0.000	0.000	
