0.064	0.064	0.064	0.064	0.064	0.067	0.079	0.079	0.079	0.079	0.079	0.079	0.079	0.079	0.079	0.071	0.045	0.045	0.045	0.045	0.045	0.045	0.045	0.045	0.045	0.045	0.045	0.045	
0.064	0.064	0.064	0.064	0.064	0.065	0.079	0.079	0.079	0.079	0.079	0.079	0.079	0.079	0.079	0.071	0.045	0.045	0.045	0.045	0.045	0.045	0.045	0.045	0.045	0.045	0.045	0.045	
0.064	0.064	0.064	0.064	0.064	0.064	0.078	0.079	0.079	0.079	0.079	0.079	0.079	0.079	0.079	0.070	0.045	0.045	0.045	0.045	0.045	0.045	0.045	0.045	0.045	0.045	0.045	0.045	
0.064	0.064	0.064	0.064	0.064	0.064	0.076	0.079	0.079	0.079	0.079	0.079	0.079	0.079	0.079	0.070	0.045	0.045	0.045	0.045	0.045	0.045	0.045	0.045	0.045	0.045	0.045	0.045	
0.064	0.064	0.064	0.064	0.064	0.064	0.074	0.079	0.079	0.079	0.079	0.079	0.079	0.079	0.079	0.070	0.045	0.045	0.045	0.045	0.045	0.045	0.045	0.045	0.045	0.045	0.045	0.045	
0.064	0.064	0.064	0.064	0.064	0.064	0.072	0.079	0.079	0.079	0.079	0.079	0.079	0.079	0.079	0.069	0.045	0.045	0.045	0.045	0.045	0.045	0.045	0.045	0.045	0.045	0.045	0.045	
0.064	0.064	0.064	0.064	0.064	0.064	0.070	0.079	0.079	0.079	0.079	0.079	0.079	0.079	0.079	0.069	0.045	0.045	0.045	0.045	0.045	0.045	0.045	0.045	0.045	0.045	0.045	0.045	
0.064	0.064	0.064	0.064	0.064	0.064	0.068	0.079	0.079	0.079	0.079	0.079	0.079	0.079	0.079	0.068	0.045	0.045	0.045	0.045	0.045	0.045	0.045	0.045	0.045	0.045	0.045	0.045	
0.064	0.064	0.064	0.064	0.064	0.064	0.066	0.079	0.079	0.079	0.079	0.079	0.079	0.079	0.079	0.068	0.045	0.045	0.045	0.045	0.045	0.045	0.045	0.045	0.045	0.045	0.045	0.045	
0.064	0.064	0.064	0.064	0.064	0.064	0.064	0.079	0.079	0.079	0.079	0.079	0.079	0.079	0.079	0.068	0.045	0.045	0.045	0.045	0.045	0.045	0.045	0.045	0.045	0.045	0.045	0.045	
0.064	0.064	0.064	0.064	0.064	0.064	0.064	0.077	0.079	0.079	0.079	0.079	0.079	0.079	0.079	0.067	0.045	0.045	0.045	0.045	0.045	0.045	0.045	0.045	0.045	0.045	0.045	0.045	
0.064	0.064	0.064	0.064	0.064	0.064	0.064	0.075	0.079	0.079	0.079	0.079	0.079	0.079	0.079	0.067	0.045	0.045	0.045	0.045	0.045	0.045	0.045	0.045	0.045	0.045	0.045	0.045	
0.064	0.064	0.064	0.064	0.064	0.064	0.064	0.073	0.079	0.079	0.079	0.079	0.079	0.079	0.079	0.066	0.045	0.045	0.045	0.045	0.045	0.045	0.045	0.045	0.045	0.045	0.045	0.045	
0.064	0.064	0.064	0.064	0.064	0.064	0.064	0.071	0.079	0.079	0.079	0.079	0.079	0.079	0.079	0.066	0.045	0.045	0.045	0.045	0.045	0.045	0.045	0.045	0.045	0.045	0.045	0.045	
0.064	0.064	0.064	0.064	0.064	0.064	0.064	0.070	0.079	0.079	0.079	0.079	0.079	0.079	0.079	0.066	0.045	0.045	0.045	0.045	0.045	0.045	0.045	0.045	0.045	0.045	0.045	0.045	
0.064	0.064	0.064	0.064	0.064	0.064	0.064	0.068	0.079	0.079	0.079	0.079	0.079	0.079	0.079	0.065	0.045	0.045	0.045	0.045	0.045	0.045	0.045	0.045	0.045	0.045	0.045	0.045	
0.064	0.064	0.064	0.064	0.064	0.064	0.064	0.066	0.079	0.079	0.079	0.079	0.079	0.079	0.079	0.065	0.045	0.045	0.045	0.045	0.045	0.045	0.045	0.045	0.045	0.045	0.045	0.045	
0.064	0.064	0.064	0.064	0.064	0.064	0.064	0.064	0.078	0.079	0.079	0.079	0.079	0.079	0.079	0.064	0.045	0.045	0.045	0.045	0.045	0.045	0.045	0.045	0.045	0.045	0.045	0.045	
0.064	0.064	0.064	0.064	0.064	0.064	0.064	0.064	0.077	0.079	0.079	0.079	0.079	0.079	0.079	0.064	0.045	0.045	0.045	0.045	0.045	0.045	0.045	0.045	0.045	0.045	0.045	0.045	
0.064	0.064	0.064	0.064	0.064	0.064	0.064	0.064	0.075	0.079	0.079	0.079	0.079	0.079	0.079	0.064	0.045	0.045	0.045	0.045	0.045	0.045	0.045	0.045	0.045	0.045	0.045	0.045	
0.064	0.064	0.064	0.064	0.064	0.064	0.064	0.064	0.073	0.079	0.079	0.079	0.079	0.079	0.079	0.063	0.045	0.045	0.045	0.045	0.045	0.045	0.045	0.045	0.045	0.045	0.045	0.045	
0.064	0.064	0.064	0.064	0.064	0.064	0.064	0.064	0.071	0.079	0.079	0.079	0.079	0.079	0.079	0.063	0.045	0.045	0.045	0.045	0.045	0.045	0.045	0.045	0.045	0.045	0.045	0.045	
0.064	0.064	0.064	0.064	0.064	0.064	0.064	0.064	0.069	0.079	0.079	0.079	0.079	0.079	0.079	0.062	0.045	0.045	0.045	0.045	0.045	0.045	0.045	0.045	0.045	0.045	0.045	0.045	
0.064	0.064	0.064	0.064	0.064	0.064	0.064	0.064	0.067	0.079	0.079	0.079	0.079	0.079	0.079	0.062	0.045	0.045	0.045	0.045	0.045	0.045	0.045	0.045	0.045	0.045	0.045	0.045	
0.064	0.064	0.064	0.064	0.064	0.064	0.064	0.064	0.065	0.079	0.079	0.079	0.079	0.079	0.079	0.062	0.045	0.045	0.045	0.045	0.045	0.045	0.045	0.045	0.045	0.045	0.045	0.045	
0.064	0.064	0.064	0.064	0.064	0.064	0.064	0.064	0.064	0.078	0.079	0.079	0.079	0.079	0.079	0.061	0.045	0.045	0.045	0.045	0.045	0.045	0.045	0.045	0.045	0.045	0.045	0.045	
0.064	0.064	0.064	0.064	0.064	0.064	0.064	0.064	0.064	0.076	0.079	0.079	0.079	0.079	0.079	0.061	0.045	0.045	0.045	0.045	0.045	0.045	0.045	0.045	0.045	0.045	0.045	0.045	
0.064	0.064	0.064	0.064	0.064	0.064	0.064	0.064	0.064	0.074	0.079	0.079	0.079	0.079	0.079	0.060	0.045	0.045	0.045	0.045	0.045	0.045	0.045	0.045	0.045	0.045	0.045	0.045	
0.064	0.064	0.064	0.064	0.064	0.064	0.064	0.064	0.064	0.072	0.079	0.079	0.079	0.079	0.079	0.060	0.045	0.045	0.045	0.045	0.045	0.045	0.045	0.045	0.045	0.045	0.045	0.045	
0.064	0.064	0.064	0.064	0.064	0.064	0.064	0.064	0.064	0.070	0.079	0.079	0.079	0.079	0.079	0.060	0.045	0.045	0.045	0.045	0.045	0.045	0.045	0.045	0.045	0.045	0.045	0.045	
0.064	0.064	0.064	0.064	0.064	0.064	0.064	0.064	0.064	0.068	0.079	0.079	0.079	0.079	0.079	0.059	0.045	0.045	0.045	0.045	0.045	0.045	0.045	0.045	0.045	0.045	0.045	0.045	
0.064	0.064	0.064	0.064	0.064	0.064	0.064	0.064	0.064	0.066	0.079	0.079	0.079	0.079	0.079	0.059	0.045	0.045	0.045	0.045	0.045	0.045	0.045	0.045	0.045	0.045	0.045	0.045	
0.064	0.064	0.064	0.064	0.064	0.064	0.064	0.064	0.064	0.065	0.079	0.079	0.079	0.079	0.079	0.058	0.045	0.045	0.045	0.045	0.045	0.045	0.045	0.045	0.045	0.045	0.045	0.045	
0.064	0.064	0.064	0.064	0.064	0.064	0.064	0.064	0.064	0.064	0.078	0.079	0.079	0.079	0.079	0.058	0.045	0.045	0.045	0.045	0.045	0.045	0.045	0.045	0.045	0.045	0.045	0.045	
0.064	0.064	0.064	0.064	0.064	0.064	0.064	0.064	0.064	0.064	0.076	0.079	0.079	0.079	0.079	0.058	0.045	0.045	0.045	0.045	0.045	0.045	0.045	0.045	0.045	0.045	0.045	0.045	
0.064	0.064	0.064	0.064	0.064	0.064	0.064	0.064	0.064	0.064	0.074	0.079	0.079	0.079	0.079	0.057	0.045	0.045	0.045	0.045	0.045	0.045	0.045	0.045	0.045	0.045	0.045	0.045	
0.064	0.064	0.064	0.064	0.064	0.064	0.064	0.064	0.064	0.064	0.072	0.079	0.079	0.079	0.079	0.057	0.045	0.045	0.045	0.045	0.045	0.045	0.045	0.045	0.045	0.045	0.045	0.045	
0.064	0.064	0.064	0.064	0.064	0.064	0.064	0.064	0.064	0.064	0.070	0.079	0.079	0.079	0.079	0.056	0.045	0.045	0.045	0.045	0.045	0.045	0.045	0.045	0.045	0.045	0.045	0.045	
0.064	0.064	0.064	0.064	0.064	0.064	0.064	0.064	0.064	0.064	0.068	0.079	0.079	0.079	0.079	0.056	0.045	0.045	0.045	0.045	0.045	0.045	0.045	0.045	0.045	0.045	0.045	0.047	
0.064	0.064	0.064	0.064	0.064	0.064	0.064	0.064	0.064	0.064	0.066	0.079	0.079	0.079	0.079	0.056	0.045	0.045	0.045	0.045	0.045	0.045	0.045	0.045	0.045	0.045	0.051	0.266	
0.064	0.064	0.064	0.064	0.064	0.064	0.064	0.064	0.064	0.064	0.064	0.078	0.079	0.079	0.079	0.055	0.045	0.045	0.045	0.045	0.045	0.045	0.045	0.045	0.045	0.056	0.284	0.391	
0.195	0.064	0.064	0.064	0.064	0.064	0.064	0.064	0.064	0.064	0.064	0.077	0.079	0.079	0.079	0.055	0.045	0.045	0.045	0.045	0.045	0.045	0.045	0.045	0.062	0.301	0.391	0.391	
0.472	0.321	0.088	0.064	0.064	0.064	0.064	0.064	0.064	0.064	0.064	0.075	0.079	0.079	0.079	0.054	0.045	0.045	0.045	0.045	0.045	0.045	0.045	0.070	0.317	0.391	0.391	0.391	
0.472	0.472	0.424	0.168	0.064	0.064	0.064	0.064	0.064	0.064	0.064	0.073	0.079	0.079	0.079	0.054	0.045	0.045	0.045	0.045	0.045	0.045	0.079	0.331	0.391	0.391	0.391	0.391	
0.472	0.472	0.472	0.470	0.292	0.077	0.064	0.064	0.064	0.064	0.064	0.071	0.079	0.079	0.079	0.053	0.045	0.045	0.045	0.045	0.045	0.090	0.344	0.391	0.391	0.391	0.391	0.391	
0.472	0.472	0.472	0.472	0.472	0.405	0.144	0.064	0.064	0.064	0.064	0.069	0.079	0.079	0.079	0.053	0.045	0.045	0.045	0.045	0.103	0.355	0.391	0.391	0.391	0.391	0.391	0.391	
0.472	0.472	0.472	0.472	0.472	0.472	0.464	0.262	0.070	0.064	0.064	0.067	0.079	0.079	0.225	0.553	0.045	0.045	0.045	0.117	0.365	0.391	0.391	0.391	0.391	0.391	0.391	0.391	
0.472	0.472	0.472	0.472	0.472	0.472	0.472	0.472	0.383	0.124	0.064	0.709	0.677	0.485	2.642	2.759	0.860	0.167	0.132	0.373	0.391	0.391	0.391	0.391	0.391	0.391	0.391	0.391	
0.472	0.472	0.472	0.472	0.472	0.472	0.472	0.472	0.472	0.455	1.268	3.567	3.660	3.177	3.197	3.367	4.797	4.725	1.105	0.391	0.391	0.391	0.391	0.391	0.391	0.391	0.391	0.391	
0.472	0.472	0.472	0.472	0.472	0.472	0.472	0.472	0.472	0.472	2.077	3.682	3.682	3.433	3.197	3.802	4.800	4.800	1.341	0.391	0.391	0.391	0.391	0.391	0.391	0.391	0.391	0.391	
0.000	0.000	0.000	0.000	0.000	0.000	0.000	0.000	0.000	0.000	0.000	0.000	1.929	3.044	2.837	1.923	0.000	0.000	0.000	0.000	0.000	0.000	0.000	0.000	0.000	0.000	0.000	0.000	
0.000	0.000	0.000	0.000	0.000	0.000	0.000	0.000	0.000	0.000	0.000	0.000	0.574	2.296	2.296	0.574	0.000	0.000	0.000	0.000	0.000	0.000	0.000	0.000	0.000	0.000	0.000	0.000	
0.000	0.000	0.000	0.000	0.000	0.000	0.000	0.000	0.000	0.000	0.000	0.000	0.574	2.296	2.296	0.574	0.000	0.000	0.000	0.000	0.000	0.000	0.000	0.000	0.000	0.000	0.000	0.000	
0.000	0.000	0.000	0.000	0.000	0.000	0.000	0.000	0.000	0.000	0.000	0.000	0.574	2.296	2.296	0.574	0.000	0.000	0.000	0.000	0.000	0.000	0.000	0.000	0.000	0.000	0.000	0.000	
0.000	0.000	0.000	0.000	0.000	0.000	0.000	0.000	0.000	0.000	0.000	0.000	0.574	2.296	2.296	0.574	0.000	0.000	0.000	0.000	0.000	0.000	0.000	0.000	0.000	0.000	0.000	0.000	
