0.066	0.066	0.066	0.066	0.066	0.059	0.057	0.057	0.057	0.057	0.057	0.057	0.057	0.057	0.057	0.057	0.057	0.057	0.057	0.057	0.132	0.063	0.063	0.063	0.063	0.063	0.063	0.063	
0.066	0.066	0.066	0.066	0.066	0.061	0.057	0.057	0.057	0.057	0.057	0.057	0.057	0.057	0.057	0.057	0.057	0.057	0.057	0.057	0.148	0.063	0.063	0.063	0.063	0.063	0.063	0.063	
0.066	0.066	0.066	0.066	0.066	0.062	0.057	0.057	0.057	0.057	0.057	0.057	0.057	0.057	0.057	0.057	0.057	0.057	0.057	0.057	0.164	0.063	0.063	0.063	0.063	0.063	0.063	0.063	
0.066	0.066	0.066	0.066	0.066	0.063	0.057	0.057	0.057	0.057	0.057	0.057	0.057	0.057	0.057	0.057	0.057	0.057	0.057	0.057	0.180	0.063	0.063	0.063	0.063	0.063	0.063	0.063	
0.066	0.066	0.066	0.066	0.066	0.064	0.057	0.057	0.057	0.057	0.057	0.057	0.057	0.057	0.057	0.057	0.057	0.057	0.057	0.059	0.195	0.063	0.063	0.063	0.063	0.063	0.063	0.063	
0.066	0.066	0.066	0.066	0.066	0.065	0.057	0.057	0.057	0.057	0.057	0.057	0.057	0.057	0.057	0.057	0.057	0.057	0.057	0.088	0.182	0.063	0.063	0.063	0.063	0.063	0.063	0.063	
0.066	0.066	0.066	0.066	0.066	0.066	0.057	0.057	0.057	0.057	0.057	0.057	0.057	0.057	0.057	0.057	0.057	0.057	0.057	0.127	0.159	0.063	0.063	0.063	0.063	0.063	0.063	0.063	
0.066	0.066	0.066	0.066	0.066	0.066	0.059	0.057	0.057	0.057	0.057	0.057	0.057	0.057	0.057	0.057	0.057	0.057	0.057	0.165	0.137	0.063	0.063	0.063	0.063	0.063	0.063	0.063	
0.066	0.066	0.066	0.066	0.066	0.066	0.060	0.057	0.057	0.057	0.057	0.057	0.057	0.057	0.057	0.057	0.057	0.057	0.057	0.204	0.114	0.063	0.063	0.063	0.063	0.063	0.063	0.063	
0.066	0.066	0.066	0.066	0.066	0.066	0.061	0.057	0.057	0.057	0.057	0.057	0.057	0.057	0.057	0.057	0.057	0.057	0.057	0.243	0.092	0.063	0.063	0.063	0.063	0.063	0.063	0.063	
0.066	0.066	0.066	0.066	0.066	0.066	0.062	0.057	0.057	0.057	0.057	0.057	0.057	0.057	0.057	0.057	0.057	0.057	0.057	0.281	0.070	0.063	0.063	0.063	0.063	0.063	0.063	0.063	
0.066	0.066	0.066	0.066	0.066	0.066	0.063	0.057	0.057	0.057	0.057	0.057	0.057	0.057	0.057	0.057	0.057	0.057	0.057	0.304	0.063	0.063	0.063	0.063	0.063	0.063	0.063	0.063	
0.066	0.066	0.066	0.066	0.066	0.066	0.065	0.057	0.057	0.057	0.057	0.057	0.057	0.057	0.057	0.057	0.057	0.057	0.059	0.319	0.063	0.063	0.063	0.063	0.063	0.063	0.063	0.063	
0.066	0.066	0.066	0.066	0.066	0.066	0.066	0.057	0.057	0.057	0.057	0.057	0.057	0.057	0.057	0.057	0.057	0.057	0.088	0.306	0.063	0.063	0.063	0.063	0.063	0.063	0.063	0.063	
0.066	0.066	0.066	0.066	0.066	0.066	0.066	0.058	0.057	0.057	0.057	0.057	0.057	0.057	0.057	0.057	0.057	0.057	0.127	0.283	0.063	0.063	0.063	0.063	0.063	0.063	0.063	0.063	
0.066	0.066	0.066	0.066	0.066	0.066	0.066	0.059	0.057	0.057	0.057	0.057	0.057	0.057	0.057	0.057	0.057	0.057	0.165	0.261	0.063	0.063	0.063	0.063	0.063	0.063	0.063	0.063	
0.066	0.066	0.066	0.066	0.066	0.066	0.066	0.060	0.057	0.057	0.057	0.057	0.057	0.057	0.057	0.057	0.057	0.057	0.204	0.238	0.063	0.063	0.063	0.063	0.063	0.063	0.063	0.063	
0.066	0.066	0.066	0.066	0.066	0.066	0.066	0.062	0.057	0.057	0.057	0.057	0.057	0.057	0.057	0.057	0.057	0.057	0.243	0.215	0.063	0.063	0.063	0.063	0.063	0.063	0.063	0.063	
0.066	0.066	0.066	0.066	0.066	0.066	0.066	0.063	0.057	0.057	0.057	0.057	0.057	0.057	0.057	0.057	0.057	0.057	0.282	0.193	0.063	0.063	0.063	0.063	0.063	0.063	0.063	0.063	
0.066	0.066	0.066	0.066	0.066	0.066	0.066	0.064	0.057	0.057	0.057	0.057	0.057	0.057	0.057	0.057	0.057	0.057	0.320	0.170	0.063	0.063	0.063	0.063	0.063	0.063	0.063	0.063	
0.066	0.066	0.066	0.066	0.066	0.066	0.066	0.065	0.057	0.057	0.057	0.057	0.057	0.057	0.057	0.057	0.057	0.059	0.357	0.148	0.063	0.063	0.063	0.063	0.063	0.063	0.063	0.063	
0.066	0.066	0.066	0.066	0.066	0.066	0.066	0.066	0.057	0.057	0.057	0.057	0.057	0.057	0.057	0.057	0.057	0.088	0.367	0.125	0.063	0.063	0.063	0.063	0.063	0.063	0.063	0.063	
0.066	0.066	0.066	0.066	0.066	0.066	0.066	0.066	0.058	0.057	0.057	0.057	0.057	0.057	0.057	0.057	0.057	0.127	0.367	0.103	0.063	0.063	0.063	0.063	0.063	0.063	0.063	0.063	
0.066	0.066	0.066	0.066	0.066	0.066	0.066	0.066	0.060	0.057	0.057	0.057	0.057	0.057	0.057	0.057	0.057	0.165	0.367	0.080	0.063	0.063	0.063	0.063	0.063	0.063	0.063	0.063	
0.066	0.066	0.066	0.066	0.066	0.066	0.066	0.066	0.061	0.057	0.057	0.057	0.057	0.057	0.057	0.057	0.057	0.204	0.361	0.064	0.063	0.063	0.063	0.063	0.063	0.063	0.063	0.063	
0.066	0.066	0.066	0.066	0.066	0.066	0.066	0.066	0.062	0.057	0.057	0.057	0.057	0.057	0.057	0.057	0.057	0.243	0.339	0.063	0.063	0.063	0.063	0.063	0.063	0.063	0.063	0.063	
0.066	0.066	0.066	0.066	0.066	0.066	0.066	0.066	0.063	0.057	0.057	0.057	0.057	0.057	0.057	0.057	0.057	0.282	0.317	0.063	0.063	0.063	0.063	0.063	0.063	0.063	0.063	0.063	
0.066	0.066	0.066	0.066	0.066	0.066	0.066	0.066	0.064	0.057	0.057	0.057	0.057	0.057	0.057	0.057	0.057	0.320	0.294	0.063	0.063	0.063	0.063	0.063	0.063	0.063	0.063	0.063	
0.066	0.066	0.066	0.066	0.066	0.066	0.066	0.066	0.066	0.057	0.057	0.057	0.057	0.057	0.057	0.057	0.059	0.357	0.272	0.063	0.063	0.063	0.063	0.063	0.063	0.063	0.063	0.063	
0.066	0.066	0.066	0.066	0.066	0.066	0.066	0.066	0.066	0.058	0.057	0.057	0.057	0.057	0.057	0.057	0.088	0.367	0.249	0.063	0.063	0.063	0.063	0.063	0.063	0.063	0.063	0.063	
0.066	0.066	0.066	0.066	0.066	0.066	0.066	0.066	0.066	0.059	0.057	0.057	0.057	0.057	0.057	0.057	0.127	0.367	0.227	0.063	0.063	0.063	0.063	0.063	0.063	0.063	0.063	0.063	
0.066	0.066	0.066	0.066	0.066	0.066	0.066	0.066	0.066	0.060	0.057	0.057	0.057	0.057	0.057	0.057	0.165	0.367	0.204	0.063	0.063	0.063	0.063	0.063	0.063	0.063	0.063	0.063	
0.066	0.066	0.066	0.066	0.066	0.066	0.066	0.066	0.066	0.061	0.057	0.057	0.057	0.057	0.057	0.057	0.204	0.367	0.182	0.063	0.063	0.063	0.063	0.063	0.063	0.063	0.063	0.063	
0.066	0.066	0.066	0.066	0.066	0.066	0.066	0.066	0.066	0.062	0.057	0.057	0.057	0.057	0.057	0.057	0.243	0.367	0.159	0.063	0.063	0.063	0.063	0.063	0.063	0.063	0.063	0.063	
0.066	0.066	0.066	0.066	0.066	0.066	0.066	0.066	0.066	0.064	0.057	0.057	0.057	0.057	0.057	0.057	0.282	0.367	0.137	0.063	0.063	0.063	0.063	0.063	0.063	0.063	0.063	0.063	
0.066	0.066	0.066	0.066	0.066	0.066	0.066	0.066	0.066	0.065	0.057	0.057	0.057	0.057	0.057	0.057	0.320	0.367	0.114	0.063	0.063	0.063	0.063	0.063	0.063	0.063	0.063	0.063	
0.066	0.066	0.066	0.066	0.066	0.066	0.066	0.066	0.066	0.066	0.057	0.057	0.057	0.057	0.057	0.059	0.357	0.367	0.092	0.063	0.063	0.063	0.063	0.063	0.063	0.063	0.063	0.063	
0.066	0.066	0.066	0.066	0.066	0.066	0.066	0.066	0.066	0.066	0.058	0.057	0.057	0.057	0.057	0.088	0.367	0.366	0.070	0.063	0.063	0.063	0.063	0.063	0.063	0.063	0.063	0.063	
0.066	0.066	0.066	0.066	0.066	0.066	0.066	0.066	0.066	0.066	0.059	0.057	0.057	0.057	0.057	0.127	0.367	0.351	0.063	0.063	0.063	0.063	0.063	0.063	0.063	0.063	0.063	0.063	
0.066	0.066	0.066	0.066	0.066	0.066	0.066	0.066	0.066	0.066	0.061	0.057	0.057	0.057	0.057	0.165	0.367	0.328	0.063	0.063	0.063	0.063	0.063	0.063	0.063	0.063	0.063	0.063	
0.066	0.066	0.066	0.066	0.066	0.066	0.066	0.066	0.066	0.066	0.062	0.057	0.057	0.057	0.057	0.204	0.367	0.306	0.063	0.063	0.063	0.063	0.063	0.063	0.063	0.063	0.063	0.275	
0.066	0.066	0.066	0.066	0.066	0.066	0.066	0.066	0.066	0.066	0.063	0.057	0.057	0.057	0.057	0.243	0.367	0.283	0.063	0.063	0.063	0.063	0.063	0.063	0.063	0.063	0.293	0.504	
0.066	0.066	0.066	0.066	0.066	0.066	0.066	0.066	0.066	0.066	0.064	0.057	0.057	0.057	0.057	0.282	0.367	0.261	0.063	0.063	0.063	0.063	0.063	0.063	0.065	0.311	0.504	0.504	
0.239	0.066	0.066	0.066	0.066	0.066	0.066	0.066	0.066	0.066	0.065	0.057	0.057	0.057	0.057	0.320	0.367	0.238	0.063	0.063	0.063	0.063	0.063	0.067	0.329	0.504	0.504	0.504	
0.662	0.518	0.202	0.066	0.066	0.066	0.066	0.066	0.066	0.066	0.333	0.910	0.057	0.057	0.059	0.357	0.367	0.215	0.063	0.063	0.063	0.063	0.069	0.345	0.504	0.504	0.504	0.504	
0.662	0.662	0.661	0.480	0.169	0.066	0.066	0.066	0.066	0.066	1.116	2.878	0.121	0.057	0.088	0.367	0.367	0.193	0.063	0.063	0.063	0.073	0.360	0.504	0.504	0.504	0.504	0.504	
0.662	0.662	0.662	0.662	0.656	0.442	0.141	0.066	0.066	0.066	1.913	3.451	1.584	0.057	0.127	0.367	0.367	0.170	0.063	0.063	0.077	0.375	0.504	0.504	0.504	0.504	0.504	0.504	
0.662	0.662	0.662	0.662	0.662	0.662	0.646	0.404	0.117	0.149	2.900	3.451	3.274	1.082	1.076	1.176	1.481	1.209	0.591	0.164	0.389	0.504	0.504	0.504	0.504	0.504	0.504	0.504	
0.662	0.662	0.662	0.662	0.662	0.662	0.662	0.662	0.632	3.470	4.687	4.079	3.367	3.219	3.307	4.336	4.336	4.751	4.976	3.638	0.504	0.504	0.504	0.504	0.504	0.504	0.504	0.504	
0.662	0.662	0.662	0.662	0.662	0.662	0.662	0.662	0.662	4.086	4.749	4.749	3.442	3.219	3.229	4.323	4.336	4.780	4.976	3.816	0.504	0.504	0.504	0.504	0.504	0.504	0.504	0.504	
0.000	0.000	0.000	0.000	0.000	0.000	0.000	0.000	0.000	0.000	0.000	0.000	1.675	2.991	2.946	2.098	0.000	0.000	0.000	0.000	0.000	0.000	0.000	0.000	0.000	0.000	0.000	0.000	
0.000	0.000	0.000	0.000	0.000	0.000	0.000	0.000	0.000	0.000	0.000	0.000	0.584	2.336	2.336	0.584	0.000	0.000	0.000	0.000	0.000	0.000	0.000	0.000	0.000	0.000	0.000	0.000	
0.000	0.000	0.000	0.000	0.000	0.000	0.000	0.000	0.000	0.000	0.000	0.000	0.584	2.336	2.336	0.584	0.000	0.000	0.000	0.000	0.000	0.000	0.000	0.000	0.000	0.000	0.000	0.000	
0.000	0.000	0.000	0.000	0.000	0.000	0.000	0.000	0.000	0.000	0.000	0.000	0.584	2.336	2.336	0.584	0.000	0.000	0.000	0.000	0.000	0.000	0.000	0.000	0.000	0.000	0.000	0.000	
0.000	0.000	0.000	0.000	0.000	0.000	0.000	0.000	0.000	0.000	0.000	0.000	0.584	2.336	2.336	0.584	0.000	0.000	0.000	0.000	0.000	0.000	0.000	0.000	0.000	0.000	0.000	0.000	
