0.079	0.079	0.079	0.079	0.079	0.079	0.079	0.070	0.067	0.067	0.067	0.067	0.067	0.067	0.067	0.067	0.067	0.067	0.067	0.067	0.067	0.069	0.072	0.072	0.072	0.072	0.072	0.072	
0.079	0.079	0.079	0.079	0.079	0.079	0.079	0.072	0.067	0.067	0.067	0.067	0.067	0.067	0.067	0.067	0.067	0.067	0.067	0.067	0.067	0.070	0.072	0.072	0.072	0.072	0.072	0.072	
0.079	0.079	0.079	0.079	0.079	0.079	0.079	0.073	0.067	0.067	0.067	0.067	0.067	0.067	0.067	0.067	0.067	0.067	0.067	0.067	0.067	0.070	0.072	0.072	0.072	0.072	0.072	0.072	
0.079	0.079	0.079	0.079	0.079	0.079	0.079	0.075	0.067	0.067	0.067	0.067	0.067	0.067	0.067	0.067	0.067	0.067	0.067	0.067	0.067	0.071	0.072	0.072	0.072	0.072	0.072	0.072	
0.079	0.079	0.079	0.079	0.079	0.079	0.079	0.076	0.067	0.067	0.067	0.067	0.067	0.067	0.067	0.067	0.067	0.067	0.067	0.067	0.067	0.072	0.072	0.072	0.072	0.072	0.072	0.072	
0.079	0.079	0.079	0.079	0.079	0.079	0.079	0.078	0.067	0.067	0.067	0.067	0.067	0.067	0.067	0.067	0.067	0.067	0.067	0.067	0.068	0.072	0.072	0.072	0.072	0.072	0.072	0.072	
0.079	0.079	0.079	0.079	0.079	0.079	0.079	0.079	0.068	0.067	0.067	0.067	0.067	0.067	0.067	0.067	0.067	0.067	0.067	0.067	0.068	0.072	0.072	0.072	0.072	0.072	0.072	0.072	
0.079	0.079	0.079	0.079	0.079	0.079	0.079	0.079	0.069	0.067	0.067	0.067	0.067	0.067	0.067	0.067	0.067	0.067	0.067	0.067	0.069	0.072	0.072	0.072	0.072	0.072	0.072	0.072	
0.079	0.079	0.079	0.079	0.079	0.079	0.079	0.079	0.070	0.067	0.067	0.067	0.067	0.067	0.067	0.067	0.067	0.067	0.067	0.067	0.070	0.072	0.072	0.072	0.072	0.072	0.072	0.072	
0.079	0.079	0.079	0.079	0.079	0.079	0.079	0.079	0.072	0.067	0.067	0.067	0.067	0.067	0.067	0.067	0.067	0.067	0.067	0.067	0.070	0.072	0.072	0.072	0.072	0.072	0.072	0.072	
0.079	0.079	0.079	0.079	0.079	0.079	0.079	0.079	0.073	0.067	0.067	0.067	0.067	0.067	0.067	0.067	0.067	0.067	0.067	0.067	0.071	0.072	0.072	0.072	0.072	0.072	0.072	0.072	
0.079	0.079	0.079	0.079	0.079	0.079	0.079	0.079	0.075	0.067	0.067	0.067	0.067	0.067	0.067	0.067	0.067	0.067	0.067	0.067	0.072	0.072	0.072	0.072	0.072	0.072	0.072	0.072	
0.079	0.079	0.079	0.079	0.079	0.079	0.079	0.079	0.076	0.067	0.067	0.067	0.067	0.067	0.067	0.067	0.067	0.067	0.067	0.068	0.072	0.072	0.072	0.072	0.072	0.072	0.072	0.072	
0.079	0.079	0.079	0.079	0.079	0.079	0.079	0.079	0.078	0.067	0.067	0.067	0.067	0.067	0.067	0.067	0.067	0.067	0.067	0.068	0.072	0.072	0.072	0.072	0.072	0.072	0.072	0.072	
0.079	0.079	0.079	0.079	0.079	0.079	0.079	0.079	0.079	0.068	0.067	0.067	0.067	0.067	0.067	0.067	0.067	0.067	0.067	0.069	0.072	0.072	0.072	0.072	0.072	0.072	0.072	0.072	
0.079	0.079	0.079	0.079	0.079	0.079	0.079	0.079	0.079	0.069	0.067	0.067	0.067	0.067	0.067	0.067	0.067	0.067	0.067	0.069	0.072	0.072	0.072	0.072	0.072	0.072	0.072	0.072	
0.079	0.079	0.079	0.079	0.079	0.079	0.079	0.079	0.079	0.071	0.067	0.067	0.067	0.067	0.067	0.067	0.067	0.067	0.067	0.070	0.072	0.072	0.072	0.072	0.072	0.072	0.072	0.072	
0.079	0.079	0.079	0.079	0.079	0.079	0.079	0.079	0.079	0.072	0.067	0.067	0.067	0.067	0.067	0.067	0.067	0.067	0.067	0.071	0.072	0.072	0.072	0.072	0.072	0.072	0.072	0.072	
0.079	0.079	0.079	0.079	0.079	0.079	0.079	0.079	0.079	0.074	0.067	0.067	0.067	0.067	0.067	0.067	0.067	0.067	0.067	0.071	0.072	0.072	0.072	0.072	0.072	0.072	0.072	0.072	
0.079	0.079	0.079	0.079	0.079	0.079	0.079	0.079	0.079	0.075	0.067	0.067	0.067	0.067	0.067	0.067	0.067	0.067	0.067	0.072	0.072	0.072	0.072	0.072	0.072	0.072	0.072	0.072	
0.079	0.079	0.079	0.079	0.079	0.079	0.079	0.079	0.079	0.077	0.067	0.067	0.067	0.067	0.067	0.067	0.067	0.067	0.068	0.072	0.072	0.072	0.072	0.072	0.072	0.072	0.072	0.072	
0.083	0.079	0.079	0.079	0.079	0.079	0.079	0.079	0.079	0.078	0.067	0.067	0.067	0.067	0.067	0.067	0.067	0.067	0.069	0.072	0.072	0.072	0.072	0.072	0.072	0.072	0.072	0.072	
0.169	0.079	0.079	0.079	0.079	0.079	0.079	0.079	0.079	0.079	0.068	0.067	0.067	0.067	0.067	0.067	0.067	0.067	0.069	0.072	0.072	0.072	0.072	0.072	0.072	0.072	0.072	0.072	
0.288	0.081	0.079	0.079	0.079	0.079	0.079	0.079	0.079	0.079	0.069	0.067	0.067	0.067	0.067	0.067	0.067	0.067	0.070	0.072	0.072	0.072	0.072	0.072	0.072	0.072	0.072	0.072	
0.330	0.160	0.079	0.079	0.079	0.079	0.079	0.079	0.079	0.079	0.071	0.067	0.067	0.067	0.067	0.067	0.067	0.067	0.070	0.072	0.072	0.072	0.072	0.072	0.072	0.072	0.072	0.072	
0.330	0.280	0.079	0.079	0.079	0.079	0.079	0.079	0.079	0.079	0.072	0.067	0.067	0.067	0.067	0.067	0.067	0.067	0.071	0.072	0.072	0.072	0.072	0.072	0.072	0.072	0.072	0.072	
0.330	0.330	0.151	0.079	0.079	0.079	0.079	0.079	0.079	0.079	0.074	0.067	0.067	0.067	0.067	0.067	0.067	0.067	0.072	0.072	0.072	0.072	0.072	0.072	0.072	0.072	0.072	0.072	
0.330	0.330	0.271	0.079	0.079	0.079	0.079	0.079	0.079	0.079	0.075	0.067	0.067	0.067	0.067	0.067	0.067	0.068	0.072	0.072	0.072	0.072	0.072	0.072	0.072	0.072	0.072	0.072	
0.330	0.330	0.330	0.141	0.079	0.079	0.079	0.079	0.079	0.079	0.077	0.067	0.067	0.067	0.067	0.067	0.067	0.068	0.072	0.072	0.072	0.072	0.072	0.072	0.072	0.072	0.072	0.072	
0.330	0.330	0.330	0.262	0.079	0.079	0.079	0.079	0.079	0.079	0.078	0.067	0.067	0.067	0.067	0.067	0.067	0.069	0.072	0.072	0.072	0.072	0.072	0.072	0.072	0.072	0.072	0.072	
0.330	0.330	0.330	0.330	0.132	0.079	0.079	0.079	0.079	0.079	0.079	0.068	0.067	0.067	0.067	0.067	0.067	0.070	0.072	0.072	0.072	0.072	0.072	0.072	0.072	0.072	0.072	0.072	
0.330	0.330	0.330	0.330	0.253	0.079	0.079	0.079	0.079	0.079	0.079	0.070	0.067	0.067	0.067	0.067	0.067	0.070	0.072	0.072	0.072	0.072	0.072	0.072	0.072	0.072	0.072	0.072	
0.364	0.330	0.330	0.330	0.329	0.124	0.079	0.079	0.079	0.079	0.079	0.071	0.067	0.067	0.067	0.067	0.067	0.071	0.072	0.072	0.072	0.072	0.072	0.072	0.072	0.072	0.072	0.162	
0.484	0.330	0.330	0.330	0.330	0.244	0.079	0.079	0.079	0.079	0.079	0.073	0.067	0.067	0.067	0.067	0.067	0.072	0.072	0.072	0.072	0.072	0.072	0.072	0.072	0.072	0.125	0.578	
0.537	0.402	0.330	0.330	0.330	0.327	0.116	0.079	0.079	0.079	0.079	0.074	0.067	0.067	0.067	0.067	0.068	0.072	0.072	0.072	0.072	0.072	0.072	0.072	0.072	0.097	0.535	0.654	
0.537	0.516	0.341	0.330	0.330	0.330	0.234	0.079	0.079	0.079	0.079	0.076	0.067	0.067	0.067	0.067	0.068	0.072	0.072	0.072	0.072	0.072	0.072	0.072	0.080	0.481	0.654	0.654	
0.537	0.537	0.444	0.330	0.330	0.330	0.325	0.109	0.079	0.079	0.079	0.077	0.067	0.067	0.067	0.067	0.069	0.072	0.072	0.072	0.072	0.072	0.072	0.072	0.418	0.654	0.654	0.654	
0.537	0.537	0.533	0.366	0.330	0.330	0.330	0.225	0.079	0.079	0.079	0.078	0.067	0.067	0.067	0.067	0.069	0.072	0.072	0.072	0.072	0.072	0.072	0.347	0.654	0.654	0.654	0.681	
0.537	0.537	0.537	0.487	0.331	0.330	0.330	0.322	0.103	0.079	0.079	0.079	0.068	0.067	0.067	0.067	0.070	0.072	0.072	0.072	0.072	0.072	0.279	0.652	0.654	0.654	0.684	0.883	
0.537	0.537	0.537	0.537	0.405	0.330	0.330	0.330	0.216	0.079	0.079	0.079	0.070	0.067	0.067	0.067	0.087	0.072	0.072	0.072	0.072	0.220	0.640	0.654	0.654	0.688	0.887	0.922	
0.537	0.537	0.537	0.537	0.518	0.342	0.330	0.330	0.318	0.097	0.079	0.079	0.071	0.067	0.067	1.186	1.556	0.072	0.072	0.072	0.171	0.618	0.654	0.654	0.692	0.890	0.922	0.922	
0.537	0.537	0.537	0.537	0.537	0.448	0.330	0.330	0.330	0.206	0.079	0.079	0.078	0.067	0.619	3.591	3.036	0.072	0.072	0.131	0.586	0.654	0.654	0.696	0.894	0.922	0.922	0.922	
0.537	0.537	0.537	0.537	0.537	0.534	0.369	0.330	0.330	0.967	2.770	2.303	3.790	3.543	3.468	3.820	3.821	1.606	0.455	0.544	0.654	0.654	0.700	0.897	0.922	0.922	0.922	1.078	
1.128	0.612	0.537	0.537	0.537	0.537	1.433	2.024	0.837	2.916	4.607	4.605	4.413	4.412	4.609	4.422	4.284	4.595	4.144	0.666	0.654	0.704	0.900	0.922	0.922	0.938	1.229	1.461	
1.623	1.551	1.037	0.573	0.537	0.537	2.594	4.326	4.361	5.159	4.856	4.806	4.843	4.610	5.241	5.281	4.913	4.595	4.638	3.161	1.355	0.903	0.922	0.922	1.012	1.365	1.463	1.463	
1.623	1.623	1.623	1.499	0.947	1.026	3.714	4.327	4.659	5.419	5.419	5.243	5.223	5.614	5.817	5.439	5.614	5.369	4.822	4.834	3.629	0.922	0.923	1.145	1.443	1.463	1.463	1.487	
1.768	1.623	1.623	1.623	1.623	4.010	4.651	4.861	5.621	5.558	5.912	5.816	5.528	6.203	6.382	6.095	5.649	5.707	5.362	4.875	5.011	3.686	1.366	1.463	1.463	1.464	1.609	1.837	
2.319	2.176	1.889	1.649	1.722	4.399	4.651	5.157	5.700	5.834	6.351	6.351	6.336	6.341	6.252	5.957	5.865	6.020	6.058	5.530	5.064	5.068	2.062	1.463	1.528	1.770	1.876	1.876	
2.319	2.319	2.319	2.271	4.192	5.270	5.333	6.218	6.081	6.605	6.660	6.403	6.384	6.067	5.346	5.936	6.370	6.427	6.107	6.134	5.498	5.288	4.944	2.214	1.867	1.876	1.876	1.876	
2.319	2.319	2.319	2.319	4.538	5.278	5.612	6.286	6.340	6.827	6.827	6.438	6.418	4.102	3.340	4.922	6.689	6.689	6.285	6.181	5.909	5.344	5.344	2.937	1.876	1.876	1.876	1.876	
0.000	0.000	0.000	0.000	0.000	0.000	0.000	0.000	0.000	0.000	0.000	0.000	2.998	3.349	3.337	1.866	0.000	0.000	0.000	0.000	0.000	0.000	0.000	0.000	0.000	0.000	0.000	0.000	
0.000	0.000	0.000	0.000	0.000	0.000	0.000	0.000	0.000	0.000	0.000	0.000	0.830	3.325	3.332	0.834	0.000	0.000	0.000	0.000	0.000	0.000	0.000	0.000	0.000	0.000	0.000	0.000	
0.000	0.000	0.000	0.000	0.000	0.000	0.000	0.000	0.000	0.000	0.000	0.000	0.810	3.240	3.240	0.810	0.000	0.000	0.000	0.000	0.000	0.000	0.000	0.000	0.000	0.000	0.000	0.000	
0.000	0.000	0.000	0.000	0.000	0.000	0.000	0.000	0.000	0.000	0.000	0.000	0.810	3.240	3.240	0.810	0.000	0.000	0.000	0.000	0.000	0.000	0.000	0.000	0.000	0.000	0.000	0.000	
0.000	0.000	0.000	0.000	0.000	0.000	0.000	0.000	0.000	0.000	0.000	0.000	0.810	3.240	3.240	0.810	0.000	0.000	0.000	0.000	0.000	0.000	0.000	0.000	0.000	0.000	0.000	0.000	
