0.052	0.052	0.052	0.052	0.052	0.052	0.052	0.052	0.052	0.052	0.052	0.052	0.052	0.099	0.124	0.124	0.124	0.124	0.124	0.068	0.062	0.062	0.062	0.062	0.062	0.062	0.062	0.062	
0.052	0.052	0.052	0.052	0.052	0.052	0.052	0.052	0.052	0.052	0.052	0.052	0.052	0.101	0.124	0.124	0.124	0.124	0.124	0.063	0.062	0.062	0.062	0.062	0.062	0.062	0.062	0.062	
0.052	0.052	0.052	0.052	0.052	0.052	0.052	0.052	0.052	0.052	0.052	0.052	0.052	0.104	0.124	0.124	0.124	0.124	0.120	0.062	0.062	0.062	0.062	0.062	0.062	0.062	0.062	0.062	
0.052	0.052	0.052	0.052	0.052	0.052	0.052	0.052	0.052	0.052	0.052	0.052	0.052	0.106	0.124	0.124	0.124	0.124	0.115	0.062	0.062	0.062	0.062	0.062	0.062	0.062	0.062	0.062	
0.052	0.052	0.052	0.052	0.052	0.052	0.052	0.052	0.052	0.052	0.052	0.052	0.052	0.109	0.124	0.124	0.124	0.124	0.110	0.062	0.062	0.062	0.062	0.062	0.062	0.062	0.062	0.062	
0.052	0.052	0.052	0.052	0.052	0.052	0.052	0.052	0.052	0.052	0.052	0.052	0.052	0.112	0.124	0.124	0.124	0.124	0.105	0.062	0.062	0.062	0.062	0.062	0.062	0.062	0.062	0.062	
0.052	0.052	0.052	0.052	0.052	0.052	0.052	0.052	0.052	0.052	0.052	0.052	0.052	0.114	0.124	0.124	0.124	0.124	0.100	0.062	0.062	0.062	0.062	0.062	0.062	0.062	0.062	0.062	
0.052	0.052	0.052	0.052	0.052	0.052	0.052	0.052	0.052	0.052	0.052	0.052	0.052	0.117	0.124	0.124	0.124	0.124	0.095	0.062	0.062	0.062	0.062	0.062	0.062	0.062	0.062	0.062	
0.052	0.052	0.052	0.052	0.052	0.052	0.052	0.052	0.052	0.052	0.052	0.052	0.052	0.119	0.124	0.124	0.124	0.124	0.090	0.062	0.062	0.062	0.062	0.062	0.062	0.062	0.062	0.062	
0.052	0.052	0.052	0.052	0.052	0.052	0.052	0.052	0.052	0.052	0.052	0.052	0.052	0.122	0.124	0.124	0.124	0.124	0.085	0.062	0.062	0.062	0.062	0.062	0.062	0.062	0.062	0.062	
0.052	0.052	0.052	0.052	0.052	0.052	0.052	0.052	0.052	0.052	0.052	0.052	0.053	0.124	0.124	0.124	0.124	0.124	0.080	0.062	0.062	0.062	0.062	0.062	0.062	0.062	0.062	0.062	
0.052	0.052	0.052	0.052	0.052	0.052	0.052	0.052	0.052	0.052	0.052	0.052	0.055	0.124	0.124	0.124	0.124	0.124	0.075	0.062	0.062	0.062	0.062	0.062	0.062	0.062	0.062	0.062	
0.052	0.052	0.052	0.052	0.052	0.052	0.052	0.052	0.052	0.052	0.052	0.052	0.058	0.124	0.124	0.124	0.124	0.124	0.070	0.062	0.062	0.062	0.062	0.062	0.062	0.062	0.062	0.062	
0.052	0.052	0.052	0.052	0.052	0.052	0.052	0.052	0.052	0.052	0.052	0.052	0.060	0.124	0.124	0.124	0.124	0.124	0.065	0.062	0.062	0.062	0.062	0.062	0.062	0.062	0.062	0.062	
0.052	0.052	0.052	0.052	0.052	0.052	0.052	0.052	0.052	0.052	0.052	0.052	0.063	0.124	0.124	0.124	0.124	0.122	0.062	0.062	0.062	0.062	0.062	0.062	0.062	0.062	0.062	0.062	
0.052	0.052	0.052	0.052	0.052	0.052	0.052	0.052	0.052	0.052	0.052	0.052	0.065	0.124	0.124	0.124	0.124	0.117	0.062	0.062	0.062	0.062	0.062	0.062	0.062	0.062	0.062	0.062	
0.052	0.052	0.052	0.052	0.052	0.052	0.052	0.052	0.052	0.052	0.052	0.052	0.068	0.124	0.124	0.124	0.124	0.112	0.062	0.062	0.062	0.062	0.062	0.062	0.062	0.062	0.062	0.062	
0.052	0.052	0.052	0.052	0.052	0.052	0.052	0.052	0.052	0.052	0.052	0.052	0.070	0.124	0.124	0.124	0.124	0.107	0.062	0.062	0.062	0.062	0.062	0.062	0.062	0.062	0.062	0.062	
0.052	0.052	0.052	0.052	0.052	0.052	0.052	0.052	0.052	0.052	0.052	0.052	0.073	0.124	0.124	0.124	0.124	0.102	0.062	0.062	0.062	0.062	0.062	0.062	0.062	0.062	0.062	0.062	
0.052	0.052	0.052	0.052	0.052	0.052	0.052	0.052	0.052	0.052	0.052	0.052	0.076	0.124	0.124	0.124	0.124	0.097	0.062	0.062	0.062	0.062	0.062	0.062	0.062	0.062	0.062	0.062	
0.052	0.052	0.052	0.052	0.052	0.052	0.052	0.052	0.052	0.052	0.052	0.052	0.078	0.124	0.124	0.124	0.124	0.092	0.062	0.062	0.062	0.062	0.062	0.062	0.062	0.062	0.062	0.062	
0.052	0.052	0.052	0.052	0.052	0.052	0.052	0.052	0.052	0.052	0.052	0.052	0.081	0.124	0.124	0.124	0.124	0.087	0.062	0.062	0.062	0.062	0.062	0.062	0.062	0.062	0.062	0.062	
0.052	0.052	0.052	0.052	0.052	0.052	0.052	0.052	0.052	0.052	0.052	0.052	0.083	0.124	0.124	0.124	0.124	0.082	0.062	0.062	0.062	0.062	0.062	0.062	0.062	0.062	0.062	0.062	
0.052	0.052	0.052	0.052	0.052	0.052	0.052	0.052	0.052	0.052	0.052	0.052	0.086	0.124	0.124	0.124	0.124	0.077	0.062	0.062	0.062	0.062	0.062	0.062	0.062	0.062	0.062	0.062	
0.052	0.052	0.052	0.052	0.052	0.052	0.052	0.052	0.052	0.052	0.052	0.052	0.088	0.124	0.124	0.124	0.124	0.072	0.062	0.062	0.062	0.062	0.062	0.062	0.062	0.062	0.062	0.062	
0.052	0.052	0.052	0.052	0.052	0.052	0.052	0.052	0.052	0.052	0.052	0.052	0.091	0.124	0.124	0.124	0.124	0.067	0.062	0.062	0.062	0.062	0.062	0.062	0.062	0.062	0.062	0.062	
0.052	0.052	0.052	0.052	0.052	0.052	0.052	0.052	0.052	0.052	0.052	0.052	0.094	0.124	0.124	0.124	0.123	0.063	0.062	0.062	0.062	0.062	0.062	0.062	0.062	0.062	0.062	0.062	
0.052	0.052	0.052	0.052	0.052	0.052	0.052	0.052	0.052	0.052	0.052	0.052	0.096	0.124	0.124	0.124	0.119	0.062	0.062	0.062	0.062	0.062	0.062	0.062	0.062	0.062	0.062	0.062	
0.052	0.052	0.052	0.052	0.052	0.052	0.052	0.052	0.052	0.052	0.052	0.052	0.099	0.124	0.124	0.124	0.114	0.062	0.062	0.062	0.062	0.062	0.062	0.062	0.062	0.062	0.062	0.062	
0.052	0.052	0.052	0.052	0.052	0.052	0.052	0.052	0.052	0.052	0.052	0.052	0.101	0.124	0.124	0.124	0.109	0.062	0.062	0.062	0.062	0.062	0.062	0.062	0.062	0.062	0.062	0.062	
0.205	0.052	0.052	0.052	0.052	0.052	0.052	0.052	0.052	0.052	0.052	0.052	0.104	0.124	0.124	0.124	0.104	0.062	0.062	0.062	0.062	0.062	0.062	0.062	0.062	0.062	0.062	0.062	
0.621	0.117	0.052	0.052	0.052	0.052	0.052	0.052	0.052	0.052	0.052	0.052	0.106	0.124	0.124	0.124	0.099	0.062	0.062	0.062	0.062	0.062	0.062	0.062	0.062	0.062	0.062	0.067	
0.528	0.661	0.063	0.052	0.052	0.052	0.052	0.052	0.052	0.052	0.052	0.052	0.109	0.124	0.124	0.124	0.094	0.062	0.062	0.062	0.062	0.062	0.062	0.062	0.062	0.062	0.062	0.368	
0.490	0.708	0.515	0.052	0.052	0.052	0.052	0.052	0.052	0.052	0.052	0.052	0.112	0.124	0.124	0.124	0.089	0.062	0.062	0.062	0.062	0.062	0.062	0.062	0.062	0.062	0.259	0.645	
0.490	0.516	0.879	0.342	0.052	0.052	0.052	0.052	0.052	0.052	0.052	0.052	0.114	0.124	0.124	0.124	0.084	0.062	0.062	0.062	0.062	0.062	0.062	0.062	0.062	0.170	0.622	0.647	
0.490	0.490	0.686	0.871	0.203	0.052	0.052	0.052	0.052	0.052	0.052	0.052	0.117	0.124	0.124	0.124	0.079	0.062	0.062	0.062	0.062	0.062	0.062	0.062	0.108	0.573	0.647	0.647	
0.490	0.490	0.506	0.869	0.790	0.109	0.052	0.052	0.052	0.052	0.052	0.052	0.119	0.124	0.124	0.124	0.074	0.062	0.062	0.062	0.062	0.062	0.062	0.072	0.497	0.647	0.647	0.647	
0.490	0.490	0.490	0.664	0.910	0.663	0.060	0.052	0.052	0.052	0.052	0.052	0.122	0.124	0.124	0.124	0.069	0.062	0.062	0.062	0.062	0.062	0.062	0.396	0.647	0.647	0.647	0.725	
0.490	0.490	0.490	0.499	0.854	0.910	0.495	0.052	0.052	0.052	0.052	0.053	0.124	0.124	0.124	0.443	0.430	0.062	0.062	0.062	0.062	0.062	0.285	0.646	0.647	0.647	0.715	0.873	
0.490	0.490	0.490	0.490	0.642	0.910	0.906	0.324	0.052	0.052	0.052	0.055	0.124	0.124	0.124	1.541	1.106	0.062	0.062	0.062	0.062	0.190	0.630	0.647	0.647	0.705	0.870	0.878	
0.490	0.490	0.490	0.490	0.494	0.837	0.910	0.865	0.190	0.052	0.052	0.058	0.124	0.124	0.194	2.605	1.760	0.062	0.062	0.062	0.121	0.588	0.647	0.647	0.696	0.866	0.878	0.878	
0.490	0.490	0.490	0.490	0.490	0.620	0.910	0.910	0.778	0.101	0.052	0.060	0.124	0.124	1.088	2.844	2.415	0.062	0.062	0.079	0.519	0.647	0.647	0.688	0.862	0.878	0.878	0.878	
0.578	0.490	0.490	0.490	0.490	0.491	0.818	0.910	0.910	0.885	2.055	2.983	1.938	1.881	2.565	2.844	2.836	0.469	0.062	0.424	0.647	0.647	0.680	0.856	0.878	0.878	0.878	0.976	
1.445	0.884	0.493	0.490	0.490	0.490	0.598	0.912	0.910	2.169	4.375	4.375	4.678	4.767	4.575	4.103	3.942	4.492	3.501	0.653	0.647	0.673	0.850	0.878	0.878	0.880	1.147	1.514	
1.520	1.520	1.261	0.646	0.490	0.490	1.251	4.494	3.838	4.546	4.739	4.479	4.885	4.768	5.254	5.460	5.015	4.530	4.577	2.989	1.148	0.843	0.878	0.878	0.938	1.345	1.542	1.542	
1.520	1.520	1.520	1.489	0.996	0.634	3.079	4.778	4.782	5.336	5.355	5.386	5.413	5.405	5.641	5.465	5.194	4.782	4.873	4.952	3.988	0.879	0.878	1.082	1.486	1.542	1.542	1.572	
1.833	1.555	1.520	1.520	1.520	3.588	4.787	4.858	5.489	5.613	5.637	5.830	5.422	5.644	5.798	5.515	5.204	5.396	5.559	4.994	5.027	3.841	1.461	1.541	1.542	1.543	1.675	1.878	
2.200	2.153	1.863	1.570	1.604	4.295	4.787	5.101	5.889	5.889	6.254	6.282	6.024	5.957	5.826	5.272	5.273	6.059	6.273	5.714	5.051	5.053	2.378	1.542	1.588	1.805	1.906	1.906	
2.200	2.200	2.200	2.168	4.167	5.217	5.221	6.135	6.131	6.606	6.784	6.042	5.792	6.034	5.484	4.705	6.161	6.653	6.307	6.216	5.554	5.244	5.008	2.411	1.890	1.906	1.906	1.906	
2.200	2.200	2.200	2.200	4.567	5.226	5.521	6.273	6.273	6.978	6.978	5.884	5.690	5.927	4.975	4.705	6.335	6.791	6.422	6.244	6.009	5.305	5.305	3.308	1.906	1.906	1.906	1.906	
0.000	0.000	0.000	0.000	0.000	0.000	0.000	0.000	0.000	0.000	0.000	0.000	3.001	4.457	3.915	2.438	0.000	0.000	0.000	0.000	0.000	0.000	0.000	0.000	0.000	0.000	0.000	0.000	
0.000	0.000	0.000	0.000	0.000	0.000	0.000	0.000	0.000	0.000	0.000	0.000	0.592	2.330	2.330	0.583	0.000	0.000	0.000	0.000	0.000	0.000	0.000	0.000	0.000	0.000	0.000	0.000	
0.000	0.000	0.000	0.000	0.000	0.000	0.000	0.000	0.000	0.000	0.000	0.000	0.583	2.330	2.330	0.583	0.000	0.000	0.000	0.000	0.000	0.000	0.000	0.000	0.000	0.000	0.000	0.000	
0.000	0.000	0.000	0.000	0.000	0.000	0.000	0.000	0.000	0.000	0.000	0.000	0.583	2.330	2.330	0.583	0.000	0.000	0.000	0.000	0.000	0.000	0.000	0.000	0.000	0.000	0.000	0.000	
0.000	0.000	0.000	0.000	0.000	0.000	0.000	0.000	0.000	0.000	0.000	0.000	0.583	2.330	2.330	0.583	0.000	0.000	0.000	0.000	0.000	0.000	0.000	0.000	0.000	0.000	0.000	0.000	
