0.038	0.038	0.038	0.038	0.038	0.038	0.038	0.038	0.038	0.038	0.038	0.038	0.038	0.038	0.038	0.038	0.038	0.038	0.038	0.038	0.038	0.038	0.038	0.038	0.038	0.038	0.038	0.075	
0.038	0.038	0.038	0.038	0.038	0.038	0.038	0.038	0.038	0.038	0.038	0.038	0.038	0.038	0.038	0.038	0.038	0.038	0.038	0.038	0.038	0.038	0.038	0.038	0.038	0.038	0.038	0.110	
0.038	0.038	0.038	0.038	0.038	0.038	0.038	0.038	0.038	0.038	0.038	0.038	0.038	0.038	0.038	0.038	0.038	0.038	0.038	0.038	0.038	0.038	0.038	0.038	0.038	0.038	0.041	0.142	
0.041	0.038	0.038	0.038	0.038	0.038	0.038	0.038	0.038	0.038	0.038	0.038	0.038	0.038	0.038	0.038	0.038	0.038	0.038	0.038	0.038	0.038	0.038	0.038	0.038	0.038	0.069	0.149	
0.062	0.038	0.038	0.038	0.038	0.038	0.038	0.038	0.038	0.038	0.038	0.038	0.038	0.038	0.038	0.038	0.038	0.038	0.038	0.038	0.038	0.038	0.038	0.038	0.038	0.038	0.104	0.149	
0.088	0.038	0.038	0.038	0.038	0.038	0.038	0.038	0.038	0.038	0.038	0.038	0.038	0.038	0.038	0.038	0.038	0.038	0.038	0.038	0.038	0.038	0.038	0.038	0.038	0.039	0.138	0.149	
0.112	0.038	0.038	0.038	0.038	0.038	0.038	0.038	0.038	0.038	0.038	0.038	0.038	0.038	0.038	0.038	0.038	0.038	0.038	0.038	0.038	0.038	0.038	0.038	0.038	0.063	0.149	0.149	
0.121	0.055	0.038	0.038	0.038	0.038	0.038	0.038	0.038	0.038	0.038	0.038	0.038	0.038	0.038	0.038	0.038	0.038	0.038	0.038	0.038	0.038	0.038	0.038	0.038	0.099	0.149	0.149	
0.121	0.080	0.038	0.038	0.038	0.038	0.038	0.038	0.038	0.038	0.038	0.038	0.038	0.038	0.038	0.038	0.038	0.038	0.038	0.038	0.038	0.038	0.038	0.038	0.038	0.134	0.149	0.149	
0.121	0.106	0.038	0.038	0.038	0.038	0.038	0.038	0.038	0.038	0.038	0.038	0.038	0.038	0.038	0.038	0.038	0.038	0.038	0.038	0.038	0.038	0.038	0.038	0.058	0.149	0.149	0.149	
0.121	0.121	0.048	0.038	0.038	0.038	0.038	0.038	0.038	0.038	0.038	0.038	0.038	0.038	0.038	0.038	0.038	0.038	0.038	0.038	0.038	0.038	0.038	0.038	0.093	0.149	0.149	0.149	
0.121	0.121	0.073	0.038	0.038	0.038	0.038	0.038	0.038	0.038	0.038	0.038	0.038	0.038	0.038	0.038	0.038	0.038	0.038	0.038	0.038	0.038	0.038	0.038	0.128	0.149	0.149	0.149	
0.121	0.121	0.099	0.038	0.038	0.038	0.038	0.038	0.038	0.038	0.038	0.038	0.038	0.038	0.038	0.038	0.038	0.038	0.038	0.038	0.038	0.038	0.038	0.053	0.149	0.149	0.149	0.149	
0.121	0.121	0.119	0.043	0.038	0.038	0.038	0.038	0.038	0.038	0.038	0.038	0.038	0.038	0.038	0.038	0.038	0.038	0.038	0.038	0.038	0.038	0.038	0.087	0.149	0.149	0.149	0.149	
0.121	0.121	0.121	0.066	0.038	0.038	0.038	0.038	0.038	0.038	0.038	0.038	0.038	0.038	0.038	0.038	0.038	0.038	0.038	0.038	0.038	0.038	0.038	0.123	0.149	0.149	0.149	0.149	
0.121	0.121	0.121	0.091	0.038	0.038	0.038	0.038	0.038	0.038	0.038	0.038	0.038	0.038	0.038	0.038	0.038	0.038	0.038	0.038	0.038	0.038	0.048	0.148	0.149	0.149	0.149	0.149	
0.121	0.121	0.121	0.115	0.039	0.038	0.038	0.038	0.038	0.038	0.038	0.038	0.038	0.038	0.038	0.038	0.038	0.038	0.038	0.038	0.038	0.038	0.082	0.149	0.149	0.149	0.149	0.149	
0.121	0.121	0.121	0.121	0.059	0.038	0.038	0.038	0.038	0.038	0.038	0.038	0.038	0.038	0.038	0.038	0.038	0.038	0.038	0.038	0.038	0.038	0.117	0.149	0.149	0.149	0.149	0.149	
0.121	0.121	0.121	0.121	0.084	0.038	0.038	0.038	0.038	0.038	0.038	0.038	0.038	0.038	0.038	0.038	0.038	0.038	0.038	0.038	0.038	0.044	0.146	0.149	0.149	0.149	0.149	0.149	
0.121	0.121	0.121	0.121	0.110	0.038	0.038	0.038	0.038	0.038	0.038	0.038	0.038	0.038	0.038	0.038	0.038	0.038	0.038	0.038	0.038	0.076	0.149	0.149	0.149	0.149	0.149	0.150	
0.121	0.121	0.121	0.121	0.121	0.052	0.038	0.038	0.038	0.038	0.038	0.038	0.038	0.038	0.038	0.038	0.038	0.038	0.038	0.038	0.038	0.111	0.149	0.149	0.149	0.149	0.149	0.187	
0.121	0.121	0.121	0.121	0.121	0.077	0.038	0.038	0.038	0.038	0.038	0.038	0.038	0.038	0.038	0.038	0.038	0.038	0.038	0.038	0.041	0.143	0.149	0.149	0.149	0.149	0.149	0.240	
0.121	0.121	0.121	0.121	0.121	0.103	0.038	0.038	0.038	0.038	0.038	0.038	0.038	0.038	0.038	0.038	0.038	0.038	0.038	0.038	0.071	0.149	0.149	0.149	0.149	0.149	0.180	0.261	
0.121	0.121	0.121	0.121	0.121	0.120	0.046	0.038	0.038	0.038	0.038	0.038	0.038	0.038	0.038	0.038	0.038	0.038	0.038	0.038	0.106	0.149	0.149	0.149	0.149	0.149	0.233	0.261	
0.121	0.121	0.121	0.121	0.121	0.121	0.070	0.038	0.038	0.038	0.038	0.038	0.038	0.038	0.038	0.038	0.038	0.038	0.038	0.039	0.140	0.149	0.149	0.149	0.149	0.174	0.261	0.261	
0.121	0.121	0.121	0.121	0.121	0.121	0.095	0.038	0.038	0.038	0.038	0.038	0.038	0.038	0.038	0.038	0.038	0.038	0.038	0.065	0.149	0.149	0.149	0.149	0.149	0.227	0.261	0.261	
0.121	0.121	0.121	0.121	0.121	0.121	0.118	0.041	0.038	0.038	0.038	0.038	0.038	0.038	0.038	0.038	0.038	0.038	0.038	0.100	0.149	0.149	0.149	0.149	0.168	0.261	0.261	0.261	
0.121	0.121	0.121	0.121	0.121	0.121	0.121	0.063	0.038	0.038	0.038	0.038	0.038	0.038	0.038	0.038	0.038	0.038	0.038	0.135	0.149	0.149	0.149	0.149	0.221	0.261	0.261	0.261	
0.121	0.121	0.121	0.121	0.121	0.121	0.121	0.088	0.038	0.038	0.038	0.038	0.038	0.038	0.038	0.038	0.038	0.038	0.060	0.149	0.149	0.149	0.149	0.163	0.259	0.261	0.261	0.261	
0.121	0.121	0.121	0.121	0.121	0.121	0.121	0.113	0.039	0.038	0.038	0.038	0.038	0.038	0.038	0.038	0.038	0.038	0.095	0.149	0.149	0.149	0.149	0.214	0.261	0.261	0.261	0.261	
0.121	0.121	0.121	0.121	0.121	0.121	0.121	0.121	0.056	0.038	0.038	0.038	0.038	0.038	0.038	0.038	0.038	0.038	0.130	0.149	0.149	0.149	0.159	0.257	0.261	0.261	0.261	0.261	
0.121	0.121	0.121	0.121	0.121	0.121	0.121	0.121	0.081	0.038	0.038	0.038	0.038	0.038	0.038	0.038	0.038	0.054	0.149	0.149	0.149	0.149	0.208	0.261	0.261	0.261	0.261	0.261	
0.121	0.121	0.121	0.121	0.121	0.121	0.121	0.121	0.106	0.038	0.038	0.038	0.038	0.038	0.038	0.038	0.038	0.089	0.149	0.149	0.149	0.155	0.255	0.261	0.261	0.261	0.261	0.261	
0.121	0.121	0.121	0.121	0.121	0.121	0.121	0.121	0.121	0.049	0.038	0.038	0.038	0.038	0.038	0.038	0.038	0.124	0.149	0.149	0.149	0.202	0.261	0.261	0.261	0.261	0.261	0.261	
0.121	0.121	0.121	0.121	0.121	0.121	0.121	0.121	0.121	0.074	0.038	0.038	0.038	0.038	0.038	0.038	0.049	0.148	0.149	0.149	0.153	0.251	0.261	0.261	0.261	0.261	0.261	0.261	
0.121	0.121	0.121	0.121	0.121	0.121	0.121	0.121	0.121	0.099	0.038	0.038	0.038	0.038	0.038	0.038	0.084	0.149	0.149	0.149	0.195	0.261	0.261	0.261	0.261	0.261	0.261	0.279	
0.121	0.121	0.121	0.121	0.121	0.121	0.121	0.121	0.121	0.147	0.441	0.038	0.038	0.038	0.038	0.038	0.119	0.149	0.149	0.151	0.247	0.261	0.261	0.261	0.261	0.261	0.300	0.626	
0.121	0.121	0.121	0.121	0.121	0.121	0.121	0.121	0.121	0.131	1.995	0.115	0.038	0.038	0.038	0.045	0.147	0.149	0.149	0.189	0.261	0.261	0.261	0.261	0.261	0.327	0.661	0.728	
0.707	0.171	0.121	0.121	0.121	0.121	0.121	0.121	0.121	0.121	2.390	1.409	0.038	0.038	0.038	0.078	0.149	0.149	0.149	0.241	0.261	0.261	0.261	0.261	0.363	0.689	0.728	0.728	
1.086	0.963	0.622	0.157	0.121	0.121	0.121	0.121	0.121	0.121	2.353	2.412	0.751	0.038	0.038	0.113	0.149	0.149	0.183	0.261	0.261	0.261	0.261	0.405	0.709	0.728	0.728	0.728	
1.086	1.086	1.172	1.707	1.046	0.263	0.121	0.121	0.121	0.121	2.316	2.419	2.225	0.763	2.207	1.494	0.149	0.149	0.236	0.261	0.261	0.261	0.455	0.722	0.728	0.728	0.728	0.731	
1.176	1.086	1.086	1.184	1.940	2.010	1.292	0.440	0.121	1.479	3.348	2.443	2.902	3.985	4.095	3.984	1.372	1.473	0.335	0.261	0.264	0.511	0.728	0.728	0.728	0.728	0.760	0.945	
1.269	1.171	1.086	1.086	1.197	1.955	2.088	2.079	2.056	4.384	4.426	4.211	4.463	4.404	4.109	4.226	4.041	3.945	2.766	0.347	0.564	0.728	0.728	0.728	0.728	0.819	0.995	1.015	
1.269	1.268	1.166	1.086	1.086	1.212	1.970	2.088	2.472	4.529	4.451	4.535	4.470	4.474	4.837	4.894	4.363	3.945	3.946	2.489	0.728	0.728	0.728	0.738	0.898	1.015	1.015	1.015	
1.269	1.269	1.268	1.162	1.086	1.086	1.227	2.041	3.948	4.845	4.846	5.040	4.984	4.947	4.995	4.894	4.994	4.844	4.493	4.396	2.585	0.735	0.779	0.967	1.015	1.015	1.015	1.015	
1.269	1.269	1.269	1.268	1.157	1.086	1.411	3.909	4.732	4.832	4.884	5.043	5.043	5.267	5.319	5.212	5.199	5.192	4.777	4.401	4.409	3.046	1.006	1.015	1.015	1.015	1.015	1.018	
1.721	1.298	1.269	1.269	1.267	3.622	5.009	4.819	4.698	5.111	5.752	5.748	5.907	5.643	5.515	5.479	5.484	5.381	5.446	4.824	4.618	4.594	1.260	1.015	1.015	1.039	1.302	1.626	
2.366	2.241	1.721	1.298	1.597	4.899	5.069	5.058	4.793	5.611	5.781	5.923	6.018	6.456	6.675	5.809	5.533	5.583	5.597	5.391	4.662	4.669	2.781	1.088	1.387	1.690	1.753	1.753	
2.366	2.366	2.366	2.324	4.983	5.261	5.544	6.066	6.448	6.725	6.604	7.085	6.304	6.356	6.545	6.023	6.030	6.391	6.004	6.167	5.689	5.157	5.260	2.523	1.753	1.753	1.753	1.753	
2.366	2.366	2.366	2.533	5.273	5.273	5.784	6.091	6.475	6.810	7.054	7.216	6.153	5.764	5.943	5.994	6.272	6.473	6.376	6.231	6.092	5.260	5.260	2.686	1.753	1.753	1.753	1.753	
0.000	0.000	0.000	0.000	0.000	0.000	0.000	0.000	0.000	0.000	0.000	0.000	3.070	5.513	4.809	3.083	0.000	0.000	0.000	0.000	0.000	0.000	0.000	0.000	0.000	0.000	0.000	0.000	
0.000	0.000	0.000	0.000	0.000	0.000	0.000	0.000	0.000	0.000	0.000	0.000	0.807	2.553	2.422	0.606	0.000	0.000	0.000	0.000	0.000	0.000	0.000	0.000	0.000	0.000	0.000	0.000	
0.000	0.000	0.000	0.000	0.000	0.000	0.000	0.000	0.000	0.000	0.000	0.000	0.606	2.422	2.422	0.606	0.000	0.000	0.000	0.000	0.000	0.000	0.000	0.000	0.000	0.000	0.000	0.000	
0.000	0.000	0.000	0.000	0.000	0.000	0.000	0.000	0.000	0.000	0.000	0.000	0.606	2.422	2.422	0.606	0.000	0.000	0.000	0.000	0.000	0.000	0.000	0.000	0.000	0.000	0.000	0.000	
0.000	0.000	0.000	0.000	0.000	0.000	0.000	0.000	0.000	0.000	0.000	0.000	0.606	2.422	2.422	0.606	0.000	0.000	0.000	0.000	0.000	0.000	0.000	0.000	0.000	0.000	0.000	0.000	
