0.104	0.104	0.104	0.104	0.095	0.060	0.060	0.060	0.060	0.060	0.060	0.060	0.060	0.060	0.060	0.060	0.060	0.060	0.060	0.060	0.060	0.060	0.060	0.060	0.060	0.060	0.134	0.157	
0.104	0.104	0.104	0.104	0.103	0.061	0.060	0.060	0.060	0.060	0.060	0.060	0.060	0.060	0.060	0.060	0.060	0.060	0.060	0.060	0.060	0.060	0.060	0.060	0.060	0.074	0.156	0.157	
0.104	0.104	0.104	0.104	0.104	0.067	0.060	0.060	0.060	0.060	0.060	0.060	0.060	0.060	0.060	0.060	0.060	0.060	0.060	0.060	0.060	0.060	0.060	0.060	0.060	0.110	0.157	0.157	
0.104	0.104	0.104	0.104	0.104	0.076	0.060	0.060	0.060	0.060	0.060	0.060	0.060	0.060	0.060	0.060	0.060	0.060	0.060	0.060	0.060	0.060	0.060	0.060	0.061	0.146	0.157	0.157	
0.104	0.104	0.104	0.104	0.104	0.084	0.060	0.060	0.060	0.060	0.060	0.060	0.060	0.060	0.060	0.060	0.060	0.060	0.060	0.060	0.060	0.060	0.060	0.060	0.087	0.157	0.157	0.157	
0.104	0.104	0.104	0.104	0.104	0.092	0.060	0.060	0.060	0.060	0.060	0.060	0.060	0.060	0.060	0.060	0.060	0.060	0.060	0.060	0.060	0.060	0.060	0.060	0.123	0.157	0.157	0.157	
0.104	0.104	0.104	0.104	0.104	0.100	0.060	0.060	0.060	0.060	0.060	0.060	0.060	0.060	0.060	0.060	0.060	0.060	0.060	0.060	0.060	0.060	0.060	0.066	0.153	0.157	0.157	0.157	
0.104	0.104	0.104	0.104	0.104	0.104	0.064	0.060	0.060	0.060	0.060	0.060	0.060	0.060	0.060	0.060	0.060	0.060	0.060	0.060	0.060	0.060	0.060	0.100	0.157	0.157	0.157	0.157	
0.104	0.104	0.104	0.104	0.104	0.104	0.073	0.060	0.060	0.060	0.060	0.060	0.060	0.060	0.060	0.060	0.060	0.060	0.060	0.060	0.060	0.060	0.060	0.136	0.157	0.157	0.157	0.157	
0.104	0.104	0.104	0.104	0.104	0.104	0.081	0.060	0.060	0.060	0.060	0.060	0.060	0.060	0.060	0.060	0.060	0.060	0.060	0.060	0.060	0.060	0.076	0.157	0.157	0.157	0.157	0.157	
0.104	0.104	0.104	0.104	0.104	0.104	0.089	0.060	0.060	0.060	0.060	0.060	0.060	0.060	0.060	0.060	0.060	0.060	0.060	0.060	0.060	0.060	0.112	0.157	0.157	0.157	0.157	0.157	
0.104	0.104	0.104	0.104	0.104	0.104	0.097	0.060	0.060	0.060	0.060	0.060	0.060	0.060	0.060	0.060	0.060	0.060	0.060	0.060	0.060	0.062	0.147	0.157	0.157	0.157	0.157	0.158	
0.104	0.104	0.104	0.104	0.104	0.104	0.104	0.062	0.060	0.060	0.060	0.060	0.060	0.060	0.060	0.060	0.060	0.060	0.060	0.060	0.060	0.089	0.157	0.157	0.157	0.157	0.157	0.162	
0.104	0.104	0.104	0.104	0.104	0.104	0.104	0.070	0.060	0.060	0.060	0.060	0.060	0.060	0.060	0.060	0.060	0.060	0.060	0.060	0.060	0.125	0.157	0.157	0.157	0.157	0.157	0.164	
0.104	0.104	0.104	0.104	0.104	0.104	0.104	0.078	0.060	0.060	0.060	0.060	0.060	0.060	0.060	0.060	0.060	0.060	0.060	0.060	0.067	0.154	0.157	0.157	0.157	0.157	0.161	0.165	
0.104	0.104	0.104	0.104	0.104	0.104	0.104	0.086	0.060	0.060	0.060	0.060	0.060	0.060	0.060	0.060	0.060	0.060	0.060	0.060	0.101	0.157	0.157	0.157	0.157	0.157	0.164	0.165	
0.104	0.104	0.104	0.104	0.104	0.104	0.104	0.094	0.060	0.060	0.060	0.060	0.060	0.060	0.060	0.060	0.060	0.060	0.060	0.060	0.138	0.157	0.157	0.157	0.157	0.160	0.165	0.165	
0.104	0.104	0.104	0.104	0.104	0.104	0.104	0.102	0.061	0.060	0.060	0.060	0.060	0.060	0.060	0.060	0.060	0.060	0.060	0.078	0.157	0.157	0.157	0.157	0.157	0.163	0.165	0.165	
0.104	0.104	0.104	0.104	0.104	0.104	0.104	0.104	0.067	0.060	0.060	0.060	0.060	0.060	0.060	0.060	0.060	0.060	0.060	0.114	0.157	0.157	0.157	0.157	0.158	0.165	0.165	0.165	
0.104	0.104	0.104	0.104	0.104	0.104	0.104	0.104	0.075	0.060	0.060	0.060	0.060	0.060	0.060	0.060	0.060	0.060	0.062	0.148	0.157	0.157	0.157	0.157	0.162	0.165	0.165	0.165	
0.104	0.104	0.104	0.104	0.104	0.104	0.104	0.104	0.083	0.060	0.060	0.060	0.060	0.060	0.060	0.060	0.060	0.060	0.090	0.157	0.157	0.157	0.157	0.157	0.164	0.165	0.165	0.165	
0.104	0.104	0.104	0.104	0.104	0.104	0.104	0.104	0.091	0.060	0.060	0.060	0.060	0.060	0.060	0.060	0.060	0.060	0.127	0.157	0.157	0.157	0.157	0.161	0.165	0.165	0.165	0.165	
0.104	0.104	0.104	0.104	0.104	0.104	0.104	0.104	0.099	0.060	0.060	0.060	0.060	0.060	0.060	0.060	0.060	0.069	0.155	0.157	0.157	0.157	0.157	0.164	0.165	0.165	0.165	0.165	
0.104	0.104	0.104	0.104	0.104	0.104	0.104	0.104	0.104	0.064	0.060	0.060	0.060	0.060	0.060	0.060	0.060	0.103	0.157	0.157	0.157	0.157	0.159	0.165	0.165	0.165	0.165	0.165	
0.104	0.104	0.104	0.104	0.104	0.104	0.104	0.104	0.104	0.072	0.060	0.060	0.060	0.060	0.060	0.060	0.060	0.140	0.157	0.157	0.157	0.157	0.163	0.165	0.165	0.165	0.165	0.165	
0.137	0.104	0.104	0.104	0.104	0.104	0.104	0.104	0.104	0.080	0.060	0.060	0.060	0.060	0.060	0.060	0.080	0.157	0.157	0.157	0.157	0.158	0.165	0.165	0.165	0.165	0.165	0.165	
0.334	0.122	0.104	0.104	0.104	0.104	0.104	0.104	0.104	0.088	0.060	0.060	0.060	0.060	0.060	0.060	0.116	0.157	0.157	0.157	0.157	0.162	0.165	0.165	0.165	0.165	0.165	0.165	
0.381	0.311	0.112	0.104	0.104	0.104	0.104	0.104	0.104	0.096	0.060	0.060	0.060	0.060	0.060	0.063	0.150	0.157	0.157	0.157	0.157	0.164	0.165	0.165	0.165	0.165	0.165	0.165	
0.381	0.381	0.284	0.106	0.104	0.104	0.104	0.104	0.104	0.103	0.061	0.060	0.060	0.060	0.060	0.092	0.157	0.157	0.157	0.157	0.168	0.165	0.165	0.165	0.165	0.165	0.165	0.165	
0.381	0.381	0.381	0.252	0.104	0.104	0.104	0.104	0.104	0.104	0.069	0.060	0.060	0.060	0.060	0.129	0.157	0.157	0.157	0.361	0.411	0.165	0.165	0.165	0.165	0.165	0.165	0.165	
0.381	0.381	0.381	0.380	0.219	0.104	0.104	0.104	0.104	0.104	0.077	0.060	0.060	0.060	0.070	0.155	0.157	0.157	0.173	1.258	0.198	0.165	0.165	0.165	0.165	0.165	0.165	0.165	
0.381	0.381	0.381	0.381	0.377	0.189	0.104	0.104	0.104	0.104	0.085	0.060	0.060	0.060	0.105	0.157	0.157	0.157	0.857	1.309	0.165	0.165	0.165	0.165	0.165	0.165	0.165	0.165	
0.381	0.381	0.381	0.381	0.381	0.370	0.164	0.104	0.104	0.104	0.093	0.060	0.060	0.060	0.141	0.157	0.157	0.429	1.622	0.973	0.165	0.165	0.165	0.165	0.165	0.165	0.165	0.165	
0.381	0.381	0.381	0.381	0.381	0.381	0.357	0.143	0.104	0.104	0.102	0.060	0.060	0.081	0.157	0.157	0.195	1.387	1.662	0.638	0.165	0.165	0.165	0.165	0.165	0.165	0.165	0.165	
0.381	0.381	0.381	0.381	0.381	0.381	0.381	0.341	0.126	0.104	0.106	0.673	0.719	0.376	0.157	0.157	0.958	1.662	1.660	0.303	0.165	0.165	0.165	0.165	0.165	0.165	0.165	0.165	
0.381	0.381	0.381	0.381	0.381	0.381	0.381	0.381	0.573	1.412	1.918	2.988	2.988	2.557	0.825	0.732	1.645	1.662	1.463	0.165	0.165	0.165	0.165	0.165	0.165	0.165	0.165	0.165	
0.381	0.381	0.381	0.381	0.381	0.381	0.381	0.381	1.908	2.888	2.897	2.987	2.988	3.037	3.215	3.040	1.765	1.662	1.128	0.165	0.165	0.165	0.165	0.165	0.165	0.165	0.165	0.165	
0.381	0.381	0.381	0.381	0.383	0.437	0.515	0.727	2.826	2.888	2.889	3.058	3.013	3.143	3.215	3.215	2.931	2.733	1.936	0.166	0.165	0.165	0.165	0.165	0.165	0.165	0.165	0.165	
0.671	0.748	0.826	0.904	0.980	1.003	1.003	1.003	1.727	2.880	3.111	3.303	3.301	3.252	3.223	3.179	3.069	3.069	2.905	0.775	0.634	0.583	0.532	0.481	0.430	0.380	0.329	0.278	
1.003	1.003	1.003	1.003	1.003	1.003	1.003	1.003	1.146	3.051	3.312	3.303	3.303	3.418	3.445	3.342	3.070	3.069	1.907	0.799	0.799	0.799	0.799	0.799	0.799	0.799	0.799	0.799	
0.953	0.967	0.981	0.996	1.003	1.003	1.003	1.055	2.795	3.442	3.427	3.564	3.659	3.462	3.446	3.446	3.413	3.403	1.744	0.799	0.799	0.799	0.799	0.799	0.799	0.799	0.799	0.799	
0.885	0.885	0.885	0.885	0.892	0.906	0.920	1.746	3.442	3.442	3.569	3.903	3.903	3.711	3.630	3.597	3.453	3.453	2.981	1.029	1.000	0.971	0.941	0.912	0.883	0.849	0.831	0.869	
0.885	0.885	0.885	0.885	0.885	0.885	0.885	0.888	2.766	3.726	3.846	3.904	3.923	4.105	4.204	4.159	3.670	3.646	2.601	1.774	1.774	1.774	1.774	1.769	1.506	1.113	0.985	0.985	
0.885	0.885	0.885	0.885	0.885	0.885	0.885	0.885	2.815	3.927	3.927	4.328	4.458	4.329	4.204	4.206	4.223	4.223	2.764	1.774	1.774	1.771	1.522	1.125	0.985	0.985	0.985	0.982	
1.109	1.387	1.383	1.352	1.321	1.290	1.259	1.229	3.121	4.061	4.179	4.460	4.461	4.519	4.648	4.630	4.237	4.228	3.537	1.821	1.537	1.138	0.985	0.985	0.985	0.985	0.973	0.954	
0.978	1.052	1.407	1.678	1.689	1.689	1.689	1.689	3.255	4.566	4.566	4.705	5.059	5.078	4.772	4.776	4.587	4.405	4.425	2.772	0.985	0.985	0.985	0.985	0.982	0.962	0.951	0.951	
0.978	0.978	0.978	1.090	1.462	1.687	1.689	2.487	4.888	4.702	4.737	5.290	5.348	5.349	5.056	5.072	5.094	4.460	4.503	4.244	1.184	0.985	0.985	0.973	0.953	0.951	0.951	0.951	
0.978	0.978	0.978	0.978	0.978	1.136	2.489	4.780	4.993	5.074	5.630	5.644	5.522	5.807	5.898	5.201	5.161	4.998	5.254	5.351	4.181	2.227	0.961	0.951	0.951	0.951	0.951	0.951	
0.978	0.978	0.978	0.978	0.978	0.978	3.721	5.114	5.122	5.769	5.825	5.585	5.184	5.794	5.895	5.374	5.346	5.553	5.463	5.275	4.919	4.533	0.951	0.951	0.951	0.951	0.951	0.951	
0.978	0.978	0.978	0.978	0.978	0.978	3.806	5.120	5.286	5.924	5.924	5.325	4.951	5.036	5.445	5.355	5.414	5.556	5.556	5.056	4.877	4.613	0.951	0.951	0.951	0.951	0.951	0.951	
0.000	0.000	0.000	0.000	0.000	0.000	0.000	0.000	0.000	0.000	0.000	0.000	2.630	4.352	3.860	2.695	0.000	0.000	0.000	0.000	0.000	0.000	0.000	0.000	0.000	0.000	0.000	0.000	
0.000	0.000	0.000	0.000	0.000	0.000	0.000	0.000	0.000	0.000	0.000	0.000	0.654	2.335	2.330	0.583	0.000	0.000	0.000	0.000	0.000	0.000	0.000	0.000	0.000	0.000	0.000	0.000	
0.000	0.000	0.000	0.000	0.000	0.000	0.000	0.000	0.000	0.000	0.000	0.000	0.583	2.330	2.330	0.583	0.000	0.000	0.000	0.000	0.000	0.000	0.000	0.000	0.000	0.000	0.000	0.000	
0.000	0.000	0.000	0.000	0.000	0.000	0.000	0.000	0.000	0.000	0.000	0.000	0.583	2.330	2.330	0.583	0.000	0.000	0.000	0.000	0.000	0.000	0.000	0.000	0.000	0.000	0.000	0.000	
0.000	0.000	0.000	0.000	0.000	0.000	0.000	0.000	0.000	0.000	0.000	0.000	0.583	2.330	2.330	0.583	0.000	0.000	0.000	0.000	0.000	0.000	0.000	0.000	0.000	0.000	0.000	0.000	
