0.047	0.047	0.047	0.047	0.047	0.047	0.047	0.047	0.047	0.047	0.047	0.047	0.047	0.047	0.047	0.047	0.050	0.050	0.050	0.050	0.050	0.050	0.050	0.050	0.050	0.050	0.050	0.050	
0.047	0.047	0.047	0.047	0.047	0.047	0.047	0.047	0.047	0.047	0.047	0.047	0.047	0.047	0.047	0.047	0.050	0.050	0.050	0.050	0.050	0.050	0.050	0.050	0.050	0.050	0.050	0.050	
0.047	0.047	0.047	0.047	0.047	0.047	0.047	0.047	0.047	0.047	0.047	0.047	0.047	0.047	0.047	0.047	0.050	0.050	0.050	0.050	0.050	0.050	0.050	0.050	0.050	0.050	0.050	0.050	
0.047	0.047	0.047	0.047	0.047	0.047	0.047	0.047	0.047	0.047	0.047	0.047	0.047	0.047	0.047	0.047	0.050	0.050	0.050	0.050	0.050	0.050	0.050	0.050	0.050	0.050	0.050	0.050	
0.047	0.047	0.047	0.047	0.047	0.047	0.047	0.047	0.047	0.047	0.047	0.047	0.047	0.047	0.047	0.047	0.050	0.050	0.050	0.050	0.050	0.050	0.050	0.050	0.050	0.050	0.050	0.050	
0.047	0.047	0.047	0.047	0.047	0.047	0.047	0.047	0.047	0.047	0.047	0.047	0.047	0.047	0.047	0.047	0.050	0.050	0.050	0.050	0.050	0.050	0.050	0.050	0.050	0.050	0.050	0.050	
0.047	0.047	0.047	0.047	0.047	0.047	0.047	0.047	0.047	0.047	0.047	0.047	0.047	0.047	0.047	0.047	0.050	0.050	0.050	0.050	0.050	0.050	0.050	0.050	0.050	0.050	0.050	0.050	
0.047	0.047	0.047	0.047	0.047	0.047	0.047	0.047	0.047	0.047	0.047	0.047	0.047	0.047	0.047	0.047	0.050	0.050	0.050	0.050	0.050	0.050	0.050	0.050	0.050	0.050	0.050	0.050	
0.047	0.047	0.047	0.047	0.047	0.047	0.047	0.047	0.047	0.047	0.047	0.047	0.047	0.047	0.047	0.047	0.050	0.050	0.050	0.050	0.050	0.050	0.050	0.050	0.050	0.050	0.050	0.050	
0.047	0.047	0.047	0.047	0.047	0.047	0.047	0.047	0.047	0.047	0.047	0.047	0.047	0.047	0.047	0.047	0.050	0.050	0.050	0.050	0.050	0.050	0.050	0.050	0.050	0.050	0.050	0.050	
0.047	0.047	0.047	0.047	0.047	0.047	0.047	0.047	0.047	0.047	0.047	0.047	0.047	0.047	0.047	0.047	0.050	0.050	0.050	0.050	0.050	0.050	0.050	0.050	0.050	0.050	0.050	0.050	
0.047	0.047	0.047	0.047	0.047	0.047	0.047	0.047	0.047	0.047	0.047	0.047	0.047	0.047	0.047	0.047	0.050	0.050	0.050	0.050	0.050	0.050	0.050	0.050	0.050	0.050	0.050	0.050	
0.047	0.047	0.047	0.047	0.047	0.047	0.047	0.047	0.047	0.047	0.047	0.047	0.047	0.047	0.047	0.047	0.050	0.050	0.050	0.050	0.050	0.050	0.050	0.050	0.050	0.050	0.050	0.050	
0.047	0.047	0.047	0.047	0.047	0.047	0.047	0.047	0.047	0.047	0.047	0.047	0.047	0.047	0.047	0.047	0.050	0.050	0.050	0.050	0.050	0.050	0.050	0.050	0.050	0.050	0.050	0.050	
0.051	0.047	0.047	0.047	0.047	0.047	0.047	0.047	0.047	0.047	0.047	0.047	0.047	0.047	0.047	0.047	0.050	0.050	0.050	0.050	0.050	0.050	0.050	0.050	0.050	0.050	0.050	0.050	
0.084	0.047	0.047	0.047	0.047	0.047	0.047	0.047	0.047	0.047	0.047	0.047	0.047	0.047	0.047	0.047	0.050	0.050	0.050	0.050	0.050	0.050	0.050	0.050	0.050	0.050	0.050	0.050	
0.124	0.047	0.047	0.047	0.047	0.047	0.047	0.047	0.047	0.047	0.047	0.047	0.047	0.047	0.047	0.048	0.050	0.050	0.050	0.050	0.050	0.050	0.050	0.050	0.050	0.050	0.050	0.050	
0.154	0.056	0.047	0.047	0.047	0.047	0.047	0.047	0.047	0.047	0.047	0.047	0.047	0.047	0.047	0.048	0.050	0.050	0.050	0.050	0.050	0.050	0.050	0.050	0.050	0.050	0.050	0.050	
0.156	0.094	0.047	0.047	0.047	0.047	0.047	0.047	0.047	0.047	0.047	0.047	0.047	0.047	0.047	0.048	0.050	0.050	0.050	0.050	0.050	0.050	0.050	0.050	0.050	0.050	0.050	0.050	
0.156	0.134	0.047	0.047	0.047	0.047	0.047	0.047	0.047	0.047	0.047	0.047	0.047	0.047	0.047	0.048	0.050	0.050	0.050	0.050	0.050	0.050	0.050	0.050	0.050	0.050	0.050	0.050	
0.156	0.156	0.065	0.047	0.047	0.047	0.047	0.047	0.047	0.047	0.047	0.047	0.047	0.047	0.047	0.048	0.050	0.050	0.050	0.050	0.050	0.050	0.050	0.050	0.050	0.050	0.050	0.050	
0.156	0.156	0.105	0.047	0.047	0.047	0.047	0.047	0.047	0.047	0.047	0.047	0.047	0.047	0.047	0.048	0.050	0.050	0.050	0.050	0.050	0.050	0.050	0.050	0.050	0.050	0.050	0.050	
0.156	0.156	0.143	0.048	0.047	0.047	0.047	0.047	0.047	0.047	0.047	0.047	0.047	0.047	0.047	0.048	0.050	0.050	0.050	0.050	0.050	0.050	0.050	0.050	0.050	0.050	0.050	0.050	
0.156	0.156	0.156	0.075	0.047	0.047	0.047	0.047	0.047	0.047	0.047	0.047	0.047	0.047	0.047	0.048	0.050	0.050	0.050	0.050	0.050	0.050	0.050	0.050	0.050	0.050	0.050	0.050	
0.156	0.156	0.156	0.115	0.047	0.047	0.047	0.047	0.047	0.047	0.047	0.047	0.047	0.047	0.047	0.048	0.050	0.050	0.050	0.050	0.050	0.050	0.050	0.050	0.050	0.050	0.050	0.050	
0.156	0.156	0.156	0.150	0.051	0.047	0.047	0.047	0.047	0.047	0.047	0.047	0.047	0.047	0.047	0.048	0.050	0.050	0.050	0.050	0.050	0.050	0.050	0.050	0.050	0.050	0.050	0.050	
0.156	0.156	0.156	0.156	0.085	0.047	0.047	0.047	0.047	0.047	0.047	0.047	0.047	0.047	0.047	0.048	0.050	0.050	0.050	0.050	0.050	0.050	0.050	0.050	0.050	0.050	0.050	0.050	
0.156	0.156	0.156	0.156	0.125	0.047	0.047	0.047	0.047	0.047	0.047	0.047	0.047	0.047	0.047	0.048	0.050	0.050	0.050	0.050	0.050	0.050	0.050	0.050	0.050	0.050	0.050	0.050	
0.156	0.156	0.156	0.156	0.154	0.057	0.047	0.047	0.047	0.047	0.047	0.047	0.047	0.047	0.047	0.048	0.050	0.050	0.050	0.050	0.050	0.050	0.050	0.050	0.050	0.050	0.050	0.050	
0.156	0.156	0.156	0.156	0.156	0.096	0.047	0.047	0.047	0.047	0.047	0.047	0.047	0.047	0.047	0.048	0.050	0.050	0.050	0.050	0.050	0.050	0.050	0.050	0.050	0.050	0.050	0.050	
0.156	0.156	0.156	0.156	0.156	0.135	0.047	0.047	0.047	0.047	0.047	0.047	0.047	0.047	0.047	0.048	0.050	0.050	0.050	0.050	0.050	0.050	0.050	0.050	0.050	0.050	0.050	0.050	
0.156	0.156	0.156	0.156	0.156	0.156	0.066	0.047	0.047	0.047	0.047	0.047	0.047	0.047	0.047	0.048	0.050	0.050	0.050	0.050	0.050	0.050	0.050	0.050	0.050	0.050	0.050	0.050	
0.156	0.156	0.156	0.156	0.156	0.156	0.106	0.047	0.047	0.047	0.047	0.047	0.047	0.047	0.047	0.048	0.050	0.050	0.050	0.050	0.050	0.050	0.050	0.050	0.050	0.050	0.050	0.087	
0.156	0.156	0.156	0.156	0.156	0.156	0.144	0.048	0.047	0.047	0.047	0.047	0.047	0.047	0.047	0.048	0.050	0.050	0.050	0.050	0.050	0.050	0.050	0.050	0.050	0.050	0.054	0.380	
0.156	0.156	0.156	0.156	0.156	0.156	0.156	0.076	0.047	0.047	0.047	0.047	0.047	0.047	0.047	0.049	0.050	0.050	0.050	0.050	0.050	0.050	0.050	0.050	0.050	0.050	0.275	0.505	
0.156	0.156	0.156	0.156	0.156	0.156	0.156	0.116	0.047	0.047	0.047	0.047	0.047	0.047	0.047	0.049	0.050	0.050	0.050	0.050	0.050	0.050	0.050	0.050	0.050	0.171	0.500	0.505	
0.156	0.156	0.156	0.156	0.156	0.156	0.156	0.151	0.052	0.047	0.047	0.047	0.047	0.047	0.047	0.049	0.050	0.050	0.050	0.050	0.050	0.050	0.050	0.050	0.097	0.465	0.505	0.505	
0.156	0.156	0.156	0.156	0.156	0.156	0.156	0.156	0.086	0.047	0.047	0.047	0.047	0.047	0.047	0.049	0.050	0.050	0.050	0.050	0.050	0.050	0.050	0.057	0.396	0.505	0.505	0.499	
0.219	0.156	0.156	0.156	0.156	0.156	0.156	0.156	0.126	0.047	0.047	0.047	0.047	0.047	0.047	0.049	0.050	0.050	0.050	0.050	0.050	0.050	0.050	0.295	0.505	0.505	0.504	0.472	
0.445	0.179	0.156	0.156	0.156	0.156	0.156	0.156	0.155	0.058	0.047	0.047	0.047	0.047	0.047	0.049	0.050	0.050	0.050	0.050	0.050	0.050	0.188	0.503	0.505	0.505	0.484	0.463	
0.488	0.393	0.159	0.156	0.156	0.156	0.156	0.156	0.156	0.097	0.047	0.047	0.047	0.047	0.047	0.049	0.050	0.050	0.050	0.050	0.050	0.108	0.474	0.505	0.505	0.495	0.464	0.463	
0.488	0.488	0.324	0.156	0.156	0.156	0.156	0.156	0.156	0.512	0.177	0.047	0.047	0.047	0.047	0.049	0.050	0.050	0.050	0.050	0.062	0.411	0.505	0.505	0.503	0.469	0.463	0.463	
0.488	0.488	0.486	0.254	0.156	0.156	0.156	0.156	0.156	0.510	1.399	0.047	0.047	0.047	0.047	0.049	0.050	0.050	0.050	0.050	0.315	0.505	0.505	0.505	0.479	0.463	0.463	0.463	
0.488	0.488	0.488	0.466	0.202	0.156	0.156	0.156	0.156	0.266	2.266	0.647	0.047	0.047	0.047	0.049	0.050	0.050	0.050	0.206	0.504	0.505	0.505	0.491	0.463	0.463	0.463	0.463	
0.488	0.488	0.488	0.488	0.427	0.169	0.156	0.156	0.156	0.156	2.139	1.998	0.157	0.047	0.047	0.049	0.050	0.050	0.120	0.482	0.505	0.505	0.500	0.466	0.463	0.463	0.463	0.463	
0.488	0.488	0.488	0.488	0.488	0.368	0.156	0.156	0.156	0.156	1.895	2.273	1.348	0.047	0.047	0.049	0.050	0.068	0.425	0.505	0.505	0.504	0.475	0.463	0.463	0.463	0.463	0.463	
0.488	0.488	0.488	0.488	0.488	0.488	0.296	0.156	0.156	0.156	1.650	2.273	2.376	3.277	3.623	4.038	3.362	1.674	0.505	0.505	0.505	0.487	0.463	0.463	0.463	0.463	0.463	0.463	
0.488	0.488	0.488	0.488	0.488	0.488	0.481	1.470	0.883	0.347	2.857	2.647	3.419	4.398	4.398	4.355	4.349	3.553	0.578	0.937	1.774	0.465	0.463	0.463	0.463	0.463	0.463	0.463	
0.488	0.488	0.488	0.488	0.488	0.488	0.488	3.896	4.953	4.937	5.165	5.168	5.160	4.763	4.245	4.277	4.822	5.290	4.705	4.811	4.348	0.463	0.463	0.463	0.463	0.463	0.463	0.463	
0.488	0.488	0.488	0.488	0.488	0.488	0.488	3.987	4.953	5.048	5.165	5.170	5.178	4.788	3.610	3.825	5.313	5.321	5.075	4.822	4.605	0.463	0.463	0.463	0.463	0.463	0.463	0.463	
0.000	0.000	0.000	0.000	0.000	0.000	0.000	0.000	0.000	0.000	0.000	0.000	2.751	4.068	3.610	1.918	0.000	0.000	0.000	0.000	0.000	0.000	0.000	0.000	0.000	0.000	0.000	0.000	
0.000	0.000	0.000	0.000	0.000	0.000	0.000	0.000	0.000	0.000	0.000	0.000	1.038	3.562	3.606	0.902	0.000	0.000	0.000	0.000	0.000	0.000	0.000	0.000	0.000	0.000	0.000	0.000	
0.000	0.000	0.000	0.000	0.000	0.000	0.000	0.000	0.000	0.000	0.000	0.000	0.815	3.261	3.274	0.828	0.000	0.000	0.000	0.000	0.000	0.000	0.000	0.000	0.000	0.000	0.000	0.000	
0.000	0.000	0.000	0.000	0.000	0.000	0.000	0.000	0.000	0.000	0.000	0.000	0.815	3.261	3.261	0.815	0.000	0.000	0.000	0.000	0.000	0.000	0.000	0.000	0.000	0.000	0.000	0.000	
0.000	0.000	0.000	0.000	0.000	0.000	0.000	0.000	0.000	0.000	0.000	0.000	0.815	3.261	3.261	0.815	0.000	0.000	0.000	0.000	0.000	0.000	0.000	0.000	0.000	0.000	0.000	0.000	
