0.067	0.067	0.067	0.067	0.067	0.074	0.074	0.074	0.074	0.074	0.074	0.074	0.074	0.074	0.074	0.069	0.045	0.045	0.045	0.045	0.045	0.045	0.045	0.045	0.045	0.045	0.045	0.045	
0.067	0.067	0.067	0.067	0.067	0.073	0.074	0.074	0.074	0.074	0.074	0.074	0.074	0.074	0.074	0.069	0.045	0.045	0.045	0.045	0.045	0.045	0.045	0.045	0.045	0.045	0.045	0.045	
0.067	0.067	0.067	0.067	0.067	0.071	0.074	0.074	0.074	0.074	0.074	0.074	0.074	0.074	0.074	0.068	0.045	0.045	0.045	0.045	0.045	0.045	0.045	0.045	0.045	0.045	0.045	0.045	
0.067	0.067	0.067	0.067	0.067	0.070	0.074	0.074	0.074	0.074	0.074	0.074	0.074	0.074	0.074	0.068	0.045	0.045	0.045	0.045	0.045	0.045	0.045	0.045	0.045	0.045	0.045	0.045	
0.067	0.067	0.067	0.067	0.067	0.069	0.074	0.074	0.074	0.074	0.074	0.074	0.074	0.074	0.074	0.068	0.045	0.045	0.045	0.045	0.045	0.045	0.045	0.045	0.045	0.045	0.045	0.045	
0.067	0.067	0.067	0.067	0.067	0.068	0.074	0.074	0.074	0.074	0.074	0.074	0.074	0.074	0.074	0.067	0.045	0.045	0.045	0.045	0.045	0.045	0.045	0.045	0.045	0.045	0.045	0.045	
0.067	0.067	0.067	0.067	0.067	0.067	0.074	0.074	0.074	0.074	0.074	0.074	0.074	0.074	0.074	0.067	0.045	0.045	0.045	0.045	0.045	0.045	0.045	0.045	0.045	0.045	0.045	0.045	
0.067	0.067	0.067	0.067	0.067	0.067	0.074	0.074	0.074	0.074	0.074	0.074	0.074	0.074	0.074	0.066	0.045	0.045	0.045	0.045	0.045	0.045	0.045	0.045	0.045	0.045	0.045	0.045	
0.067	0.067	0.067	0.067	0.067	0.067	0.072	0.074	0.074	0.074	0.074	0.074	0.074	0.074	0.074	0.066	0.045	0.045	0.045	0.045	0.045	0.045	0.045	0.045	0.045	0.045	0.045	0.045	
0.067	0.067	0.067	0.067	0.067	0.067	0.071	0.074	0.074	0.074	0.074	0.074	0.074	0.074	0.074	0.066	0.045	0.045	0.045	0.045	0.045	0.045	0.045	0.045	0.045	0.045	0.045	0.045	
0.067	0.067	0.067	0.067	0.067	0.067	0.070	0.074	0.074	0.074	0.074	0.074	0.074	0.074	0.074	0.065	0.045	0.045	0.045	0.045	0.045	0.045	0.045	0.045	0.045	0.045	0.045	0.045	
0.067	0.067	0.067	0.067	0.067	0.067	0.069	0.074	0.074	0.074	0.074	0.074	0.074	0.074	0.074	0.065	0.045	0.045	0.045	0.045	0.045	0.045	0.045	0.045	0.045	0.045	0.045	0.045	
0.067	0.067	0.067	0.067	0.067	0.067	0.068	0.074	0.074	0.074	0.074	0.074	0.074	0.074	0.074	0.065	0.045	0.045	0.045	0.045	0.045	0.045	0.045	0.045	0.045	0.045	0.045	0.045	
0.067	0.067	0.067	0.067	0.067	0.067	0.067	0.074	0.074	0.074	0.074	0.074	0.074	0.074	0.074	0.064	0.045	0.045	0.045	0.045	0.045	0.045	0.045	0.045	0.045	0.045	0.045	0.045	
0.067	0.067	0.067	0.067	0.067	0.067	0.067	0.073	0.074	0.074	0.074	0.074	0.074	0.074	0.074	0.064	0.045	0.045	0.045	0.045	0.045	0.045	0.045	0.045	0.045	0.045	0.045	0.045	
0.067	0.067	0.067	0.067	0.067	0.067	0.067	0.072	0.074	0.074	0.074	0.074	0.074	0.074	0.074	0.064	0.045	0.045	0.045	0.045	0.045	0.045	0.045	0.045	0.045	0.045	0.045	0.045	
0.067	0.067	0.067	0.067	0.067	0.067	0.067	0.071	0.074	0.074	0.074	0.074	0.074	0.074	0.074	0.063	0.045	0.045	0.045	0.045	0.045	0.045	0.045	0.045	0.045	0.045	0.045	0.045	
0.067	0.067	0.067	0.067	0.067	0.067	0.067	0.070	0.074	0.074	0.074	0.074	0.074	0.074	0.074	0.063	0.045	0.045	0.045	0.045	0.045	0.045	0.045	0.045	0.045	0.045	0.045	0.045	
0.067	0.067	0.067	0.067	0.067	0.067	0.067	0.069	0.074	0.074	0.074	0.074	0.074	0.074	0.074	0.062	0.045	0.045	0.045	0.045	0.045	0.045	0.045	0.045	0.045	0.045	0.045	0.045	
0.067	0.067	0.067	0.067	0.067	0.067	0.067	0.068	0.074	0.074	0.074	0.074	0.074	0.074	0.074	0.062	0.045	0.045	0.045	0.045	0.045	0.045	0.045	0.045	0.045	0.045	0.045	0.045	
0.067	0.067	0.067	0.067	0.067	0.067	0.067	0.067	0.074	0.074	0.074	0.074	0.074	0.074	0.074	0.062	0.045	0.045	0.045	0.045	0.045	0.045	0.045	0.045	0.045	0.045	0.045	0.045	
0.067	0.067	0.067	0.067	0.067	0.067	0.067	0.067	0.073	0.074	0.074	0.074	0.074	0.074	0.074	0.061	0.045	0.045	0.045	0.045	0.045	0.045	0.045	0.045	0.045	0.045	0.045	0.045	
0.067	0.067	0.067	0.067	0.067	0.067	0.067	0.067	0.072	0.074	0.074	0.074	0.074	0.074	0.074	0.061	0.045	0.045	0.045	0.045	0.045	0.045	0.045	0.045	0.045	0.045	0.045	0.045	
0.067	0.067	0.067	0.067	0.067	0.067	0.067	0.067	0.071	0.074	0.074	0.074	0.074	0.074	0.074	0.061	0.045	0.045	0.045	0.045	0.045	0.045	0.045	0.045	0.045	0.045	0.045	0.045	
0.067	0.067	0.067	0.067	0.067	0.067	0.067	0.067	0.070	0.074	0.074	0.074	0.074	0.074	0.074	0.060	0.045	0.045	0.045	0.045	0.045	0.045	0.045	0.045	0.045	0.045	0.045	0.045	
0.067	0.067	0.067	0.067	0.067	0.067	0.067	0.067	0.069	0.074	0.074	0.074	0.074	0.074	0.074	0.060	0.045	0.045	0.045	0.045	0.045	0.045	0.045	0.045	0.045	0.045	0.045	0.045	
0.067	0.067	0.067	0.067	0.067	0.067	0.067	0.067	0.068	0.074	0.074	0.074	0.074	0.074	0.074	0.060	0.045	0.045	0.045	0.045	0.045	0.045	0.045	0.045	0.045	0.045	0.045	0.045	
0.067	0.067	0.067	0.067	0.067	0.067	0.067	0.067	0.067	0.074	0.074	0.074	0.074	0.074	0.074	0.059	0.045	0.045	0.045	0.045	0.045	0.045	0.045	0.045	0.045	0.045	0.045	0.045	
0.067	0.067	0.067	0.067	0.067	0.067	0.067	0.067	0.067	0.073	0.074	0.074	0.074	0.074	0.074	0.059	0.045	0.045	0.045	0.045	0.045	0.045	0.045	0.045	0.045	0.045	0.045	0.045	
0.067	0.067	0.067	0.067	0.067	0.067	0.067	0.067	0.067	0.072	0.074	0.074	0.074	0.074	0.074	0.059	0.045	0.045	0.045	0.045	0.045	0.045	0.045	0.045	0.045	0.045	0.045	0.045	
0.067	0.067	0.067	0.067	0.067	0.067	0.067	0.067	0.067	0.071	0.074	0.074	0.074	0.074	0.074	0.058	0.045	0.045	0.045	0.045	0.045	0.045	0.045	0.045	0.045	0.045	0.045	0.045	
0.067	0.067	0.067	0.067	0.067	0.067	0.067	0.067	0.067	0.070	0.074	0.074	0.074	0.074	0.074	0.058	0.045	0.045	0.045	0.045	0.045	0.045	0.045	0.045	0.045	0.045	0.045	0.045	
0.067	0.067	0.067	0.067	0.067	0.067	0.067	0.067	0.067	0.069	0.074	0.074	0.074	0.074	0.074	0.057	0.045	0.045	0.045	0.045	0.045	0.045	0.045	0.045	0.045	0.045	0.045	0.045	
0.067	0.067	0.067	0.067	0.067	0.067	0.067	0.067	0.067	0.067	0.074	0.074	0.074	0.074	0.074	0.057	0.045	0.045	0.045	0.045	0.045	0.045	0.045	0.045	0.045	0.045	0.045	0.045	
0.067	0.067	0.067	0.067	0.067	0.067	0.067	0.067	0.067	0.067	0.074	0.074	0.074	0.074	0.074	0.057	0.045	0.045	0.045	0.045	0.045	0.045	0.045	0.045	0.045	0.045	0.045	0.045	
0.067	0.067	0.067	0.067	0.067	0.067	0.067	0.067	0.067	0.067	0.073	0.074	0.074	0.074	0.074	0.056	0.045	0.045	0.045	0.045	0.045	0.045	0.045	0.045	0.045	0.045	0.045	0.045	
0.067	0.067	0.067	0.067	0.067	0.067	0.067	0.067	0.067	0.067	0.072	0.074	0.074	0.074	0.074	0.056	0.045	0.045	0.045	0.045	0.045	0.045	0.045	0.045	0.045	0.045	0.045	0.045	
0.067	0.067	0.067	0.067	0.067	0.067	0.067	0.067	0.067	0.067	0.071	0.074	0.074	0.074	0.074	0.056	0.045	0.045	0.045	0.045	0.045	0.045	0.045	0.045	0.045	0.045	0.045	0.045	
0.067	0.067	0.067	0.067	0.067	0.067	0.067	0.067	0.067	0.067	0.070	0.074	0.074	0.074	0.074	0.055	0.045	0.045	0.045	0.045	0.045	0.045	0.045	0.045	0.045	0.045	0.045	0.045	
0.067	0.067	0.067	0.067	0.067	0.067	0.067	0.067	0.067	0.067	0.068	0.074	0.074	0.074	0.074	0.055	0.045	0.045	0.045	0.045	0.045	0.045	0.045	0.045	0.045	0.045	0.045	0.201	
0.067	0.067	0.067	0.067	0.067	0.067	0.067	0.067	0.067	0.067	0.067	0.074	0.074	0.074	0.074	0.055	0.045	0.045	0.045	0.045	0.045	0.045	0.045	0.045	0.045	0.046	0.230	0.398	
0.247	0.069	0.067	0.067	0.067	0.067	0.067	0.067	0.067	0.067	0.067	0.074	0.074	0.074	0.074	0.054	0.045	0.045	0.045	0.045	0.045	0.045	0.045	0.045	0.049	0.259	0.398	0.398	
0.467	0.362	0.109	0.067	0.067	0.067	0.067	0.067	0.067	0.067	0.067	0.073	0.074	0.074	0.074	0.054	0.045	0.045	0.045	0.045	0.045	0.045	0.045	0.056	0.285	0.398	0.398	0.398	
0.467	0.467	0.439	0.198	0.067	0.067	0.067	0.067	0.067	0.067	0.067	0.072	0.074	0.074	0.074	0.054	0.045	0.045	0.045	0.045	0.045	0.045	0.064	0.308	0.398	0.398	0.398	0.398	
0.467	0.467	0.467	0.467	0.315	0.087	0.067	0.067	0.067	0.067	0.067	0.071	0.074	0.074	0.074	0.053	0.045	0.045	0.045	0.045	0.045	0.076	0.329	0.398	0.398	0.398	0.398	0.398	
0.467	0.467	0.467	0.467	0.467	0.413	0.155	0.067	0.067	0.067	0.067	0.069	0.074	0.074	0.074	0.053	0.045	0.045	0.045	0.045	0.090	0.347	0.398	0.398	0.398	0.398	0.398	0.398	
0.467	0.467	0.467	0.467	0.467	0.467	0.461	0.267	0.073	0.067	0.067	0.068	0.074	0.074	0.113	0.355	0.045	0.045	0.045	0.107	0.362	0.398	0.398	0.398	0.398	0.398	0.398	0.398	
0.467	0.467	0.467	0.467	0.467	0.467	0.467	0.467	0.378	0.121	0.067	0.654	0.743	0.384	2.393	2.633	0.873	0.168	0.126	0.374	0.398	0.398	0.398	0.398	0.398	0.398	0.398	0.398	
0.467	0.467	0.467	0.467	0.467	0.467	0.467	0.467	0.467	0.447	1.110	3.490	3.648	3.159	3.166	3.352	4.873	4.796	1.162	0.398	0.398	0.398	0.398	0.398	0.398	0.398	0.398	0.398	
0.467	0.467	0.467	0.467	0.467	0.467	0.467	0.467	0.467	0.467	1.983	3.658	3.658	3.403	3.166	3.740	4.873	4.873	1.325	0.398	0.398	0.398	0.398	0.398	0.398	0.398	0.398	0.398	
0.000	0.000	0.000	0.000	0.000	0.000	0.000	0.000	0.000	0.000	0.000	0.000	1.942	3.201	2.968	1.877	0.000	0.000	0.000	0.000	0.000	0.000	0.000	0.000	0.000	0.000	0.000	0.000	
0.000	0.000	0.000	0.000	0.000	0.000	0.000	0.000	0.000	0.000	0.000	0.000	0.604	2.372	2.372	0.593	0.000	0.000	0.000	0.000	0.000	0.000	0.000	0.000	0.000	0.000	0.000	0.000	
0.000	0.000	0.000	0.000	0.000	0.000	0.000	0.000	0.000	0.000	0.000	0.000	0.593	2.372	2.372	0.593	0.000	0.000	0.000	0.000	0.000	0.000	0.000	0.000	0.000	0.000	0.000	0.000	
0.000	0.000	0.000	0.000	0.000	0.000	0.000	0.000	0.000	0.000	0.000	0.000	0.593	2.372	2.372	0.593	0.000	0.000	0.000	0.000	0.000	0.000	0.000	0.000	0.000	0.000	0.000	0.000	
0.000	0.000	0.000	0.000	0.000	0.000	0.000	0.000	0.000	0.000	0.000	0.000	0.593	2.372	2.372	0.593	0.000	0.000	0.000	0.000	0.000	0.000	0.000	0.000	0.000	0.000	0.000	0.000	
