0.048	0.048	0.048	0.048	0.048	0.048	0.048	0.048	0.048	0.048	0.048	0.048	0.048	0.048	0.048	0.048	0.050	0.050	0.050	0.050	0.050	0.050	0.050	0.050	0.050	0.050	0.050	0.050	
0.048	0.048	0.048	0.048	0.048	0.048	0.048	0.048	0.048	0.048	0.048	0.048	0.048	0.048	0.048	0.048	0.050	0.050	0.050	0.050	0.050	0.050	0.050	0.050	0.050	0.050	0.050	0.050	
0.048	0.048	0.048	0.048	0.048	0.048	0.048	0.048	0.048	0.048	0.048	0.048	0.048	0.048	0.048	0.048	0.050	0.050	0.050	0.050	0.050	0.050	0.050	0.050	0.050	0.050	0.050	0.050	
0.048	0.048	0.048	0.048	0.048	0.048	0.048	0.048	0.048	0.048	0.048	0.048	0.048	0.048	0.048	0.048	0.050	0.050	0.050	0.050	0.050	0.050	0.050	0.050	0.050	0.050	0.050	0.050	
0.048	0.048	0.048	0.048	0.048	0.048	0.048	0.048	0.048	0.048	0.048	0.048	0.048	0.048	0.048	0.048	0.050	0.050	0.050	0.050	0.050	0.050	0.050	0.050	0.050	0.050	0.050	0.050	
0.048	0.048	0.048	0.048	0.048	0.048	0.048	0.048	0.048	0.048	0.048	0.048	0.048	0.048	0.048	0.048	0.050	0.050	0.050	0.050	0.050	0.050	0.050	0.050	0.050	0.050	0.050	0.050	
0.048	0.048	0.048	0.048	0.048	0.048	0.048	0.048	0.048	0.048	0.048	0.048	0.048	0.048	0.048	0.048	0.050	0.050	0.050	0.050	0.050	0.050	0.050	0.050	0.050	0.050	0.050	0.050	
0.048	0.048	0.048	0.048	0.048	0.048	0.048	0.048	0.048	0.048	0.048	0.048	0.048	0.048	0.048	0.048	0.050	0.050	0.050	0.050	0.050	0.050	0.050	0.050	0.050	0.050	0.050	0.050	
0.048	0.048	0.048	0.048	0.048	0.048	0.048	0.048	0.048	0.048	0.048	0.048	0.048	0.048	0.048	0.048	0.050	0.050	0.050	0.050	0.050	0.050	0.050	0.050	0.050	0.050	0.050	0.050	
0.048	0.048	0.048	0.048	0.048	0.048	0.048	0.048	0.048	0.048	0.048	0.048	0.048	0.048	0.048	0.048	0.050	0.050	0.050	0.050	0.050	0.050	0.050	0.050	0.050	0.050	0.050	0.050	
0.048	0.048	0.048	0.048	0.048	0.048	0.048	0.048	0.048	0.048	0.048	0.048	0.048	0.048	0.048	0.048	0.050	0.050	0.050	0.050	0.050	0.050	0.050	0.050	0.050	0.050	0.050	0.050	
0.048	0.048	0.048	0.048	0.048	0.048	0.048	0.048	0.048	0.048	0.048	0.048	0.048	0.048	0.048	0.048	0.050	0.050	0.050	0.050	0.050	0.050	0.050	0.050	0.050	0.050	0.050	0.050	
0.048	0.048	0.048	0.048	0.048	0.048	0.048	0.048	0.048	0.048	0.048	0.048	0.048	0.048	0.048	0.048	0.050	0.050	0.050	0.050	0.050	0.050	0.050	0.050	0.050	0.050	0.050	0.050	
0.071	0.048	0.048	0.048	0.048	0.048	0.048	0.048	0.048	0.048	0.048	0.048	0.048	0.048	0.048	0.048	0.050	0.050	0.050	0.050	0.050	0.050	0.050	0.050	0.050	0.050	0.050	0.050	
0.105	0.048	0.048	0.048	0.048	0.048	0.048	0.048	0.048	0.048	0.048	0.048	0.048	0.048	0.048	0.048	0.050	0.050	0.050	0.050	0.050	0.050	0.050	0.050	0.050	0.050	0.050	0.050	
0.137	0.049	0.048	0.048	0.048	0.048	0.048	0.048	0.048	0.048	0.048	0.048	0.048	0.048	0.048	0.048	0.050	0.050	0.050	0.050	0.050	0.050	0.050	0.050	0.050	0.050	0.050	0.050	
0.145	0.074	0.048	0.048	0.048	0.048	0.048	0.048	0.048	0.048	0.048	0.048	0.048	0.048	0.048	0.048	0.050	0.050	0.050	0.050	0.050	0.050	0.050	0.050	0.050	0.050	0.050	0.050	
0.145	0.108	0.048	0.048	0.048	0.048	0.048	0.048	0.048	0.048	0.048	0.048	0.048	0.048	0.048	0.048	0.050	0.050	0.050	0.050	0.050	0.050	0.050	0.050	0.050	0.050	0.050	0.050	
0.145	0.139	0.050	0.048	0.048	0.048	0.048	0.048	0.048	0.048	0.048	0.048	0.048	0.048	0.048	0.048	0.050	0.050	0.050	0.050	0.050	0.050	0.050	0.050	0.050	0.050	0.050	0.050	
0.145	0.145	0.077	0.048	0.048	0.048	0.048	0.048	0.048	0.048	0.048	0.048	0.048	0.048	0.048	0.048	0.050	0.050	0.050	0.050	0.050	0.050	0.050	0.050	0.050	0.050	0.050	0.050	
0.145	0.145	0.111	0.048	0.048	0.048	0.048	0.048	0.048	0.048	0.048	0.048	0.048	0.048	0.048	0.049	0.050	0.050	0.050	0.050	0.050	0.050	0.050	0.050	0.050	0.050	0.050	0.050	
0.145	0.145	0.141	0.051	0.048	0.048	0.048	0.048	0.048	0.048	0.048	0.048	0.048	0.048	0.048	0.049	0.050	0.050	0.050	0.050	0.050	0.050	0.050	0.050	0.050	0.050	0.050	0.050	
0.145	0.145	0.145	0.080	0.048	0.048	0.048	0.048	0.048	0.048	0.048	0.048	0.048	0.048	0.048	0.049	0.050	0.050	0.050	0.050	0.050	0.050	0.050	0.050	0.050	0.050	0.050	0.050	
0.145	0.145	0.145	0.114	0.048	0.048	0.048	0.048	0.048	0.048	0.048	0.048	0.048	0.048	0.048	0.049	0.050	0.050	0.050	0.050	0.050	0.050	0.050	0.050	0.050	0.050	0.050	0.050	
0.145	0.145	0.145	0.142	0.053	0.048	0.048	0.048	0.048	0.048	0.048	0.048	0.048	0.048	0.048	0.049	0.050	0.050	0.050	0.050	0.050	0.050	0.050	0.050	0.050	0.050	0.050	0.050	
0.145	0.145	0.145	0.145	0.083	0.048	0.048	0.048	0.048	0.048	0.048	0.048	0.048	0.048	0.048	0.049	0.050	0.050	0.050	0.050	0.050	0.050	0.050	0.050	0.050	0.050	0.050	0.050	
0.145	0.145	0.145	0.145	0.117	0.048	0.048	0.048	0.048	0.048	0.048	0.048	0.048	0.048	0.048	0.049	0.050	0.050	0.050	0.050	0.050	0.050	0.050	0.050	0.050	0.050	0.050	0.050	
0.145	0.145	0.145	0.145	0.143	0.055	0.048	0.048	0.048	0.048	0.048	0.048	0.048	0.048	0.048	0.049	0.050	0.050	0.050	0.050	0.050	0.050	0.050	0.050	0.050	0.050	0.050	0.050	
0.145	0.145	0.145	0.145	0.145	0.086	0.048	0.048	0.048	0.048	0.048	0.048	0.048	0.048	0.048	0.049	0.050	0.050	0.050	0.050	0.050	0.050	0.050	0.050	0.050	0.050	0.050	0.050	
0.145	0.145	0.145	0.145	0.145	0.120	0.048	0.048	0.048	0.048	0.048	0.048	0.048	0.048	0.048	0.049	0.050	0.050	0.050	0.050	0.050	0.050	0.050	0.050	0.050	0.050	0.050	0.050	
0.145	0.145	0.145	0.145	0.145	0.144	0.057	0.048	0.048	0.048	0.048	0.048	0.048	0.048	0.048	0.049	0.050	0.050	0.050	0.050	0.050	0.050	0.050	0.050	0.050	0.050	0.050	0.050	
0.145	0.145	0.145	0.145	0.145	0.145	0.089	0.048	0.048	0.048	0.048	0.048	0.048	0.048	0.048	0.049	0.050	0.050	0.050	0.050	0.050	0.050	0.050	0.050	0.050	0.050	0.050	0.050	
0.145	0.145	0.145	0.145	0.145	0.145	0.123	0.048	0.048	0.048	0.048	0.048	0.048	0.048	0.048	0.049	0.050	0.050	0.050	0.050	0.050	0.050	0.050	0.050	0.050	0.050	0.050	0.177	
0.145	0.145	0.145	0.145	0.145	0.145	0.145	0.059	0.048	0.048	0.048	0.048	0.048	0.048	0.048	0.049	0.050	0.050	0.050	0.050	0.050	0.050	0.050	0.050	0.050	0.050	0.097	0.443	
0.145	0.145	0.145	0.145	0.145	0.145	0.145	0.092	0.048	0.048	0.048	0.048	0.048	0.048	0.048	0.049	0.050	0.050	0.050	0.050	0.050	0.050	0.050	0.050	0.050	0.056	0.373	0.476	
0.145	0.145	0.145	0.145	0.145	0.145	0.145	0.126	0.048	0.048	0.048	0.048	0.048	0.048	0.048	0.049	0.050	0.050	0.050	0.050	0.050	0.050	0.050	0.050	0.050	0.268	0.476	0.476	
0.145	0.145	0.145	0.145	0.145	0.145	0.145	0.145	0.062	0.048	0.048	0.048	0.048	0.048	0.048	0.049	0.050	0.050	0.050	0.050	0.050	0.050	0.050	0.050	0.161	0.472	0.476	0.476	
0.145	0.145	0.145	0.145	0.145	0.145	0.145	0.145	0.095	0.048	0.048	0.048	0.048	0.048	0.048	0.049	0.050	0.050	0.050	0.050	0.050	0.050	0.050	0.087	0.434	0.476	0.476	0.475	
0.152	0.145	0.145	0.145	0.145	0.145	0.145	0.145	0.129	0.048	0.048	0.048	0.048	0.048	0.048	0.049	0.050	0.050	0.050	0.050	0.050	0.050	0.053	0.358	0.476	0.476	0.476	0.470	
0.357	0.145	0.145	0.145	0.145	0.145	0.145	0.145	0.145	0.065	0.048	0.048	0.048	0.048	0.048	0.049	0.050	0.050	0.050	0.050	0.050	0.050	0.250	0.476	0.476	0.476	0.472	0.467	
0.504	0.295	0.145	0.145	0.145	0.145	0.145	0.145	0.145	0.098	0.048	0.048	0.048	0.048	0.048	0.049	0.050	0.050	0.050	0.050	0.050	0.146	0.468	0.476	0.476	0.474	0.467	0.467	
0.504	0.498	0.239	0.145	0.145	0.145	0.145	0.145	0.145	0.132	0.051	0.048	0.048	0.048	0.048	0.049	0.050	0.050	0.050	0.050	0.079	0.424	0.476	0.476	0.475	0.469	0.467	0.467	
0.504	0.504	0.479	0.197	0.145	0.145	0.145	0.145	0.145	0.145	0.951	0.048	0.048	0.048	0.048	0.049	0.050	0.050	0.050	0.051	0.341	0.476	0.476	0.476	0.471	0.467	0.467	0.467	
0.504	0.504	0.504	0.447	0.167	0.145	0.145	0.145	0.145	0.145	2.178	0.413	0.048	0.048	0.048	0.049	0.050	0.050	0.050	0.231	0.476	0.476	0.476	0.473	0.467	0.467	0.467	0.467	
0.504	0.504	0.504	0.504	0.402	0.150	0.145	0.145	0.145	0.145	2.149	1.995	0.088	0.048	0.048	0.049	0.050	0.050	0.132	0.464	0.476	0.476	0.475	0.468	0.467	0.467	0.467	0.467	
0.504	0.504	0.504	0.504	0.504	0.344	0.145	0.145	0.145	0.145	2.014	2.524	1.287	0.048	0.048	0.050	0.050	0.072	0.413	0.476	0.476	0.476	0.469	0.467	0.467	0.467	0.467	0.467	
0.504	0.504	0.504	0.504	0.504	0.504	0.283	0.145	0.145	0.145	1.880	2.524	2.558	2.999	3.420	3.953	3.228	1.490	0.476	0.476	0.476	0.472	0.467	0.467	0.467	0.467	0.467	0.467	
0.504	0.504	0.504	0.504	0.504	0.504	0.495	1.290	0.945	0.439	3.027	2.768	3.366	4.337	4.337	4.365	4.368	3.372	0.517	0.961	1.751	0.467	0.467	0.467	0.467	0.467	0.467	0.467	
0.504	0.504	0.504	0.504	0.504	0.504	0.504	3.675	4.950	5.024	5.186	5.216	5.476	4.858	4.337	4.376	4.768	5.123	4.591	4.806	4.166	0.467	0.467	0.467	0.467	0.467	0.467	0.467	
0.504	0.504	0.504	0.504	0.504	0.504	0.504	3.766	4.950	5.045	5.186	5.290	5.520	5.190	3.455	3.971	5.140	5.140	4.962	4.811	4.336	0.467	0.467	0.467	0.467	0.467	0.467	0.467	
0.000	0.000	0.000	0.000	0.000	0.000	0.000	0.000	0.000	0.000	0.000	0.000	2.880	3.781	3.355	1.791	0.000	0.000	0.000	0.000	0.000	0.000	0.000	0.000	0.000	0.000	0.000	0.000	
0.000	0.000	0.000	0.000	0.000	0.000	0.000	0.000	0.000	0.000	0.000	0.000	0.845	3.355	3.355	0.839	0.000	0.000	0.000	0.000	0.000	0.000	0.000	0.000	0.000	0.000	0.000	0.000	
0.000	0.000	0.000	0.000	0.000	0.000	0.000	0.000	0.000	0.000	0.000	0.000	0.917	3.640	3.596	0.892	0.000	0.000	0.000	0.000	0.000	0.000	0.000	0.000	0.000	0.000	0.000	0.000	
0.000	0.000	0.000	0.000	0.000	0.000	0.000	0.000	0.000	0.000	0.000	0.000	0.938	3.750	3.750	0.938	0.000	0.000	0.000	0.000	0.000	0.000	0.000	0.000	0.000	0.000	0.000	0.000	
0.000	0.000	0.000	0.000	0.000	0.000	0.000	0.000	0.000	0.000	0.000	0.000	0.938	3.750	3.750	0.938	0.000	0.000	0.000	0.000	0.000	0.000	0.000	0.000	0.000	0.000	0.000	0.000	
