0.037	0.037	0.037	0.037	0.037	0.037	0.037	0.037	0.037	0.037	0.037	0.037	0.037	0.037	0.037	0.037	0.037	0.037	0.037	0.037	0.037	0.037	0.037	0.037	0.037	0.037	0.037	0.037	
0.037	0.037	0.037	0.037	0.037	0.037	0.037	0.037	0.037	0.037	0.037	0.037	0.037	0.037	0.037	0.037	0.037	0.037	0.037	0.037	0.037	0.037	0.037	0.037	0.037	0.037	0.037	0.037	
0.037	0.037	0.037	0.037	0.037	0.037	0.037	0.037	0.037	0.037	0.037	0.037	0.037	0.037	0.037	0.037	0.037	0.037	0.037	0.037	0.037	0.037	0.037	0.037	0.037	0.037	0.037	0.052	
0.037	0.037	0.037	0.037	0.037	0.037	0.037	0.037	0.037	0.037	0.037	0.037	0.037	0.037	0.037	0.037	0.037	0.037	0.037	0.037	0.037	0.037	0.037	0.037	0.037	0.037	0.037	0.130	
0.037	0.037	0.037	0.037	0.037	0.037	0.037	0.037	0.037	0.037	0.037	0.037	0.037	0.037	0.037	0.037	0.037	0.037	0.037	0.037	0.037	0.037	0.037	0.037	0.037	0.037	0.038	0.214	
0.037	0.037	0.037	0.037	0.037	0.037	0.037	0.037	0.037	0.037	0.037	0.037	0.037	0.037	0.037	0.037	0.037	0.037	0.037	0.037	0.037	0.037	0.037	0.037	0.037	0.037	0.093	0.243	
0.037	0.037	0.037	0.037	0.037	0.037	0.037	0.037	0.037	0.037	0.037	0.037	0.037	0.037	0.037	0.037	0.037	0.037	0.037	0.037	0.037	0.037	0.037	0.037	0.037	0.037	0.178	0.243	
0.037	0.037	0.037	0.037	0.037	0.037	0.037	0.037	0.037	0.037	0.037	0.037	0.037	0.037	0.037	0.037	0.037	0.037	0.037	0.037	0.037	0.037	0.037	0.037	0.037	0.059	0.240	0.243	
0.037	0.037	0.037	0.037	0.037	0.037	0.037	0.037	0.037	0.037	0.037	0.037	0.037	0.037	0.037	0.037	0.037	0.037	0.037	0.037	0.037	0.037	0.037	0.037	0.037	0.141	0.243	0.243	
0.037	0.037	0.037	0.037	0.037	0.037	0.037	0.037	0.037	0.037	0.037	0.037	0.037	0.037	0.037	0.037	0.037	0.037	0.037	0.037	0.037	0.037	0.037	0.037	0.041	0.222	0.243	0.243	
0.037	0.037	0.037	0.037	0.037	0.037	0.037	0.037	0.037	0.037	0.037	0.037	0.037	0.037	0.037	0.037	0.037	0.037	0.037	0.037	0.037	0.037	0.037	0.037	0.104	0.243	0.243	0.232	
0.037	0.037	0.037	0.037	0.037	0.037	0.037	0.037	0.037	0.037	0.037	0.037	0.037	0.037	0.037	0.037	0.037	0.037	0.037	0.037	0.037	0.037	0.037	0.037	0.189	0.243	0.243	0.210	
0.037	0.037	0.037	0.037	0.037	0.037	0.037	0.037	0.037	0.037	0.037	0.037	0.037	0.037	0.037	0.037	0.037	0.037	0.037	0.037	0.037	0.037	0.037	0.068	0.243	0.243	0.240	0.192	
0.037	0.037	0.037	0.037	0.037	0.037	0.037	0.037	0.037	0.037	0.037	0.037	0.037	0.037	0.037	0.037	0.037	0.037	0.037	0.037	0.037	0.037	0.037	0.152	0.243	0.243	0.220	0.189	
0.037	0.037	0.037	0.037	0.037	0.037	0.037	0.037	0.037	0.037	0.037	0.037	0.037	0.037	0.037	0.037	0.037	0.037	0.037	0.037	0.037	0.037	0.044	0.229	0.243	0.243	0.198	0.189	
0.037	0.037	0.037	0.037	0.037	0.037	0.037	0.037	0.037	0.037	0.037	0.037	0.037	0.037	0.037	0.037	0.037	0.037	0.037	0.037	0.037	0.037	0.115	0.243	0.243	0.230	0.189	0.189	
0.084	0.037	0.037	0.037	0.037	0.037	0.037	0.037	0.037	0.037	0.037	0.037	0.037	0.037	0.037	0.037	0.037	0.037	0.037	0.037	0.037	0.037	0.200	0.243	0.243	0.208	0.189	0.189	
0.194	0.037	0.037	0.037	0.037	0.037	0.037	0.037	0.037	0.037	0.037	0.037	0.037	0.037	0.037	0.037	0.037	0.037	0.037	0.037	0.037	0.078	0.243	0.243	0.239	0.191	0.189	0.189	
0.250	0.090	0.037	0.037	0.037	0.037	0.037	0.037	0.037	0.037	0.037	0.037	0.037	0.037	0.037	0.037	0.037	0.037	0.037	0.037	0.037	0.163	0.243	0.243	0.218	0.189	0.189	0.189	
0.250	0.201	0.037	0.037	0.037	0.037	0.037	0.037	0.037	0.037	0.037	0.037	0.037	0.037	0.037	0.037	0.037	0.037	0.037	0.037	0.050	0.235	0.243	0.243	0.197	0.189	0.189	0.189	
0.250	0.250	0.098	0.037	0.037	0.037	0.037	0.037	0.037	0.037	0.037	0.037	0.037	0.037	0.037	0.037	0.037	0.037	0.037	0.037	0.126	0.243	0.243	0.228	0.189	0.189	0.189	0.189	
0.250	0.250	0.207	0.038	0.037	0.037	0.037	0.037	0.037	0.037	0.037	0.037	0.037	0.037	0.037	0.037	0.037	0.037	0.037	0.037	0.211	0.243	0.243	0.206	0.189	0.189	0.189	0.189	
0.250	0.250	0.250	0.105	0.037	0.037	0.037	0.037	0.037	0.037	0.037	0.037	0.037	0.037	0.037	0.037	0.037	0.037	0.037	0.089	0.243	0.243	0.238	0.190	0.189	0.189	0.189	0.189	
0.250	0.250	0.250	0.213	0.039	0.037	0.037	0.037	0.037	0.037	0.037	0.037	0.037	0.037	0.037	0.037	0.037	0.037	0.037	0.174	0.243	0.243	0.216	0.189	0.189	0.189	0.189	0.189	
0.250	0.250	0.250	0.250	0.112	0.037	0.037	0.037	0.037	0.037	0.037	0.037	0.037	0.037	0.037	0.037	0.037	0.037	0.057	0.239	0.243	0.243	0.195	0.189	0.189	0.189	0.189	0.189	
0.250	0.250	0.250	0.250	0.219	0.040	0.037	0.037	0.037	0.037	0.037	0.037	0.037	0.037	0.037	0.037	0.037	0.037	0.137	0.243	0.243	0.226	0.189	0.189	0.189	0.189	0.189	0.189	
0.250	0.250	0.250	0.250	0.250	0.119	0.037	0.037	0.037	0.037	0.037	0.037	0.037	0.037	0.037	0.037	0.037	0.039	0.220	0.243	0.243	0.204	0.189	0.189	0.189	0.189	0.189	0.189	
0.250	0.250	0.250	0.250	0.250	0.224	0.042	0.037	0.037	0.037	0.037	0.037	0.037	0.037	0.037	0.037	0.037	0.101	0.243	0.243	0.236	0.190	0.189	0.189	0.189	0.189	0.189	0.189	
0.250	0.250	0.250	0.250	0.250	0.250	0.126	0.037	0.037	0.037	0.037	0.037	0.037	0.037	0.037	0.037	0.037	0.185	0.243	0.243	0.214	0.189	0.189	0.189	0.189	0.189	0.189	0.189	
0.250	0.250	0.250	0.250	0.250	0.250	0.229	0.045	0.037	0.037	0.037	0.037	0.037	0.037	0.037	0.037	0.065	0.242	0.243	0.242	0.194	0.189	0.189	0.189	0.189	0.189	0.189	0.263	
0.319	0.250	0.250	0.250	0.250	0.250	0.250	0.133	0.037	0.037	0.037	0.037	0.037	0.037	0.037	0.037	0.149	0.243	0.243	0.224	0.189	0.189	0.189	0.189	0.189	0.189	0.237	0.355	
0.432	0.304	0.250	0.250	0.250	0.250	0.250	0.233	0.047	0.037	0.037	0.037	0.037	0.037	0.037	0.043	0.227	0.243	0.243	0.202	0.189	0.189	0.189	0.189	0.189	0.217	0.348	0.357	
0.436	0.428	0.290	0.250	0.250	0.250	0.250	0.250	0.140	0.037	0.037	0.037	0.037	0.037	0.037	0.112	0.243	0.243	0.234	0.189	0.189	0.189	0.189	0.189	0.202	0.334	0.357	0.357	
0.436	0.436	0.421	0.279	0.250	0.250	0.250	0.250	0.237	0.051	0.037	0.037	0.037	0.037	0.037	0.196	0.243	0.243	0.212	0.189	0.189	0.189	0.189	0.193	0.316	0.357	0.357	0.357	
0.436	0.436	0.436	0.413	0.269	0.250	0.250	0.250	0.250	0.147	0.037	0.037	0.037	0.037	0.075	0.243	0.243	0.241	0.193	0.189	0.189	0.189	0.189	0.291	0.357	0.357	0.357	0.357	
0.436	0.436	0.436	0.436	0.402	0.261	0.250	0.250	0.250	0.240	0.055	0.037	0.037	0.037	0.160	0.243	0.243	0.222	0.189	0.189	0.189	0.189	0.263	0.357	0.357	0.357	0.357	0.357	
0.436	0.436	0.436	0.436	0.436	0.389	0.256	0.250	0.250	0.250	0.154	0.037	0.037	0.048	0.233	0.243	0.243	0.200	0.189	0.189	0.189	0.237	0.355	0.357	0.357	0.357	0.357	0.357	
0.436	0.436	0.436	0.436	0.436	0.436	0.375	0.252	0.250	0.250	0.244	1.303	1.162	0.642	0.243	0.243	0.232	0.189	0.189	0.189	0.217	0.348	0.357	0.357	0.357	0.357	0.357	0.357	
0.436	0.436	0.436	0.436	0.436	0.436	0.436	0.358	0.250	0.250	0.898	3.614	3.614	3.081	1.023	0.548	0.215	0.189	0.189	0.202	0.334	0.357	0.357	0.357	0.357	0.357	0.357	0.357	
0.436	0.436	0.436	0.436	0.436	0.436	0.436	0.436	1.641	2.511	3.076	3.614	3.614	3.684	3.777	3.777	2.103	0.652	0.201	0.316	0.357	0.357	0.357	0.357	0.357	0.357	0.357	0.357	
0.436	0.436	0.436	0.436	0.436	0.436	0.436	0.436	2.900	3.599	3.612	4.127	4.130	3.939	3.777	3.777	3.754	3.749	2.895	0.357	0.357	0.357	0.357	0.357	0.357	0.357	0.357	0.357	
0.842	0.825	0.809	0.793	0.776	0.760	0.744	0.727	3.339	3.626	3.747	4.207	4.207	4.221	4.182	4.128	3.760	3.749	3.575	0.384	0.357	0.357	0.357	0.357	0.357	0.357	0.384	0.570	
1.307	1.364	1.366	1.366	1.366	1.366	1.366	1.366	3.409	3.956	3.976	4.462	4.463	4.397	4.362	4.362	4.025	3.951	3.455	1.991	1.888	1.770	1.652	1.535	1.290	0.818	0.969	0.995	
1.182	1.205	1.281	1.353	1.366	1.366	1.366	1.366	3.456	3.956	4.040	4.634	4.634	4.618	4.627	4.602	4.042	4.041	3.430	2.006	2.006	2.006	2.002	1.598	1.047	0.995	0.995	0.995	
1.182	1.182	1.182	1.189	1.255	2.376	3.007	3.450	4.191	4.471	4.545	4.938	4.940	4.953	4.967	4.967	4.444	4.276	3.718	2.665	2.592	2.329	1.270	0.995	0.995	0.995	0.995	1.053	
1.209	1.182	1.182	1.182	1.182	2.144	4.026	4.027	4.368	4.678	4.694	5.245	5.245	5.439	5.453	5.118	4.704	4.704	4.262	3.774	3.774	2.409	0.995	0.995	0.995	0.997	1.132	1.300	
1.574	1.391	1.209	1.182	1.182	1.182	3.056	4.585	5.031	5.172	5.566	5.780	6.008	6.051	5.994	5.889	5.085	4.894	5.271	4.076	3.742	1.318	0.995	0.995	1.024	1.220	1.309	1.309	
1.600	1.600	1.574	1.391	1.209	1.182	3.362	5.275	5.275	5.801	5.930	6.355	6.638	6.494	6.233	6.145	6.157	5.621	5.452	5.368	4.145	1.808	0.996	1.086	1.281	1.309	1.309	1.309	
1.600	1.600	1.600	1.600	1.574	3.236	5.171	5.220	5.878	6.301	6.098	6.246	6.492	6.562	6.577	6.392	6.475	6.753	6.000	6.204	5.419	4.930	3.545	1.308	1.309	1.309	1.309	1.309	
1.600	1.600	1.600	1.600	1.600	3.832	5.171	5.209	6.383	6.383	6.274	6.215	5.706	4.978	7.101	7.246	6.985	6.949	6.463	6.255	5.482	4.930	3.934	1.309	1.309	1.309	1.309	1.309	
0.000	0.000	0.000	0.000	0.000	0.000	0.000	0.000	0.000	0.000	0.000	0.000	1.439	2.053	5.133	3.850	0.000	0.000	0.000	0.000	0.000	0.000	0.000	0.000	0.000	0.000	0.000	0.000	
0.000	0.000	0.000	0.000	0.000	0.000	0.000	0.000	0.000	0.000	0.000	0.000	0.513	2.053	2.255	1.169	0.000	0.000	0.000	0.000	0.000	0.000	0.000	0.000	0.000	0.000	0.000	0.000	
0.000	0.000	0.000	0.000	0.000	0.000	0.000	0.000	0.000	0.000	0.000	0.000	0.513	2.053	2.053	0.513	0.000	0.000	0.000	0.000	0.000	0.000	0.000	0.000	0.000	0.000	0.000	0.000	
0.000	0.000	0.000	0.000	0.000	0.000	0.000	0.000	0.000	0.000	0.000	0.000	0.513	2.053	2.053	0.513	0.000	0.000	0.000	0.000	0.000	0.000	0.000	0.000	0.000	0.000	0.000	0.000	
0.000	0.000	0.000	0.000	0.000	0.000	0.000	0.000	0.000	0.000	0.000	0.000	0.513	2.053	2.053	0.513	0.000	0.000	0.000	0.000	0.000	0.000	0.000	0.000	0.000	0.000	0.000	0.000	
