0.115	0.115	0.115	0.115	0.115	0.115	0.115	0.115	0.115	0.115	0.115	0.115	0.115	0.115	0.115	0.115	0.115	0.115	0.115	0.128	0.185	0.145	0.145	0.145	0.145	0.145	0.145	0.145	
0.115	0.115	0.115	0.115	0.115	0.115	0.115	0.115	0.115	0.115	0.115	0.115	0.115	0.115	0.115	0.115	0.115	0.115	0.115	0.266	0.175	0.145	0.145	0.145	0.145	0.145	0.145	0.145	
0.115	0.115	0.115	0.115	0.115	0.115	0.115	0.115	0.115	0.115	0.115	0.115	0.115	0.115	0.115	0.115	0.115	0.115	0.130	0.410	0.146	0.145	0.145	0.145	0.145	0.145	0.145	0.145	
0.115	0.115	0.115	0.115	0.115	0.115	0.115	0.115	0.115	0.115	0.115	0.115	0.115	0.115	0.115	0.115	0.115	0.115	0.271	0.398	0.145	0.145	0.145	0.145	0.145	0.145	0.145	0.145	
0.177	0.115	0.115	0.115	0.115	0.115	0.115	0.115	0.115	0.115	0.115	0.115	0.115	0.115	0.115	0.115	0.115	0.132	0.425	0.357	0.145	0.145	0.145	0.145	0.145	0.145	0.145	0.145	
0.291	0.124	0.115	0.115	0.115	0.115	0.115	0.115	0.115	0.115	0.115	0.115	0.115	0.115	0.115	0.115	0.115	0.276	0.451	0.315	0.145	0.145	0.145	0.145	0.145	0.145	0.145	0.145	
0.315	0.224	0.115	0.115	0.115	0.115	0.115	0.115	0.115	0.115	0.115	0.115	0.115	0.115	0.115	0.115	0.134	0.427	0.451	0.274	0.145	0.145	0.145	0.145	0.145	0.145	0.145	0.145	
0.315	0.311	0.150	0.115	0.115	0.115	0.115	0.115	0.115	0.115	0.115	0.115	0.115	0.115	0.115	0.115	0.280	0.451	0.451	0.232	0.145	0.145	0.145	0.145	0.145	0.145	0.145	0.145	
0.315	0.315	0.269	0.116	0.115	0.115	0.115	0.115	0.115	0.115	0.115	0.115	0.115	0.115	0.115	0.136	0.430	0.451	0.451	0.191	0.145	0.145	0.145	0.145	0.145	0.145	0.145	0.145	
0.315	0.315	0.315	0.193	0.115	0.115	0.115	0.115	0.115	0.115	0.115	0.115	0.115	0.115	0.115	0.285	0.451	0.451	0.485	0.227	0.145	0.145	0.145	0.145	0.145	0.145	0.145	0.145	
0.315	0.315	0.315	0.300	0.131	0.115	0.115	0.115	0.115	0.115	0.115	0.115	0.115	0.115	0.139	0.432	0.451	0.451	0.606	0.307	0.145	0.145	0.145	0.145	0.145	0.145	0.145	0.145	
0.315	0.315	0.315	0.315	0.240	0.115	0.115	0.115	0.115	0.115	0.115	0.115	0.115	0.115	0.290	0.451	0.451	0.451	0.732	0.382	0.145	0.145	0.145	0.145	0.145	0.145	0.145	0.145	
0.315	0.315	0.315	0.315	0.314	0.164	0.115	0.115	0.115	0.115	0.115	0.115	0.115	0.141	0.434	0.451	0.451	0.495	0.814	0.458	0.145	0.145	0.145	0.145	0.145	0.145	0.145	0.145	
0.315	0.315	0.315	0.315	0.315	0.282	0.119	0.115	0.115	0.115	0.115	0.115	0.115	0.295	0.451	0.451	0.451	0.619	0.815	0.533	0.145	0.145	0.145	0.145	0.145	0.145	0.145	0.145	
0.315	0.315	0.315	0.315	0.315	0.315	0.328	0.124	0.115	0.115	0.115	0.115	0.144	0.436	0.451	0.451	0.451	0.745	0.815	0.609	0.145	0.145	0.145	0.145	0.145	0.145	0.145	0.145	
0.315	0.315	0.315	0.315	0.315	0.315	0.739	1.098	0.350	0.115	0.115	0.115	0.299	0.451	0.451	0.451	0.507	0.815	0.815	0.684	0.145	0.145	0.145	0.145	0.145	0.145	0.145	0.145	
0.315	0.315	0.315	0.315	0.315	0.315	0.680	1.376	1.357	0.816	0.178	0.147	0.438	0.451	0.451	0.451	0.633	0.815	0.815	0.760	0.145	0.145	0.145	0.145	0.145	0.145	0.145	0.145	
0.315	0.315	0.315	0.315	0.315	0.315	0.621	1.376	1.376	1.376	1.238	0.655	0.451	0.451	0.451	0.451	0.758	0.815	0.815	0.813	0.167	0.145	0.145	0.145	0.145	0.145	0.145	0.145	
0.315	0.315	0.315	0.315	0.315	0.315	0.563	1.376	1.376	1.376	1.439	1.623	1.212	0.561	0.451	0.520	0.815	0.815	0.815	0.815	0.241	0.145	0.145	0.145	0.145	0.145	0.145	0.145	
0.315	0.315	0.315	0.315	0.315	0.315	0.504	1.376	1.376	1.402	1.605	1.629	1.629	1.555	1.017	0.969	0.816	0.815	0.815	0.815	0.316	0.145	0.145	0.145	0.145	0.145	0.145	0.145	
0.315	0.315	0.315	0.315	0.315	0.315	0.445	1.375	1.367	1.560	1.629	1.629	1.629	1.614	1.546	1.543	1.260	0.865	0.822	0.783	0.481	0.335	0.291	0.247	0.203	0.160	0.145	0.145	
0.477	0.483	0.489	0.496	0.502	0.508	0.563	1.313	1.311	1.374	1.588	1.629	1.626	1.559	1.543	1.543	1.493	1.286	1.281	0.747	0.563	0.563	0.563	0.563	0.563	0.563	0.534	0.490	
0.552	0.552	0.552	0.552	0.552	0.552	0.552	1.247	1.311	1.311	1.334	1.537	1.582	1.543	1.543	1.543	1.392	1.286	1.286	0.834	0.563	0.563	0.563	0.563	0.563	0.563	0.563	0.563	
0.552	0.552	0.552	0.552	0.552	0.552	0.552	1.134	1.311	1.311	1.311	1.317	1.510	1.543	1.543	1.533	1.302	1.286	1.286	0.917	0.563	0.563	0.563	0.563	0.563	0.563	0.563	0.563	
0.552	0.552	0.552	0.552	0.552	0.552	0.552	1.020	1.311	1.311	1.311	1.379	1.430	1.453	1.503	1.446	1.286	1.286	1.286	0.999	0.563	0.563	0.563	0.563	0.563	0.563	0.563	0.563	
0.552	0.552	0.552	0.552	0.552	0.552	0.552	0.927	1.311	1.365	1.438	1.430	1.430	1.430	1.430	1.379	1.286	1.286	1.286	1.082	0.563	0.563	0.563	0.563	0.563	0.563	0.563	0.563	
0.552	0.552	0.552	0.552	0.552	0.676	1.059	1.353	1.602	1.821	1.813	1.525	1.430	1.430	1.430	1.428	1.332	1.323	1.264	0.690	0.506	0.506	0.506	0.506	0.506	0.506	0.506	0.506	
0.552	0.552	0.552	0.704	1.093	1.362	1.370	1.370	1.518	1.821	1.821	1.787	1.475	1.430	1.430	1.434	1.434	1.434	1.398	0.538	0.504	0.504	0.504	0.504	0.504	0.504	0.504	0.504	
0.637	0.645	0.653	0.812	1.251	1.370	1.370	1.370	1.408	1.820	1.821	1.821	1.742	1.524	1.626	1.591	1.434	1.434	1.434	0.781	0.504	0.504	0.504	0.504	0.504	0.504	0.504	0.504	
0.657	0.657	0.657	0.657	0.676	1.023	1.356	1.370	1.370	1.747	1.821	1.781	1.706	1.692	1.694	1.682	1.449	1.434	1.434	1.060	0.504	0.504	0.504	0.504	0.504	0.504	0.504	0.504	
0.657	0.657	0.657	0.657	0.657	0.657	0.790	1.231	1.370	1.613	1.702	1.667	1.667	1.685	1.694	1.694	1.542	1.434	1.434	1.335	0.507	0.504	0.504	0.504	0.504	0.504	0.504	0.504	
0.657	0.657	0.657	0.657	0.657	0.657	0.657	0.669	1.311	1.654	1.667	1.667	1.667	1.678	1.694	1.694	1.647	1.434	1.329	0.866	0.634	0.604	0.573	0.542	0.512	0.504	0.504	0.504	
0.657	0.657	0.657	0.657	0.657	0.657	0.666	1.254	1.771	1.747	1.669	1.667	1.667	1.672	1.694	1.694	1.733	1.510	0.672	0.642	0.642	0.642	0.642	0.642	0.641	0.618	0.587	0.556	
0.653	0.654	0.656	0.657	0.657	0.705	1.419	1.772	1.772	1.772	1.945	1.888	1.801	1.716	1.736	1.800	1.830	1.825	0.870	0.642	0.642	0.642	0.642	0.642	0.642	0.642	0.642	0.642	
0.569	0.569	0.569	0.569	0.571	0.691	1.635	1.772	1.772	1.821	2.059	2.059	2.059	1.929	1.826	1.830	1.830	1.830	1.459	0.642	0.642	0.642	0.642	0.642	0.642	0.642	0.642	0.642	
0.569	0.569	0.569	0.569	0.569	0.569	0.784	1.706	1.772	1.913	2.059	2.059	2.044	1.837	1.825	1.828	1.830	1.830	1.825	0.871	0.642	0.642	0.642	0.627	0.579	0.529	0.479	0.429	
0.569	0.569	0.569	0.569	0.569	0.569	0.569	0.908	1.878	2.033	2.060	2.059	1.949	1.825	1.825	1.825	1.826	1.781	1.725	1.634	0.977	0.463	0.413	0.378	0.377	0.377	0.377	0.377	
0.569	0.569	0.569	0.569	0.569	0.569	0.569	0.985	2.071	2.071	2.070	2.071	1.898	1.825	1.825	1.825	1.710	1.681	1.681	1.681	0.700	0.377	0.377	0.377	0.377	0.377	0.377	0.377	
0.569	0.569	0.569	0.569	0.569	0.569	0.597	1.366	2.071	2.071	2.071	2.172	2.297	2.099	1.870	1.801	1.681	1.681	1.681	1.467	0.380	0.377	0.377	0.377	0.377	0.377	0.377	0.377	
0.569	0.569	0.569	0.569	0.609	0.680	0.723	0.731	1.459	2.071	2.083	2.292	2.314	2.314	2.293	2.119	1.749	1.681	1.681	0.935	0.377	0.377	0.377	0.377	0.377	0.377	0.377	0.377	
0.569	0.571	0.621	0.693	0.724	0.724	0.724	0.724	0.724	1.765	2.557	2.339	2.314	2.313	2.303	2.299	2.123	1.422	1.458	0.576	0.377	0.377	0.377	0.377	0.377	0.377	0.377	0.377	
0.634	0.703	0.724	0.724	0.724	0.724	0.724	0.724	0.755	2.582	2.878	2.765	2.521	2.416	2.299	2.299	1.931	1.279	1.279	1.160	0.471	0.377	0.377	0.377	0.377	0.377	0.377	0.377	
0.724	0.724	0.724	0.724	0.724	0.724	0.724	0.806	1.453	2.874	2.878	2.917	3.352	3.170	2.327	2.299	1.704	1.279	1.279	1.279	1.131	0.448	0.377	0.377	0.377	0.377	0.377	0.377	
0.724	0.724	0.724	0.728	0.899	1.154	1.409	1.581	1.586	2.055	2.845	3.133	3.374	3.374	2.890	2.299	1.478	1.279	1.279	1.279	1.279	1.098	0.428	0.377	0.377	0.377	0.377	0.377	
0.681	0.681	0.991	1.442	1.586	1.586	1.586	1.586	1.586	1.586	2.678	3.144	3.331	3.330	3.166	2.978	1.792	1.623	1.496	1.370	1.282	1.164	0.713	0.487	0.475	0.463	0.450	0.438	
0.588	0.588	0.588	0.594	0.741	0.948	1.154	1.361	1.550	1.853	3.089	3.094	3.106	3.094	3.088	2.964	2.009	2.009	2.009	2.009	1.379	0.563	0.560	0.560	0.560	0.560	0.560	0.560	
0.588	0.588	0.588	0.588	0.588	0.588	0.588	0.588	0.605	1.468	3.094	3.094	3.127	3.097	3.088	2.788	2.009	2.009	2.009	1.705	0.598	0.560	0.560	0.560	0.560	0.560	0.560	0.560	
0.588	0.588	0.588	0.588	0.588	0.588	0.588	0.588	0.588	1.702	3.704	3.719	3.853	4.088	3.882	3.739	2.711	2.498	3.331	1.635	0.560	0.560	0.560	0.560	0.560	0.560	0.560	0.560	
0.588	0.588	0.588	0.588	0.588	0.588	0.588	0.588	2.152	4.262	4.044	3.770	3.854	4.142	4.159	4.447	4.456	4.380	4.379	1.853	0.560	0.560	0.560	0.560	0.560	0.560	0.560	0.560	
0.588	0.588	0.588	0.588	0.588	0.588	0.624	2.669	4.310	4.310	4.249	3.776	3.798	3.966	4.171	4.456	4.455	4.379	4.379	1.929	0.560	0.560	0.560	0.560	0.560	0.560	0.560	0.560	
0.000	0.000	0.000	0.000	0.000	0.000	0.000	0.000	0.000	0.000	0.000	0.000	1.206	1.975	2.160	2.013	0.000	0.000	0.000	0.000	0.000	0.000	0.000	0.000	0.000	0.000	0.000	0.000	
0.000	0.000	0.000	0.000	0.000	0.000	0.000	0.000	0.000	0.000	0.000	0.000	0.494	1.975	1.975	0.494	0.000	0.000	0.000	0.000	0.000	0.000	0.000	0.000	0.000	0.000	0.000	0.000	
0.000	0.000	0.000	0.000	0.000	0.000	0.000	0.000	0.000	0.000	0.000	0.000	0.494	1.975	1.975	0.494	0.000	0.000	0.000	0.000	0.000	0.000	0.000	0.000	0.000	0.000	0.000	0.000	
0.000	0.000	0.000	0.000	0.000	0.000	0.000	0.000	0.000	0.000	0.000	0.000	0.494	1.975	1.975	0.494	0.000	0.000	0.000	0.000	0.000	0.000	0.000	0.000	0.000	0.000	0.000	0.000	
0.000	0.000	0.000	0.000	0.000	0.000	0.000	0.000	0.000	0.000	0.000	0.000	0.494	1.975	1.975	0.494	0.000	0.000	0.000	0.000	0.000	0.000	0.000	0.000	0.000	0.000	0.000	0.000	
