0.045	0.045	0.045	0.045	0.045	0.045	0.045	0.045	0.045	0.045	0.045	0.045	0.045	0.045	0.048	0.049	0.049	0.049	0.049	0.049	0.049	0.049	0.049	0.049	0.049	0.049	0.049	0.049	
0.045	0.045	0.045	0.045	0.045	0.045	0.045	0.045	0.045	0.045	0.045	0.045	0.045	0.045	0.048	0.049	0.049	0.049	0.049	0.049	0.049	0.049	0.049	0.049	0.049	0.049	0.049	0.049	
0.045	0.045	0.045	0.045	0.045	0.045	0.045	0.045	0.045	0.045	0.045	0.045	0.045	0.045	0.048	0.049	0.049	0.049	0.049	0.049	0.049	0.049	0.049	0.049	0.049	0.049	0.049	0.049	
0.045	0.045	0.045	0.045	0.045	0.045	0.045	0.045	0.045	0.045	0.045	0.045	0.045	0.045	0.048	0.049	0.049	0.049	0.049	0.049	0.049	0.049	0.049	0.049	0.049	0.049	0.049	0.049	
0.045	0.045	0.045	0.045	0.045	0.045	0.045	0.045	0.045	0.045	0.045	0.045	0.045	0.045	0.048	0.049	0.049	0.049	0.049	0.049	0.049	0.049	0.049	0.049	0.049	0.049	0.049	0.049	
0.045	0.045	0.045	0.045	0.045	0.045	0.045	0.045	0.045	0.045	0.045	0.045	0.045	0.045	0.048	0.049	0.049	0.049	0.049	0.049	0.049	0.049	0.049	0.049	0.049	0.049	0.049	0.049	
0.045	0.045	0.045	0.045	0.045	0.045	0.045	0.045	0.045	0.045	0.045	0.045	0.045	0.045	0.048	0.049	0.049	0.049	0.049	0.049	0.049	0.049	0.049	0.049	0.049	0.049	0.049	0.049	
0.045	0.045	0.045	0.045	0.045	0.045	0.045	0.045	0.045	0.045	0.045	0.045	0.045	0.045	0.048	0.049	0.049	0.049	0.049	0.049	0.049	0.049	0.049	0.049	0.049	0.049	0.049	0.049	
0.045	0.045	0.045	0.045	0.045	0.045	0.045	0.045	0.045	0.045	0.045	0.045	0.045	0.045	0.049	0.049	0.049	0.049	0.049	0.049	0.049	0.049	0.049	0.049	0.049	0.049	0.049	0.049	
0.045	0.045	0.045	0.045	0.045	0.045	0.045	0.045	0.045	0.045	0.045	0.045	0.045	0.045	0.049	0.049	0.049	0.049	0.049	0.049	0.049	0.049	0.049	0.049	0.049	0.049	0.049	0.049	
0.045	0.045	0.045	0.045	0.045	0.045	0.045	0.045	0.045	0.045	0.045	0.045	0.045	0.045	0.049	0.049	0.049	0.049	0.049	0.049	0.049	0.049	0.049	0.049	0.049	0.049	0.049	0.049	
0.045	0.045	0.045	0.045	0.045	0.045	0.045	0.045	0.045	0.045	0.045	0.045	0.045	0.045	0.049	0.049	0.049	0.049	0.049	0.049	0.049	0.049	0.049	0.049	0.049	0.049	0.049	0.049	
0.045	0.045	0.045	0.045	0.045	0.045	0.045	0.045	0.045	0.045	0.045	0.045	0.045	0.045	0.049	0.049	0.049	0.049	0.049	0.049	0.049	0.049	0.049	0.049	0.049	0.049	0.049	0.049	
0.045	0.045	0.045	0.045	0.045	0.045	0.045	0.045	0.045	0.045	0.045	0.045	0.045	0.045	0.049	0.049	0.049	0.049	0.049	0.049	0.049	0.049	0.049	0.049	0.049	0.049	0.049	0.049	
0.045	0.045	0.045	0.045	0.045	0.045	0.045	0.045	0.045	0.045	0.045	0.045	0.045	0.045	0.049	0.049	0.049	0.049	0.049	0.049	0.049	0.049	0.049	0.049	0.049	0.049	0.049	0.049	
0.045	0.045	0.045	0.045	0.045	0.045	0.045	0.045	0.045	0.045	0.045	0.045	0.045	0.045	0.049	0.049	0.049	0.049	0.049	0.049	0.049	0.049	0.049	0.049	0.049	0.049	0.049	0.049	
0.045	0.045	0.045	0.045	0.045	0.045	0.045	0.045	0.045	0.045	0.045	0.045	0.045	0.046	0.049	0.049	0.049	0.049	0.049	0.049	0.049	0.049	0.049	0.049	0.049	0.049	0.049	0.049	
0.045	0.045	0.045	0.045	0.045	0.045	0.045	0.045	0.045	0.045	0.045	0.045	0.045	0.046	0.049	0.049	0.049	0.049	0.049	0.049	0.049	0.049	0.049	0.049	0.049	0.049	0.049	0.049	
0.045	0.045	0.045	0.045	0.045	0.045	0.045	0.045	0.045	0.045	0.045	0.045	0.045	0.046	0.049	0.049	0.049	0.049	0.049	0.049	0.049	0.049	0.049	0.049	0.049	0.049	0.049	0.049	
0.045	0.045	0.045	0.045	0.045	0.045	0.045	0.045	0.045	0.045	0.045	0.045	0.045	0.046	0.049	0.049	0.049	0.049	0.049	0.049	0.049	0.049	0.049	0.049	0.049	0.049	0.049	0.049	
0.045	0.045	0.045	0.045	0.045	0.045	0.045	0.045	0.045	0.045	0.045	0.045	0.045	0.046	0.049	0.049	0.049	0.049	0.049	0.049	0.049	0.049	0.049	0.049	0.049	0.049	0.049	0.049	
0.045	0.045	0.045	0.045	0.045	0.045	0.045	0.045	0.045	0.045	0.045	0.045	0.045	0.046	0.049	0.049	0.049	0.049	0.049	0.049	0.049	0.049	0.049	0.049	0.049	0.049	0.049	0.088	
0.045	0.045	0.045	0.045	0.045	0.045	0.045	0.045	0.045	0.045	0.045	0.045	0.045	0.046	0.049	0.049	0.049	0.049	0.049	0.049	0.049	0.049	0.049	0.049	0.049	0.049	0.049	0.164	
0.045	0.045	0.045	0.045	0.045	0.045	0.045	0.045	0.045	0.045	0.045	0.045	0.045	0.046	0.049	0.049	0.049	0.049	0.049	0.049	0.049	0.049	0.049	0.049	0.049	0.049	0.060	0.229	
0.045	0.045	0.045	0.045	0.045	0.045	0.045	0.045	0.045	0.045	0.045	0.045	0.045	0.046	0.049	0.049	0.049	0.049	0.049	0.049	0.049	0.049	0.049	0.049	0.049	0.049	0.127	0.238	
0.045	0.045	0.045	0.045	0.045	0.045	0.045	0.045	0.045	0.045	0.045	0.045	0.045	0.046	0.049	0.049	0.049	0.049	0.049	0.049	0.049	0.049	0.049	0.049	0.049	0.049	0.203	0.238	
0.045	0.045	0.045	0.045	0.045	0.045	0.045	0.045	0.045	0.045	0.045	0.045	0.045	0.046	0.049	0.049	0.049	0.049	0.049	0.049	0.049	0.049	0.049	0.049	0.049	0.091	0.238	0.238	
0.045	0.045	0.045	0.045	0.045	0.045	0.045	0.045	0.045	0.045	0.045	0.045	0.045	0.046	0.049	0.049	0.049	0.049	0.049	0.049	0.049	0.049	0.049	0.049	0.049	0.166	0.238	0.238	
0.045	0.045	0.045	0.045	0.045	0.045	0.045	0.045	0.045	0.045	0.045	0.045	0.045	0.046	0.049	0.049	0.049	0.049	0.049	0.049	0.049	0.049	0.049	0.049	0.061	0.230	0.238	0.238	
0.045	0.045	0.045	0.045	0.045	0.045	0.045	0.045	0.045	0.045	0.045	0.045	0.045	0.047	0.049	0.049	0.049	0.049	0.049	0.049	0.049	0.049	0.049	0.049	0.130	0.238	0.238	0.238	
0.045	0.045	0.045	0.045	0.045	0.045	0.045	0.045	0.045	0.045	0.045	0.045	0.045	0.047	0.049	0.049	0.049	0.049	0.049	0.049	0.049	0.049	0.049	0.049	0.205	0.238	0.238	0.238	
0.045	0.045	0.045	0.045	0.045	0.045	0.045	0.045	0.045	0.045	0.045	0.045	0.045	0.047	0.049	0.049	0.049	0.049	0.049	0.049	0.049	0.049	0.049	0.093	0.238	0.238	0.238	0.238	
0.184	0.045	0.045	0.045	0.045	0.045	0.045	0.045	0.045	0.045	0.045	0.045	0.045	0.047	0.049	0.049	0.049	0.049	0.049	0.049	0.049	0.049	0.049	0.169	0.238	0.238	0.238	0.238	
0.461	0.098	0.045	0.045	0.045	0.045	0.045	0.045	0.045	0.045	0.045	0.045	0.045	0.047	0.049	0.049	0.049	0.049	0.049	0.049	0.049	0.049	0.062	0.231	0.238	0.238	0.238	0.238	
0.493	0.390	0.053	0.045	0.045	0.045	0.045	0.045	0.045	0.045	0.045	0.045	0.045	0.047	0.049	0.049	0.049	0.049	0.049	0.049	0.049	0.049	0.132	0.238	0.238	0.238	0.238	0.238	
0.493	0.493	0.281	0.045	0.045	0.045	0.045	0.045	0.045	0.045	0.045	0.045	0.045	0.047	0.049	0.049	0.049	0.049	0.049	0.049	0.049	0.049	0.208	0.238	0.238	0.238	0.238	0.238	
0.493	0.493	0.489	0.168	0.045	0.045	0.045	0.045	0.045	0.045	0.045	0.045	0.045	0.047	0.049	0.049	0.049	0.049	0.049	0.049	0.049	0.095	0.238	0.238	0.238	0.238	0.238	0.238	
0.493	0.493	0.493	0.453	0.088	0.045	0.045	0.045	0.045	0.045	0.045	0.045	0.045	0.047	0.049	0.049	0.049	0.049	0.049	0.049	0.049	0.171	0.238	0.238	0.238	0.238	0.238	0.238	
0.493	0.493	0.493	0.493	0.375	0.050	0.045	0.045	0.045	0.045	0.045	0.045	0.045	0.140	0.049	0.049	0.049	0.049	0.049	0.049	0.064	0.232	0.238	0.238	0.238	0.238	0.238	0.238	
0.493	0.493	0.493	0.493	0.493	0.263	0.045	0.045	0.045	0.045	0.045	0.045	0.116	1.402	0.049	0.049	0.049	0.049	0.049	0.049	0.135	0.238	0.238	0.238	0.238	0.238	0.238	0.238	
0.610	0.493	0.493	0.493	0.493	0.486	0.153	0.045	0.045	0.045	0.045	0.045	1.022	2.462	0.467	0.049	0.049	0.049	0.049	0.050	0.210	0.238	0.238	0.238	0.238	0.238	0.238	0.277	
0.926	0.674	0.493	0.493	0.493	0.493	0.443	0.080	0.045	0.045	0.045	0.116	2.100	2.540	1.892	0.049	0.049	0.049	0.049	0.098	0.238	0.238	0.238	0.238	0.238	0.238	0.363	0.883	
0.933	0.933	0.745	0.499	0.493	0.493	0.493	0.360	0.047	0.045	0.045	1.022	2.342	2.574	2.845	0.564	0.049	0.049	0.049	0.174	0.238	0.238	0.238	0.238	0.238	0.498	0.966	1.003	
0.933	0.933	0.933	0.811	0.519	0.493	0.493	0.493	0.245	0.045	0.116	2.100	2.342	2.608	2.865	2.014	0.049	0.166	2.061	0.859	0.238	0.238	0.238	0.252	0.667	1.002	1.003	1.003	
0.933	0.933	0.933	0.933	0.862	0.553	0.493	0.493	0.999	3.699	3.824	2.499	2.342	2.642	2.865	3.011	2.227	3.425	4.027	1.814	0.238	0.238	0.314	0.822	1.003	1.003	1.003	1.003	
1.050	0.933	0.933	0.933	0.933	0.900	0.602	0.567	2.553	4.433	4.433	4.552	4.421	4.311	3.985	4.666	4.854	4.103	4.027	3.125	0.676	0.425	0.931	1.003	1.003	1.003	1.012	1.178	
1.401	1.289	1.060	0.934	0.933	0.933	0.997	4.380	4.718	4.763	5.268	5.302	5.251	5.172	5.151	4.901	4.946	5.306	4.748	4.586	4.568	1.460	1.003	1.003	1.005	1.142	1.355	1.412	
1.401	1.401	1.401	1.299	1.071	0.934	1.782	4.744	4.724	5.612	6.172	5.801	5.127	5.152	5.038	4.908	5.542	5.695	5.447	4.602	4.612	2.392	1.003	1.107	1.327	1.412	1.412	1.412	
1.401	1.401	1.401	1.401	1.401	1.833	5.024	5.140	5.453	6.132	6.125	5.000	4.586	4.421	4.278	4.932	6.159	5.934	6.156	5.848	5.096	5.186	2.672	1.411	1.412	1.412	1.412	1.412	
1.401	1.401	1.401	1.401	1.401	2.187	5.194	5.194	5.866	6.145	5.854	4.586	4.586	4.391	4.278	5.124	6.202	6.214	6.247	6.246	5.215	5.207	3.147	1.412	1.412	1.412	1.412	1.412	
0.000	0.000	0.000	0.000	0.000	0.000	0.000	0.000	0.000	0.000	0.000	0.000	2.181	2.952	3.262	2.351	0.000	0.000	0.000	0.000	0.000	0.000	0.000	0.000	0.000	0.000	0.000	0.000	
0.000	0.000	0.000	0.000	0.000	0.000	0.000	0.000	0.000	0.000	0.000	0.000	0.551	2.204	2.204	0.551	0.000	0.000	0.000	0.000	0.000	0.000	0.000	0.000	0.000	0.000	0.000	0.000	
0.000	0.000	0.000	0.000	0.000	0.000	0.000	0.000	0.000	0.000	0.000	0.000	0.551	2.204	2.204	0.551	0.000	0.000	0.000	0.000	0.000	0.000	0.000	0.000	0.000	0.000	0.000	0.000	
0.000	0.000	0.000	0.000	0.000	0.000	0.000	0.000	0.000	0.000	0.000	0.000	0.551	2.204	2.204	0.551	0.000	0.000	0.000	0.000	0.000	0.000	0.000	0.000	0.000	0.000	0.000	0.000	
0.000	0.000	0.000	0.000	0.000	0.000	0.000	0.000	0.000	0.000	0.000	0.000	0.551	2.204	2.204	0.551	0.000	0.000	0.000	0.000	0.000	0.000	0.000	0.000	0.000	0.000	0.000	0.000	
