0.045	0.045	0.045	0.045	0.045	0.045	0.045	0.045	0.045	0.045	0.045	0.045	0.045	0.045	0.045	0.045	0.049	0.153	0.154	0.154	0.145	0.075	0.075	0.075	0.075	0.075	0.075	0.075	
0.045	0.045	0.045	0.045	0.045	0.045	0.045	0.045	0.045	0.045	0.045	0.045	0.045	0.045	0.045	0.045	0.063	0.154	0.154	0.154	0.135	0.075	0.075	0.075	0.075	0.075	0.075	0.075	
0.045	0.045	0.045	0.045	0.045	0.045	0.045	0.045	0.045	0.045	0.045	0.045	0.045	0.045	0.045	0.045	0.076	0.154	0.154	0.154	0.125	0.075	0.075	0.075	0.075	0.075	0.075	0.075	
0.045	0.045	0.045	0.045	0.045	0.045	0.045	0.045	0.045	0.045	0.045	0.045	0.045	0.045	0.045	0.045	0.090	0.154	0.154	0.154	0.114	0.075	0.075	0.075	0.075	0.075	0.075	0.075	
0.045	0.045	0.045	0.045	0.045	0.045	0.045	0.045	0.045	0.045	0.045	0.045	0.045	0.045	0.045	0.045	0.103	0.154	0.154	0.154	0.104	0.075	0.075	0.075	0.075	0.075	0.075	0.075	
0.045	0.045	0.045	0.045	0.045	0.045	0.045	0.045	0.045	0.045	0.045	0.045	0.045	0.045	0.045	0.045	0.117	0.154	0.154	0.154	0.094	0.075	0.075	0.075	0.075	0.075	0.075	0.075	
0.045	0.045	0.045	0.045	0.045	0.045	0.045	0.045	0.045	0.045	0.045	0.045	0.045	0.045	0.045	0.045	0.130	0.154	0.154	0.154	0.084	0.075	0.075	0.075	0.075	0.075	0.075	0.075	
0.045	0.045	0.045	0.045	0.045	0.045	0.045	0.045	0.045	0.045	0.045	0.045	0.045	0.045	0.045	0.045	0.144	0.154	0.154	0.152	0.076	0.075	0.075	0.075	0.075	0.075	0.075	0.075	
0.045	0.045	0.045	0.045	0.045	0.045	0.045	0.045	0.045	0.045	0.045	0.045	0.045	0.045	0.045	0.049	0.153	0.154	0.154	0.143	0.075	0.075	0.075	0.075	0.075	0.075	0.075	0.075	
0.045	0.045	0.045	0.045	0.045	0.045	0.045	0.045	0.045	0.045	0.045	0.045	0.045	0.045	0.045	0.063	0.154	0.154	0.154	0.133	0.075	0.075	0.075	0.075	0.075	0.075	0.075	0.075	
0.045	0.045	0.045	0.045	0.045	0.045	0.045	0.045	0.045	0.045	0.045	0.045	0.045	0.045	0.045	0.076	0.154	0.154	0.154	0.123	0.075	0.075	0.075	0.075	0.075	0.075	0.075	0.075	
0.045	0.045	0.045	0.045	0.045	0.045	0.045	0.045	0.045	0.045	0.045	0.045	0.045	0.045	0.045	0.090	0.154	0.154	0.154	0.113	0.075	0.075	0.075	0.075	0.075	0.075	0.075	0.075	
0.045	0.045	0.045	0.045	0.045	0.045	0.045	0.045	0.045	0.045	0.045	0.045	0.045	0.045	0.045	0.103	0.154	0.154	0.154	0.103	0.075	0.075	0.075	0.075	0.075	0.075	0.075	0.075	
0.045	0.045	0.045	0.045	0.045	0.045	0.045	0.045	0.045	0.045	0.045	0.045	0.045	0.045	0.045	0.117	0.154	0.154	0.154	0.093	0.075	0.075	0.075	0.075	0.075	0.075	0.075	0.075	
0.045	0.045	0.045	0.045	0.045	0.045	0.045	0.045	0.045	0.045	0.045	0.045	0.045	0.045	0.045	0.130	0.154	0.154	0.154	0.083	0.075	0.075	0.075	0.075	0.075	0.075	0.075	0.075	
0.045	0.045	0.045	0.045	0.045	0.045	0.045	0.045	0.045	0.045	0.045	0.045	0.045	0.045	0.045	0.144	0.154	0.154	0.151	0.075	0.075	0.075	0.075	0.075	0.075	0.075	0.075	0.075	
0.045	0.045	0.045	0.045	0.045	0.045	0.045	0.045	0.045	0.045	0.045	0.045	0.045	0.045	0.049	0.153	0.154	0.154	0.141	0.075	0.075	0.075	0.075	0.075	0.075	0.075	0.075	0.075	
0.045	0.045	0.045	0.045	0.045	0.045	0.045	0.045	0.045	0.045	0.045	0.045	0.045	0.045	0.063	0.154	0.154	0.154	0.131	0.075	0.075	0.075	0.075	0.075	0.075	0.075	0.075	0.075	
0.045	0.045	0.045	0.045	0.045	0.045	0.045	0.045	0.045	0.045	0.045	0.045	0.045	0.045	0.076	0.154	0.154	0.154	0.121	0.075	0.075	0.075	0.075	0.075	0.075	0.075	0.075	0.075	
0.045	0.045	0.045	0.045	0.045	0.045	0.045	0.045	0.045	0.045	0.045	0.045	0.045	0.045	0.090	0.154	0.154	0.154	0.111	0.075	0.075	0.075	0.075	0.075	0.075	0.075	0.075	0.075	
0.045	0.045	0.045	0.045	0.045	0.045	0.045	0.045	0.045	0.045	0.045	0.045	0.045	0.045	0.103	0.154	0.154	0.154	0.101	0.075	0.075	0.075	0.075	0.075	0.075	0.075	0.075	0.075	
0.045	0.045	0.045	0.045	0.045	0.045	0.045	0.045	0.045	0.045	0.045	0.045	0.045	0.045	0.117	0.154	0.154	0.154	0.091	0.075	0.075	0.075	0.075	0.075	0.075	0.075	0.075	0.075	
0.045	0.045	0.045	0.045	0.045	0.045	0.045	0.045	0.045	0.045	0.045	0.045	0.045	0.045	0.130	0.154	0.154	0.154	0.081	0.075	0.075	0.075	0.075	0.075	0.075	0.075	0.075	0.075	
0.045	0.045	0.045	0.045	0.045	0.045	0.045	0.045	0.045	0.045	0.045	0.045	0.045	0.045	0.144	0.154	0.154	0.150	0.075	0.075	0.075	0.075	0.075	0.075	0.075	0.075	0.075	0.078	
0.045	0.045	0.045	0.045	0.045	0.045	0.045	0.045	0.045	0.045	0.045	0.045	0.045	0.049	0.153	0.154	0.154	0.140	0.075	0.075	0.075	0.075	0.075	0.075	0.075	0.075	0.075	0.161	
0.045	0.045	0.045	0.045	0.045	0.045	0.045	0.045	0.045	0.045	0.045	0.045	0.045	0.063	0.154	0.154	0.154	0.130	0.075	0.075	0.075	0.075	0.075	0.075	0.075	0.075	0.075	0.281	
0.045	0.045	0.045	0.045	0.045	0.045	0.045	0.045	0.045	0.045	0.045	0.045	0.045	0.076	0.154	0.154	0.154	0.120	0.075	0.075	0.075	0.075	0.075	0.075	0.075	0.075	0.144	0.332	
0.045	0.045	0.045	0.045	0.045	0.045	0.045	0.045	0.045	0.045	0.045	0.045	0.045	0.090	0.154	0.154	0.154	0.109	0.075	0.075	0.075	0.075	0.075	0.075	0.075	0.075	0.265	0.332	
0.045	0.045	0.045	0.045	0.045	0.045	0.045	0.045	0.045	0.045	0.045	0.045	0.045	0.103	0.154	0.154	0.154	0.099	0.075	0.075	0.075	0.075	0.075	0.075	0.075	0.128	0.332	0.332	
0.045	0.045	0.045	0.045	0.045	0.045	0.045	0.045	0.045	0.045	0.045	0.045	0.045	0.117	0.154	0.154	0.154	0.089	0.075	0.075	0.075	0.075	0.075	0.075	0.075	0.248	0.332	0.332	
0.150	0.045	0.045	0.045	0.045	0.045	0.045	0.045	0.045	0.045	0.045	0.045	0.045	0.130	0.154	0.154	0.154	0.079	0.075	0.075	0.075	0.075	0.075	0.075	0.114	0.330	0.332	0.332	
0.608	0.082	0.045	0.045	0.045	0.045	0.045	0.045	0.045	0.045	0.045	0.045	0.045	0.144	0.154	0.154	0.148	0.075	0.075	0.075	0.075	0.075	0.075	0.075	0.232	0.332	0.332	0.332	
0.712	0.504	0.049	0.045	0.045	0.045	0.045	0.045	0.045	0.045	0.045	0.045	0.049	0.153	0.154	0.154	0.138	0.075	0.075	0.075	0.075	0.075	0.075	0.102	0.326	0.332	0.332	0.332	
0.688	0.712	0.372	0.045	0.045	0.045	0.045	0.045	0.045	0.045	0.045	0.045	0.063	0.154	0.154	0.154	0.128	0.075	0.075	0.075	0.075	0.075	0.075	0.215	0.332	0.332	0.332	0.332	
0.612	0.709	0.707	0.240	0.045	0.045	0.045	0.045	0.045	0.045	0.045	0.045	0.076	0.154	0.154	0.154	0.118	0.075	0.075	0.075	0.075	0.075	0.092	0.319	0.332	0.332	0.332	0.332	
0.591	0.651	0.712	0.670	0.141	0.045	0.045	0.045	0.045	0.045	0.045	0.045	0.090	0.154	0.154	0.154	0.108	0.075	0.075	0.075	0.075	0.075	0.199	0.332	0.332	0.332	0.332	0.332	
0.591	0.593	0.690	0.712	0.598	0.077	0.045	0.045	0.045	0.045	0.045	0.045	0.103	0.154	0.154	0.154	0.098	0.075	0.075	0.075	0.075	0.084	0.310	0.332	0.332	0.332	0.332	0.332	
0.591	0.591	0.614	0.710	0.712	0.491	0.047	0.045	0.045	0.045	0.045	0.045	0.117	0.154	0.154	0.154	0.088	0.075	0.075	0.075	0.075	0.182	0.332	0.332	0.332	0.332	0.332	0.417	
0.591	0.591	0.591	0.653	0.712	0.712	0.356	0.045	0.045	0.045	0.045	0.045	0.130	0.154	0.154	0.153	0.078	0.075	0.075	0.075	0.079	0.299	0.332	0.332	0.332	0.332	0.417	0.834	
0.591	0.591	0.591	0.594	0.691	0.712	0.704	0.228	0.045	0.045	0.045	0.045	0.144	0.154	0.154	0.935	0.301	0.075	0.075	0.075	0.166	0.332	0.332	0.332	0.332	0.417	0.834	0.890	
0.591	0.591	0.591	0.591	0.616	0.710	0.712	0.664	0.132	0.045	0.045	0.049	0.153	0.154	0.154	2.458	0.997	0.075	0.075	0.076	0.286	0.332	0.332	0.332	0.417	0.834	0.890	0.890	
0.591	0.591	0.591	0.591	0.591	0.656	0.712	0.712	0.588	0.072	0.045	0.063	0.154	0.154	0.947	3.176	1.708	0.075	0.075	0.150	0.332	0.332	0.332	0.417	0.834	0.890	0.890	0.890	
0.920	0.592	0.591	0.591	0.591	0.595	0.693	0.712	0.712	0.743	1.977	2.837	0.853	0.657	2.486	3.176	2.419	0.075	0.075	0.270	0.332	0.332	0.417	0.834	0.890	0.890	0.890	0.949	
1.408	1.160	0.660	0.591	0.591	0.591	0.618	0.711	0.712	2.068	4.210	4.210	4.647	4.832	4.010	3.330	3.365	2.338	1.437	0.332	0.332	0.417	0.834	0.890	0.890	0.890	1.111	1.503	
1.408	1.408	1.334	0.829	0.591	0.591	0.591	3.485	3.910	4.397	4.613	4.310	4.794	4.832	5.075	5.266	4.815	4.488	4.486	3.117	1.528	0.834	0.890	0.890	0.940	1.327	1.557	1.557	
1.408	1.408	1.408	1.406	1.069	0.622	1.581	4.710	4.709	5.165	5.461	5.518	5.601	5.351	5.243	5.266	5.011	4.488	4.728	4.933	4.373	0.890	0.890	1.095	1.494	1.557	1.557	1.590	
1.787	1.479	1.408	1.408	1.408	2.766	4.825	4.792	5.259	5.653	5.511	5.735	5.664	5.493	5.110	5.536	5.883	5.635	5.496	4.985	5.018	3.496	1.369	1.557	1.557	1.558	1.687	1.879	
2.079	2.059	1.802	1.489	1.411	3.672	4.828	4.919	5.901	5.900	6.042	6.114	5.948	5.179	5.101	5.552	5.885	5.901	5.908	5.494	5.087	5.089	2.212	1.557	1.600	1.808	1.902	1.902	
2.079	2.079	2.079	2.064	3.539	5.287	5.200	6.031	6.160	6.356	6.682	6.142	5.515	5.187	5.192	5.649	6.110	6.053	5.947	5.932	5.317	5.231	4.962	2.405	1.886	1.902	1.902	1.902	
2.079	2.079	2.079	2.079	4.028	5.288	5.417	6.264	6.264	6.783	6.889	6.075	5.221	5.239	5.298	5.512	6.154	6.154	6.005	6.001	5.752	5.289	5.289	3.277	1.902	1.902	1.902	1.902	
0.000	0.000	0.000	0.000	0.000	0.000	0.000	0.000	0.000	0.000	0.000	0.000	2.774	4.970	5.257	2.818	0.000	0.000	0.000	0.000	0.000	0.000	0.000	0.000	0.000	0.000	0.000	0.000	
0.000	0.000	0.000	0.000	0.000	0.000	0.000	0.000	0.000	0.000	0.000	0.000	0.726	2.529	2.676	0.774	0.000	0.000	0.000	0.000	0.000	0.000	0.000	0.000	0.000	0.000	0.000	0.000	
0.000	0.000	0.000	0.000	0.000	0.000	0.000	0.000	0.000	0.000	0.000	0.000	0.628	2.510	2.510	0.627	0.000	0.000	0.000	0.000	0.000	0.000	0.000	0.000	0.000	0.000	0.000	0.000	
0.000	0.000	0.000	0.000	0.000	0.000	0.000	0.000	0.000	0.000	0.000	0.000	0.628	2.510	2.510	0.627	0.000	0.000	0.000	0.000	0.000	0.000	0.000	0.000	0.000	0.000	0.000	0.000	
0.000	0.000	0.000	0.000	0.000	0.000	0.000	0.000	0.000	0.000	0.000	0.000	0.627	2.510	2.510	0.627	0.000	0.000	0.000	0.000	0.000	0.000	0.000	0.000	0.000	0.000	0.000	0.000	
