0.130	0.099	0.050	0.050	0.050	0.050	0.050	0.050	0.050	0.050	0.050	0.050	0.050	0.050	0.050	0.050	0.050	0.050	0.050	0.050	0.050	0.050	0.050	0.050	0.050	0.050	0.050	0.140	
0.130	0.121	0.050	0.050	0.050	0.050	0.050	0.050	0.050	0.050	0.050	0.050	0.050	0.050	0.050	0.050	0.050	0.050	0.050	0.050	0.050	0.050	0.050	0.050	0.050	0.050	0.073	0.161	
0.130	0.130	0.063	0.050	0.050	0.050	0.050	0.050	0.050	0.050	0.050	0.050	0.050	0.050	0.050	0.050	0.050	0.050	0.050	0.050	0.050	0.050	0.050	0.050	0.050	0.050	0.117	0.161	
0.130	0.130	0.086	0.050	0.050	0.050	0.050	0.050	0.050	0.050	0.050	0.050	0.050	0.050	0.050	0.050	0.050	0.050	0.050	0.050	0.050	0.050	0.050	0.050	0.050	0.056	0.155	0.161	
0.130	0.130	0.108	0.050	0.050	0.050	0.050	0.050	0.050	0.050	0.050	0.050	0.050	0.050	0.050	0.050	0.050	0.050	0.050	0.050	0.050	0.050	0.050	0.050	0.050	0.094	0.161	0.161	
0.130	0.130	0.127	0.053	0.050	0.050	0.050	0.050	0.050	0.050	0.050	0.050	0.050	0.050	0.050	0.050	0.050	0.050	0.050	0.050	0.050	0.050	0.050	0.050	0.050	0.138	0.161	0.161	
0.130	0.130	0.130	0.072	0.050	0.050	0.050	0.050	0.050	0.050	0.050	0.050	0.050	0.050	0.050	0.050	0.050	0.050	0.050	0.050	0.050	0.050	0.050	0.050	0.071	0.161	0.161	0.161	
0.130	0.130	0.130	0.094	0.050	0.050	0.050	0.050	0.050	0.050	0.050	0.050	0.050	0.050	0.050	0.050	0.050	0.050	0.050	0.050	0.050	0.050	0.050	0.050	0.115	0.161	0.161	0.161	
0.130	0.130	0.130	0.116	0.050	0.050	0.050	0.050	0.050	0.050	0.050	0.050	0.050	0.050	0.050	0.050	0.050	0.050	0.050	0.050	0.050	0.050	0.050	0.055	0.154	0.161	0.161	0.161	
0.130	0.130	0.130	0.130	0.058	0.050	0.050	0.050	0.050	0.050	0.050	0.050	0.050	0.050	0.050	0.050	0.050	0.050	0.050	0.050	0.050	0.050	0.050	0.092	0.161	0.161	0.161	0.161	
0.130	0.130	0.130	0.130	0.080	0.050	0.050	0.050	0.050	0.050	0.050	0.050	0.050	0.050	0.050	0.050	0.050	0.050	0.050	0.050	0.050	0.050	0.050	0.136	0.161	0.161	0.161	0.161	
0.130	0.130	0.130	0.130	0.102	0.050	0.050	0.050	0.050	0.050	0.050	0.050	0.050	0.050	0.050	0.050	0.050	0.050	0.050	0.050	0.050	0.050	0.069	0.160	0.161	0.161	0.161	0.161	
0.130	0.130	0.130	0.130	0.124	0.051	0.050	0.050	0.050	0.050	0.050	0.050	0.050	0.050	0.050	0.050	0.050	0.050	0.050	0.050	0.050	0.050	0.113	0.161	0.161	0.161	0.161	0.161	
0.130	0.130	0.130	0.130	0.130	0.066	0.050	0.050	0.050	0.050	0.050	0.050	0.050	0.050	0.050	0.050	0.050	0.050	0.050	0.050	0.050	0.054	0.153	0.161	0.161	0.161	0.161	0.161	
0.130	0.130	0.130	0.130	0.130	0.088	0.050	0.050	0.050	0.050	0.050	0.050	0.050	0.050	0.050	0.050	0.050	0.050	0.050	0.050	0.050	0.090	0.161	0.161	0.161	0.161	0.161	0.167	
0.130	0.130	0.130	0.130	0.130	0.110	0.050	0.050	0.050	0.050	0.050	0.050	0.050	0.050	0.050	0.050	0.050	0.050	0.050	0.050	0.050	0.134	0.161	0.161	0.161	0.161	0.161	0.177	
0.130	0.130	0.130	0.130	0.130	0.129	0.054	0.050	0.050	0.050	0.050	0.050	0.050	0.050	0.050	0.050	0.050	0.050	0.050	0.050	0.068	0.160	0.161	0.161	0.161	0.161	0.165	0.183	
0.130	0.130	0.130	0.130	0.130	0.130	0.075	0.050	0.050	0.050	0.050	0.050	0.050	0.050	0.050	0.050	0.050	0.050	0.050	0.050	0.111	0.161	0.161	0.161	0.161	0.161	0.176	0.184	
0.130	0.130	0.130	0.130	0.130	0.130	0.097	0.050	0.050	0.050	0.050	0.050	0.050	0.050	0.050	0.050	0.050	0.050	0.050	0.053	0.152	0.161	0.161	0.161	0.161	0.164	0.183	0.184	
0.130	0.130	0.130	0.130	0.130	0.130	0.119	0.050	0.050	0.050	0.050	0.050	0.050	0.050	0.050	0.050	0.050	0.050	0.050	0.088	0.161	0.161	0.161	0.161	0.161	0.174	0.184	0.184	
0.130	0.130	0.130	0.130	0.130	0.130	0.130	0.061	0.050	0.050	0.050	0.050	0.050	0.050	0.050	0.050	0.050	0.050	0.050	0.132	0.161	0.161	0.161	0.161	0.163	0.183	0.184	0.184	
0.130	0.130	0.130	0.130	0.130	0.130	0.130	0.083	0.050	0.050	0.050	0.050	0.050	0.050	0.050	0.050	0.050	0.050	0.066	0.160	0.161	0.161	0.161	0.161	0.173	0.184	0.184	0.184	
0.130	0.130	0.130	0.130	0.130	0.130	0.130	0.105	0.050	0.050	0.050	0.050	0.050	0.050	0.050	0.050	0.050	0.050	0.109	0.161	0.161	0.161	0.161	0.162	0.182	0.184	0.184	0.184	
0.130	0.130	0.130	0.130	0.130	0.130	0.130	0.126	0.052	0.050	0.050	0.050	0.050	0.050	0.050	0.050	0.050	0.053	0.150	0.161	0.161	0.161	0.161	0.249	0.184	0.184	0.184	0.184	
0.130	0.130	0.130	0.130	0.130	0.130	0.130	0.130	0.069	0.050	0.050	0.050	0.050	0.050	0.050	0.050	0.050	0.086	0.161	0.161	0.161	0.161	0.273	0.343	0.184	0.184	0.184	0.184	
0.130	0.130	0.130	0.130	0.130	0.130	0.130	0.130	0.091	0.050	0.050	0.050	0.050	0.050	0.050	0.050	0.050	0.130	0.161	0.161	0.161	0.161	0.637	0.186	0.184	0.184	0.184	0.184	
0.196	0.130	0.130	0.130	0.130	0.130	0.130	0.130	0.113	0.050	0.050	0.050	0.050	0.050	0.050	0.050	0.064	0.160	0.161	0.161	0.161	0.407	0.602	0.184	0.184	0.184	0.184	0.184	
0.373	0.171	0.130	0.130	0.130	0.130	0.130	0.130	0.130	0.056	0.050	0.050	0.050	0.050	0.050	0.050	0.107	0.161	0.161	0.161	0.185	0.880	0.312	0.184	0.184	0.184	0.184	0.184	
0.390	0.355	0.152	0.130	0.130	0.130	0.130	0.130	0.130	0.077	0.050	0.050	0.050	0.050	0.050	0.052	0.149	0.161	0.161	0.161	0.567	0.835	0.184	0.184	0.184	0.184	0.184	0.184	
0.390	0.390	0.332	0.139	0.130	0.130	0.130	0.130	0.130	0.099	0.050	0.050	0.050	0.050	0.050	0.084	0.161	0.161	0.161	0.262	0.964	0.544	0.184	0.184	0.184	0.184	0.184	0.184	
0.390	0.390	0.390	0.303	0.132	0.130	0.130	0.130	0.130	0.121	0.050	0.050	0.050	0.050	0.050	0.128	0.161	0.161	0.161	0.727	0.987	0.263	0.184	0.184	0.184	0.184	0.184	0.184	
0.390	0.390	0.390	0.390	0.268	0.130	0.130	0.130	0.130	0.130	0.063	0.050	0.050	0.050	0.062	0.159	0.161	0.161	0.389	0.997	0.776	0.184	0.184	0.184	0.184	0.184	0.184	0.184	
0.390	0.390	0.390	0.390	0.390	0.232	0.130	0.130	0.130	0.130	0.086	0.050	0.050	0.050	0.105	0.161	0.161	0.180	0.868	0.997	0.486	0.184	0.184	0.184	0.184	0.184	0.184	0.184	
0.390	0.390	0.390	0.390	0.390	0.385	0.200	0.130	0.130	0.130	0.108	0.050	0.050	0.051	0.147	0.161	0.161	0.549	0.997	0.967	0.226	0.184	0.184	0.184	0.184	0.184	0.184	0.184	
0.390	0.390	0.390	0.390	0.390	0.390	0.375	0.175	0.130	0.130	0.127	0.053	0.050	0.082	0.161	0.161	0.251	0.958	0.997	0.718	0.184	0.184	0.184	0.184	0.184	0.184	0.184	0.184	
0.390	0.390	0.390	0.390	0.390	0.390	0.390	0.358	0.155	0.130	0.204	1.609	1.621	0.854	0.161	0.161	0.709	0.997	0.997	0.428	0.184	0.184	0.184	0.184	0.184	0.184	0.184	0.184	
0.390	0.390	0.390	0.390	0.390	0.390	0.390	0.390	0.620	1.422	2.130	3.071	3.071	2.869	1.607	1.226	0.996	0.997	0.934	0.200	0.184	0.184	0.184	0.184	0.184	0.184	0.184	0.184	
0.390	0.390	0.390	0.390	0.390	0.390	0.390	0.390	2.098	3.002	3.014	3.071	3.071	3.163	3.279	3.259	1.697	1.253	0.741	0.184	0.184	0.184	0.184	0.184	0.184	0.184	0.184	0.184	
0.465	0.480	0.495	0.510	0.525	0.540	0.555	0.910	2.994	3.002	3.050	3.447	3.368	3.285	3.279	3.278	3.214	3.203	2.579	0.227	0.184	0.184	0.184	0.184	0.184	0.184	0.184	0.184	
0.921	0.921	0.921	0.921	0.921	0.921	0.921	0.922	2.153	3.017	3.365	3.596	3.596	3.520	3.439	3.349	3.203	3.203	2.990	0.942	0.747	0.686	0.626	0.565	0.505	0.444	0.384	0.323	
0.921	0.921	0.921	0.921	0.921	0.921	0.921	0.921	2.122	3.599	3.598	3.602	3.650	3.623	3.626	3.609	3.375	3.352	1.886	0.899	0.899	0.899	0.899	0.899	0.899	0.899	0.899	0.899	
0.938	0.931	0.924	0.921	0.921	0.921	0.921	1.000	3.327	3.599	3.653	4.089	4.098	3.749	3.626	3.629	3.642	3.642	2.389	0.899	0.899	0.899	0.899	0.899	0.899	0.899	0.899	0.917	
1.149	1.149	1.149	1.145	1.138	1.131	1.125	1.276	3.271	3.682	3.830	4.098	4.098	4.146	4.194	4.123	3.646	3.642	3.172	1.477	1.458	1.439	1.420	1.401	1.166	0.992	1.033	1.057	
1.149	1.149	1.149	1.149	1.149	1.149	1.149	1.149	2.867	3.991	3.992	4.351	4.497	4.418	4.340	4.343	4.316	4.278	2.964	2.100	2.100	2.100	2.046	1.499	1.066	1.057	1.057	1.051	
1.418	1.564	1.480	1.394	1.307	1.220	1.154	1.149	3.022	3.991	4.108	4.682	4.706	4.639	4.543	4.570	4.405	4.405	3.217	2.100	2.100	1.787	1.176	1.057	1.057	1.057	1.039	1.002	
1.044	1.193	1.568	1.701	1.701	1.701	1.681	1.599	3.728	4.708	4.862	4.856	5.142	5.233	4.867	4.867	4.574	4.556	4.511	2.774	1.410	1.057	1.057	1.057	1.056	1.024	0.998	0.997	
1.044	1.044	1.049	1.298	1.643	1.701	1.701	2.242	4.855	4.869	4.863	5.258	5.828	5.806	5.008	5.064	5.211	4.647	4.649	4.186	1.111	1.057	1.057	1.049	1.009	0.997	0.997	0.997	
1.044	1.044	1.044	1.044	1.082	1.406	1.985	3.986	4.880	4.902	5.285	5.464	5.692	5.992	6.087	5.519	5.485	5.068	5.018	5.137	3.279	1.506	1.037	1.001	0.997	0.997	0.997	0.997	
1.044	1.044	1.044	1.044	1.044	1.044	4.113	5.196	5.121	5.753	5.783	5.461	5.348	5.975	6.081	5.485	5.521	5.572	5.250	5.128	5.031	5.017	1.148	0.997	0.997	0.997	0.997	0.997	
1.044	1.044	1.044	1.044	1.044	1.044	4.197	5.206	5.421	5.970	5.970	5.342	4.599	4.690	4.758	4.600	5.453	5.578	5.526	5.071	5.017	5.017	1.229	0.997	0.997	0.997	0.997	0.997	
0.000	0.000	0.000	0.000	0.000	0.000	0.000	0.000	0.000	0.000	0.000	0.000	2.431	4.577	4.599	2.443	0.000	0.000	0.000	0.000	0.000	0.000	0.000	0.000	0.000	0.000	0.000	0.000	
0.000	0.000	0.000	0.000	0.000	0.000	0.000	0.000	0.000	0.000	0.000	0.000	1.144	4.578	4.599	1.150	0.000	0.000	0.000	0.000	0.000	0.000	0.000	0.000	0.000	0.000	0.000	0.000	
0.000	0.000	0.000	0.000	0.000	0.000	0.000	0.000	0.000	0.000	0.000	0.000	0.990	3.832	3.854	0.992	0.000	0.000	0.000	0.000	0.000	0.000	0.000	0.000	0.000	0.000	0.000	0.000	
0.000	0.000	0.000	0.000	0.000	0.000	0.000	0.000	0.000	0.000	0.000	0.000	0.908	3.631	3.631	0.908	0.000	0.000	0.000	0.000	0.000	0.000	0.000	0.000	0.000	0.000	0.000	0.000	
0.000	0.000	0.000	0.000	0.000	0.000	0.000	0.000	0.000	0.000	0.000	0.000	0.908	3.631	3.631	0.908	0.000	0.000	0.000	0.000	0.000	0.000	0.000	0.000	0.000	0.000	0.000	0.000	
