0.069	0.069	0.069	0.069	0.069	0.069	0.069	0.052	0.037	0.037	0.037	0.037	0.037	0.037	0.037	0.037	0.037	0.037	0.037	0.037	0.037	0.037	0.037	0.037	0.037	0.037	0.037	0.037	
0.069	0.069	0.069	0.069	0.069	0.069	0.069	0.057	0.037	0.037	0.037	0.037	0.037	0.037	0.037	0.037	0.037	0.037	0.037	0.037	0.037	0.037	0.037	0.037	0.037	0.037	0.037	0.037	
0.069	0.069	0.069	0.069	0.069	0.069	0.069	0.061	0.037	0.037	0.037	0.037	0.037	0.037	0.037	0.037	0.037	0.037	0.037	0.037	0.037	0.037	0.037	0.037	0.037	0.037	0.037	0.037	
0.069	0.069	0.069	0.069	0.069	0.069	0.069	0.066	0.037	0.037	0.037	0.037	0.037	0.037	0.037	0.037	0.037	0.037	0.037	0.037	0.037	0.037	0.037	0.037	0.037	0.037	0.037	0.037	
0.069	0.069	0.069	0.069	0.069	0.069	0.069	0.069	0.038	0.037	0.037	0.037	0.037	0.037	0.037	0.037	0.037	0.037	0.037	0.037	0.037	0.037	0.037	0.037	0.037	0.037	0.037	0.037	
0.069	0.069	0.069	0.069	0.069	0.069	0.069	0.069	0.043	0.037	0.037	0.037	0.037	0.037	0.037	0.037	0.037	0.037	0.037	0.037	0.037	0.037	0.037	0.037	0.037	0.037	0.037	0.037	
0.069	0.069	0.069	0.069	0.069	0.069	0.069	0.069	0.047	0.037	0.037	0.037	0.037	0.037	0.037	0.037	0.037	0.037	0.037	0.037	0.037	0.037	0.037	0.037	0.037	0.037	0.037	0.037	
0.069	0.069	0.069	0.069	0.069	0.069	0.069	0.069	0.052	0.037	0.037	0.037	0.037	0.037	0.037	0.037	0.037	0.037	0.037	0.037	0.037	0.037	0.037	0.037	0.037	0.037	0.037	0.037	
0.069	0.069	0.069	0.069	0.069	0.069	0.069	0.069	0.056	0.037	0.037	0.037	0.037	0.037	0.037	0.037	0.037	0.037	0.037	0.037	0.037	0.037	0.037	0.037	0.037	0.037	0.037	0.037	
0.069	0.069	0.069	0.069	0.069	0.069	0.069	0.069	0.061	0.037	0.037	0.037	0.037	0.037	0.037	0.037	0.037	0.037	0.037	0.037	0.037	0.037	0.037	0.037	0.037	0.037	0.037	0.037	
0.069	0.069	0.069	0.069	0.069	0.069	0.069	0.069	0.065	0.037	0.037	0.037	0.037	0.037	0.037	0.037	0.037	0.037	0.037	0.037	0.037	0.037	0.037	0.037	0.037	0.037	0.037	0.037	
0.069	0.069	0.069	0.069	0.069	0.069	0.069	0.069	0.069	0.038	0.037	0.037	0.037	0.037	0.037	0.037	0.037	0.037	0.037	0.037	0.037	0.037	0.037	0.037	0.037	0.037	0.037	0.037	
0.069	0.069	0.069	0.069	0.069	0.069	0.069	0.069	0.069	0.042	0.037	0.037	0.037	0.037	0.037	0.037	0.037	0.037	0.037	0.037	0.037	0.037	0.037	0.037	0.037	0.037	0.037	0.037	
0.069	0.069	0.069	0.069	0.069	0.069	0.069	0.069	0.069	0.047	0.037	0.037	0.037	0.037	0.037	0.037	0.037	0.037	0.037	0.037	0.037	0.037	0.037	0.037	0.037	0.037	0.037	0.037	
0.069	0.069	0.069	0.069	0.069	0.069	0.069	0.069	0.069	0.051	0.037	0.037	0.037	0.037	0.037	0.037	0.037	0.037	0.037	0.037	0.037	0.037	0.037	0.037	0.037	0.037	0.037	0.037	
0.069	0.069	0.069	0.069	0.069	0.069	0.069	0.069	0.069	0.056	0.037	0.037	0.037	0.037	0.037	0.037	0.037	0.037	0.037	0.037	0.037	0.037	0.037	0.037	0.037	0.037	0.037	0.037	
0.069	0.069	0.069	0.069	0.069	0.069	0.069	0.069	0.069	0.060	0.037	0.037	0.037	0.037	0.037	0.037	0.037	0.037	0.037	0.037	0.037	0.037	0.037	0.037	0.037	0.037	0.037	0.037	
0.069	0.069	0.069	0.069	0.069	0.069	0.069	0.069	0.069	0.065	0.037	0.037	0.037	0.037	0.037	0.037	0.037	0.037	0.037	0.037	0.037	0.037	0.037	0.037	0.037	0.037	0.037	0.037	
0.069	0.069	0.069	0.069	0.069	0.069	0.069	0.069	0.069	0.069	0.038	0.037	0.037	0.037	0.037	0.037	0.037	0.037	0.037	0.037	0.037	0.037	0.037	0.037	0.037	0.037	0.037	0.037	
0.069	0.069	0.069	0.069	0.069	0.069	0.069	0.069	0.069	0.069	0.042	0.037	0.037	0.037	0.037	0.037	0.037	0.037	0.037	0.037	0.037	0.037	0.037	0.037	0.037	0.037	0.037	0.037	
0.069	0.069	0.069	0.069	0.069	0.069	0.069	0.069	0.069	0.069	0.046	0.037	0.037	0.037	0.037	0.037	0.037	0.037	0.037	0.037	0.037	0.037	0.037	0.037	0.037	0.037	0.037	0.037	
0.070	0.069	0.069	0.069	0.069	0.069	0.069	0.069	0.069	0.069	0.051	0.037	0.037	0.037	0.037	0.037	0.037	0.037	0.037	0.037	0.037	0.037	0.037	0.037	0.037	0.037	0.037	0.037	
0.117	0.069	0.069	0.069	0.069	0.069	0.069	0.069	0.069	0.069	0.055	0.037	0.037	0.037	0.037	0.037	0.037	0.037	0.037	0.037	0.037	0.037	0.037	0.037	0.037	0.037	0.037	0.037	
0.193	0.069	0.069	0.069	0.069	0.069	0.069	0.069	0.069	0.069	0.060	0.037	0.037	0.037	0.037	0.037	0.037	0.037	0.037	0.037	0.037	0.037	0.037	0.037	0.037	0.037	0.037	0.037	
0.255	0.083	0.069	0.069	0.069	0.069	0.069	0.069	0.069	0.069	0.064	0.037	0.037	0.037	0.037	0.037	0.037	0.037	0.037	0.037	0.037	0.037	0.037	0.037	0.037	0.037	0.037	0.037	
0.261	0.153	0.069	0.069	0.069	0.069	0.069	0.069	0.069	0.069	0.068	0.037	0.037	0.037	0.037	0.037	0.037	0.037	0.037	0.037	0.037	0.037	0.037	0.037	0.037	0.037	0.037	0.041	
0.261	0.229	0.069	0.069	0.069	0.069	0.069	0.069	0.069	0.069	0.069	0.041	0.037	0.037	0.037	0.037	0.037	0.037	0.037	0.037	0.037	0.037	0.037	0.037	0.037	0.037	0.037	0.142	
0.261	0.261	0.113	0.069	0.069	0.069	0.069	0.069	0.069	0.069	0.069	0.046	0.037	0.037	0.037	0.037	0.037	0.037	0.037	0.037	0.037	0.037	0.037	0.037	0.037	0.037	0.046	0.277	
0.261	0.261	0.189	0.069	0.069	0.069	0.069	0.069	0.069	0.069	0.069	0.050	0.037	0.037	0.037	0.037	0.037	0.037	0.037	0.037	0.037	0.037	0.037	0.037	0.037	0.037	0.161	0.306	
0.261	0.261	0.253	0.081	0.069	0.069	0.069	0.069	0.069	0.069	0.069	0.055	0.037	0.037	0.037	0.037	0.037	0.037	0.037	0.037	0.037	0.037	0.037	0.037	0.037	0.054	0.287	0.306	
0.261	0.261	0.261	0.149	0.069	0.069	0.069	0.069	0.069	0.069	0.069	0.059	0.037	0.037	0.037	0.037	0.037	0.037	0.037	0.037	0.037	0.037	0.037	0.037	0.037	0.179	0.306	0.306	
0.261	0.261	0.261	0.225	0.069	0.069	0.069	0.069	0.069	0.069	0.069	0.064	0.037	0.037	0.037	0.037	0.037	0.037	0.037	0.037	0.037	0.037	0.037	0.037	0.064	0.296	0.306	0.306	
0.261	0.261	0.261	0.261	0.109	0.069	0.069	0.069	0.069	0.069	0.069	0.068	0.037	0.037	0.037	0.037	0.037	0.037	0.037	0.037	0.037	0.037	0.037	0.037	0.198	0.306	0.306	0.306	
0.261	0.261	0.261	0.261	0.185	0.069	0.069	0.069	0.069	0.069	0.069	0.069	0.041	0.037	0.037	0.037	0.037	0.037	0.037	0.037	0.037	0.037	0.037	0.077	0.302	0.306	0.306	0.306	
0.261	0.261	0.261	0.261	0.251	0.079	0.069	0.069	0.069	0.069	0.069	0.069	0.045	0.037	0.037	0.037	0.037	0.037	0.037	0.037	0.037	0.037	0.037	0.216	0.306	0.306	0.306	0.306	
0.261	0.261	0.261	0.261	0.261	0.145	0.069	0.069	0.069	0.069	0.069	0.069	0.050	0.037	0.037	0.037	0.037	0.037	0.037	0.037	0.037	0.037	0.092	0.305	0.306	0.306	0.306	0.306	
0.261	0.261	0.261	0.261	0.261	0.221	0.069	0.069	0.069	0.069	0.069	0.069	0.054	0.037	0.037	0.037	0.037	0.037	0.037	0.037	0.037	0.037	0.235	0.306	0.306	0.306	0.306	0.306	
0.261	0.261	0.261	0.261	0.261	0.261	0.105	0.069	0.069	0.069	0.069	0.069	0.097	0.037	0.037	0.037	0.037	0.037	0.037	0.037	0.037	0.110	0.306	0.306	0.306	0.306	0.306	0.306	
0.261	0.261	0.261	0.261	0.261	0.261	0.181	0.069	0.069	0.069	0.069	0.069	0.765	0.089	0.037	0.037	0.037	0.037	0.037	0.037	0.038	0.252	0.306	0.306	0.306	0.306	0.306	0.306	
0.261	0.261	0.261	0.261	0.261	0.261	0.249	0.077	0.069	0.069	0.069	0.069	1.230	0.593	0.037	0.037	0.037	0.037	0.037	0.037	0.128	0.306	0.306	0.306	0.306	0.306	0.307	0.542	
0.417	0.261	0.261	0.261	0.261	0.261	0.261	0.141	0.069	0.069	0.069	0.069	1.592	1.201	0.037	0.037	0.037	0.037	0.037	0.042	0.267	0.306	0.306	0.306	0.306	0.310	0.572	0.760	
0.946	0.536	0.261	0.261	0.261	0.261	0.261	0.217	0.069	0.069	0.069	0.189	1.834	1.748	0.212	0.037	0.037	0.037	0.037	0.147	0.306	0.306	0.306	0.306	0.315	0.600	0.760	0.760	
0.964	0.964	0.673	0.275	0.261	0.261	0.261	0.260	0.102	0.069	0.069	0.544	1.840	1.910	2.523	0.072	0.037	0.037	0.048	0.280	0.306	0.306	0.306	0.323	0.626	0.760	0.760	0.760	
0.964	0.964	0.964	0.796	0.323	0.261	0.261	0.261	0.177	0.069	0.069	0.905	1.840	2.100	3.571	1.957	0.037	0.037	0.165	0.306	0.306	0.306	0.332	0.650	0.760	0.760	0.760	0.760	
0.973	0.964	0.964	0.964	0.885	0.405	0.261	0.261	0.247	0.075	0.069	1.266	1.840	2.292	3.571	3.567	2.634	2.950	1.130	0.306	0.306	0.344	0.671	0.760	0.760	0.760	0.760	0.760	
1.170	1.038	0.964	0.964	0.964	0.941	0.519	0.261	0.524	2.010	3.264	3.565	2.253	2.951	3.718	3.819	4.333	4.346	3.136	0.737	0.359	0.690	0.760	0.760	0.760	0.760	0.837	1.068	
1.199	1.199	1.133	1.000	0.964	0.964	0.964	2.046	4.520	4.700	4.520	4.529	4.894	4.963	5.356	5.338	4.856	4.535	4.540	4.585	2.380	0.760	0.760	0.760	0.822	1.048	1.205	1.209	
1.199	1.199	1.199	1.193	1.089	0.975	0.970	3.503	4.771	4.793	4.681	4.681	4.922	4.931	5.356	5.465	6.094	6.034	4.645	4.587	3.470	0.821	0.809	1.028	1.200	1.209	1.209	1.209	
1.199	1.199	1.199	1.199	1.199	1.173	3.589	5.193	5.112	5.644	5.767	5.089	5.061	4.969	5.051	5.131	5.981	6.130	5.956	5.160	5.215	3.870	1.194	1.209	1.209	1.209	1.209	1.209	
1.199	1.199	1.199	1.199	1.199	1.199	4.424	5.195	5.346	5.799	5.788	5.089	5.075	3.621	4.683	4.920	5.263	6.162	6.162	5.531	5.218	4.345	1.209	1.209	1.209	1.209	1.209	1.209	
0.000	0.000	0.000	0.000	0.000	0.000	0.000	0.000	0.000	0.000	0.000	0.000	1.659	1.958	2.491	2.410	0.000	0.000	0.000	0.000	0.000	0.000	0.000	0.000	0.000	0.000	0.000	0.000	
0.000	0.000	0.000	0.000	0.000	0.000	0.000	0.000	0.000	0.000	0.000	0.000	0.489	1.958	1.958	0.489	0.000	0.000	0.000	0.000	0.000	0.000	0.000	0.000	0.000	0.000	0.000	0.000	
0.000	0.000	0.000	0.000	0.000	0.000	0.000	0.000	0.000	0.000	0.000	0.000	0.489	1.958	1.958	0.489	0.000	0.000	0.000	0.000	0.000	0.000	0.000	0.000	0.000	0.000	0.000	0.000	
0.000	0.000	0.000	0.000	0.000	0.000	0.000	0.000	0.000	0.000	0.000	0.000	0.489	1.958	1.958	0.489	0.000	0.000	0.000	0.000	0.000	0.000	0.000	0.000	0.000	0.000	0.000	0.000	
0.000	0.000	0.000	0.000	0.000	0.000	0.000	0.000	0.000	0.000	0.000	0.000	0.489	1.958	1.958	0.489	0.000	0.000	0.000	0.000	0.000	0.000	0.000	0.000	0.000	0.000	0.000	0.000	
