0.074	0.074	0.074	0.074	0.074	0.074	0.074	0.074	0.074	0.074	0.074	0.074	0.074	0.074	0.074	0.074	0.074	0.074	0.074	0.074	0.074	0.175	0.193	0.112	0.112	0.112	0.112	0.112	
0.074	0.074	0.074	0.074	0.074	0.074	0.074	0.074	0.074	0.074	0.074	0.074	0.074	0.074	0.074	0.074	0.074	0.074	0.074	0.074	0.074	0.278	0.147	0.112	0.112	0.112	0.112	0.112	
0.074	0.074	0.074	0.074	0.074	0.074	0.074	0.074	0.074	0.074	0.074	0.074	0.074	0.074	0.074	0.074	0.074	0.074	0.074	0.074	0.110	0.331	0.113	0.112	0.112	0.112	0.112	0.112	
0.074	0.074	0.074	0.074	0.074	0.074	0.074	0.074	0.074	0.074	0.074	0.074	0.074	0.074	0.074	0.074	0.074	0.074	0.074	0.074	0.212	0.288	0.112	0.112	0.112	0.112	0.112	0.112	
0.074	0.074	0.074	0.074	0.074	0.074	0.074	0.074	0.074	0.074	0.074	0.074	0.074	0.074	0.074	0.074	0.074	0.074	0.074	0.076	0.313	0.241	0.112	0.112	0.112	0.112	0.112	0.112	
0.074	0.074	0.074	0.074	0.074	0.074	0.074	0.074	0.074	0.074	0.074	0.074	0.074	0.074	0.074	0.074	0.074	0.074	0.074	0.146	0.346	0.195	0.112	0.112	0.112	0.112	0.112	0.112	
0.074	0.074	0.074	0.074	0.074	0.074	0.074	0.074	0.074	0.074	0.074	0.074	0.074	0.074	0.074	0.074	0.074	0.074	0.074	0.250	0.346	0.148	0.112	0.112	0.112	0.112	0.112	0.112	
0.074	0.074	0.074	0.074	0.074	0.074	0.074	0.074	0.074	0.074	0.074	0.074	0.074	0.074	0.074	0.074	0.074	0.074	0.090	0.336	0.334	0.114	0.112	0.112	0.112	0.112	0.112	0.112	
0.084	0.074	0.074	0.074	0.074	0.074	0.074	0.074	0.074	0.074	0.074	0.074	0.074	0.074	0.074	0.074	0.074	0.074	0.184	0.346	0.290	0.112	0.112	0.112	0.112	0.112	0.112	0.112	
0.174	0.074	0.074	0.074	0.074	0.074	0.074	0.074	0.074	0.074	0.074	0.074	0.074	0.074	0.074	0.074	0.074	0.074	0.287	0.346	0.243	0.112	0.112	0.112	0.112	0.112	0.112	0.112	
0.256	0.098	0.074	0.074	0.074	0.074	0.074	0.074	0.074	0.074	0.074	0.074	0.074	0.074	0.074	0.074	0.074	0.118	0.346	0.346	0.197	0.112	0.112	0.112	0.112	0.112	0.112	0.112	
0.261	0.198	0.074	0.074	0.074	0.074	0.074	0.074	0.074	0.074	0.074	0.074	0.074	0.074	0.074	0.074	0.074	0.221	0.346	0.346	0.150	0.112	0.112	0.112	0.112	0.112	0.112	0.112	
0.261	0.261	0.117	0.074	0.074	0.074	0.074	0.074	0.074	0.074	0.074	0.074	0.074	0.074	0.074	0.074	0.078	0.320	0.346	0.335	0.114	0.112	0.112	0.112	0.112	0.112	0.112	0.112	
0.261	0.261	0.222	0.075	0.074	0.074	0.074	0.074	0.074	0.074	0.074	0.074	0.074	0.074	0.074	0.074	0.156	0.346	0.346	0.291	0.112	0.112	0.112	0.112	0.112	0.112	0.112	0.112	
0.261	0.261	0.261	0.144	0.074	0.074	0.074	0.074	0.074	0.074	0.074	0.074	0.074	0.074	0.074	0.074	0.259	0.346	0.346	0.245	0.112	0.112	0.112	0.112	0.112	0.112	0.112	0.112	
0.261	0.261	0.261	0.332	0.195	0.074	0.074	0.074	0.074	0.074	0.074	0.074	0.074	0.074	0.074	0.096	0.340	0.346	0.346	0.199	0.112	0.112	0.112	0.112	0.112	0.112	0.112	0.112	
0.261	0.261	0.261	0.261	0.661	0.106	0.074	0.074	0.074	0.074	0.074	0.074	0.074	0.074	0.074	0.193	0.346	0.346	0.346	0.152	0.112	0.112	0.112	0.112	0.112	0.112	0.112	0.112	
0.261	0.261	0.261	0.261	0.540	0.657	0.074	0.074	0.074	0.074	0.074	0.074	0.074	0.074	0.074	0.297	0.346	0.346	0.337	0.115	0.112	0.112	0.112	0.112	0.112	0.112	0.112	0.112	
0.261	0.261	0.261	0.261	0.289	0.956	0.454	0.074	0.074	0.074	0.074	0.074	0.074	0.074	0.128	0.346	0.346	0.346	0.293	0.112	0.112	0.112	0.112	0.112	0.112	0.112	0.112	0.112	
0.261	0.261	0.261	0.261	0.261	0.684	0.981	0.276	0.074	0.074	0.074	0.074	0.074	0.074	0.231	0.346	0.346	0.346	0.247	0.112	0.112	0.112	0.112	0.112	0.112	0.112	0.112	0.112	
0.261	0.261	0.261	0.261	0.261	0.385	1.004	0.901	0.153	0.074	0.074	0.074	0.074	0.081	0.326	0.346	0.346	0.346	0.200	0.112	0.112	0.112	0.112	0.112	0.112	0.112	0.112	0.112	
0.261	0.261	0.261	0.261	0.261	0.261	0.828	1.005	0.765	0.087	0.074	0.074	0.074	0.165	0.346	0.346	0.346	0.353	0.217	0.112	0.112	0.112	0.112	0.112	0.112	0.112	0.112	0.112	
0.261	0.261	0.261	0.261	0.261	0.261	0.528	1.005	1.005	0.576	0.074	0.074	0.074	0.268	0.346	0.346	0.346	0.894	0.604	0.112	0.112	0.112	0.112	0.112	0.112	0.112	0.112	0.112	
0.261	0.261	0.261	0.261	0.261	0.261	0.284	0.949	1.005	1.002	0.376	0.074	0.103	0.343	0.346	0.346	0.584	1.527	0.939	0.112	0.112	0.112	0.112	0.112	0.112	0.112	0.112	0.112	
0.261	0.261	0.261	0.261	0.261	0.261	0.261	0.672	1.005	1.005	0.956	0.220	0.203	0.346	0.346	0.399	1.372	1.557	1.275	0.112	0.112	0.112	0.112	0.112	0.112	0.112	0.112	0.112	
0.261	0.261	0.261	0.261	0.261	0.261	0.261	0.375	1.002	1.005	1.005	1.219	1.124	0.453	0.346	1.085	1.557	1.557	1.537	0.184	0.112	0.112	0.112	0.112	0.112	0.112	0.112	0.112	
0.261	0.261	0.261	0.261	0.261	0.261	0.261	0.261	1.006	1.277	1.515	1.870	1.870	1.781	1.707	1.738	1.557	1.557	1.557	0.500	0.112	0.112	0.112	0.112	0.112	0.112	0.112	0.112	
0.261	0.261	0.261	0.261	0.261	0.261	0.261	0.828	1.948	1.971	1.921	1.870	1.870	1.912	2.056	2.056	1.821	1.560	1.537	0.737	0.308	0.267	0.226	0.185	0.144	0.114	0.112	0.112	
0.313	0.346	0.378	0.411	0.443	0.475	0.508	1.617	1.971	1.971	1.957	1.870	1.870	1.948	2.056	2.056	2.056	1.863	0.904	0.571	0.571	0.571	0.571	0.571	0.571	0.560	0.521	0.480	
0.586	0.586	0.586	0.586	0.586	0.586	0.586	0.820	1.939	1.971	1.971	1.891	1.870	1.984	2.056	2.054	1.963	1.895	1.107	0.571	0.571	0.571	0.571	0.571	0.571	0.571	0.571	0.571	
0.586	0.586	0.586	0.586	0.586	0.586	0.586	0.586	1.298	1.972	1.977	1.964	1.913	1.948	2.006	1.939	1.895	1.895	1.479	0.571	0.571	0.571	0.571	0.571	0.571	0.571	0.571	0.571	
0.586	0.586	0.586	0.586	0.586	0.586	0.586	0.586	0.853	1.987	1.988	1.988	1.948	1.873	1.873	1.889	1.895	1.895	1.825	0.598	0.571	0.571	0.571	0.571	0.571	0.571	0.571	0.571	
0.586	0.586	0.586	0.586	0.586	0.586	0.586	0.759	1.571	1.988	1.988	1.988	1.934	1.873	1.873	1.875	1.894	1.895	1.788	0.684	0.551	0.552	0.552	0.553	0.554	0.555	0.556	0.556	
0.587	0.587	0.587	0.586	0.586	0.758	1.392	1.877	1.902	1.937	1.987	1.988	1.920	1.873	1.873	1.877	1.954	1.968	1.003	0.533	0.533	0.533	0.533	0.533	0.533	0.533	0.533	0.533	
0.604	0.604	0.604	0.604	0.604	0.860	1.782	1.902	1.902	1.902	2.015	2.208	2.190	1.921	1.874	1.951	1.992	1.992	1.241	0.533	0.533	0.533	0.533	0.533	0.533	0.533	0.533	0.533	
0.604	0.604	0.604	0.604	0.604	0.604	0.778	1.713	1.902	1.902	2.211	2.321	2.321	2.357	2.460	2.049	1.992	1.992	1.543	0.533	0.533	0.533	0.533	0.533	0.533	0.533	0.533	0.533	
0.604	0.604	0.604	0.604	0.604	0.604	0.604	0.712	1.682	2.084	2.320	2.321	2.321	2.550	2.647	2.476	2.000	1.992	1.810	0.537	0.533	0.533	0.533	0.533	0.533	0.533	0.533	0.533	
0.604	0.604	0.604	0.604	0.604	0.604	0.604	0.605	2.025	2.471	2.413	2.322	2.388	2.646	2.647	2.649	2.556	2.335	0.835	0.591	0.586	0.577	0.567	0.557	0.548	0.538	0.533	0.533	
0.604	0.604	0.604	0.604	0.604	0.604	0.604	1.142	2.471	2.471	2.471	2.651	2.713	2.666	2.647	2.747	2.817	2.765	0.593	0.591	0.591	0.591	0.591	0.591	0.591	0.591	0.587	0.577	
0.613	0.627	0.640	0.654	0.668	0.682	0.696	1.185	2.416	2.471	2.520	2.719	2.719	2.717	2.805	2.817	2.817	2.817	0.692	0.591	0.591	0.591	0.591	0.591	0.591	0.591	0.591	0.591	
0.723	0.723	0.723	0.723	0.723	0.723	0.723	0.723	1.368	2.703	2.790	2.725	2.719	2.813	3.187	3.081	2.845	2.574	1.134	0.598	0.591	0.591	0.591	0.591	0.591	0.591	0.591	0.591	
0.723	0.723	0.723	0.723	0.723	0.723	0.723	0.723	1.625	2.915	2.915	2.951	3.154	3.221	3.197	3.197	2.594	1.951	1.951	1.689	0.995	0.593	0.591	0.591	0.591	0.583	0.570	0.557	
0.723	0.723	0.723	0.723	0.723	0.723	0.728	0.793	2.102	2.915	2.915	3.233	3.485	3.456	3.213	3.197	2.263	1.951	1.951	1.951	1.949	1.110	0.521	0.508	0.495	0.491	0.491	0.491	
0.723	0.723	0.726	0.783	0.865	0.946	1.022	1.040	1.127	2.630	3.229	3.464	3.485	3.485	3.446	3.459	2.804	2.043	2.065	1.915	0.937	0.491	0.491	0.491	0.491	0.491	0.491	0.491	
0.855	0.936	1.016	1.040	1.040	1.040	1.040	1.040	1.040	2.834	3.616	3.609	3.943	4.061	3.529	3.497	3.453	3.273	3.273	1.832	0.491	0.491	0.491	0.491	0.491	0.491	0.491	0.491	
1.021	1.039	1.040	1.040	1.040	1.040	1.040	1.042	1.515	3.380	3.616	3.707	4.307	4.307	3.828	3.497	3.417	3.273	3.273	1.068	0.491	0.491	0.491	0.491	0.491	0.491	0.491	0.491	
0.857	0.863	0.885	0.908	0.932	0.955	1.816	3.016	3.377	3.395	3.909	4.414	4.389	4.386	4.564	4.243	4.288	3.554	3.062	0.516	0.491	0.491	0.491	0.491	0.491	0.491	0.491	0.491	
0.857	0.857	0.857	0.857	0.857	0.857	1.006	2.676	3.377	3.389	4.378	4.578	4.591	4.894	4.904	4.493	4.381	4.411	3.219	0.935	0.793	0.651	0.519	0.491	0.491	0.491	0.491	0.491	
0.857	0.857	0.857	0.857	0.857	0.857	0.857	0.894	2.510	4.712	5.137	4.677	4.236	4.656	4.765	4.147	4.521	4.665	3.656	1.420	1.420	1.420	1.410	1.297	1.155	1.014	0.872	0.730	
0.857	0.857	0.857	0.857	0.857	0.857	0.857	0.857	1.966	5.200	5.200	4.598	3.800	3.634	2.152	2.140	4.463	4.673	3.721	1.420	1.420	1.420	1.420	1.420	1.420	1.420	1.420	1.420	
0.000	0.000	0.000	0.000	0.000	0.000	0.000	0.000	0.000	0.000	0.000	0.000	2.019	3.338	2.101	1.116	0.000	0.000	0.000	0.000	0.000	0.000	0.000	0.000	0.000	0.000	0.000	0.000	
0.000	0.000	0.000	0.000	0.000	0.000	0.000	0.000	0.000	0.000	0.000	0.000	0.950	3.062	2.101	0.525	0.000	0.000	0.000	0.000	0.000	0.000	0.000	0.000	0.000	0.000	0.000	0.000	
0.000	0.000	0.000	0.000	0.000	0.000	0.000	0.000	0.000	0.000	0.000	0.000	0.950	2.787	2.101	0.525	0.000	0.000	0.000	0.000	0.000	0.000	0.000	0.000	0.000	0.000	0.000	0.000	
0.000	0.000	0.000	0.000	0.000	0.000	0.000	0.000	0.000	0.000	0.000	0.000	0.950	2.511	2.101	0.525	0.000	0.000	0.000	0.000	0.000	0.000	0.000	0.000	0.000	0.000	0.000	0.000	
0.000	0.000	0.000	0.000	0.000	0.000	0.000	0.000	0.000	0.000	0.000	0.000	0.950	2.235	2.101	0.525	0.000	0.000	0.000	0.000	0.000	0.000	0.000	0.000	0.000	0.000	0.000	0.000	
