0.063	0.063	0.063	0.063	0.063	0.063	0.063	0.063	0.063	0.054	0.040	0.040	0.040	0.040	0.040	0.040	0.040	0.040	0.040	0.040	0.040	0.040	0.040	0.040	0.040	0.040	0.040	0.040	
0.063	0.063	0.063	0.063	0.063	0.063	0.063	0.063	0.063	0.056	0.040	0.040	0.040	0.040	0.040	0.040	0.040	0.040	0.040	0.040	0.040	0.040	0.040	0.040	0.040	0.040	0.040	0.040	
0.063	0.063	0.063	0.063	0.063	0.063	0.063	0.063	0.063	0.058	0.040	0.040	0.040	0.040	0.040	0.040	0.040	0.040	0.040	0.040	0.040	0.040	0.040	0.040	0.040	0.040	0.040	0.040	
0.063	0.063	0.063	0.063	0.063	0.063	0.063	0.063	0.063	0.060	0.040	0.040	0.040	0.040	0.040	0.040	0.040	0.040	0.040	0.040	0.040	0.040	0.040	0.040	0.040	0.040	0.040	0.040	
0.063	0.063	0.063	0.063	0.063	0.063	0.063	0.063	0.063	0.062	0.040	0.040	0.040	0.040	0.040	0.040	0.040	0.040	0.040	0.040	0.040	0.040	0.040	0.040	0.040	0.040	0.040	0.040	
0.063	0.063	0.063	0.063	0.063	0.063	0.063	0.063	0.063	0.063	0.042	0.040	0.040	0.040	0.040	0.040	0.040	0.040	0.040	0.040	0.040	0.040	0.040	0.040	0.040	0.040	0.040	0.040	
0.063	0.063	0.063	0.063	0.063	0.063	0.063	0.063	0.063	0.063	0.044	0.040	0.040	0.040	0.040	0.040	0.040	0.040	0.040	0.040	0.040	0.040	0.040	0.040	0.040	0.040	0.040	0.040	
0.063	0.063	0.063	0.063	0.063	0.063	0.063	0.063	0.063	0.063	0.046	0.040	0.040	0.040	0.040	0.040	0.040	0.040	0.040	0.040	0.040	0.040	0.040	0.040	0.040	0.040	0.040	0.040	
0.063	0.063	0.063	0.063	0.063	0.063	0.063	0.063	0.063	0.063	0.048	0.040	0.040	0.040	0.040	0.040	0.040	0.040	0.040	0.040	0.040	0.040	0.040	0.040	0.040	0.040	0.040	0.040	
0.063	0.063	0.063	0.063	0.063	0.063	0.063	0.063	0.063	0.063	0.050	0.040	0.040	0.040	0.040	0.040	0.040	0.040	0.040	0.040	0.040	0.040	0.040	0.040	0.040	0.040	0.040	0.040	
0.063	0.063	0.063	0.063	0.063	0.063	0.063	0.063	0.063	0.063	0.052	0.040	0.040	0.040	0.040	0.040	0.040	0.040	0.040	0.040	0.040	0.040	0.040	0.040	0.040	0.040	0.040	0.040	
0.063	0.063	0.063	0.063	0.063	0.063	0.063	0.063	0.063	0.063	0.055	0.040	0.040	0.040	0.040	0.040	0.040	0.040	0.040	0.040	0.040	0.040	0.040	0.040	0.040	0.040	0.040	0.040	
0.063	0.063	0.063	0.063	0.063	0.063	0.063	0.063	0.063	0.063	0.057	0.040	0.040	0.040	0.040	0.040	0.040	0.040	0.040	0.040	0.040	0.040	0.040	0.040	0.040	0.040	0.040	0.040	
0.063	0.063	0.063	0.063	0.063	0.063	0.063	0.063	0.063	0.063	0.059	0.040	0.040	0.040	0.040	0.040	0.040	0.040	0.040	0.040	0.040	0.040	0.040	0.040	0.040	0.040	0.040	0.040	
0.063	0.063	0.063	0.063	0.063	0.063	0.063	0.063	0.063	0.063	0.061	0.040	0.040	0.040	0.040	0.040	0.040	0.040	0.040	0.040	0.040	0.040	0.040	0.040	0.040	0.040	0.040	0.040	
0.063	0.063	0.063	0.063	0.063	0.063	0.063	0.063	0.063	0.063	0.063	0.041	0.040	0.040	0.040	0.040	0.040	0.040	0.040	0.040	0.040	0.040	0.040	0.040	0.040	0.040	0.040	0.040	
0.063	0.063	0.063	0.063	0.063	0.063	0.063	0.063	0.063	0.063	0.063	0.043	0.040	0.040	0.040	0.040	0.040	0.040	0.040	0.040	0.040	0.040	0.040	0.040	0.040	0.040	0.040	0.040	
0.063	0.063	0.063	0.063	0.063	0.063	0.063	0.063	0.063	0.063	0.063	0.045	0.040	0.040	0.040	0.040	0.040	0.040	0.040	0.040	0.040	0.040	0.040	0.040	0.040	0.040	0.040	0.040	
0.066	0.063	0.063	0.063	0.063	0.063	0.063	0.063	0.063	0.063	0.063	0.047	0.040	0.040	0.040	0.040	0.040	0.040	0.040	0.040	0.040	0.040	0.040	0.040	0.040	0.040	0.040	0.040	
0.111	0.063	0.063	0.063	0.063	0.063	0.063	0.063	0.063	0.063	0.063	0.049	0.040	0.040	0.040	0.040	0.040	0.040	0.040	0.040	0.040	0.040	0.040	0.040	0.040	0.040	0.040	0.040	
0.169	0.063	0.063	0.063	0.063	0.063	0.063	0.063	0.063	0.063	0.063	0.051	0.040	0.040	0.040	0.040	0.040	0.040	0.040	0.040	0.040	0.040	0.040	0.040	0.040	0.040	0.040	0.040	
0.218	0.072	0.063	0.063	0.063	0.063	0.063	0.063	0.063	0.063	0.063	0.054	0.040	0.040	0.040	0.040	0.040	0.040	0.040	0.040	0.040	0.040	0.040	0.040	0.040	0.040	0.040	0.040	
0.224	0.124	0.063	0.063	0.063	0.063	0.063	0.063	0.063	0.063	0.063	0.056	0.040	0.040	0.040	0.040	0.040	0.040	0.040	0.040	0.040	0.040	0.040	0.040	0.040	0.040	0.040	0.040	
0.224	0.182	0.063	0.063	0.063	0.063	0.063	0.063	0.063	0.063	0.063	0.058	0.040	0.040	0.040	0.040	0.040	0.040	0.040	0.040	0.040	0.040	0.040	0.040	0.040	0.040	0.040	0.073	
0.224	0.222	0.081	0.063	0.063	0.063	0.063	0.063	0.063	0.063	0.063	0.060	0.040	0.040	0.040	0.040	0.040	0.040	0.040	0.040	0.040	0.040	0.040	0.040	0.040	0.040	0.040	0.182	
0.224	0.224	0.137	0.063	0.063	0.063	0.063	0.063	0.063	0.063	0.063	0.062	0.040	0.040	0.040	0.040	0.040	0.040	0.040	0.040	0.040	0.040	0.040	0.040	0.040	0.040	0.063	0.272	
0.224	0.224	0.195	0.063	0.063	0.063	0.063	0.063	0.063	0.063	0.063	0.063	0.042	0.040	0.040	0.040	0.040	0.040	0.040	0.040	0.040	0.040	0.040	0.040	0.040	0.040	0.169	0.280	
0.224	0.224	0.224	0.092	0.063	0.063	0.063	0.063	0.063	0.063	0.063	0.063	0.044	0.040	0.040	0.040	0.040	0.040	0.040	0.040	0.040	0.040	0.040	0.040	0.040	0.055	0.267	0.280	
0.224	0.224	0.224	0.150	0.063	0.063	0.063	0.063	0.063	0.063	0.063	0.063	0.046	0.040	0.040	0.040	0.040	0.040	0.040	0.040	0.040	0.040	0.040	0.040	0.040	0.155	0.280	0.280	
0.224	0.224	0.224	0.206	0.064	0.063	0.063	0.063	0.063	0.063	0.063	0.063	0.048	0.040	0.040	0.040	0.040	0.040	0.040	0.040	0.040	0.040	0.040	0.040	0.049	0.259	0.280	0.280	
0.224	0.224	0.224	0.224	0.105	0.063	0.063	0.063	0.063	0.063	0.063	0.063	0.050	0.040	0.040	0.040	0.040	0.040	0.040	0.040	0.040	0.040	0.040	0.040	0.141	0.280	0.280	0.280	
0.224	0.224	0.224	0.224	0.163	0.063	0.063	0.063	0.063	0.063	0.063	0.063	0.052	0.040	0.040	0.040	0.040	0.040	0.040	0.040	0.040	0.040	0.040	0.045	0.250	0.280	0.280	0.280	
0.224	0.224	0.224	0.224	0.215	0.069	0.063	0.063	0.063	0.063	0.063	0.063	0.055	0.040	0.040	0.040	0.040	0.040	0.040	0.040	0.040	0.040	0.040	0.128	0.280	0.280	0.280	0.280	
0.224	0.224	0.224	0.224	0.224	0.118	0.063	0.063	0.063	0.063	0.063	0.063	0.057	0.040	0.040	0.040	0.040	0.040	0.040	0.040	0.040	0.040	0.042	0.239	0.280	0.280	0.280	0.280	
0.224	0.224	0.224	0.224	0.224	0.175	0.063	0.063	0.063	0.063	0.063	0.063	0.059	0.040	0.040	0.040	0.040	0.040	0.040	0.040	0.040	0.040	0.114	0.280	0.280	0.280	0.280	0.280	
0.224	0.224	0.224	0.224	0.224	0.220	0.076	0.063	0.063	0.063	0.063	0.063	0.061	0.040	0.040	0.040	0.040	0.040	0.040	0.040	0.040	0.041	0.227	0.280	0.280	0.280	0.280	0.280	
0.224	0.224	0.224	0.224	0.224	0.224	0.131	0.063	0.063	0.063	0.063	0.063	0.063	0.041	0.040	0.040	0.040	0.040	0.040	0.040	0.040	0.101	0.280	0.280	0.280	0.280	0.280	0.280	
0.224	0.224	0.224	0.224	0.224	0.224	0.188	0.063	0.063	0.063	0.063	0.063	0.063	0.043	0.040	0.040	0.040	0.040	0.040	0.040	0.040	0.214	0.280	0.280	0.280	0.280	0.280	0.304	
0.224	0.224	0.224	0.224	0.224	0.224	0.223	0.086	0.063	0.063	0.063	0.063	0.063	0.045	0.040	0.040	0.040	0.040	0.040	0.040	0.088	0.279	0.280	0.280	0.280	0.280	0.293	0.574	
0.260	0.224	0.224	0.224	0.224	0.224	0.224	0.143	0.063	0.063	0.063	0.063	0.063	0.047	0.040	0.040	0.040	0.040	0.040	0.040	0.200	0.280	0.280	0.280	0.280	0.285	0.547	0.668	
0.714	0.293	0.224	0.224	0.224	0.224	0.224	0.201	0.063	0.063	0.063	0.063	0.063	0.049	0.040	0.040	0.040	0.040	0.040	0.076	0.277	0.280	0.280	0.280	0.281	0.517	0.668	0.668	
0.815	0.755	0.337	0.224	0.224	0.224	0.224	0.224	0.098	0.063	0.063	0.063	0.069	1.483	0.042	0.040	0.040	0.040	0.040	0.187	0.280	0.280	0.280	0.280	0.484	0.668	0.668	0.668	
0.815	0.815	0.785	0.391	0.224	0.224	0.224	0.224	0.156	0.063	0.063	0.063	0.974	3.188	1.510	0.040	0.040	0.040	0.066	0.274	0.280	0.280	0.280	0.449	0.668	0.668	0.668	0.668	
0.815	0.815	0.815	0.805	0.455	0.224	0.224	0.224	0.211	0.066	0.063	0.077	2.512	3.175	3.340	0.955	0.040	0.040	0.173	0.280	0.280	0.280	0.417	0.665	0.668	0.668	0.668	0.668	
0.815	0.815	0.815	0.815	0.814	0.528	0.226	0.224	0.224	0.111	0.063	1.045	3.095	3.161	3.386	3.164	0.852	0.763	0.269	0.280	0.280	0.389	0.660	0.668	0.668	0.668	0.668	0.726	
0.984	0.833	0.815	0.815	0.815	0.815	0.600	0.238	0.251	1.494	2.708	3.381	3.095	3.148	3.386	3.424	4.171	4.258	1.695	0.424	0.363	0.650	0.668	0.668	0.668	0.682	0.902	1.129	
1.201	1.173	1.011	0.847	0.815	0.815	0.815	1.502	4.262	4.889	4.974	4.951	4.369	4.463	4.635	4.607	4.262	4.260	4.619	4.679	2.070	0.668	0.668	0.668	0.810	1.081	1.148	1.148	
1.201	1.201	1.201	1.186	1.038	0.865	0.815	2.654	4.869	4.870	4.982	5.039	5.272	5.243	5.052	5.061	4.971	4.751	4.731	4.710	3.325	0.753	0.733	1.004	1.148	1.148	1.148	1.148	
1.201	1.201	1.201	1.201	1.201	1.195	1.899	5.003	5.063	5.082	5.294	5.287	4.950	4.818	4.328	5.303	5.697	6.043	6.184	5.387	5.247	4.306	1.133	1.148	1.148	1.148	1.148	1.148	
1.201	1.201	1.201	1.201	1.201	1.201	2.527	5.127	5.127	5.231	5.295	5.038	3.581	3.490	2.354	3.635	5.697	6.149	6.371	5.790	5.249	4.767	1.148	1.148	1.148	1.148	1.148	1.148	
0.000	0.000	0.000	0.000	0.000	0.000	0.000	0.000	0.000	0.000	0.000	0.000	1.902	3.350	2.354	1.253	0.000	0.000	0.000	0.000	0.000	0.000	0.000	0.000	0.000	0.000	0.000	0.000	
0.000	0.000	0.000	0.000	0.000	0.000	0.000	0.000	0.000	0.000	0.000	0.000	0.895	3.210	2.354	0.589	0.000	0.000	0.000	0.000	0.000	0.000	0.000	0.000	0.000	0.000	0.000	0.000	
0.000	0.000	0.000	0.000	0.000	0.000	0.000	0.000	0.000	0.000	0.000	0.000	0.895	3.070	2.354	0.589	0.000	0.000	0.000	0.000	0.000	0.000	0.000	0.000	0.000	0.000	0.000	0.000	
0.000	0.000	0.000	0.000	0.000	0.000	0.000	0.000	0.000	0.000	0.000	0.000	0.895	2.930	2.354	0.589	0.000	0.000	0.000	0.000	0.000	0.000	0.000	0.000	0.000	0.000	0.000	0.000	
0.000	0.000	0.000	0.000	0.000	0.000	0.000	0.000	0.000	0.000	0.000	0.000	0.895	2.790	2.354	0.589	0.000	0.000	0.000	0.000	0.000	0.000	0.000	0.000	0.000	0.000	0.000	0.000	
