0.058	0.058	0.058	0.058	0.058	0.058	0.058	0.069	0.084	0.084	0.084	0.084	0.084	0.084	0.084	0.084	0.061	0.046	0.046	0.046	0.046	0.046	0.046	0.046	0.046	0.046	0.046	0.046	
0.058	0.058	0.058	0.058	0.058	0.058	0.058	0.067	0.084	0.084	0.084	0.084	0.084	0.084	0.084	0.084	0.061	0.046	0.046	0.046	0.046	0.046	0.046	0.046	0.046	0.046	0.046	0.046	
0.058	0.058	0.058	0.058	0.058	0.058	0.058	0.065	0.084	0.084	0.084	0.084	0.084	0.084	0.084	0.084	0.060	0.046	0.046	0.046	0.046	0.046	0.046	0.046	0.046	0.046	0.046	0.046	
0.058	0.058	0.058	0.058	0.058	0.058	0.058	0.062	0.084	0.084	0.084	0.084	0.084	0.084	0.084	0.084	0.059	0.046	0.046	0.046	0.046	0.046	0.046	0.046	0.046	0.046	0.046	0.046	
0.058	0.058	0.058	0.058	0.058	0.058	0.058	0.060	0.084	0.084	0.084	0.084	0.084	0.084	0.084	0.084	0.058	0.046	0.046	0.046	0.046	0.046	0.046	0.046	0.046	0.046	0.046	0.046	
0.058	0.058	0.058	0.058	0.058	0.058	0.058	0.058	0.084	0.084	0.084	0.084	0.084	0.084	0.084	0.084	0.057	0.046	0.046	0.046	0.046	0.046	0.046	0.046	0.046	0.046	0.046	0.046	
0.058	0.058	0.058	0.058	0.058	0.058	0.058	0.058	0.082	0.084	0.084	0.084	0.084	0.084	0.084	0.084	0.056	0.046	0.046	0.046	0.046	0.046	0.046	0.046	0.046	0.046	0.046	0.046	
0.058	0.058	0.058	0.058	0.058	0.058	0.058	0.058	0.079	0.084	0.084	0.084	0.084	0.084	0.084	0.084	0.056	0.046	0.046	0.046	0.046	0.046	0.046	0.046	0.046	0.046	0.046	0.046	
0.058	0.058	0.058	0.058	0.058	0.058	0.058	0.058	0.077	0.084	0.084	0.084	0.084	0.084	0.084	0.084	0.055	0.046	0.046	0.046	0.046	0.046	0.046	0.046	0.046	0.046	0.046	0.046	
0.058	0.058	0.058	0.058	0.058	0.058	0.058	0.058	0.075	0.084	0.084	0.084	0.084	0.084	0.084	0.084	0.054	0.046	0.046	0.046	0.046	0.046	0.046	0.046	0.046	0.046	0.046	0.046	
0.058	0.058	0.058	0.058	0.058	0.058	0.058	0.058	0.072	0.084	0.084	0.084	0.084	0.084	0.084	0.084	0.053	0.046	0.046	0.046	0.046	0.046	0.046	0.046	0.046	0.046	0.046	0.046	
0.058	0.058	0.058	0.058	0.058	0.058	0.058	0.058	0.070	0.084	0.084	0.084	0.084	0.084	0.084	0.084	0.052	0.046	0.046	0.046	0.046	0.046	0.046	0.046	0.046	0.046	0.046	0.046	
0.058	0.058	0.058	0.058	0.058	0.058	0.058	0.058	0.067	0.084	0.084	0.084	0.084	0.084	0.084	0.084	0.051	0.046	0.046	0.046	0.046	0.046	0.046	0.046	0.046	0.046	0.046	0.046	
0.058	0.058	0.058	0.058	0.058	0.058	0.058	0.058	0.065	0.084	0.084	0.084	0.084	0.084	0.084	0.084	0.051	0.046	0.046	0.046	0.046	0.046	0.046	0.046	0.046	0.046	0.046	0.046	
0.058	0.058	0.058	0.058	0.058	0.058	0.058	0.058	0.063	0.084	0.084	0.084	0.084	0.084	0.084	0.084	0.050	0.046	0.046	0.046	0.046	0.046	0.046	0.046	0.046	0.046	0.046	0.046	
0.058	0.058	0.058	0.058	0.058	0.058	0.058	0.058	0.060	0.084	0.084	0.084	0.084	0.084	0.084	0.084	0.049	0.046	0.046	0.046	0.046	0.046	0.046	0.046	0.046	0.046	0.046	0.046	
0.058	0.058	0.058	0.058	0.058	0.058	0.058	0.058	0.058	0.084	0.084	0.084	0.084	0.084	0.084	0.084	0.048	0.046	0.046	0.046	0.046	0.046	0.046	0.046	0.046	0.046	0.046	0.046	
0.058	0.058	0.058	0.058	0.058	0.058	0.058	0.058	0.058	0.082	0.084	0.084	0.084	0.084	0.084	0.084	0.047	0.046	0.046	0.046	0.046	0.046	0.046	0.046	0.046	0.046	0.046	0.046	
0.058	0.058	0.058	0.058	0.058	0.058	0.058	0.058	0.058	0.080	0.084	0.084	0.084	0.084	0.084	0.084	0.046	0.046	0.046	0.046	0.046	0.046	0.046	0.046	0.046	0.046	0.046	0.046	
0.058	0.058	0.058	0.058	0.058	0.058	0.058	0.058	0.058	0.077	0.084	0.084	0.084	0.084	0.084	0.084	0.046	0.046	0.046	0.046	0.046	0.046	0.046	0.046	0.046	0.046	0.046	0.046	
0.058	0.058	0.058	0.058	0.058	0.058	0.058	0.058	0.058	0.075	0.084	0.084	0.084	0.084	0.084	0.083	0.046	0.046	0.046	0.046	0.046	0.046	0.046	0.046	0.046	0.046	0.046	0.046	
0.058	0.058	0.058	0.058	0.058	0.058	0.058	0.058	0.058	0.073	0.084	0.084	0.084	0.084	0.084	0.082	0.046	0.046	0.046	0.046	0.046	0.046	0.046	0.046	0.046	0.046	0.046	0.046	
0.058	0.058	0.058	0.058	0.058	0.058	0.058	0.058	0.058	0.070	0.084	0.084	0.084	0.084	0.084	0.081	0.046	0.046	0.046	0.046	0.046	0.046	0.046	0.046	0.046	0.046	0.046	0.046	
0.058	0.058	0.058	0.058	0.058	0.058	0.058	0.058	0.058	0.068	0.084	0.084	0.084	0.084	0.084	0.081	0.046	0.046	0.046	0.046	0.046	0.046	0.046	0.046	0.046	0.046	0.046	0.046	
0.058	0.058	0.058	0.058	0.058	0.058	0.058	0.058	0.058	0.066	0.084	0.084	0.084	0.084	0.084	0.080	0.046	0.046	0.046	0.046	0.046	0.046	0.046	0.046	0.046	0.046	0.046	0.046	
0.058	0.058	0.058	0.058	0.058	0.058	0.058	0.058	0.058	0.063	0.084	0.084	0.084	0.084	0.084	0.079	0.046	0.046	0.046	0.046	0.046	0.046	0.046	0.046	0.046	0.046	0.046	0.046	
0.058	0.058	0.058	0.058	0.058	0.058	0.058	0.058	0.058	0.061	0.084	0.084	0.084	0.084	0.084	0.078	0.046	0.046	0.046	0.046	0.046	0.046	0.046	0.046	0.046	0.046	0.046	0.046	
0.058	0.058	0.058	0.058	0.058	0.058	0.058	0.058	0.058	0.059	0.084	0.084	0.084	0.084	0.084	0.077	0.046	0.046	0.046	0.046	0.046	0.046	0.046	0.046	0.046	0.046	0.046	0.046	
0.058	0.058	0.058	0.058	0.058	0.058	0.058	0.058	0.058	0.058	0.083	0.084	0.084	0.084	0.084	0.076	0.046	0.046	0.046	0.046	0.046	0.046	0.046	0.046	0.046	0.046	0.046	0.046	
0.058	0.058	0.058	0.058	0.058	0.058	0.058	0.058	0.058	0.058	0.080	0.084	0.084	0.084	0.084	0.076	0.046	0.046	0.046	0.046	0.046	0.046	0.046	0.046	0.046	0.046	0.046	0.046	
0.058	0.058	0.058	0.058	0.058	0.058	0.058	0.058	0.058	0.058	0.078	0.084	0.084	0.084	0.084	0.075	0.046	0.046	0.046	0.046	0.046	0.046	0.046	0.046	0.046	0.046	0.046	0.046	
0.058	0.058	0.058	0.058	0.058	0.058	0.058	0.058	0.058	0.058	0.075	0.084	0.084	0.084	0.084	0.074	0.046	0.046	0.046	0.046	0.046	0.046	0.046	0.046	0.046	0.046	0.046	0.046	
0.058	0.058	0.058	0.058	0.058	0.058	0.058	0.058	0.058	0.058	0.073	0.084	0.084	0.084	0.084	0.073	0.046	0.046	0.046	0.046	0.046	0.046	0.046	0.046	0.046	0.046	0.046	0.046	
0.058	0.058	0.058	0.058	0.058	0.058	0.058	0.058	0.058	0.058	0.071	0.084	0.084	0.084	0.084	0.072	0.046	0.046	0.046	0.046	0.046	0.046	0.046	0.046	0.046	0.046	0.046	0.046	
0.058	0.058	0.058	0.058	0.058	0.058	0.058	0.058	0.058	0.058	0.068	0.084	0.084	0.084	0.084	0.071	0.046	0.046	0.046	0.046	0.046	0.046	0.046	0.046	0.046	0.046	0.046	0.046	
0.058	0.058	0.058	0.058	0.058	0.058	0.058	0.058	0.058	0.058	0.066	0.084	0.084	0.084	0.084	0.071	0.046	0.046	0.046	0.046	0.046	0.046	0.046	0.046	0.046	0.046	0.046	0.046	
0.058	0.058	0.058	0.058	0.058	0.058	0.058	0.058	0.058	0.058	0.064	0.084	0.084	0.084	0.084	0.070	0.046	0.046	0.046	0.046	0.046	0.046	0.046	0.046	0.046	0.046	0.046	0.046	
0.058	0.058	0.058	0.058	0.058	0.058	0.058	0.058	0.058	0.058	0.061	0.084	0.084	0.084	0.084	0.069	0.046	0.046	0.046	0.046	0.046	0.046	0.046	0.046	0.046	0.046	0.046	0.046	
0.058	0.058	0.058	0.058	0.058	0.058	0.058	0.058	0.058	0.058	0.059	0.084	0.084	0.084	0.084	0.068	0.046	0.046	0.046	0.046	0.046	0.046	0.046	0.046	0.046	0.046	0.046	0.046	
0.058	0.058	0.058	0.058	0.058	0.058	0.058	0.058	0.058	0.058	0.058	0.083	0.084	0.084	0.084	0.067	0.046	0.046	0.046	0.046	0.046	0.046	0.046	0.046	0.046	0.046	0.046	0.046	
0.058	0.058	0.058	0.058	0.058	0.058	0.058	0.058	0.058	0.058	0.058	0.081	0.084	0.084	0.084	0.066	0.046	0.046	0.046	0.046	0.046	0.046	0.046	0.046	0.046	0.046	0.046	0.066	
0.284	0.067	0.058	0.058	0.058	0.058	0.058	0.058	0.058	0.058	0.058	0.078	0.084	0.084	0.084	0.066	0.046	0.046	0.046	0.046	0.046	0.046	0.046	0.046	0.046	0.046	0.116	0.397	
0.472	0.388	0.117	0.058	0.058	0.058	0.058	0.058	0.058	0.058	0.058	0.076	0.084	0.084	0.084	0.065	0.046	0.046	0.046	0.046	0.046	0.046	0.046	0.046	0.046	0.196	0.444	0.462	
0.472	0.472	0.451	0.209	0.058	0.058	0.058	0.058	0.058	0.058	0.058	0.074	0.084	0.084	0.084	0.064	0.046	0.046	0.046	0.046	0.046	0.046	0.046	0.058	0.293	0.462	0.462	0.462	
0.472	0.472	0.472	0.472	0.322	0.079	0.058	0.058	0.058	0.058	0.058	0.071	0.084	0.084	0.084	0.063	0.046	0.046	0.046	0.046	0.046	0.046	0.100	0.378	0.462	0.462	0.462	0.462	
0.472	0.472	0.472	0.472	0.472	0.413	0.143	0.058	0.058	0.058	0.058	0.069	0.084	0.084	0.144	1.570	0.046	0.046	0.046	0.046	0.046	0.171	0.434	0.462	0.462	0.462	0.462	0.462	
0.472	0.472	0.472	0.472	0.472	0.472	0.463	0.246	0.060	0.058	0.058	0.067	0.084	0.084	1.520	3.189	0.330	0.046	0.046	0.052	0.267	0.460	0.462	0.462	0.462	0.462	0.462	0.462	
0.472	0.472	0.472	0.472	0.472	0.472	0.472	0.472	0.357	0.096	0.064	1.211	0.420	0.410	3.109	3.275	1.983	0.157	0.085	0.358	0.462	0.462	0.462	0.462	0.462	0.462	0.462	0.462	
0.472	0.472	0.472	0.472	0.472	0.472	0.472	0.472	0.472	0.435	2.798	3.966	3.686	2.719	3.275	3.409	4.696	4.554	1.035	0.462	0.462	0.462	0.462	0.462	0.462	0.462	0.462	0.462	
0.472	0.472	0.472	0.472	0.472	0.472	0.472	0.472	0.472	0.472	3.529	3.966	3.816	2.010	2.224	4.083	4.859	4.859	1.401	0.462	0.462	0.462	0.462	0.462	0.462	0.462	0.462	0.462	
0.000	0.000	0.000	0.000	0.000	0.000	0.000	0.000	0.000	0.000	0.000	0.000	1.222	1.718	1.718	1.282	0.000	0.000	0.000	0.000	0.000	0.000	0.000	0.000	0.000	0.000	0.000	0.000	
0.000	0.000	0.000	0.000	0.000	0.000	0.000	0.000	0.000	0.000	0.000	0.000	0.430	1.718	1.718	0.430	0.000	0.000	0.000	0.000	0.000	0.000	0.000	0.000	0.000	0.000	0.000	0.000	
0.000	0.000	0.000	0.000	0.000	0.000	0.000	0.000	0.000	0.000	0.000	0.000	0.430	1.718	1.718	0.430	0.000	0.000	0.000	0.000	0.000	0.000	0.000	0.000	0.000	0.000	0.000	0.000	
0.000	0.000	0.000	0.000	0.000	0.000	0.000	0.000	0.000	0.000	0.000	0.000	0.430	1.718	1.718	0.430	0.000	0.000	0.000	0.000	0.000	0.000	0.000	0.000	0.000	0.000	0.000	0.000	
0.000	0.000	0.000	0.000	0.000	0.000	0.000	0.000	0.000	0.000	0.000	0.000	0.430	1.718	1.718	0.430	0.000	0.000	0.000	0.000	0.000	0.000	0.000	0.000	0.000	0.000	0.000	0.000	
