0.058	0.058	0.058	0.058	0.058	0.058	0.058	0.058	0.058	0.068	0.082	0.082	0.082	0.082	0.082	0.082	0.082	0.082	0.082	0.082	0.069	0.067	0.067	0.067	0.067	0.067	0.067	0.067	
0.058	0.058	0.058	0.058	0.058	0.058	0.058	0.058	0.058	0.066	0.082	0.082	0.082	0.082	0.082	0.082	0.082	0.082	0.082	0.082	0.068	0.067	0.067	0.067	0.067	0.067	0.067	0.067	
0.058	0.058	0.058	0.058	0.058	0.058	0.058	0.058	0.058	0.065	0.082	0.082	0.082	0.082	0.082	0.082	0.082	0.082	0.082	0.081	0.067	0.067	0.067	0.067	0.067	0.067	0.067	0.067	
0.058	0.058	0.058	0.058	0.058	0.058	0.058	0.058	0.058	0.064	0.082	0.082	0.082	0.082	0.082	0.082	0.082	0.082	0.082	0.080	0.067	0.067	0.067	0.067	0.067	0.067	0.067	0.067	
0.058	0.058	0.058	0.058	0.058	0.058	0.058	0.058	0.058	0.062	0.082	0.082	0.082	0.082	0.082	0.082	0.082	0.082	0.082	0.078	0.067	0.067	0.067	0.067	0.067	0.067	0.067	0.067	
0.058	0.058	0.058	0.058	0.058	0.058	0.058	0.058	0.058	0.061	0.082	0.082	0.082	0.082	0.082	0.082	0.082	0.082	0.082	0.077	0.067	0.067	0.067	0.067	0.067	0.067	0.067	0.067	
0.058	0.058	0.058	0.058	0.058	0.058	0.058	0.058	0.058	0.060	0.082	0.082	0.082	0.082	0.082	0.082	0.082	0.082	0.082	0.076	0.067	0.067	0.067	0.067	0.067	0.067	0.067	0.067	
0.058	0.058	0.058	0.058	0.058	0.058	0.058	0.058	0.058	0.058	0.082	0.082	0.082	0.082	0.082	0.082	0.082	0.082	0.082	0.074	0.067	0.067	0.067	0.067	0.067	0.067	0.067	0.067	
0.058	0.058	0.058	0.058	0.058	0.058	0.058	0.058	0.058	0.058	0.081	0.082	0.082	0.082	0.082	0.082	0.082	0.082	0.082	0.073	0.067	0.067	0.067	0.067	0.067	0.067	0.067	0.067	
0.058	0.058	0.058	0.058	0.058	0.058	0.058	0.058	0.058	0.058	0.089	0.082	0.082	0.082	0.082	0.082	0.082	0.082	0.082	0.072	0.067	0.067	0.067	0.067	0.067	0.067	0.067	0.067	
0.058	0.058	0.058	0.058	0.058	0.058	0.058	0.058	0.058	0.058	0.119	0.082	0.082	0.082	0.082	0.082	0.082	0.082	0.082	0.070	0.067	0.067	0.067	0.067	0.067	0.067	0.067	0.067	
0.058	0.058	0.058	0.058	0.058	0.058	0.058	0.058	0.058	0.058	0.150	0.082	0.082	0.082	0.082	0.082	0.082	0.082	0.082	0.069	0.067	0.067	0.067	0.067	0.067	0.067	0.067	0.067	
0.058	0.058	0.058	0.058	0.058	0.058	0.058	0.058	0.058	0.058	0.181	0.082	0.082	0.082	0.082	0.082	0.082	0.082	0.082	0.068	0.067	0.067	0.067	0.067	0.067	0.067	0.067	0.067	
0.058	0.058	0.058	0.058	0.058	0.058	0.058	0.058	0.058	0.058	0.212	0.082	0.082	0.082	0.082	0.082	0.082	0.082	0.081	0.067	0.067	0.067	0.067	0.067	0.067	0.067	0.067	0.067	
0.058	0.058	0.058	0.058	0.058	0.058	0.058	0.058	0.058	0.058	0.242	0.082	0.082	0.082	0.082	0.082	0.082	0.082	0.080	0.067	0.067	0.067	0.067	0.067	0.067	0.067	0.067	0.067	
0.058	0.058	0.058	0.058	0.058	0.058	0.058	0.058	0.058	0.058	0.273	0.082	0.082	0.082	0.082	0.082	0.082	0.082	0.078	0.067	0.067	0.067	0.067	0.067	0.067	0.067	0.067	0.067	
0.058	0.058	0.058	0.058	0.058	0.058	0.058	0.058	0.058	0.058	0.304	0.082	0.082	0.082	0.082	0.082	0.082	0.082	0.077	0.067	0.067	0.067	0.067	0.067	0.067	0.067	0.067	0.067	
0.058	0.058	0.058	0.058	0.058	0.058	0.058	0.058	0.058	0.058	0.335	0.082	0.082	0.082	0.082	0.082	0.082	0.082	0.076	0.067	0.067	0.067	0.067	0.067	0.067	0.067	0.067	0.067	
0.058	0.058	0.058	0.058	0.058	0.058	0.058	0.058	0.058	0.058	0.365	0.083	0.082	0.082	0.082	0.082	0.082	0.082	0.074	0.067	0.067	0.067	0.067	0.067	0.067	0.067	0.067	0.067	
0.058	0.058	0.058	0.058	0.058	0.058	0.058	0.058	0.058	0.058	0.370	0.108	0.082	0.082	0.082	0.082	0.082	0.082	0.073	0.067	0.067	0.067	0.067	0.067	0.067	0.067	0.067	0.067	
0.058	0.058	0.058	0.058	0.058	0.058	0.058	0.058	0.058	0.058	0.362	0.147	0.082	0.082	0.082	0.082	0.082	0.082	0.072	0.067	0.067	0.067	0.067	0.067	0.067	0.067	0.067	0.067	
0.058	0.058	0.058	0.058	0.058	0.058	0.058	0.058	0.058	0.058	0.354	0.186	0.082	0.082	0.082	0.082	0.082	0.082	0.070	0.067	0.067	0.067	0.067	0.067	0.067	0.067	0.067	0.067	
0.058	0.058	0.058	0.058	0.058	0.058	0.058	0.058	0.058	0.058	0.346	0.225	0.082	0.082	0.082	0.082	0.082	0.082	0.069	0.067	0.067	0.067	0.067	0.067	0.067	0.067	0.067	0.067	
0.058	0.058	0.058	0.058	0.058	0.058	0.058	0.058	0.058	0.058	0.337	0.263	0.082	0.082	0.082	0.082	0.082	0.082	0.068	0.067	0.067	0.067	0.067	0.067	0.067	0.067	0.067	0.067	
0.058	0.058	0.058	0.058	0.058	0.058	0.058	0.058	0.058	0.058	0.329	0.302	0.082	0.082	0.082	0.082	0.082	0.081	0.067	0.067	0.067	0.067	0.067	0.067	0.067	0.067	0.067	0.067	
0.058	0.058	0.058	0.058	0.058	0.058	0.058	0.058	0.058	0.058	0.321	0.341	0.082	0.082	0.082	0.082	0.082	0.080	0.067	0.067	0.067	0.067	0.067	0.067	0.067	0.067	0.067	0.067	
0.058	0.058	0.058	0.058	0.058	0.058	0.058	0.058	0.058	0.058	0.313	0.380	0.082	0.082	0.082	0.082	0.082	0.078	0.067	0.067	0.067	0.067	0.067	0.067	0.067	0.067	0.067	0.079	
0.058	0.058	0.058	0.058	0.058	0.058	0.058	0.058	0.058	0.058	0.305	0.419	0.082	0.082	0.082	0.082	0.082	0.077	0.067	0.067	0.067	0.067	0.067	0.067	0.067	0.067	0.067	0.161	
0.058	0.058	0.058	0.058	0.058	0.058	0.058	0.058	0.058	0.058	0.297	0.457	0.082	0.082	0.082	0.082	0.082	0.076	0.067	0.067	0.067	0.067	0.067	0.067	0.067	0.067	0.068	0.253	
0.058	0.058	0.058	0.058	0.058	0.058	0.058	0.058	0.058	0.058	0.289	0.490	0.088	0.082	0.082	0.082	0.082	0.074	0.067	0.067	0.067	0.067	0.067	0.067	0.067	0.067	0.128	0.286	
0.058	0.058	0.058	0.058	0.058	0.058	0.058	0.058	0.058	0.058	0.281	0.493	0.124	0.082	0.082	0.082	0.082	0.073	0.067	0.067	0.067	0.067	0.067	0.067	0.067	0.067	0.221	0.286	
0.058	0.058	0.058	0.058	0.058	0.058	0.058	0.058	0.058	0.058	0.273	0.493	0.163	0.082	0.082	0.082	0.082	0.072	0.067	0.067	0.067	0.067	0.067	0.067	0.067	0.097	0.284	0.286	
0.058	0.058	0.058	0.058	0.058	0.058	0.058	0.058	0.058	0.058	0.265	0.493	0.201	0.082	0.082	0.082	0.082	0.070	0.067	0.067	0.067	0.067	0.067	0.067	0.067	0.188	0.286	0.286	
0.058	0.058	0.058	0.058	0.058	0.058	0.058	0.058	0.058	0.058	0.257	0.493	0.240	0.082	0.082	0.082	0.082	0.069	0.067	0.067	0.067	0.067	0.067	0.067	0.077	0.272	0.286	0.286	
0.058	0.058	0.058	0.058	0.058	0.058	0.058	0.058	0.058	0.058	0.249	0.493	0.279	0.082	0.082	0.082	0.082	0.068	0.067	0.067	0.067	0.067	0.067	0.067	0.156	0.286	0.286	0.286	
0.128	0.058	0.058	0.058	0.058	0.058	0.058	0.058	0.058	0.058	0.241	0.493	0.318	0.082	0.082	0.082	0.081	0.067	0.067	0.067	0.067	0.067	0.067	0.068	0.249	0.286	0.286	0.286	
0.408	0.082	0.058	0.058	0.058	0.058	0.058	0.058	0.058	0.058	0.233	0.493	0.357	0.082	0.082	0.082	0.080	0.067	0.067	0.067	0.067	0.067	0.067	0.123	0.286	0.286	0.286	0.286	
0.470	0.342	0.060	0.058	0.058	0.058	0.058	0.058	0.058	0.058	0.225	0.493	0.395	0.082	0.082	0.082	0.078	0.067	0.067	0.067	0.067	0.067	0.067	0.216	0.286	0.286	0.286	0.286	
0.470	0.470	0.255	0.058	0.058	0.058	0.058	0.058	0.058	0.058	0.217	0.493	0.434	0.082	0.082	0.082	0.077	0.067	0.067	0.067	0.067	0.067	0.094	0.283	0.286	0.286	0.286	0.286	
0.470	0.470	0.465	0.171	0.058	0.058	0.058	0.058	0.058	0.058	0.209	0.493	0.473	0.082	0.082	0.082	0.076	0.067	0.067	0.067	0.067	0.067	0.184	0.286	0.286	0.286	0.286	0.286	
0.470	0.470	0.470	0.438	0.109	0.058	0.058	0.058	0.058	0.058	0.201	0.493	0.493	0.101	0.082	0.082	0.074	0.067	0.067	0.067	0.067	0.075	0.269	0.286	0.286	0.286	0.286	0.286	
0.470	0.470	0.470	0.470	0.387	0.071	0.058	0.058	0.058	0.058	0.192	0.493	0.493	0.139	0.082	0.082	0.073	0.067	0.067	0.067	0.067	0.151	0.286	0.286	0.286	0.286	0.286	0.286	
0.470	0.470	0.470	0.470	0.470	0.311	0.058	0.058	0.058	0.058	0.184	0.493	0.493	0.178	0.082	0.082	0.072	0.067	0.067	0.067	0.176	0.482	0.286	0.286	0.286	0.286	0.286	0.286	
0.470	0.470	0.470	0.470	0.470	0.470	0.223	0.058	0.058	0.058	0.176	0.493	0.493	0.217	0.082	0.082	0.070	0.067	0.067	0.078	1.857	0.690	0.286	0.286	0.286	0.286	0.286	0.286	
0.470	0.470	0.470	0.470	0.470	0.470	0.458	0.145	0.058	0.058	0.168	0.493	0.493	0.256	0.082	0.082	0.069	0.067	0.067	1.389	2.758	0.538	0.286	0.286	0.286	0.286	0.286	0.286	
0.531	0.470	0.470	0.470	0.470	0.470	0.470	0.422	0.303	0.280	0.922	1.291	0.924	2.547	1.318	2.356	1.393	0.447	1.077	2.742	2.758	0.387	0.286	0.286	0.286	0.286	0.286	0.286	
1.115	0.959	0.741	0.531	0.470	0.470	0.470	0.470	3.922	4.732	4.967	5.130	4.822	4.620	4.809	4.998	5.066	5.171	4.058	2.758	2.706	0.288	0.286	0.286	0.286	0.341	0.651	0.993	
1.122	1.122	1.122	1.115	0.959	0.741	0.531	0.671	4.656	4.732	4.958	5.130	4.905	4.620	4.809	4.999	5.096	5.171	4.862	2.945	3.271	0.653	0.405	0.742	1.084	1.371	1.403	1.403	
1.122	1.122	1.122	1.122	1.122	1.122	1.115	3.330	5.092	4.979	5.171	5.235	4.855	3.744	4.255	5.123	5.134	5.683	5.958	5.129	4.810	3.596	1.398	1.403	1.403	1.403	1.403	1.403	
1.122	1.122	1.122	1.122	1.122	1.122	1.122	3.670	5.114	5.114	5.255	5.258	4.354	3.250	3.504	5.129	5.130	5.939	5.990	5.183	4.810	3.703	1.403	1.403	1.403	1.403	1.403	1.403	
0.000	0.000	0.000	0.000	0.000	0.000	0.000	0.000	0.000	0.000	0.000	0.000	1.872	3.250	3.250	2.405	0.000	0.000	0.000	0.000	0.000	0.000	0.000	0.000	0.000	0.000	0.000	0.000	
0.000	0.000	0.000	0.000	0.000	0.000	0.000	0.000	0.000	0.000	0.000	0.000	0.789	3.145	3.129	0.780	0.000	0.000	0.000	0.000	0.000	0.000	0.000	0.000	0.000	0.000	0.000	0.000	
0.000	0.000	0.000	0.000	0.000	0.000	0.000	0.000	0.000	0.000	0.000	0.000	0.739	2.956	2.956	0.739	0.000	0.000	0.000	0.000	0.000	0.000	0.000	0.000	0.000	0.000	0.000	0.000	
0.000	0.000	0.000	0.000	0.000	0.000	0.000	0.000	0.000	0.000	0.000	0.000	0.739	2.956	2.956	0.739	0.000	0.000	0.000	0.000	0.000	0.000	0.000	0.000	0.000	0.000	0.000	0.000	
0.000	0.000	0.000	0.000	0.000	0.000	0.000	0.000	0.000	0.000	0.000	0.000	0.739	2.956	2.956	0.739	0.000	0.000	0.000	0.000	0.000	0.000	0.000	0.000	0.000	0.000	0.000	0.000	
