0.156	0.156	0.156	0.156	0.156	0.156	0.156	0.156	0.156	0.156	0.156	0.156	0.156	0.156	0.156	0.156	0.156	0.202	0.372	0.373	0.224	0.169	0.169	0.169	0.169	0.169	0.169	0.169	
0.178	0.156	0.156	0.156	0.156	0.156	0.156	0.156	0.156	0.156	0.156	0.156	0.156	0.156	0.156	0.156	0.156	0.299	0.373	0.373	0.193	0.169	0.169	0.169	0.169	0.169	0.169	0.169	
0.273	0.156	0.156	0.156	0.156	0.156	0.156	0.156	0.156	0.156	0.156	0.156	0.156	0.156	0.156	0.156	0.182	0.369	0.373	0.364	0.170	0.169	0.169	0.169	0.169	0.169	0.169	0.169	
0.327	0.203	0.156	0.156	0.156	0.156	0.156	0.156	0.156	0.156	0.156	0.156	0.156	0.156	0.156	0.156	0.275	0.373	0.373	0.334	0.169	0.169	0.169	0.169	0.169	0.169	0.169	0.169	
0.327	0.300	0.159	0.156	0.156	0.156	0.156	0.156	0.156	0.156	0.156	0.156	0.156	0.156	0.156	0.168	0.360	0.373	0.373	0.302	0.169	0.169	0.169	0.169	0.169	0.169	0.169	0.169	
0.327	0.327	0.234	0.156	0.156	0.156	0.156	0.156	0.156	0.156	0.156	0.156	0.156	0.156	0.156	0.252	0.373	0.373	0.373	0.271	0.169	0.169	0.169	0.169	0.169	0.169	0.169	0.169	
0.327	0.327	0.318	0.172	0.156	0.156	0.156	0.156	0.156	0.156	0.156	0.156	0.156	0.156	0.159	0.346	0.373	0.373	0.373	0.240	0.169	0.169	0.169	0.169	0.169	0.169	0.169	0.169	
0.327	0.327	0.327	0.264	0.156	0.156	0.156	0.156	0.156	0.156	0.156	0.156	0.156	0.156	0.229	0.373	0.373	0.373	0.373	0.259	0.169	0.169	0.169	0.169	0.169	0.169	0.169	0.169	
0.327	0.327	0.327	0.326	0.195	0.156	0.156	0.156	0.156	0.156	0.156	0.156	0.156	0.156	0.325	0.373	0.373	0.373	0.463	0.412	0.169	0.169	0.169	0.169	0.169	0.169	0.169	0.169	
0.327	0.327	0.327	0.327	0.293	0.157	0.156	0.156	0.156	0.156	0.156	0.156	0.156	0.205	0.373	0.373	0.373	0.373	0.631	0.515	0.169	0.169	0.169	0.169	0.169	0.169	0.169	0.169	
0.327	0.327	0.327	0.327	0.327	0.225	0.156	0.156	0.156	0.156	0.156	0.156	0.156	0.302	0.373	0.373	0.373	0.388	0.783	0.617	0.169	0.169	0.169	0.169	0.169	0.169	0.169	0.169	
0.327	0.327	0.327	0.327	0.327	0.314	0.168	0.156	0.156	0.156	0.156	0.156	0.184	0.370	0.373	0.373	0.373	0.528	0.811	0.719	0.169	0.169	0.169	0.169	0.169	0.169	0.169	0.169	
0.327	0.327	0.327	0.327	0.327	0.327	0.759	0.384	0.156	0.156	0.156	0.156	0.278	0.373	0.373	0.373	0.373	0.696	0.811	0.803	0.188	0.169	0.169	0.169	0.169	0.169	0.169	0.169	
0.327	0.327	0.327	0.327	0.327	0.327	0.966	1.260	0.775	0.204	0.156	0.169	0.362	0.373	0.373	0.373	0.428	0.808	0.811	0.811	0.282	0.169	0.169	0.169	0.169	0.169	0.169	0.169	
0.327	0.327	0.327	0.327	0.327	0.327	0.966	1.274	1.274	1.132	0.468	0.258	0.373	0.373	0.373	0.373	0.593	0.811	0.811	0.811	0.384	0.169	0.169	0.169	0.169	0.169	0.169	0.169	
0.327	0.327	0.327	0.327	0.327	0.327	0.966	1.274	1.274	1.274	1.320	1.299	0.700	0.373	0.373	0.376	0.758	0.811	0.811	0.811	0.487	0.169	0.169	0.169	0.169	0.169	0.169	0.169	
0.327	0.327	0.327	0.327	0.327	0.327	0.966	1.274	1.274	1.285	1.413	1.428	1.428	1.104	0.526	0.563	0.811	0.811	0.811	0.811	0.589	0.169	0.169	0.169	0.169	0.169	0.169	0.169	
0.327	0.327	0.327	0.327	0.327	0.327	0.966	1.274	1.274	1.371	1.428	1.428	1.428	1.426	1.367	1.337	0.985	0.811	0.811	0.811	0.691	0.169	0.169	0.169	0.169	0.169	0.169	0.169	
0.377	0.377	0.377	0.377	0.377	0.377	0.957	1.241	1.236	1.404	1.428	1.428	1.428	1.387	1.352	1.352	1.340	1.114	1.055	0.932	0.614	0.539	0.500	0.460	0.421	0.382	0.342	0.303	
0.580	0.580	0.580	0.580	0.580	0.580	0.840	1.165	1.165	1.187	1.345	1.428	1.408	1.353	1.352	1.352	1.313	1.230	1.230	1.081	0.563	0.563	0.563	0.563	0.563	0.563	0.563	0.563	
0.580	0.580	0.580	0.580	0.580	0.580	0.759	1.165	1.165	1.165	1.165	1.266	1.360	1.352	1.352	1.352	1.274	1.230	1.230	1.090	0.563	0.563	0.563	0.563	0.563	0.563	0.563	0.563	
0.580	0.580	0.580	0.580	0.580	0.580	0.678	1.165	1.165	1.165	1.165	1.192	1.329	1.349	1.352	1.350	1.238	1.230	1.230	1.100	0.563	0.563	0.563	0.563	0.563	0.563	0.563	0.563	
0.580	0.580	0.580	0.580	0.580	0.580	0.601	1.162	1.165	1.165	1.173	1.290	1.311	1.313	1.329	1.316	1.230	1.230	1.230	1.109	0.563	0.563	0.563	0.563	0.563	0.563	0.563	0.563	
0.580	0.580	0.580	0.580	0.580	0.582	0.862	1.276	1.186	1.166	1.263	1.311	1.311	1.311	1.311	1.300	1.231	1.230	1.230	1.109	0.556	0.555	0.554	0.552	0.551	0.550	0.548	0.547	
0.580	0.580	0.580	0.580	0.736	1.212	1.419	1.419	1.425	1.522	1.430	1.311	1.311	1.311	1.311	1.302	1.239	1.236	1.236	0.891	0.516	0.516	0.516	0.516	0.516	0.516	0.516	0.516	
0.585	0.594	0.604	1.030	1.409	1.419	1.419	1.419	1.454	1.542	1.542	1.439	1.312	1.313	1.384	1.380	1.237	1.237	1.237	0.973	0.516	0.516	0.516	0.516	0.516	0.516	0.516	0.516	
0.675	0.675	0.675	0.747	1.169	1.419	1.419	1.419	1.474	1.542	1.542	1.542	1.466	1.502	1.540	1.511	1.240	1.237	1.237	1.065	0.516	0.516	0.516	0.516	0.516	0.516	0.516	0.516	
0.675	0.675	0.675	0.675	0.675	0.895	1.330	1.419	1.494	1.542	1.542	1.542	1.547	1.540	1.540	1.540	1.312	1.237	1.237	1.157	0.516	0.516	0.516	0.516	0.516	0.516	0.516	0.516	
0.675	0.675	0.675	0.675	0.675	0.675	0.710	1.091	1.505	1.542	1.560	1.643	1.661	1.548	1.540	1.540	1.413	1.237	1.237	1.208	0.555	0.517	0.516	0.516	0.516	0.516	0.516	0.516	
0.675	0.675	0.675	0.675	0.675	0.675	0.675	0.731	1.421	1.607	1.681	1.687	1.687	1.648	1.543	1.540	1.511	1.240	1.083	0.783	0.720	0.704	0.657	0.609	0.561	0.521	0.516	0.516	
0.675	0.675	0.675	0.675	0.675	0.675	0.884	1.480	1.596	1.650	1.687	1.687	1.687	1.687	1.633	1.546	1.577	1.455	0.736	0.720	0.720	0.720	0.720	0.720	0.720	0.713	0.669	0.621	
0.638	0.642	0.647	0.651	0.656	1.101	1.581	1.596	1.596	1.795	1.966	1.795	1.688	1.682	1.614	1.601	1.612	1.612	1.105	0.720	0.720	0.720	0.720	0.720	0.720	0.720	0.720	0.720	
0.578	0.578	0.578	0.578	0.578	1.025	1.596	1.596	1.596	1.889	2.048	2.048	1.925	1.528	1.508	1.570	1.612	1.612	1.551	0.788	0.720	0.720	0.720	0.720	0.719	0.654	0.556	0.459	
0.578	0.578	0.578	0.578	0.578	0.582	1.298	1.596	1.596	1.982	2.048	2.048	1.824	1.508	1.508	1.542	1.612	1.612	1.612	1.242	0.720	0.690	0.595	0.497	0.401	0.369	0.369	0.369	
0.578	0.578	0.578	0.578	0.578	0.578	0.663	1.495	1.636	1.997	2.048	2.048	1.663	1.508	1.508	1.515	1.610	1.609	1.558	1.488	0.890	0.371	0.369	0.369	0.369	0.369	0.369	0.369	
0.578	0.578	0.578	0.578	0.578	0.578	0.578	1.328	1.754	1.754	1.806	1.904	1.531	1.508	1.508	1.508	1.543	1.488	1.468	1.468	0.856	0.369	0.369	0.369	0.369	0.369	0.369	0.369	
0.578	0.578	0.578	0.578	0.578	0.578	0.683	1.733	1.754	1.754	1.754	1.815	1.905	1.708	1.531	1.504	1.469	1.468	1.468	1.468	0.805	0.369	0.369	0.369	0.369	0.369	0.369	0.369	
0.578	0.578	0.578	0.578	0.591	0.615	0.629	1.052	1.737	1.754	1.764	1.938	1.962	1.962	1.916	1.798	1.520	1.468	1.468	1.468	0.753	0.369	0.369	0.369	0.369	0.369	0.369	0.369	
0.578	0.579	0.594	0.618	0.629	0.629	0.629	0.629	0.974	1.716	1.873	1.962	1.962	1.960	1.898	1.886	1.763	1.217	1.353	1.460	0.702	0.369	0.369	0.369	0.369	0.369	0.369	0.369	
0.597	0.620	0.629	0.629	0.629	0.629	0.629	0.629	0.629	1.957	2.300	1.980	1.962	1.925	1.886	1.886	1.522	0.875	0.875	0.904	0.701	0.372	0.369	0.369	0.369	0.369	0.369	0.369	
0.629	0.629	0.629	0.629	0.629	0.629	0.629	0.629	1.212	2.567	2.567	2.456	2.184	1.907	1.886	1.886	1.221	0.875	0.875	0.875	0.875	0.694	0.379	0.369	0.369	0.369	0.369	0.369	
0.629	0.629	0.629	0.629	0.629	0.629	0.669	0.837	1.942	2.567	2.567	2.581	2.646	2.459	1.941	1.867	0.938	0.875	0.875	0.875	0.875	0.875	0.726	0.388	0.369	0.369	0.369	0.369	
0.629	0.629	0.629	0.690	0.865	1.042	1.179	1.188	1.196	1.854	2.552	2.625	2.647	2.647	2.534	1.743	0.875	0.875	0.875	0.875	0.875	0.875	0.875	0.755	0.401	0.369	0.369	0.369	
0.715	0.892	1.069	1.186	1.188	1.188	1.188	1.188	1.188	1.188	2.359	2.831	2.651	2.658	2.785	2.265	1.320	1.244	1.167	1.091	1.014	0.938	0.778	0.608	0.493	0.487	0.479	0.472	
0.617	0.704	0.791	0.878	0.965	1.052	1.139	1.188	1.188	1.524	3.066	3.093	2.988	2.908	2.938	2.339	1.363	1.363	1.363	1.363	1.363	0.964	0.490	0.490	0.490	0.490	0.490	0.490	
0.559	0.559	0.559	0.559	0.559	0.559	0.559	0.597	0.684	1.884	3.093	3.093	3.055	2.938	2.938	2.395	1.363	1.363	1.363	1.363	1.044	0.494	0.490	0.490	0.490	0.490	0.490	0.490	
0.559	0.559	0.559	0.559	0.559	0.559	0.559	0.559	0.559	1.513	3.587	3.490	3.386	3.306	3.267	2.772	1.432	1.363	1.550	1.974	0.507	0.490	0.490	0.490	0.490	0.490	0.490	0.490	
0.559	0.559	0.559	0.559	0.559	0.559	0.559	0.559	0.645	2.528	3.760	3.760	3.822	3.912	3.912	3.667	3.324	3.006	3.294	2.891	0.490	0.490	0.490	0.490	0.490	0.490	0.490	0.490	
0.559	0.559	0.559	0.559	0.559	0.559	0.666	1.673	2.800	3.056	3.565	3.761	3.772	3.869	3.910	3.452	3.366	3.348	3.331	2.945	0.490	0.490	0.490	0.490	0.490	0.490	0.490	0.490	
0.559	0.559	0.559	0.559	0.689	1.726	2.831	3.036	3.036	3.036	3.083	3.766	3.767	3.769	3.738	3.366	3.366	3.342	3.331	2.998	0.490	0.490	0.490	0.490	0.490	0.490	0.490	0.490	
0.000	0.000	0.000	0.000	0.000	0.000	0.000	0.000	0.000	0.000	0.000	0.000	2.001	3.624	2.998	1.665	0.000	0.000	0.000	0.000	0.000	0.000	0.000	0.000	0.000	0.000	0.000	0.000	
0.000	0.000	0.000	0.000	0.000	0.000	0.000	0.000	0.000	0.000	0.000	0.000	0.664	2.386	2.347	0.587	0.000	0.000	0.000	0.000	0.000	0.000	0.000	0.000	0.000	0.000	0.000	0.000	
0.000	0.000	0.000	0.000	0.000	0.000	0.000	0.000	0.000	0.000	0.000	0.000	0.587	2.347	2.347	0.587	0.000	0.000	0.000	0.000	0.000	0.000	0.000	0.000	0.000	0.000	0.000	0.000	
0.000	0.000	0.000	0.000	0.000	0.000	0.000	0.000	0.000	0.000	0.000	0.000	0.587	2.347	2.347	0.587	0.000	0.000	0.000	0.000	0.000	0.000	0.000	0.000	0.000	0.000	0.000	0.000	
0.000	0.000	0.000	0.000	0.000	0.000	0.000	0.000	0.000	0.000	0.000	0.000	0.587	2.347	2.347	0.587	0.000	0.000	0.000	0.000	0.000	0.000	0.000	0.000	0.000	0.000	0.000	0.000	
