0.044	0.044	0.044	0.044	0.044	0.044	0.044	0.044	0.044	0.044	0.044	0.044	0.044	0.044	0.044	0.044	0.044	0.098	0.195	0.183	0.068	0.068	0.068	0.068	0.068	0.068	0.068	0.068	
0.044	0.044	0.044	0.044	0.044	0.044	0.044	0.044	0.044	0.044	0.044	0.044	0.044	0.044	0.044	0.044	0.044	0.119	0.195	0.170	0.068	0.068	0.068	0.068	0.068	0.068	0.068	0.068	
0.044	0.044	0.044	0.044	0.044	0.044	0.044	0.044	0.044	0.044	0.044	0.044	0.044	0.044	0.044	0.044	0.044	0.141	0.195	0.157	0.068	0.068	0.068	0.068	0.068	0.068	0.068	0.068	
0.044	0.044	0.044	0.044	0.044	0.044	0.044	0.044	0.044	0.044	0.044	0.044	0.044	0.044	0.044	0.044	0.044	0.162	0.195	0.143	0.068	0.068	0.068	0.068	0.068	0.068	0.068	0.068	
0.044	0.044	0.044	0.044	0.044	0.044	0.044	0.044	0.044	0.044	0.044	0.044	0.044	0.044	0.044	0.044	0.044	0.184	0.195	0.130	0.068	0.068	0.068	0.068	0.068	0.068	0.068	0.068	
0.044	0.044	0.044	0.044	0.044	0.044	0.044	0.044	0.044	0.044	0.044	0.044	0.044	0.044	0.044	0.044	0.055	0.195	0.195	0.117	0.068	0.068	0.068	0.068	0.068	0.068	0.068	0.068	
0.044	0.044	0.044	0.044	0.044	0.044	0.044	0.044	0.044	0.044	0.044	0.044	0.044	0.044	0.044	0.044	0.076	0.195	0.195	0.104	0.068	0.068	0.068	0.068	0.068	0.068	0.068	0.068	
0.044	0.044	0.044	0.044	0.044	0.044	0.044	0.044	0.044	0.044	0.044	0.044	0.044	0.044	0.044	0.044	0.098	0.195	0.195	0.091	0.068	0.068	0.068	0.068	0.068	0.068	0.068	0.068	
0.044	0.044	0.044	0.044	0.044	0.044	0.044	0.044	0.044	0.044	0.044	0.044	0.044	0.044	0.044	0.044	0.119	0.195	0.195	0.078	0.068	0.068	0.068	0.068	0.068	0.068	0.068	0.068	
0.044	0.044	0.044	0.044	0.044	0.044	0.044	0.044	0.044	0.044	0.044	0.044	0.044	0.044	0.044	0.044	0.141	0.195	0.190	0.069	0.068	0.068	0.068	0.068	0.068	0.068	0.068	0.068	
0.044	0.044	0.044	0.044	0.044	0.044	0.044	0.044	0.044	0.044	0.044	0.044	0.044	0.044	0.044	0.044	0.162	0.195	0.178	0.068	0.068	0.068	0.068	0.068	0.068	0.068	0.068	0.068	
0.044	0.044	0.044	0.044	0.044	0.044	0.044	0.044	0.044	0.044	0.044	0.044	0.044	0.044	0.044	0.044	0.184	0.195	0.164	0.068	0.068	0.068	0.068	0.068	0.068	0.068	0.068	0.068	
0.044	0.044	0.044	0.044	0.044	0.044	0.044	0.044	0.044	0.044	0.044	0.044	0.044	0.044	0.044	0.055	0.195	0.195	0.151	0.068	0.068	0.068	0.068	0.068	0.068	0.068	0.068	0.068	
0.044	0.044	0.044	0.044	0.044	0.044	0.044	0.044	0.044	0.044	0.044	0.044	0.044	0.044	0.044	0.076	0.195	0.195	0.138	0.068	0.068	0.068	0.068	0.068	0.068	0.068	0.068	0.068	
0.044	0.044	0.044	0.044	0.044	0.044	0.044	0.044	0.044	0.044	0.044	0.044	0.044	0.044	0.044	0.098	0.195	0.195	0.125	0.068	0.068	0.068	0.068	0.068	0.068	0.068	0.068	0.068	
0.044	0.044	0.044	0.044	0.044	0.044	0.044	0.044	0.044	0.044	0.044	0.044	0.044	0.044	0.044	0.119	0.195	0.195	0.112	0.068	0.068	0.068	0.068	0.068	0.068	0.068	0.068	0.068	
0.044	0.044	0.044	0.044	0.044	0.044	0.044	0.044	0.044	0.044	0.044	0.044	0.044	0.044	0.044	0.141	0.195	0.195	0.099	0.068	0.068	0.068	0.068	0.068	0.068	0.068	0.068	0.068	
0.044	0.044	0.044	0.044	0.044	0.044	0.044	0.044	0.044	0.044	0.044	0.044	0.044	0.044	0.044	0.162	0.195	0.195	0.085	0.068	0.068	0.068	0.068	0.068	0.068	0.068	0.068	0.068	
0.044	0.044	0.044	0.044	0.044	0.044	0.044	0.044	0.044	0.044	0.044	0.044	0.044	0.044	0.044	0.184	0.195	0.194	0.073	0.068	0.068	0.068	0.068	0.068	0.068	0.068	0.068	0.068	
0.044	0.044	0.044	0.044	0.044	0.044	0.044	0.044	0.044	0.044	0.044	0.044	0.044	0.044	0.055	0.195	0.195	0.186	0.068	0.068	0.068	0.068	0.068	0.068	0.068	0.068	0.068	0.068	
0.044	0.044	0.044	0.044	0.044	0.044	0.044	0.044	0.044	0.044	0.044	0.044	0.044	0.044	0.076	0.195	0.195	0.172	0.068	0.068	0.068	0.068	0.068	0.068	0.068	0.068	0.068	0.068	
0.044	0.044	0.044	0.044	0.044	0.044	0.044	0.044	0.044	0.044	0.044	0.044	0.044	0.044	0.098	0.195	0.195	0.159	0.068	0.068	0.068	0.068	0.068	0.068	0.068	0.068	0.068	0.068	
0.044	0.044	0.044	0.044	0.044	0.044	0.044	0.044	0.044	0.044	0.044	0.044	0.044	0.044	0.119	0.195	0.195	0.146	0.068	0.068	0.068	0.068	0.068	0.068	0.068	0.068	0.068	0.068	
0.044	0.044	0.044	0.044	0.044	0.044	0.044	0.044	0.044	0.044	0.044	0.044	0.044	0.044	0.141	0.195	0.195	0.133	0.068	0.068	0.068	0.068	0.068	0.068	0.068	0.068	0.068	0.068	
0.044	0.044	0.044	0.044	0.044	0.044	0.044	0.044	0.044	0.044	0.044	0.044	0.044	0.044	0.162	0.195	0.195	0.120	0.068	0.068	0.068	0.068	0.068	0.068	0.068	0.068	0.068	0.068	
0.044	0.044	0.044	0.044	0.044	0.044	0.044	0.044	0.044	0.044	0.044	0.044	0.044	0.044	0.184	0.195	0.195	0.107	0.068	0.068	0.068	0.068	0.068	0.068	0.068	0.068	0.068	0.068	
0.044	0.044	0.044	0.044	0.044	0.044	0.044	0.044	0.044	0.044	0.044	0.044	0.044	0.055	0.195	0.195	0.195	0.093	0.068	0.068	0.068	0.068	0.068	0.068	0.068	0.068	0.068	0.074	
0.044	0.044	0.044	0.044	0.044	0.044	0.044	0.044	0.044	0.044	0.044	0.044	0.044	0.076	0.195	0.195	0.195	0.080	0.068	0.068	0.068	0.068	0.068	0.068	0.068	0.068	0.068	0.210	
0.044	0.044	0.044	0.044	0.044	0.044	0.044	0.044	0.044	0.044	0.044	0.044	0.044	0.098	0.195	0.195	0.192	0.069	0.068	0.068	0.068	0.068	0.068	0.068	0.068	0.068	0.087	0.381	
0.044	0.044	0.044	0.044	0.044	0.044	0.044	0.044	0.044	0.044	0.044	0.044	0.044	0.119	0.195	0.195	0.180	0.068	0.068	0.068	0.068	0.068	0.068	0.068	0.068	0.068	0.248	0.409	
0.044	0.044	0.044	0.044	0.044	0.044	0.044	0.044	0.044	0.044	0.044	0.044	0.044	0.141	0.195	0.195	0.167	0.068	0.068	0.068	0.068	0.068	0.068	0.068	0.068	0.108	0.398	0.409	
0.140	0.044	0.044	0.044	0.044	0.044	0.044	0.044	0.044	0.044	0.044	0.044	0.044	0.162	0.195	0.195	0.154	0.068	0.068	0.068	0.068	0.068	0.068	0.068	0.068	0.286	0.409	0.409	
0.687	0.094	0.044	0.044	0.044	0.044	0.044	0.044	0.044	0.044	0.044	0.044	0.044	0.184	0.195	0.195	0.141	0.068	0.068	0.068	0.068	0.068	0.068	0.068	0.137	0.407	0.409	0.409	
0.612	0.708	0.063	0.044	0.044	0.044	0.044	0.044	0.044	0.044	0.044	0.044	0.055	0.195	0.195	0.195	0.128	0.068	0.068	0.068	0.068	0.068	0.068	0.068	0.324	0.409	0.409	0.409	
0.539	0.776	0.622	0.047	0.044	0.044	0.044	0.044	0.044	0.044	0.044	0.044	0.076	0.195	0.195	0.195	0.114	0.068	0.068	0.068	0.068	0.068	0.068	0.172	0.409	0.409	0.409	0.409	
0.539	0.563	0.923	0.516	0.044	0.044	0.044	0.044	0.044	0.044	0.044	0.044	0.098	0.195	0.195	0.195	0.101	0.068	0.068	0.068	0.068	0.068	0.074	0.356	0.409	0.409	0.409	0.409	
0.539	0.539	0.694	0.961	0.407	0.044	0.044	0.044	0.044	0.044	0.044	0.044	0.119	0.195	0.195	0.195	0.088	0.068	0.068	0.068	0.068	0.068	0.210	0.409	0.409	0.409	0.409	0.409	
0.539	0.539	0.541	0.864	0.948	0.311	0.044	0.044	0.044	0.044	0.044	0.044	0.141	0.195	0.195	0.195	0.075	0.068	0.068	0.068	0.068	0.087	0.381	0.409	0.409	0.409	0.409	0.590	
0.539	0.539	0.539	0.618	0.957	0.920	0.230	0.044	0.044	0.044	0.044	0.044	0.162	0.195	0.195	0.316	0.070	0.068	0.068	0.068	0.068	0.248	0.409	0.409	0.409	0.409	0.569	0.848	
0.539	0.539	0.539	0.539	0.784	0.962	0.878	0.163	0.044	0.044	0.044	0.044	0.184	0.195	0.195	1.469	0.450	0.068	0.068	0.068	0.108	0.398	0.409	0.409	0.409	0.549	0.845	0.852	
0.539	0.539	0.539	0.539	0.567	0.927	0.962	0.820	0.111	0.044	0.044	0.055	0.195	0.195	0.242	2.681	1.111	0.068	0.068	0.068	0.286	0.409	0.409	0.409	0.531	0.840	0.852	0.852	
0.539	0.539	0.539	0.539	0.539	0.702	0.962	0.962	0.748	0.074	0.044	0.076	0.195	0.195	1.169	3.013	1.772	0.068	0.068	0.137	0.407	0.409	0.409	0.514	0.834	0.852	0.852	0.852	
0.826	0.539	0.539	0.539	0.539	0.542	0.871	0.962	0.962	0.861	2.076	3.012	0.906	0.853	2.486	3.013	2.433	0.068	0.068	0.324	0.409	0.409	0.498	0.826	0.852	0.852	0.852	0.914	
1.427	1.103	0.593	0.539	0.539	0.539	0.625	0.959	0.962	2.053	4.277	4.277	4.674	4.873	4.128	3.444	3.485	2.808	1.817	0.409	0.409	0.483	0.817	0.852	0.852	0.852	1.086	1.502	
1.427	1.427	1.325	0.772	0.539	0.539	0.575	3.806	3.836	4.334	4.708	4.383	4.835	4.873	5.202	5.477	4.963	4.486	4.487	2.903	1.349	0.807	0.852	0.852	0.905	1.316	1.560	1.560	
1.427	1.427	1.427	1.422	1.043	0.571	1.878	4.756	4.756	5.191	5.383	5.467	5.599	5.361	5.461	5.477	5.195	4.501	4.783	5.003	4.302	0.852	0.852	1.069	1.493	1.560	1.560	1.593	
1.797	1.489	1.427	1.427	1.427	2.927	4.834	4.817	5.294	5.618	5.518	5.818	5.631	5.606	5.574	5.632	5.731	5.650	5.511	5.040	5.070	3.674	1.408	1.560	1.560	1.561	1.689	1.879	
2.112	2.086	1.813	1.498	1.440	3.851	4.834	4.965	5.847	5.847	6.160	6.268	6.019	5.581	5.574	5.663	5.731	5.894	5.973	5.577	5.124	5.124	2.295	1.560	1.603	1.808	1.902	1.902	
2.112	2.112	2.112	2.092	3.739	5.324	5.232	6.116	6.194	6.399	6.734	6.179	5.631	5.357	5.204	5.466	5.880	5.930	5.987	5.968	5.395	5.259	4.984	2.411	1.886	1.902	1.902	1.902	
2.112	2.112	2.112	2.112	4.226	5.329	5.516	6.356	6.356	6.856	6.907	6.033	5.519	5.364	5.184	5.454	5.904	5.904	6.008	6.014	5.786	5.312	5.312	3.286	1.902	1.902	1.902	1.902	
0.000	0.000	0.000	0.000	0.000	0.000	0.000	0.000	0.000	0.000	0.000	0.000	2.730	3.339	3.208	2.250	0.000	0.000	0.000	0.000	0.000	0.000	0.000	0.000	0.000	0.000	0.000	0.000	
0.000	0.000	0.000	0.000	0.000	0.000	0.000	0.000	0.000	0.000	0.000	0.000	0.542	2.167	2.167	0.542	0.000	0.000	0.000	0.000	0.000	0.000	0.000	0.000	0.000	0.000	0.000	0.000	
0.000	0.000	0.000	0.000	0.000	0.000	0.000	0.000	0.000	0.000	0.000	0.000	0.542	2.167	2.167	0.542	0.000	0.000	0.000	0.000	0.000	0.000	0.000	0.000	0.000	0.000	0.000	0.000	
0.000	0.000	0.000	0.000	0.000	0.000	0.000	0.000	0.000	0.000	0.000	0.000	0.542	2.167	2.167	0.542	0.000	0.000	0.000	0.000	0.000	0.000	0.000	0.000	0.000	0.000	0.000	0.000	
0.000	0.000	0.000	0.000	0.000	0.000	0.000	0.000	0.000	0.000	0.000	0.000	0.542	2.167	2.167	0.542	0.000	0.000	0.000	0.000	0.000	0.000	0.000	0.000	0.000	0.000	0.000	0.000	
