0.079	0.079	0.039	0.029	0.029	0.029	0.029	0.029	0.029	0.029	0.029	0.029	0.029	0.029	0.029	0.029	0.029	0.029	0.029	0.029	0.029	0.029	0.029	0.029	0.029	0.029	0.029	0.029	
0.079	0.079	0.050	0.029	0.029	0.029	0.029	0.029	0.029	0.029	0.029	0.029	0.029	0.029	0.029	0.029	0.029	0.029	0.029	0.029	0.029	0.029	0.029	0.029	0.029	0.029	0.029	0.029	
0.079	0.079	0.061	0.029	0.029	0.029	0.029	0.029	0.029	0.029	0.029	0.029	0.029	0.029	0.029	0.029	0.029	0.029	0.029	0.029	0.029	0.029	0.029	0.029	0.029	0.029	0.029	0.029	
0.079	0.079	0.072	0.029	0.029	0.029	0.029	0.029	0.029	0.029	0.029	0.029	0.029	0.029	0.029	0.029	0.029	0.029	0.029	0.029	0.029	0.029	0.029	0.029	0.029	0.029	0.029	0.029	
0.079	0.079	0.079	0.033	0.029	0.029	0.029	0.029	0.029	0.029	0.029	0.029	0.029	0.029	0.029	0.029	0.029	0.029	0.029	0.029	0.029	0.029	0.029	0.029	0.029	0.029	0.029	0.029	
0.079	0.079	0.079	0.044	0.029	0.029	0.029	0.029	0.029	0.029	0.029	0.029	0.029	0.029	0.029	0.029	0.029	0.029	0.029	0.029	0.029	0.029	0.029	0.029	0.029	0.029	0.029	0.029	
0.079	0.079	0.079	0.056	0.029	0.029	0.029	0.029	0.029	0.029	0.029	0.029	0.029	0.029	0.029	0.029	0.029	0.029	0.029	0.029	0.029	0.029	0.029	0.029	0.029	0.029	0.029	0.029	
0.079	0.079	0.079	0.067	0.029	0.029	0.029	0.029	0.029	0.029	0.029	0.029	0.029	0.029	0.029	0.029	0.029	0.029	0.029	0.029	0.029	0.029	0.029	0.029	0.029	0.029	0.029	0.029	
0.079	0.079	0.079	0.077	0.030	0.029	0.029	0.029	0.029	0.029	0.029	0.029	0.029	0.029	0.029	0.029	0.029	0.029	0.029	0.029	0.029	0.029	0.029	0.029	0.029	0.029	0.029	0.029	
0.079	0.079	0.079	0.079	0.039	0.029	0.029	0.029	0.029	0.029	0.029	0.029	0.029	0.029	0.029	0.029	0.029	0.029	0.029	0.029	0.029	0.029	0.029	0.029	0.029	0.029	0.029	0.029	
0.079	0.079	0.079	0.079	0.050	0.029	0.029	0.029	0.029	0.029	0.029	0.029	0.029	0.029	0.029	0.029	0.029	0.029	0.029	0.029	0.029	0.029	0.029	0.029	0.029	0.029	0.029	0.029	
0.079	0.079	0.079	0.079	0.061	0.029	0.029	0.029	0.029	0.029	0.029	0.029	0.029	0.029	0.029	0.029	0.029	0.029	0.029	0.029	0.029	0.029	0.029	0.029	0.029	0.029	0.029	0.029	
0.079	0.079	0.079	0.079	0.072	0.029	0.029	0.029	0.029	0.029	0.029	0.029	0.029	0.029	0.029	0.029	0.029	0.029	0.029	0.029	0.029	0.029	0.029	0.029	0.029	0.029	0.029	0.029	
0.079	0.079	0.079	0.079	0.079	0.033	0.029	0.029	0.029	0.029	0.029	0.029	0.029	0.029	0.029	0.029	0.029	0.029	0.029	0.029	0.029	0.029	0.029	0.029	0.029	0.029	0.029	0.029	
0.079	0.079	0.079	0.079	0.079	0.044	0.029	0.029	0.029	0.029	0.029	0.029	0.029	0.029	0.029	0.029	0.029	0.029	0.029	0.029	0.029	0.029	0.029	0.029	0.029	0.029	0.029	0.029	
0.079	0.079	0.079	0.079	0.079	0.056	0.029	0.029	0.029	0.029	0.029	0.029	0.029	0.029	0.029	0.029	0.029	0.029	0.029	0.029	0.029	0.029	0.029	0.029	0.029	0.029	0.029	0.029	
0.079	0.079	0.079	0.079	0.079	0.067	0.029	0.029	0.029	0.029	0.029	0.029	0.029	0.029	0.029	0.029	0.029	0.029	0.029	0.029	0.029	0.029	0.029	0.029	0.029	0.029	0.029	0.029	
0.079	0.079	0.079	0.079	0.079	0.077	0.030	0.029	0.029	0.029	0.029	0.029	0.029	0.029	0.029	0.029	0.029	0.029	0.029	0.029	0.029	0.029	0.029	0.029	0.029	0.029	0.029	0.029	
0.079	0.079	0.079	0.079	0.079	0.079	0.039	0.029	0.029	0.029	0.029	0.029	0.029	0.029	0.029	0.029	0.029	0.029	0.029	0.029	0.029	0.029	0.029	0.029	0.029	0.029	0.029	0.029	
0.079	0.079	0.079	0.079	0.079	0.079	0.050	0.029	0.029	0.029	0.029	0.029	0.029	0.029	0.029	0.029	0.029	0.029	0.029	0.029	0.029	0.029	0.029	0.029	0.029	0.029	0.029	0.029	
0.079	0.079	0.079	0.079	0.079	0.079	0.061	0.029	0.029	0.029	0.029	0.029	0.029	0.029	0.029	0.029	0.029	0.029	0.029	0.029	0.029	0.029	0.029	0.029	0.029	0.029	0.029	0.029	
0.079	0.079	0.079	0.079	0.079	0.079	0.072	0.029	0.029	0.029	0.029	0.029	0.029	0.029	0.029	0.029	0.029	0.029	0.029	0.029	0.029	0.029	0.029	0.029	0.029	0.029	0.029	0.029	
0.079	0.079	0.079	0.079	0.079	0.079	0.079	0.033	0.029	0.029	0.029	0.029	0.029	0.029	0.029	0.029	0.029	0.029	0.029	0.029	0.029	0.029	0.029	0.029	0.029	0.029	0.029	0.029	
0.079	0.079	0.079	0.079	0.079	0.079	0.079	0.044	0.029	0.029	0.029	0.029	0.029	0.029	0.029	0.029	0.029	0.029	0.029	0.029	0.029	0.029	0.029	0.029	0.029	0.029	0.029	0.029	
0.079	0.079	0.079	0.079	0.079	0.079	0.079	0.056	0.029	0.029	0.029	0.029	0.029	0.029	0.029	0.029	0.029	0.029	0.029	0.029	0.029	0.029	0.029	0.029	0.029	0.029	0.029	0.029	
0.079	0.079	0.079	0.079	0.079	0.079	0.079	0.067	0.029	0.029	0.029	0.029	0.029	0.029	0.029	0.029	0.029	0.029	0.029	0.029	0.029	0.029	0.029	0.029	0.029	0.029	0.029	0.029	
0.079	0.079	0.079	0.079	0.079	0.079	0.079	0.077	0.030	0.029	0.029	0.029	0.029	0.029	0.029	0.029	0.029	0.029	0.029	0.029	0.029	0.029	0.029	0.029	0.029	0.029	0.029	0.029	
0.079	0.079	0.079	0.079	0.079	0.079	0.079	0.079	0.039	0.029	0.029	0.029	0.029	0.029	0.029	0.029	0.029	0.029	0.029	0.029	0.029	0.029	0.029	0.029	0.029	0.029	0.029	0.029	
0.079	0.079	0.079	0.079	0.079	0.079	0.079	0.079	0.050	0.029	0.029	0.029	0.029	0.029	0.029	0.029	0.029	0.029	0.029	0.029	0.029	0.029	0.029	0.029	0.029	0.029	0.029	0.029	
0.079	0.079	0.079	0.079	0.079	0.079	0.079	0.079	0.068	0.029	0.029	0.029	0.029	0.029	0.029	0.029	0.029	0.029	0.029	0.029	0.029	0.029	0.029	0.029	0.029	0.029	0.029	0.029	
0.079	0.079	0.079	0.079	0.079	0.079	0.079	0.079	0.180	0.060	0.029	0.029	0.029	0.029	0.029	0.029	0.029	0.029	0.029	0.029	0.029	0.029	0.029	0.029	0.029	0.029	0.029	0.029	
0.079	0.079	0.079	0.079	0.079	0.079	0.079	0.079	0.129	0.299	0.029	0.029	0.029	0.029	0.029	0.029	0.029	0.029	0.029	0.029	0.029	0.029	0.029	0.029	0.029	0.029	0.029	0.029	
0.079	0.079	0.079	0.079	0.079	0.079	0.079	0.079	0.079	0.537	0.029	0.029	0.029	0.029	0.029	0.029	0.029	0.029	0.029	0.029	0.029	0.029	0.029	0.029	0.029	0.029	0.029	0.117	
0.079	0.079	0.079	0.079	0.079	0.079	0.079	0.079	0.079	0.625	0.130	0.029	0.029	0.029	0.029	0.029	0.029	0.029	0.029	0.029	0.029	0.029	0.029	0.029	0.029	0.029	0.064	0.422	
0.079	0.079	0.079	0.079	0.079	0.079	0.079	0.079	0.079	0.538	0.405	0.029	0.029	0.029	0.029	0.029	0.029	0.029	0.029	0.029	0.029	0.029	0.029	0.029	0.029	0.035	0.359	0.477	
0.079	0.079	0.079	0.079	0.079	0.079	0.079	0.079	0.079	0.448	0.676	0.036	0.029	0.029	0.029	0.029	0.029	0.029	0.029	0.029	0.029	0.029	0.029	0.029	0.029	0.274	0.477	0.477	
0.079	0.079	0.079	0.079	0.079	0.079	0.079	0.079	0.079	0.358	0.759	0.233	0.029	0.029	0.029	0.029	0.029	0.029	0.029	0.029	0.029	0.029	0.029	0.029	0.183	0.476	0.477	0.477	
0.079	0.079	0.079	0.079	0.079	0.079	0.079	0.079	0.079	0.268	0.759	0.511	0.029	0.029	0.029	0.029	0.029	0.029	0.029	0.029	0.029	0.029	0.029	0.110	0.458	0.477	0.477	0.467	
0.079	0.079	0.079	0.079	0.079	0.079	0.079	0.079	0.079	0.178	0.759	0.738	0.081	0.029	0.029	0.029	0.029	0.029	0.029	0.029	0.029	0.029	0.060	0.416	0.477	0.477	0.473	0.425	
0.079	0.079	0.079	0.079	0.079	0.079	0.079	0.079	0.079	0.095	0.751	0.759	0.339	0.029	0.029	0.029	0.029	0.029	0.029	0.029	0.029	0.034	0.351	0.477	0.477	0.476	0.435	0.415	
0.079	0.079	0.079	0.079	0.079	0.079	0.079	0.079	0.079	0.079	0.751	0.759	0.617	0.029	0.029	0.029	0.029	0.029	0.029	0.029	0.029	0.264	0.477	0.477	0.477	0.449	0.415	0.415	
0.079	0.079	0.079	0.079	0.079	0.079	0.079	0.079	0.079	0.079	1.288	0.759	0.759	0.166	0.029	0.029	0.029	0.029	0.029	0.029	0.174	0.475	0.477	0.477	0.461	0.416	0.415	0.415	
0.097	0.079	0.079	0.079	0.079	0.079	0.079	0.079	0.079	0.082	1.934	0.759	0.759	0.445	0.029	0.029	0.029	0.029	0.029	0.103	0.454	0.477	0.477	0.470	0.421	0.415	0.415	0.415	
0.585	0.208	0.079	0.079	0.079	0.079	0.079	0.079	0.079	0.165	2.239	1.019	0.759	0.704	0.048	0.029	0.029	0.029	0.056	0.410	0.477	0.477	0.475	0.429	0.415	0.415	0.415	0.415	
0.684	0.676	0.402	0.097	0.079	0.079	0.079	0.079	0.079	0.287	2.239	1.546	0.759	0.759	0.272	0.029	0.029	0.032	0.342	0.477	0.477	0.477	0.441	0.415	0.415	0.415	0.415	0.415	
0.684	0.684	0.684	0.585	0.208	0.079	0.079	0.079	0.079	0.409	2.239	2.063	0.768	0.759	0.579	0.034	0.029	0.254	0.477	0.477	0.477	0.455	0.415	0.415	0.415	0.415	0.415	0.415	
0.684	0.684	0.684	0.684	0.676	0.402	0.097	0.079	0.079	0.532	2.239	2.239	1.118	0.759	2.635	3.937	2.132	0.474	0.477	0.477	0.466	0.418	0.415	0.415	0.415	0.415	0.415	0.415	
0.684	0.684	0.684	0.684	0.684	0.684	0.585	0.208	0.134	1.731	2.313	2.423	2.480	1.708	4.435	4.525	4.288	0.851	0.711	1.461	0.424	0.415	0.415	0.415	0.415	0.415	0.415	0.415	
0.684	0.684	0.684	0.684	0.684	0.684	0.684	0.676	3.897	4.965	4.767	5.062	4.766	3.021	3.443	4.685	5.040	4.862	4.999	4.917	0.415	0.415	0.415	0.415	0.415	0.415	0.415	0.415	
0.684	0.684	0.684	0.684	0.684	0.684	0.684	0.684	4.354	4.965	5.020	5.098	4.573	3.021	3.021	4.672	5.060	5.048	5.028	5.027	0.490	0.415	0.415	0.415	0.415	0.415	0.415	0.415	
0.000	0.000	0.000	0.000	0.000	0.000	0.000	0.000	0.000	0.000	0.000	0.000	2.071	3.021	3.021	2.194	0.000	0.000	0.000	0.000	0.000	0.000	0.000	0.000	0.000	0.000	0.000	0.000	
0.000	0.000	0.000	0.000	0.000	0.000	0.000	0.000	0.000	0.000	0.000	0.000	0.725	2.894	2.886	0.720	0.000	0.000	0.000	0.000	0.000	0.000	0.000	0.000	0.000	0.000	0.000	0.000	
0.000	0.000	0.000	0.000	0.000	0.000	0.000	0.000	0.000	0.000	0.000	0.000	0.699	2.795	2.795	0.699	0.000	0.000	0.000	0.000	0.000	0.000	0.000	0.000	0.000	0.000	0.000	0.000	
0.000	0.000	0.000	0.000	0.000	0.000	0.000	0.000	0.000	0.000	0.000	0.000	0.699	2.795	2.795	0.699	0.000	0.000	0.000	0.000	0.000	0.000	0.000	0.000	0.000	0.000	0.000	0.000	
0.000	0.000	0.000	0.000	0.000	0.000	0.000	0.000	0.000	0.000	0.000	0.000	0.699	2.795	2.795	0.699	0.000	0.000	0.000	0.000	0.000	0.000	0.000	0.000	0.000	0.000	0.000	0.000	
