0.319	0.284	0.223	0.223	0.223	0.223	0.223	0.223	0.223	0.223	0.223	0.223	0.223	0.223	0.223	0.256	0.358	0.358	0.358	0.350	0.194	0.193	0.193	0.193	0.193	0.193	0.193	0.193	
0.319	0.317	0.237	0.223	0.223	0.223	0.223	0.223	0.223	0.223	0.223	0.223	0.223	0.223	0.223	0.305	0.358	0.358	0.358	0.325	0.193	0.193	0.193	0.193	0.193	0.193	0.193	0.193	
0.319	0.319	0.283	0.223	0.223	0.223	0.223	0.223	0.223	0.223	0.223	0.223	0.223	0.223	0.227	0.350	0.358	0.358	0.358	0.300	0.193	0.193	0.193	0.193	0.193	0.193	0.193	0.193	
0.319	0.319	0.317	0.236	0.223	0.223	0.223	0.223	0.223	0.223	0.223	0.223	0.223	0.223	0.267	0.358	0.358	0.358	0.358	0.274	0.193	0.193	0.193	0.193	0.193	0.193	0.193	0.193	
0.319	0.319	0.319	0.282	0.223	0.223	0.223	0.223	0.223	0.223	0.223	0.223	0.223	0.223	0.316	0.358	0.358	0.358	0.358	0.249	0.193	0.193	0.193	0.193	0.193	0.193	0.193	0.193	
0.319	0.319	0.319	0.317	0.236	0.223	0.223	0.223	0.223	0.223	0.223	0.223	0.223	0.233	0.355	0.358	0.358	0.358	0.358	0.223	0.193	0.193	0.193	0.193	0.193	0.193	0.193	0.193	
0.319	0.319	0.319	0.319	0.281	0.223	0.223	0.223	0.223	0.223	0.223	0.223	0.223	0.278	0.358	0.358	0.358	0.358	0.357	0.199	0.193	0.193	0.193	0.193	0.193	0.193	0.193	0.193	
0.319	0.319	0.319	0.319	0.317	0.235	0.223	0.223	0.223	0.223	0.223	0.223	0.223	0.326	0.358	0.358	0.358	0.358	0.458	0.227	0.193	0.193	0.193	0.193	0.193	0.193	0.193	0.193	
0.319	0.319	0.319	0.319	0.319	0.281	0.223	0.223	0.223	0.223	0.223	0.223	0.241	0.358	0.358	0.358	0.358	0.358	0.700	0.422	0.193	0.193	0.193	0.193	0.193	0.193	0.193	0.193	
0.319	0.319	0.319	0.319	0.319	0.317	0.271	0.223	0.223	0.223	0.223	0.223	0.289	0.358	0.358	0.358	0.358	0.415	0.873	0.638	0.193	0.193	0.193	0.193	0.193	0.193	0.193	0.193	
0.319	0.319	0.319	0.319	0.319	0.319	0.997	0.535	0.223	0.223	0.223	0.223	0.337	0.358	0.358	0.358	0.358	0.635	0.884	0.839	0.207	0.193	0.193	0.193	0.193	0.193	0.193	0.193	
0.319	0.319	0.319	0.319	0.319	0.319	1.155	1.215	0.811	0.260	0.223	0.251	0.358	0.358	0.358	0.358	0.379	0.845	0.884	0.884	0.379	0.193	0.193	0.193	0.193	0.193	0.193	0.193	
0.319	0.319	0.319	0.319	0.319	0.345	1.214	1.216	1.216	1.052	0.526	0.562	0.358	0.358	0.358	0.358	0.570	0.884	0.884	0.884	0.594	0.193	0.193	0.193	0.193	0.193	0.193	0.193	
0.319	0.319	0.319	0.319	0.319	0.428	1.216	1.216	1.216	1.220	1.339	1.356	1.042	0.467	0.358	0.360	0.798	0.884	0.884	0.884	0.807	0.196	0.193	0.193	0.193	0.193	0.193	0.193	
0.319	0.319	0.319	0.319	0.319	0.512	1.216	1.216	1.216	1.279	1.356	1.356	1.356	1.303	0.918	1.000	0.931	0.884	0.884	0.884	0.884	0.336	0.193	0.193	0.193	0.193	0.193	0.193	
0.319	0.319	0.319	0.319	0.319	0.597	1.216	1.216	1.226	1.347	1.356	1.356	1.356	1.326	1.264	1.264	1.200	0.906	0.884	0.884	0.884	0.559	0.246	0.217	0.195	0.193	0.193	0.193	
0.388	0.390	0.392	0.394	0.396	0.698	1.177	1.154	1.157	1.308	1.356	1.356	1.352	1.274	1.264	1.264	1.264	1.193	1.117	1.058	0.689	0.554	0.551	0.551	0.545	0.518	0.489	0.461	
0.626	0.626	0.626	0.626	0.626	0.679	1.105	1.105	1.105	1.111	1.234	1.352	1.305	1.264	1.264	1.264	1.253	1.210	1.210	1.210	0.601	0.551	0.551	0.551	0.551	0.551	0.551	0.551	
0.626	0.626	0.626	0.626	0.626	0.626	1.028	1.105	1.105	1.105	1.105	1.169	1.252	1.264	1.264	1.264	1.231	1.210	1.210	1.210	0.601	0.551	0.551	0.551	0.551	0.551	0.551	0.551	
0.626	0.626	0.626	0.626	0.626	0.626	0.898	1.105	1.105	1.105	1.106	1.166	1.187	1.216	1.255	1.261	1.212	1.210	1.210	1.210	0.601	0.551	0.551	0.551	0.551	0.551	0.551	0.551	
0.626	0.626	0.626	0.626	0.626	0.626	0.773	1.105	1.105	1.105	1.137	1.186	1.186	1.186	1.189	1.213	1.210	1.210	1.210	1.210	0.601	0.551	0.551	0.551	0.551	0.551	0.551	0.551	
0.626	0.626	0.626	0.626	0.626	0.753	1.406	1.469	1.219	1.127	1.181	1.186	1.186	1.186	1.186	1.187	1.193	1.196	1.199	1.202	0.604	0.549	0.548	0.547	0.546	0.545	0.544	0.543	
0.626	0.626	0.626	0.626	0.930	1.543	1.608	1.608	1.554	1.385	1.271	1.186	1.186	1.186	1.187	1.200	1.155	1.155	1.155	1.155	0.626	0.530	0.530	0.530	0.530	0.530	0.530	0.530	
0.644	0.651	0.658	0.942	1.604	1.608	1.608	1.608	1.474	1.387	1.387	1.295	1.188	1.260	1.386	1.369	1.155	1.155	1.155	1.155	0.597	0.530	0.530	0.530	0.530	0.530	0.530	0.530	
0.711	0.711	0.711	0.711	1.028	1.552	1.608	1.601	1.401	1.387	1.387	1.387	1.394	1.435	1.435	1.434	1.192	1.155	1.155	1.155	0.567	0.530	0.530	0.530	0.530	0.530	0.530	0.530	
0.711	0.711	0.711	0.711	0.711	0.816	1.382	1.536	1.387	1.387	1.387	1.446	1.521	1.435	1.435	1.435	1.293	1.155	1.155	1.154	0.538	0.530	0.530	0.530	0.530	0.530	0.530	0.530	
0.711	0.711	0.711	0.711	0.711	0.711	0.719	1.176	1.387	1.387	1.493	1.661	1.666	1.490	1.435	1.435	1.395	1.156	1.155	1.125	0.555	0.530	0.530	0.530	0.530	0.530	0.530	0.530	
0.711	0.711	0.711	0.711	0.711	0.711	0.711	1.003	1.401	1.549	1.670	1.670	1.670	1.647	1.457	1.435	1.435	1.280	1.129	0.871	0.831	0.786	0.716	0.646	0.576	0.531	0.530	0.530	
0.711	0.711	0.711	0.711	0.711	0.774	1.175	1.451	1.482	1.675	1.671	1.670	1.670	1.670	1.588	1.424	1.440	1.440	1.289	0.832	0.832	0.832	0.832	0.832	0.832	0.807	0.738	0.668	
0.634	0.640	0.645	0.651	0.764	1.403	1.454	1.454	1.482	1.678	1.678	1.674	1.668	1.510	1.291	1.353	1.440	1.440	1.436	0.897	0.832	0.832	0.832	0.832	0.832	0.832	0.828	0.717	
0.606	0.606	0.606	0.606	0.609	1.289	1.454	1.454	1.482	1.678	1.678	1.678	1.507	1.254	1.254	1.298	1.440	1.440	1.440	1.104	0.832	0.832	0.832	0.832	0.752	0.591	0.433	0.383	
0.606	0.606	0.606	0.606	0.606	0.861	1.454	1.454	1.482	1.678	1.678	1.678	1.417	1.254	1.254	1.257	1.428	1.440	1.440	1.315	0.832	0.783	0.626	0.465	0.383	0.383	0.383	0.383	
0.606	0.606	0.606	0.606	0.606	0.608	1.276	1.454	1.480	1.675	1.678	1.678	1.329	1.254	1.254	1.254	1.376	1.438	1.354	1.230	0.981	0.387	0.383	0.383	0.383	0.383	0.383	0.383	
0.606	0.606	0.606	0.606	0.606	0.606	0.875	1.484	1.507	1.522	1.565	1.604	1.263	1.254	1.254	1.254	1.277	1.225	1.184	1.184	1.118	0.383	0.383	0.383	0.383	0.383	0.383	0.383	
0.606	0.606	0.606	0.606	0.606	0.606	1.124	1.512	1.512	1.512	1.512	1.571	1.679	1.470	1.298	1.306	1.205	1.184	1.184	1.184	1.184	0.454	0.383	0.383	0.383	0.383	0.383	0.383	
0.606	0.606	0.606	0.605	0.593	0.576	0.771	1.449	1.512	1.512	1.519	1.714	1.750	1.748	1.500	1.474	1.365	1.184	1.184	1.184	1.184	0.592	0.383	0.383	0.383	0.383	0.383	0.383	
0.606	0.604	0.590	0.573	0.569	0.569	0.569	0.747	1.434	1.512	1.635	1.750	1.750	1.696	1.474	1.474	1.474	1.231	1.172	1.184	1.184	0.730	0.383	0.383	0.383	0.383	0.383	0.383	
0.587	0.572	0.569	0.569	0.569	0.569	0.569	0.569	0.725	1.714	1.758	1.750	1.750	1.618	1.474	1.474	1.456	0.785	0.694	0.858	1.035	0.857	0.383	0.383	0.383	0.383	0.383	0.383	
0.569	0.569	0.569	0.569	0.569	0.569	0.569	0.569	1.173	2.234	2.134	1.810	1.750	1.540	1.474	1.474	1.107	0.660	0.660	0.660	0.660	0.651	0.445	0.383	0.383	0.383	0.383	0.383	
0.569	0.569	0.569	0.569	0.569	0.569	0.569	0.721	2.113	2.234	2.234	2.197	1.835	1.561	1.474	1.401	0.707	0.660	0.660	0.660	0.660	0.660	0.650	0.472	0.383	0.383	0.383	0.383	
0.569	0.569	0.569	0.569	0.569	0.595	0.726	1.159	2.035	2.234	2.234	2.046	1.866	1.861	1.687	0.991	0.660	0.660	0.660	0.660	0.660	0.660	0.660	0.657	0.504	0.383	0.383	0.383	
0.569	0.569	0.587	0.713	0.856	0.973	0.984	0.984	1.003	1.488	2.018	1.868	1.866	1.866	1.866	1.174	0.737	0.674	0.660	0.660	0.660	0.660	0.660	0.660	0.660	0.514	0.402	0.398	
0.700	0.843	0.967	0.984	0.984	0.984	0.984	0.984	0.984	0.984	1.651	1.884	1.866	1.868	2.166	1.372	1.054	1.050	0.997	0.930	0.863	0.795	0.728	0.604	0.517	0.461	0.460	0.460	
0.743	0.793	0.842	0.892	0.941	0.981	0.984	0.984	0.984	1.315	2.756	2.705	2.284	2.495	2.702	1.687	1.054	1.054	1.054	1.054	1.054	1.054	0.744	0.460	0.460	0.460	0.460	0.460	
0.544	0.544	0.544	0.544	0.544	0.554	0.600	0.650	0.699	2.194	2.824	2.824	2.786	2.702	2.702	1.987	1.054	1.054	1.054	1.054	1.054	0.762	0.460	0.460	0.460	0.460	0.460	0.460	
0.544	0.544	0.544	0.544	0.544	0.544	0.544	0.544	0.544	1.424	2.945	2.826	2.805	2.707	2.702	2.286	1.054	1.054	1.054	1.112	0.973	0.460	0.460	0.460	0.460	0.460	0.460	0.460	
0.544	0.544	0.544	0.544	0.544	0.544	0.544	0.544	0.544	2.360	3.800	3.738	3.369	3.284	3.174	2.718	2.341	2.341	2.345	2.732	1.376	0.460	0.460	0.460	0.460	0.460	0.460	0.460	
0.544	0.544	0.544	0.544	0.544	0.544	0.544	0.643	1.050	3.367	3.800	3.842	3.551	3.314	3.314	2.715	2.408	2.408	2.605	2.873	1.419	0.460	0.460	0.460	0.460	0.460	0.460	0.460	
0.544	0.544	0.544	0.544	0.714	1.140	1.569	1.899	1.921	2.074	3.534	4.391	4.396	3.502	3.161	2.634	2.408	2.460	2.848	2.873	1.461	0.460	0.460	0.460	0.460	0.460	0.460	0.460	
0.546	0.801	1.230	1.659	1.918	1.921	1.921	1.921	1.921	1.921	3.125	4.490	4.490	3.379	2.835	2.821	2.520	2.729	2.873	2.873	1.503	0.460	0.460	0.460	0.460	0.460	0.460	0.460	
0.000	0.000	0.000	0.000	0.000	0.000	0.000	0.000	0.000	0.000	0.000	0.000	2.203	2.860	2.835	1.506	0.000	0.000	0.000	0.000	0.000	0.000	0.000	0.000	0.000	0.000	0.000	0.000	
0.000	0.000	0.000	0.000	0.000	0.000	0.000	0.000	0.000	0.000	0.000	0.000	0.722	2.846	2.835	0.709	0.000	0.000	0.000	0.000	0.000	0.000	0.000	0.000	0.000	0.000	0.000	0.000	
0.000	0.000	0.000	0.000	0.000	0.000	0.000	0.000	0.000	0.000	0.000	0.000	0.853	3.401	3.331	0.820	0.000	0.000	0.000	0.000	0.000	0.000	0.000	0.000	0.000	0.000	0.000	0.000	
0.000	0.000	0.000	0.000	0.000	0.000	0.000	0.000	0.000	0.000	0.000	0.000	0.853	3.411	3.411	0.853	0.000	0.000	0.000	0.000	0.000	0.000	0.000	0.000	0.000	0.000	0.000	0.000	
0.000	0.000	0.000	0.000	0.000	0.000	0.000	0.000	0.000	0.000	0.000	0.000	0.853	3.411	3.411	0.853	0.000	0.000	0.000	0.000	0.000	0.000	0.000	0.000	0.000	0.000	0.000	0.000	
