0.078	0.078	0.078	0.078	0.078	0.078	0.078	0.078	0.078	0.078	0.078	0.078	0.078	0.078	0.078	0.078	0.078	0.078	0.078	0.078	0.078	0.091	0.114	0.114	0.114	0.114	0.114	0.114	
0.078	0.078	0.078	0.078	0.078	0.078	0.078	0.078	0.078	0.078	0.078	0.078	0.078	0.078	0.078	0.078	0.078	0.078	0.078	0.078	0.078	0.100	0.114	0.114	0.114	0.114	0.114	0.114	
0.078	0.078	0.078	0.078	0.078	0.078	0.078	0.078	0.078	0.078	0.078	0.078	0.078	0.078	0.078	0.078	0.078	0.078	0.078	0.078	0.083	0.125	0.114	0.114	0.114	0.114	0.114	0.114	
0.078	0.078	0.078	0.078	0.078	0.078	0.078	0.078	0.078	0.078	0.078	0.078	0.078	0.078	0.078	0.078	0.078	0.078	0.078	0.078	0.184	0.117	0.114	0.114	0.114	0.114	0.114	0.114	
0.078	0.078	0.078	0.078	0.078	0.078	0.078	0.078	0.078	0.078	0.078	0.078	0.078	0.078	0.078	0.078	0.078	0.078	0.078	0.078	0.286	0.114	0.114	0.114	0.114	0.114	0.114	0.114	
0.078	0.078	0.078	0.078	0.078	0.078	0.078	0.078	0.078	0.078	0.078	0.078	0.078	0.078	0.078	0.078	0.078	0.078	0.078	0.149	0.313	0.114	0.114	0.114	0.114	0.114	0.114	0.114	
0.078	0.078	0.078	0.078	0.078	0.078	0.078	0.078	0.078	0.078	0.078	0.078	0.078	0.078	0.078	0.078	0.078	0.078	0.078	0.301	0.259	0.114	0.114	0.114	0.114	0.114	0.114	0.114	
0.079	0.078	0.078	0.078	0.078	0.078	0.078	0.078	0.078	0.078	0.078	0.078	0.078	0.078	0.078	0.078	0.078	0.078	0.111	0.420	0.205	0.114	0.114	0.114	0.114	0.114	0.114	0.114	
0.151	0.078	0.078	0.078	0.078	0.078	0.078	0.078	0.078	0.078	0.078	0.078	0.078	0.078	0.078	0.078	0.078	0.078	0.254	0.429	0.151	0.114	0.114	0.114	0.114	0.114	0.114	0.114	
0.250	0.089	0.078	0.078	0.078	0.078	0.078	0.078	0.078	0.078	0.078	0.078	0.078	0.078	0.078	0.078	0.078	0.087	0.397	0.411	0.115	0.114	0.114	0.114	0.114	0.114	0.114	0.114	
0.267	0.183	0.078	0.078	0.078	0.078	0.078	0.078	0.078	0.078	0.078	0.078	0.078	0.078	0.078	0.078	0.078	0.207	0.429	0.358	0.114	0.114	0.114	0.114	0.114	0.114	0.114	0.114	
0.267	0.263	0.108	0.078	0.078	0.078	0.078	0.078	0.078	0.078	0.078	0.078	0.078	0.078	0.078	0.078	0.078	0.359	0.429	0.304	0.114	0.114	0.114	0.114	0.114	0.114	0.114	0.114	
0.267	0.267	0.214	0.078	0.078	0.078	0.078	0.078	0.078	0.078	0.078	0.078	0.078	0.078	0.078	0.078	0.160	0.429	0.429	0.250	0.114	0.114	0.114	0.114	0.114	0.114	0.114	0.114	
0.267	0.267	0.267	0.136	0.078	0.078	0.078	0.078	0.078	0.078	0.078	0.078	0.078	0.078	0.078	0.078	0.313	0.429	0.429	0.196	0.114	0.114	0.114	0.114	0.114	0.114	0.114	0.114	
0.267	0.267	0.267	0.241	0.083	0.078	0.078	0.078	0.078	0.078	0.078	0.078	0.078	0.078	0.078	0.119	0.424	0.429	0.429	0.142	0.114	0.114	0.114	0.114	0.114	0.114	0.114	0.114	
0.267	0.267	0.267	0.267	0.167	0.078	0.078	0.078	0.078	0.078	0.078	0.078	0.078	0.078	0.078	0.266	0.429	0.429	0.403	0.114	0.114	0.114	0.114	0.114	0.114	0.114	0.114	0.114	
0.267	0.267	0.267	0.267	0.258	0.097	0.078	0.078	0.078	0.078	0.078	0.078	0.078	0.078	0.092	0.404	0.429	0.429	0.349	0.114	0.114	0.114	0.114	0.114	0.114	0.114	0.114	0.114	
0.267	0.267	0.267	0.267	0.267	0.242	0.081	0.078	0.078	0.078	0.078	0.078	0.078	0.078	0.219	0.429	0.429	0.429	0.295	0.114	0.114	0.114	0.114	0.114	0.114	0.114	0.114	0.114	
0.267	0.267	0.267	0.267	0.267	0.313	0.781	0.084	0.078	0.078	0.078	0.078	0.078	0.079	0.370	0.429	0.429	0.429	0.240	0.114	0.114	0.114	0.114	0.114	0.114	0.114	0.114	0.114	
0.267	0.267	0.267	0.267	0.267	0.267	1.026	0.843	0.087	0.078	0.078	0.078	0.078	0.172	0.429	0.429	0.429	0.450	0.387	0.114	0.114	0.114	0.114	0.114	0.114	0.114	0.114	0.114	
0.267	0.267	0.267	0.267	0.267	0.267	0.701	1.340	0.869	0.091	0.078	0.078	0.078	0.324	0.429	0.429	0.429	0.858	0.759	0.114	0.114	0.114	0.114	0.114	0.114	0.114	0.114	0.114	
0.267	0.267	0.267	0.267	0.267	0.267	0.380	1.336	1.340	0.894	0.096	0.078	0.128	0.427	0.429	0.429	0.534	1.307	1.020	0.114	0.114	0.114	0.114	0.114	0.114	0.114	0.114	0.114	
0.267	0.267	0.267	0.267	0.267	0.267	0.267	1.124	1.340	1.340	0.919	0.102	0.278	0.429	0.429	0.429	1.048	1.348	1.273	0.121	0.114	0.114	0.114	0.114	0.114	0.114	0.114	0.114	
0.267	0.267	0.267	0.267	0.267	0.267	0.267	0.799	1.340	1.340	1.340	0.980	0.482	0.429	0.429	0.683	1.348	1.348	1.348	0.307	0.114	0.114	0.114	0.114	0.114	0.114	0.114	0.114	
0.267	0.267	0.267	0.267	0.267	0.267	0.267	0.473	1.340	1.340	1.409	1.776	1.739	1.062	0.742	1.236	1.348	1.348	1.348	0.568	0.114	0.114	0.114	0.114	0.114	0.114	0.114	0.114	
0.267	0.267	0.267	0.267	0.267	0.267	0.267	0.340	1.519	1.599	1.811	1.857	1.857	1.865	1.920	1.810	1.416	1.348	1.348	0.832	0.116	0.114	0.114	0.114	0.114	0.114	0.114	0.114	
0.267	0.267	0.267	0.270	0.294	0.323	0.352	1.394	1.824	1.824	1.841	1.857	1.857	1.881	1.920	1.920	1.869	1.490	1.142	0.657	0.555	0.508	0.460	0.412	0.364	0.316	0.268	0.220	
0.479	0.507	0.536	0.562	0.566	0.566	0.566	1.263	1.824	1.824	1.826	1.855	1.857	1.897	1.920	1.920	1.901	1.779	0.983	0.568	0.568	0.568	0.568	0.568	0.568	0.568	0.568	0.568	
0.566	0.566	0.566	0.566	0.566	0.566	0.566	0.688	1.780	1.824	1.824	1.840	1.858	1.914	1.920	1.898	1.775	1.754	1.330	0.568	0.568	0.568	0.568	0.568	0.568	0.568	0.568	0.568	
0.566	0.566	0.566	0.566	0.566	0.566	0.566	0.566	1.283	1.836	1.875	1.914	1.793	1.737	1.788	1.769	1.754	1.754	1.663	0.581	0.568	0.568	0.568	0.568	0.568	0.568	0.568	0.568	
0.566	0.566	0.566	0.566	0.566	0.566	0.566	0.566	1.162	1.940	1.941	1.941	1.790	1.705	1.705	1.727	1.754	1.754	1.754	0.837	0.568	0.568	0.568	0.568	0.568	0.568	0.568	0.568	
0.566	0.566	0.566	0.566	0.566	0.566	0.647	1.139	1.758	1.941	1.941	1.941	1.793	1.705	1.705	1.706	1.747	1.754	1.490	0.637	0.516	0.517	0.517	0.518	0.519	0.519	0.520	0.520	
0.577	0.577	0.577	0.577	0.595	1.210	1.690	1.748	1.748	1.847	1.941	1.941	1.797	1.705	1.705	1.716	1.799	1.812	1.027	0.510	0.510	0.510	0.510	0.510	0.510	0.510	0.510	0.510	
0.610	0.610	0.610	0.610	0.610	0.967	1.700	1.748	1.748	1.748	1.915	2.033	2.011	1.806	1.734	1.793	1.813	1.813	1.399	0.510	0.510	0.510	0.510	0.510	0.510	0.510	0.510	0.510	
0.610	0.610	0.610	0.610	0.610	0.610	0.839	1.634	1.748	1.752	2.037	2.082	2.082	2.155	2.399	1.949	1.813	1.813	1.744	0.538	0.510	0.510	0.510	0.510	0.510	0.510	0.510	0.510	
0.610	0.610	0.610	0.610	0.610	0.610	0.610	0.739	1.587	1.933	2.082	2.082	2.082	2.296	2.410	2.342	1.859	1.813	1.796	0.744	0.516	0.510	0.510	0.510	0.510	0.510	0.510	0.510	
0.610	0.610	0.610	0.610	0.610	0.610	0.610	0.647	2.002	2.297	2.169	2.082	2.115	2.403	2.410	2.410	2.370	2.059	0.816	0.566	0.566	0.561	0.551	0.540	0.530	0.519	0.511	0.510	
0.610	0.610	0.610	0.610	0.610	0.610	0.610	1.436	2.298	2.298	2.301	2.401	2.449	2.426	2.410	2.522	2.644	2.538	0.568	0.566	0.566	0.566	0.566	0.566	0.566	0.566	0.564	0.554	
0.623	0.628	0.632	0.637	0.641	0.646	0.650	1.639	2.298	2.298	2.355	2.486	2.486	2.482	2.549	2.644	2.644	2.644	0.739	0.566	0.566	0.566	0.566	0.566	0.566	0.566	0.566	0.566	
0.662	0.662	0.662	0.662	0.662	0.662	0.662	0.680	1.755	2.423	2.517	2.486	2.486	2.569	2.943	2.794	2.648	2.578	1.075	0.566	0.566	0.566	0.566	0.566	0.566	0.566	0.566	0.566	
0.662	0.662	0.662	0.662	0.662	0.662	0.662	0.662	1.615	2.733	2.732	2.620	2.696	2.899	2.966	2.966	2.440	1.799	1.776	1.422	0.826	0.566	0.566	0.566	0.566	0.565	0.556	0.543	
0.662	0.662	0.662	0.662	0.662	0.662	0.662	0.674	2.245	2.733	2.733	2.969	3.312	3.198	2.966	2.966	2.070	1.779	1.779	1.779	1.778	1.108	0.503	0.491	0.478	0.466	0.463	0.463	
0.662	0.662	0.662	0.662	0.684	0.762	0.844	0.914	1.298	2.596	2.784	3.203	3.312	3.312	3.133	3.085	2.028	1.779	1.779	1.761	1.107	0.476	0.463	0.463	0.463	0.463	0.463	0.463	
0.662	0.696	0.777	0.859	0.919	0.922	0.922	0.922	0.922	2.437	3.417	3.384	3.381	3.434	3.219	3.213	3.088	2.663	2.684	1.302	0.463	0.463	0.463	0.463	0.463	0.463	0.463	0.463	
0.873	0.922	0.922	0.922	0.922	0.922	0.922	0.922	0.922	3.078	3.417	3.454	4.035	4.037	3.319	3.213	3.188	3.148	3.148	1.038	0.463	0.463	0.463	0.463	0.463	0.463	0.463	0.463	
0.920	0.922	0.922	0.922	0.922	0.922	1.178	1.703	2.231	3.086	3.428	3.714	4.048	4.048	3.702	3.269	3.305	3.148	3.148	0.683	0.463	0.463	0.463	0.463	0.463	0.463	0.463	0.463	
0.838	0.842	0.847	0.853	0.859	1.536	2.631	2.701	2.701	2.701	3.820	4.120	4.093	4.141	4.219	3.918	3.800	3.601	3.113	0.466	0.463	0.463	0.463	0.463	0.463	0.463	0.463	0.463	
0.838	0.838	0.838	0.838	0.838	0.838	1.044	2.008	2.687	2.895	4.127	4.120	4.135	4.229	4.229	3.978	3.801	3.885	3.383	1.043	0.964	0.884	0.805	0.725	0.646	0.566	0.489	0.463	
0.838	0.838	0.838	0.838	0.838	0.838	0.838	0.838	1.556	4.773	4.877	4.394	4.306	4.288	4.155	3.978	4.343	4.770	3.802	1.116	1.116	1.116	1.116	1.116	1.116	1.116	1.115	1.061	
0.838	0.838	0.838	0.838	0.838	0.838	0.838	0.838	1.481	4.931	4.931	4.631	4.358	4.310	3.935	3.935	4.646	4.816	3.950	1.116	1.116	1.116	1.116	1.116	1.116	1.116	1.116	1.116	
0.000	0.000	0.000	0.000	0.000	0.000	0.000	0.000	0.000	0.000	0.000	0.000	2.315	4.240	3.935	2.091	0.000	0.000	0.000	0.000	0.000	0.000	0.000	0.000	0.000	0.000	0.000	0.000	
0.000	0.000	0.000	0.000	0.000	0.000	0.000	0.000	0.000	0.000	0.000	0.000	1.055	3.961	3.888	0.984	0.000	0.000	0.000	0.000	0.000	0.000	0.000	0.000	0.000	0.000	0.000	0.000	
0.000	0.000	0.000	0.000	0.000	0.000	0.000	0.000	0.000	0.000	0.000	0.000	0.802	3.209	3.215	0.818	0.000	0.000	0.000	0.000	0.000	0.000	0.000	0.000	0.000	0.000	0.000	0.000	
0.000	0.000	0.000	0.000	0.000	0.000	0.000	0.000	0.000	0.000	0.000	0.000	0.802	3.209	3.209	0.802	0.000	0.000	0.000	0.000	0.000	0.000	0.000	0.000	0.000	0.000	0.000	0.000	
0.000	0.000	0.000	0.000	0.000	0.000	0.000	0.000	0.000	0.000	0.000	0.000	0.802	3.209	3.209	0.802	0.000	0.000	0.000	0.000	0.000	0.000	0.000	0.000	0.000	0.000	0.000	0.000	
