0.070	0.070	0.070	0.070	0.070	0.070	0.069	0.047	0.047	0.047	0.047	0.047	0.047	0.047	0.047	0.047	0.047	0.047	0.047	0.047	0.047	0.047	0.047	0.047	0.047	0.047	0.047	0.054	
0.070	0.070	0.070	0.070	0.070	0.070	0.070	0.049	0.047	0.047	0.047	0.047	0.047	0.047	0.047	0.047	0.047	0.047	0.047	0.047	0.047	0.047	0.047	0.047	0.047	0.047	0.047	0.078	
0.070	0.070	0.070	0.070	0.070	0.070	0.070	0.052	0.047	0.047	0.047	0.047	0.047	0.047	0.047	0.047	0.047	0.047	0.047	0.047	0.047	0.047	0.047	0.047	0.047	0.047	0.047	0.103	
0.070	0.070	0.070	0.070	0.070	0.070	0.070	0.055	0.047	0.047	0.047	0.047	0.047	0.047	0.047	0.047	0.047	0.047	0.047	0.047	0.047	0.047	0.047	0.047	0.047	0.047	0.047	0.128	
0.070	0.070	0.070	0.070	0.070	0.070	0.070	0.058	0.047	0.047	0.047	0.047	0.047	0.047	0.047	0.047	0.047	0.047	0.047	0.047	0.047	0.047	0.047	0.047	0.047	0.047	0.061	0.139	
0.070	0.070	0.070	0.070	0.070	0.070	0.070	0.061	0.047	0.047	0.047	0.047	0.047	0.047	0.047	0.047	0.047	0.047	0.047	0.047	0.047	0.047	0.047	0.047	0.047	0.047	0.086	0.139	
0.070	0.070	0.070	0.070	0.070	0.070	0.070	0.063	0.047	0.047	0.047	0.047	0.047	0.047	0.047	0.047	0.047	0.047	0.047	0.047	0.047	0.047	0.047	0.047	0.047	0.047	0.112	0.139	
0.070	0.070	0.070	0.070	0.070	0.070	0.070	0.066	0.047	0.047	0.047	0.047	0.047	0.047	0.047	0.047	0.047	0.047	0.047	0.047	0.047	0.047	0.047	0.047	0.047	0.049	0.135	0.139	
0.070	0.070	0.070	0.070	0.070	0.070	0.070	0.069	0.047	0.047	0.047	0.047	0.047	0.047	0.047	0.047	0.047	0.047	0.047	0.047	0.047	0.047	0.047	0.047	0.047	0.069	0.139	0.139	
0.070	0.070	0.070	0.070	0.070	0.070	0.070	0.070	0.050	0.047	0.047	0.047	0.047	0.047	0.047	0.047	0.047	0.047	0.047	0.047	0.047	0.047	0.047	0.047	0.047	0.095	0.139	0.139	
0.070	0.070	0.070	0.070	0.070	0.070	0.070	0.070	0.053	0.047	0.047	0.047	0.047	0.047	0.047	0.047	0.047	0.047	0.047	0.047	0.047	0.047	0.047	0.047	0.047	0.120	0.139	0.139	
0.070	0.070	0.070	0.070	0.070	0.070	0.070	0.070	0.055	0.047	0.047	0.047	0.047	0.047	0.047	0.047	0.047	0.047	0.047	0.047	0.047	0.047	0.047	0.047	0.054	0.138	0.139	0.139	
0.070	0.070	0.070	0.070	0.070	0.070	0.070	0.070	0.058	0.047	0.047	0.047	0.047	0.047	0.047	0.047	0.047	0.047	0.047	0.047	0.047	0.047	0.047	0.047	0.078	0.139	0.139	0.139	
0.070	0.070	0.070	0.070	0.070	0.070	0.070	0.070	0.061	0.047	0.047	0.047	0.047	0.047	0.047	0.047	0.047	0.047	0.047	0.047	0.047	0.047	0.047	0.047	0.103	0.139	0.139	0.139	
0.070	0.070	0.070	0.070	0.070	0.070	0.070	0.070	0.064	0.047	0.047	0.047	0.047	0.047	0.047	0.047	0.047	0.047	0.047	0.047	0.047	0.047	0.047	0.047	0.128	0.139	0.139	0.139	
0.070	0.070	0.070	0.070	0.070	0.070	0.070	0.070	0.067	0.047	0.047	0.047	0.047	0.047	0.047	0.047	0.047	0.047	0.047	0.047	0.047	0.047	0.047	0.061	0.139	0.139	0.139	0.139	
0.070	0.070	0.070	0.070	0.070	0.070	0.070	0.070	0.069	0.048	0.047	0.047	0.047	0.047	0.047	0.047	0.047	0.047	0.047	0.047	0.047	0.047	0.047	0.086	0.139	0.139	0.139	0.139	
0.070	0.070	0.070	0.070	0.070	0.070	0.070	0.070	0.070	0.050	0.047	0.047	0.047	0.047	0.047	0.047	0.047	0.047	0.047	0.047	0.047	0.047	0.047	0.112	0.139	0.139	0.139	0.139	
0.070	0.070	0.070	0.070	0.070	0.070	0.070	0.070	0.070	0.053	0.047	0.047	0.047	0.047	0.047	0.047	0.047	0.047	0.047	0.047	0.047	0.047	0.049	0.135	0.139	0.139	0.139	0.139	
0.070	0.070	0.070	0.070	0.070	0.070	0.070	0.070	0.070	0.056	0.047	0.047	0.047	0.047	0.047	0.047	0.047	0.047	0.047	0.047	0.047	0.047	0.069	0.139	0.139	0.139	0.139	0.139	
0.070	0.070	0.070	0.070	0.070	0.070	0.070	0.070	0.070	0.059	0.047	0.047	0.047	0.047	0.047	0.047	0.047	0.047	0.047	0.047	0.047	0.047	0.095	0.139	0.139	0.139	0.139	0.139	
0.070	0.070	0.070	0.070	0.070	0.070	0.070	0.070	0.070	0.062	0.047	0.047	0.047	0.047	0.047	0.047	0.047	0.047	0.047	0.047	0.047	0.047	0.120	0.139	0.139	0.139	0.139	0.139	
0.070	0.070	0.070	0.070	0.070	0.070	0.070	0.070	0.070	0.065	0.047	0.047	0.047	0.047	0.047	0.047	0.047	0.047	0.047	0.047	0.047	0.054	0.138	0.139	0.139	0.139	0.139	0.139	
0.070	0.070	0.070	0.070	0.070	0.070	0.070	0.070	0.070	0.068	0.047	0.047	0.047	0.047	0.047	0.047	0.047	0.047	0.047	0.047	0.047	0.078	0.139	0.139	0.139	0.139	0.139	0.141	
0.070	0.070	0.070	0.070	0.070	0.070	0.070	0.070	0.070	0.070	0.048	0.047	0.047	0.047	0.047	0.047	0.047	0.047	0.047	0.047	0.047	0.103	0.139	0.139	0.139	0.139	0.139	0.181	
0.070	0.070	0.070	0.070	0.070	0.070	0.070	0.070	0.070	0.070	0.051	0.047	0.047	0.047	0.047	0.047	0.047	0.047	0.047	0.047	0.047	0.128	0.139	0.139	0.139	0.139	0.139	0.234	
0.070	0.070	0.070	0.070	0.070	0.070	0.070	0.070	0.070	0.070	0.054	0.047	0.047	0.047	0.047	0.047	0.047	0.047	0.047	0.047	0.061	0.139	0.139	0.139	0.139	0.139	0.152	0.275	
0.070	0.070	0.070	0.070	0.070	0.070	0.070	0.070	0.070	0.070	0.057	0.047	0.047	0.047	0.047	0.047	0.047	0.047	0.047	0.047	0.086	0.139	0.139	0.139	0.139	0.139	0.202	0.277	
0.080	0.070	0.070	0.070	0.070	0.070	0.070	0.070	0.070	0.070	0.060	0.047	0.047	0.047	0.047	0.047	0.047	0.047	0.047	0.047	0.112	0.139	0.139	0.139	0.139	0.139	0.255	0.277	
0.211	0.070	0.070	0.070	0.070	0.070	0.070	0.070	0.070	0.070	0.063	0.047	0.047	0.047	0.047	0.047	0.047	0.047	0.047	0.049	0.135	0.139	0.139	0.139	0.139	0.171	0.277	0.277	
0.355	0.090	0.070	0.070	0.070	0.070	0.070	0.070	0.070	0.070	0.066	0.047	0.047	0.047	0.047	0.047	0.047	0.047	0.047	0.069	0.139	0.139	0.139	0.139	0.139	0.224	0.277	0.277	
0.376	0.235	0.070	0.070	0.070	0.070	0.070	0.070	0.070	0.070	0.069	0.047	0.047	0.047	0.047	0.047	0.047	0.047	0.047	0.095	0.139	0.139	0.139	0.139	0.146	0.270	0.277	0.277	
0.376	0.365	0.104	0.070	0.070	0.070	0.070	0.070	0.070	0.070	0.070	0.049	0.047	0.047	0.047	0.047	0.047	0.047	0.047	0.120	0.139	0.139	0.139	0.139	0.192	0.277	0.277	0.277	
0.376	0.376	0.259	0.070	0.070	0.070	0.070	0.070	0.070	0.070	0.070	0.052	0.047	0.047	0.047	0.047	0.047	0.047	0.054	0.138	0.139	0.139	0.139	0.139	0.245	0.277	0.277	0.277	
0.376	0.376	0.372	0.122	0.070	0.070	0.070	0.070	0.070	0.070	0.070	0.055	0.047	0.047	0.047	0.047	0.047	0.047	0.078	0.139	0.139	0.139	0.139	0.161	0.277	0.277	0.277	0.277	
0.376	0.376	0.376	0.284	0.070	0.070	0.070	0.070	0.070	0.070	0.070	0.058	0.047	0.047	0.047	0.047	0.047	0.047	0.103	0.139	0.139	0.139	0.139	0.214	0.277	0.277	0.277	0.277	
0.376	0.376	0.376	0.375	0.143	0.070	0.070	0.070	0.070	0.070	0.070	0.187	0.047	0.047	0.047	0.047	0.047	0.047	0.128	0.139	0.139	0.139	0.142	0.264	0.277	0.277	0.277	0.277	
0.376	0.376	0.376	0.376	0.307	0.070	0.070	0.070	0.070	0.070	0.070	0.849	0.137	0.047	0.047	0.047	0.047	0.061	0.139	0.139	0.139	0.139	0.182	0.277	0.277	0.277	0.277	0.277	
0.376	0.376	0.376	0.376	0.376	0.167	0.070	0.070	0.070	0.070	0.070	1.065	0.757	0.047	0.047	0.047	0.047	0.086	0.139	0.139	0.139	0.139	0.235	0.277	0.277	0.277	0.277	0.277	
0.376	0.376	0.376	0.376	0.376	0.328	0.074	0.070	0.070	0.070	0.070	1.193	1.463	0.047	0.047	0.047	0.047	0.112	0.139	0.139	0.139	0.153	0.275	0.277	0.277	0.277	0.277	0.277	
0.376	0.376	0.376	0.376	0.376	0.376	0.191	0.070	0.070	0.070	0.070	1.322	1.954	0.263	0.047	0.047	0.049	0.135	0.139	0.139	0.139	0.204	0.277	0.277	0.277	0.277	0.277	0.277	
0.376	0.376	0.376	0.376	0.376	0.376	0.344	0.082	0.070	0.070	0.070	1.451	1.971	0.953	0.047	0.047	0.069	0.139	0.139	0.139	0.515	0.834	0.277	0.277	0.277	0.277	0.277	0.277	
0.939	0.455	0.376	0.376	0.376	0.376	0.376	0.216	0.070	0.070	0.070	1.580	1.971	1.658	0.048	0.047	0.095	0.139	0.139	0.356	2.474	1.056	0.277	0.277	0.277	0.277	0.277	0.277	
1.233	1.176	0.715	0.380	0.376	0.376	0.376	0.357	0.478	0.070	0.616	2.446	1.971	1.979	2.339	2.838	1.766	0.139	0.240	2.265	2.875	1.056	0.277	0.277	0.277	0.277	0.277	0.277	
1.233	1.233	1.233	1.027	0.514	0.376	0.376	0.776	4.546	3.814	4.546	4.784	3.907	4.681	4.599	4.477	4.535	4.121	3.294	2.875	2.875	1.056	0.277	0.277	0.277	0.277	0.277	0.389	
1.256	1.233	1.233	1.233	1.211	0.808	0.407	2.461	4.607	4.607	4.794	4.818	5.166	5.292	5.024	4.526	4.731	4.829	4.555	3.070	2.915	1.952	0.389	0.277	0.277	0.366	0.877	1.332	
1.572	1.419	1.260	1.233	1.233	1.233	3.003	4.867	4.772	5.244	5.512	5.728	5.809	5.369	5.461	5.493	5.699	5.426	5.078	5.114	4.250	3.842	3.544	2.074	0.844	1.316	1.371	1.371	
1.593	1.593	1.575	1.427	1.264	1.254	3.963	4.871	5.014	5.715	5.715	5.908	5.884	5.156	5.460	5.531	6.115	6.116	5.293	5.131	4.558	3.842	3.969	3.262	1.371	1.371	1.371	1.371	
1.593	1.593	1.593	1.593	1.579	3.627	5.288	5.176	5.885	5.986	5.803	5.850	5.185	4.552	4.832	5.266	5.567	6.399	6.437	5.916	6.067	5.102	5.231	3.758	1.371	1.371	1.371	1.371	
1.593	1.593	1.593	1.593	1.593	4.119	5.297	5.423	6.100	6.100	5.907	5.842	5.342	4.552	4.822	5.233	5.243	6.591	6.591	6.194	6.105	5.533	5.258	4.000	1.371	1.371	1.371	1.371	
0.000	0.000	0.000	0.000	0.000	0.000	0.000	0.000	0.000	0.000	0.000	0.000	2.551	3.314	3.398	2.578	0.000	0.000	0.000	0.000	0.000	0.000	0.000	0.000	0.000	0.000	0.000	0.000	
0.000	0.000	0.000	0.000	0.000	0.000	0.000	0.000	0.000	0.000	0.000	0.000	0.554	2.217	2.217	0.554	0.000	0.000	0.000	0.000	0.000	0.000	0.000	0.000	0.000	0.000	0.000	0.000	
0.000	0.000	0.000	0.000	0.000	0.000	0.000	0.000	0.000	0.000	0.000	0.000	0.554	2.217	2.217	0.554	0.000	0.000	0.000	0.000	0.000	0.000	0.000	0.000	0.000	0.000	0.000	0.000	
0.000	0.000	0.000	0.000	0.000	0.000	0.000	0.000	0.000	0.000	0.000	0.000	0.554	2.217	2.217	0.554	0.000	0.000	0.000	0.000	0.000	0.000	0.000	0.000	0.000	0.000	0.000	0.000	
0.000	0.000	0.000	0.000	0.000	0.000	0.000	0.000	0.000	0.000	0.000	0.000	0.554	2.217	2.217	0.554	0.000	0.000	0.000	0.000	0.000	0.000	0.000	0.000	0.000	0.000	0.000	0.000	
